0.037241646614451646 -0.3339199735225597 
0.037241646614451646 -0.3339199735225597 
0.07036701501626916 -0.35866989201143207 
0.07297077731673264 -0.3577107246373336 
0.13572570880778487 -0.34045119020482234 
0.15818666954735755 -0.3797090577459894 
0.20072367771283725 -0.3392598836196049 
0.22855061552070283 -0.31641731638032733 
0.22855061552070283 -0.31641731638032733 
0.26933168876804536 -0.27982467914760506 
0.26933168876804536 -0.27982467914760506 
0.26933168876804536 -0.27982467914760506 
0.26933168876804536 -0.27982467914760506 
0.27239392706906934 -0.27521474156172093 
0.27239392706906934 -0.27521474156172093 
0.27239392706906934 -0.27521474156172093 
0.2747413067620915 -0.2731237012539968 
0.2747413067620915 -0.2731237012539968 
0.2747413067620915 -0.2731237012539968 
0.2761743117324597 -0.2935704351621515 
0.2813320049678082 -0.3178261848797428 
0.2813320049678082 -0.3178261848797428 
0.2813320049678082 -0.3178261848797428 
0.2813320049678082 -0.3178261848797428 
0.2813320049678082 -0.3178261848797428 
0.2813320049678082 -0.3178261848797428 
0.2813320049678082 -0.3178261848797428 
0.2813320049678082 -0.3178261848797428 
0.2813320049678082 -0.3178261848797428 
0.2813320049678082 -0.3178261848797428 
0.28130931708681817 -0.3171840459615839 
0.28130931708681817 -0.3171840459615839 
0.28133920212064234 -0.33350390077110104 
0.28133920212064234 -0.33350390077110104 
0.28133920212064234 -0.33350390077110104 
0.28133920212064234 -0.33350390077110104 
0.28133920212064234 -0.33350390077110104 
0.28133920212064234 -0.33350390077110104 
0.28133920212064234 -0.33350390077110104 
0.28133920212064234 -0.33350390077110104 
0.28133920212064234 -0.33350390077110104 
0.2813643348346671 -0.3208272299600531 
0.2813643348346671 -0.3208272299600531 
0.2813643348346671 -0.3208272299600531 
0.2813643348346671 -0.3208272299600531 
0.2813643348346671 -0.3208272299600531 
0.2814792467225561 -0.31112212943588347 
0.28148146537885077 -0.3135371013081209 
0.28147973837057577 -0.2950713435646939 
0.28147973837057577 -0.2950713435646939 
0.28147973837057577 -0.2950713435646939 
0.28147973837057577 -0.2950713435646939 
0.28147939590385895 -0.29612196727205947 
0.2814443175945601 -0.30784817782339324 
0.2814443175945601 -0.30784817782339324 
0.2814443175945601 -0.30784817782339324 
0.2814443175945601 -0.30784817782339324 
0.2814443175945601 -0.30784817782339324 
0.2814443175945601 -0.30784817782339324 
0.2814443175945601 -0.30784817782339324 
0.2814696791365617 -0.33714754197418695 
0.2814696791365617 -0.33714754197418695 
0.2814696791365617 -0.33714754197418695 
0.2814714617674036 -0.3346885641013456 
0.28147451274857366 -0.34129658865996654 
0.28147451274857366 -0.34129658865996654 
0.28147451274857366 -0.34129658865996654 
0.28147451274857366 -0.34129658865996654 
0.281474406521305 -0.34145419708094016 
0.281474406521305 -0.34145419708094016 
0.2814777578283967 -0.30332070028354347 
0.2814770984921666 -0.30145858681508003 
0.2814811355624592 -0.3003813974213828 
0.28148209571514204 -0.2937976716491968 
0.28148209571514204 -0.2937976716491968 
0.28147708723642284 -0.294641704633153 
0.2814842542311798 -0.2826758242699653 
0.2814894931972397 -0.2756983427494893 
0.2814894931972397 -0.2756983427494893 
0.2814894931972397 -0.2756983427494893 
0.2814894931972397 -0.2756983427494893 
0.2814875401074307 -0.267427763080215 
0.2814722992996711 -0.27154209249060923 
0.28148063019304836 -0.2961296365600718 
0.2814821973094469 -0.2976055083286428 
0.281473154703805 -0.27335794765071036 
0.28146845989621344 -0.27204652541468666 
0.28146845989621344 -0.27204652541468666 
0.28146819614243074 -0.2719654048015627 
0.28146819614243074 -0.2719654048015627 
0.28146819614243074 -0.2719654048015627 
0.2814700361773818 -0.2883062390466624 
0.28146524177017906 -0.2859354339945336 
0.28146524177017906 -0.2859354339945336 
0.2814604862531585 -0.2669641535816565 
0.28146429111333765 -0.2634063907616033 
0.28146429111333765 -0.2634063907616033 
0.28146429111333765 -0.2634063907616033 
0.2814503578924921 -0.2725793000514012 
0.2814552627715363 -0.27577989313141865 
0.2814552627715363 -0.27577989313141865 
0.2814552627715363 -0.27577989313141865 
0.28145123636560826 -0.2817729968526403 
0.2814251835646523 -0.28377917945522046 
0.28143735198303355 -0.2825508048883128 
0.2814628179501484 -0.29792292018358013 
0.28147026737045183 -0.29818207007338715 
0.28147026737045183 -0.29818207007338715 
0.28147026737045183 -0.29818207007338715 
0.2814699751129262 -0.29819729147498747 
0.28147631006781243 -0.2720387226342833 
0.2814814173341157 -0.2665723237031623 
0.2814757852167415 -0.28275296702779884 
0.2814969725215086 -0.29838927386563185 
0.2814767488715462 -0.3185275084773813 
0.28147856161704543 -0.3167031983341871 
0.2814825595404254 -0.31460558017383544 
0.2814822110955677 -0.31883379397223865 
0.2814822110955677 -0.31883379397223865 
0.2814822110955677 -0.31883379397223865 
0.28149975085508316 -0.3380839055093082 
0.28149975085508316 -0.3380839055093082 
0.28149975085508316 -0.3380839055093082 
0.28149975085508316 -0.3380839055093082 
0.28149975085508316 -0.3380839055093082 
0.28149975085508316 -0.3380839055093082 
0.28149975085508316 -0.3380839055093082 
0.28149975085508316 -0.3380839055093082 
0.28149975085508316 -0.3380839055093082 
0.28149975085508316 -0.3380839055093082 
0.28149975085508316 -0.3380839055093082 
0.28149975085508316 -0.3380839055093082 
0.28149975085508316 -0.3380839055093082 
0.2814997514760839 -0.33801592670420816 
0.28149435140545626 -0.3365251213890837 
0.2814849779184716 -0.32342411664483167 
0.2814793511561892 -0.2996551606575234 
0.28148982742245354 -0.3145005926493747 
0.2814890188661179 -0.3172454330814198 
0.28149660020830874 -0.321629228742781 
0.28149660020830874 -0.321629228742781 
0.28149473914563117 -0.31740960585554556 
0.28149473914563117 -0.31740960585554556 
0.28149473914563117 -0.31740960585554556 
0.281494094794835 -0.3106691306457874 
0.281494094794835 -0.3106691306457874 
0.2814955821469449 -0.31151903966605715 
0.28149452269172104 -0.3110790468327823 
0.28149452269172104 -0.3110790468327823 
0.2814944393263984 -0.31598846384418 
0.2814969790572612 -0.32011188277697233 
0.28149741369834136 -0.3185781728848512 
0.28149661919500835 -0.3007272529557375 
0.2814979854539271 -0.2912911622755318 
0.2814979854539271 -0.2912911622755318 
0.2814978388528417 -0.29147340023958596 
0.2814978388528417 -0.29147340023958596 
0.2814956473853455 -0.31038245192692215 
0.2814956473853455 -0.31038245192692215 
0.2814941399072201 -0.30930991419666126 
0.2814941399072201 -0.30930991419666126 
0.2814941399072201 -0.30930991419666126 
0.28149222398749146 -0.3071105589670186 
0.2814920236335535 -0.3043031970690439 
0.28149533886790884 -0.26571927449891447 
0.28149533886790884 -0.26571927449891447 
0.28149533886790884 -0.26571927449891447 
0.28149589072437503 -0.2642633218388104 
0.28149589072437503 -0.2642633218388104 
0.2814970415316928 -0.28710107305231797 
0.2814970415316928 -0.28710107305231797 
0.2814906534143742 -0.28766802317869883 
0.2814906534143742 -0.28766802317869883 
0.2814906534143742 -0.28766802317869883 
0.2814907348852344 -0.2906818056059416 
0.2814907348852344 -0.2906818056059416 
0.2814922890865832 -0.30002683462613616 
0.28149254177610206 -0.29709559405174174 
0.28149254177610206 -0.29709559405174174 
0.28148302239182066 -0.29320018902421846 
0.28148927472151847 -0.2851001696542845 
0.28148575030545897 -0.29350192234899897 
0.2814894445597487 -0.2712534869740928 
0.2814894445597487 -0.2712534869740928 
0.28149150257012917 -0.2749519083986769 
0.28149150257012917 -0.2749519083986769 
0.28149150257012917 -0.2749519083986769 
0.28149150257012917 -0.2749519083986769 
0.28149150257012917 -0.2749519083986769 
0.2814966564056927 -0.28126545521263346 
0.2814947237400449 -0.28173215213602365 
0.28149204228396785 -0.2796076910608313 
0.2814924859076322 -0.27845074076382886 
0.2814925362343416 -0.27927219327624875 
0.2814935085461388 -0.2672417443758736 
0.2814935085461388 -0.2672417443758736 
0.2814935085461388 -0.2672417443758736 
0.2814928533485615 -0.2692515305075751 
0.2814928533485615 -0.2692515305075751 
0.2814928533485615 -0.2692515305075751 
0.2814928533485615 -0.2692515305075751 
0.28148774159025075 -0.2668754113519829 
0.28148774159025075 -0.2668754113519829 
0.28147776918202044 -0.27556089153461066 
0.2814765598932763 -0.2686769166879296 
0.2814769123385715 -0.2704743962233033 
0.281479625564047 -0.27610570394736317 
0.281479625564047 -0.27610570394736317 
0.28147758753686797 -0.2788361054672039 
0.28147758753686797 -0.2788361054672039 
0.2814967319288826 -0.2653640008408129 
0.2814967319288826 -0.2653640008408129 
0.2814967319288826 -0.2653640008408129 
0.2814967319288826 -0.2653640008408129 
0.2814967319288826 -0.2653640008408129 
0.2814949080805832 -0.2653984099890344 
0.2814949080805832 -0.2653984099890344 
0.2814949080805832 -0.2653984099890344 
0.2814949080805832 -0.2653984099890344 
0.2814949080805832 -0.2653984099890344 
0.2814949080805832 -0.2653984099890344 
0.2814949080805832 -0.2653984099890344 
0.2814949080805832 -0.2653984099890344 
0.2814946466391616 -0.28600105887628674 
0.2814946466391616 -0.28600105887628674 
0.2814945629640373 -0.2854519974325339 
0.2814945629640373 -0.2854519974325339 
0.2814945629640373 -0.2854519974325339 
0.28149408426702255 -0.28149196513229524 
0.28149408426702255 -0.28149196513229524 
0.28149547385787266 -0.2849284616295307 
0.28149639167336815 -0.30305554319397177 
0.28149639167336815 -0.30305554319397177 
0.28149639167336815 -0.30305554319397177 
0.28149160212682073 -0.28855449599977145 
0.28149304887310245 -0.29729494823620617 
0.28149475335021396 -0.2954803959110285 
0.28149475335021396 -0.2954803959110285 
0.28149472804723547 -0.282831329089727 
0.28149480970920787 -0.2816729452151757 
0.28149483023112765 -0.2809926340721488 
0.28149483023112765 -0.2809926340721488 
0.28149483023112765 -0.2809926340721488 
0.28149483023112765 -0.2809926340721488 
0.28149543224101536 -0.27302659178324035 
0.28149543224101536 -0.27302659178324035 
0.28149543224101536 -0.27302659178324035 
0.28149543224101536 -0.27302659178324035 
0.28149470500129453 -0.27186508247339564 
0.28149349448780875 -0.27889449869481847 
0.2814972711785345 -0.27407508079879805 
0.2814975887593943 -0.28486062542447893 
0.2814974962418164 -0.2832410594664181 
0.2814974962418164 -0.2832410594664181 
0.2814989422429029 -0.26508578981642006 
0.2814989422429029 -0.26508578981642006 
0.28149893334864423 -0.26535297074928066 
0.2814980148523135 -0.2651124209322725 
0.2814980148523135 -0.2651124209322725 
0.2814980148523135 -0.2651124209322725 
0.281498011296139 -0.2650860581358816 
0.281498011296139 -0.2650860581358816 
0.281498011296139 -0.2650860581358816 
0.2814978395298532 -0.2649878198595207 
0.2814988919015322 -0.26254229657758665 
0.281497077257153 -0.28494834039311856 
0.2814981911485348 -0.28222738480688786 
0.2814981911485348 -0.28222738480688786 
0.28149123183545616 -0.29210284556289295 
0.2814951071745805 -0.30398506126118974 
0.2814951071745805 -0.30398506126118974 
0.28149211297866966 -0.2766212440128942 
0.2814941072480596 -0.278744442795591 
0.28149491996430204 -0.2688788472355535 
0.28149491996430204 -0.2688788472355535 
0.28149416868572036 -0.26771779198339957 
0.281493944393548 -0.26871448183726315 
0.28148754458815073 -0.27614319463353837 
0.28148863820563236 -0.2719031400776024 
0.28148863820563236 -0.2719031400776024 
0.2814886107464306 -0.27175401781459557 
0.2814865952300208 -0.28818504997295585 
0.2814844377044432 -0.2616985410810347 
0.2814844377044432 -0.2616985410810347 
0.2814844377044432 -0.2616985410810347 
0.2814844377044432 -0.2616985410810347 
0.2814844377044432 -0.2616985410810347 
0.2814844377044432 -0.2616985410810347 
0.2814844377044432 -0.2616985410810347 
0.2814844377044432 -0.2616985410810347 
0.2814817485037622 -0.2620069792822108 
0.2814811779710949 -0.2612562518998021 
0.2814811779710949 -0.2612562518998021 
0.2814811779710949 -0.2612562518998021 
0.2814819221156359 -0.26146903721167214 
0.2814667405108875 -0.2791854097594746 
0.2814718060303179 -0.27996300137162017 
0.28147073727818783 -0.2811119573048711 
0.28147073727818783 -0.2811119573048711 
0.28147073727818783 -0.2811119573048711 
0.2814757642086304 -0.2846662008154027 
0.28147194634156625 -0.2860314659244498 
0.2814763240582287 -0.27963898578354357 
0.28147637935349007 -0.27812663074626653 
0.2814759695588912 -0.2783343128557741 
0.2814733961051477 -0.2678314380269243 
0.2814743758679431 -0.2653595414898589 
0.2814841325207005 -0.29729167842587595 
0.2814847211156422 -0.2991933113946229 
0.28148979676134783 -0.3052917189656473 
0.2814901357786499 -0.31198369089371675 
0.28147077969065365 -0.3182180590877357 
0.28146977634172504 -0.31576705814981 
0.28146966545759833 -0.29259769591800694 
0.28146070423889286 -0.299735123089927 
0.2814432495433876 -0.30504927051698566 
0.2814623447159003 -0.29608364340840876 
0.2814267162339268 -0.2884994694093278 
0.28140155073007356 -0.288256543434543 
0.28140155073007356 -0.288256543434543 
0.28141868121033786 -0.28565040415268284 
0.2814288890021079 -0.2866892541276467 
0.281450060675615 -0.2912870256546645 
0.28146237812901065 -0.30623370551590867 
0.2814726699019464 -0.3084961328846515 
0.28148030634722976 -0.3113509018762213 
0.28149058543042177 -0.3252809575634978 
0.28149266590388805 -0.36063049358938226 
0.2814921902210904 -0.36191864035616605 
0.2814924280690119 -0.3591663382767665 
0.28149252415732906 -0.3610480486763251 
0.2814923179798984 -0.36195378701800257 
0.28148532017570826 -0.32643621746231005 
0.28148507101921727 -0.3272303415736546 
0.28148507101921727 -0.3272303415736546 
0.28148507101921727 -0.3272303415736546 
0.2814852510489628 -0.3199000087179177 
0.28148724128473523 -0.3169896630602257 
0.28148741927623117 -0.31807282072036647 
0.28148741927623117 -0.31807282072036647 
0.28148741927623117 -0.31807282072036647 
0.2814872961711653 -0.30659602479842457 
0.2814862559651124 -0.29891789770710514 
0.28148612524656325 -0.30116485523406755 
0.28148649626215816 -0.30224816561401213 
0.28148649626215816 -0.30224816561401213 
0.28148833938445916 -0.27197499454847496 
0.2814800007741465 -0.2719830697340477 
0.2814800007741465 -0.2719830697340477 
0.2814735152188341 -0.26087937099476594 
0.2814794143689993 -0.2775307437632045 
0.28147940632286217 -0.2778893474130602 
0.281475453667435 -0.26921321329339504 
0.2814643808197044 -0.26312535325454905 
0.2814643808197044 -0.26312535325454905 
0.2814643808197044 -0.26312535325454905 
0.2814643808197044 -0.26312535325454905 
0.2814531651887767 -0.26180298073163794 
0.2814478749328173 -0.31180064139293323 
0.2814478749328173 -0.31180064139293323 
0.2814478749328173 -0.31180064139293323 
0.28146820211312196 -0.2920459533938414 
0.28144119191690026 -0.27284552761426645 
0.28144119191690026 -0.27284552761426645 
0.2814581505448836 -0.27103237821321474 
0.2814581505448836 -0.27103237821321474 
0.2814581505448836 -0.27103237821321474 
0.28146282496243064 -0.2766635775439042 
0.28146586338444457 -0.27676641814464553 
0.28146586338444457 -0.27676641814464553 
0.2814768419754403 -0.2987387392620181 
0.2814862360448193 -0.2973903679906531 
0.28148716263811957 -0.2982236607400594 
0.28148067744364963 -0.29717862497259717 
0.28147896106216796 -0.29387228374474816 
0.2814788447363701 -0.2939513318210985 
0.2814998130636057 -0.31221372885412074 
0.2814998130636057 -0.31221372885412074 
0.2814743603921035 -0.3092130689555262 
0.2814701117721815 -0.31614690606659956 
0.28147692549071657 -0.3091488269007506 
0.2814763341489369 -0.3119019917480375 
0.28147938753346735 -0.31756217439094614 
0.2814960455800061 -0.3132606339769407 
0.2814960455800061 -0.3132606339769407 
0.2814960455800061 -0.3132606339769407 
0.2814929793851613 -0.2911562708077504 
0.2814929793851613 -0.2911562708077504 
0.2814929793851613 -0.2911562708077504 
0.2814993231008028 -0.28934993520311797 
0.2814999118377825 -0.2856246184719029 
0.2814999118377825 -0.2856246184719029 
0.2814999118377825 -0.2856246184719029 
0.2814999118377825 -0.2856246184719029 
0.2814999118377825 -0.2856246184719029 
0.2814999118377825 -0.2856246184719029 
0.2814999118377825 -0.2856246184719029 
0.281495811023916 -0.28154457713863784 
0.281495811023916 -0.28154457713863784 
0.281495501326349 -0.2812351387216925 
0.281495501326349 -0.2812351387216925 
0.281495501326349 -0.2812351387216925 
0.281495501326349 -0.2812351387216925 
0.28149841606536385 -0.28108190353947965 
0.28149841606536385 -0.28108190353947965 
0.28149841606536385 -0.28108190353947965 
0.2814979664004615 -0.28441906945426504 
0.2814979664004615 -0.28441906945426504 
0.2814979664004615 -0.28441906945426504 
0.2814979664004615 -0.28441906945426504 
0.2814979664004615 -0.28441906945426504 
0.2814979664004615 -0.28441906945426504 
0.28149778048043544 -0.28474363925922586 
0.28149846658857086 -0.2798519191023126 
0.28149846658857086 -0.2798519191023126 
0.28149970577593436 -0.2653822853617078 
0.28149970577593436 -0.2653822853617078 
0.28149970577593436 -0.2653822853617078 
0.28149970577593436 -0.2653822853617078 
0.28149970577593436 -0.2653822853617078 
0.2814945123531774 -0.26451975529806016 
0.28149502250222386 -0.30287669976174025 
0.2814925655198909 -0.29800018116285965 
0.2814932177776772 -0.30193811184641817 
0.28149343403329774 -0.301262793830671 
0.28149261134465997 -0.3024094557622676 
0.28149228459446113 -0.29221985892269536 
0.28149294555641213 -0.28398267720953024 
0.28149294555641213 -0.28398267720953024 
0.28149238995010245 -0.30274388332151 
0.2814925788744954 -0.30309899980715305 
0.2814916610102345 -0.2964048521636599 
0.2814916130087916 -0.2967732783150011 
0.2814915503564306 -0.2958477435026321 
0.2814894616995162 -0.31364902396586625 
0.2814892765764545 -0.3154909887143713 
0.2814911789128551 -0.3058113039512385 
0.28149223622862746 -0.30207784306716606 
0.28148704945288233 -0.3370192638952133 
0.28148704945288233 -0.3370192638952133 
0.28148704945288233 -0.3370192638952133 
0.2814904224770449 -0.36407057981467444 
0.2814904224770449 -0.36407057981467444 
0.2814904224770449 -0.36407057981467444 
0.2814904224770449 -0.36407057981467444 
0.2814904224770449 -0.36407057981467444 
0.2814914602262731 -0.37363591226961834 
0.2814914602262731 -0.37363591226961834 
0.2814914602262731 -0.37363591226961834 
0.28149162729208865 -0.36689247464763686 
0.28149162729208865 -0.36689247464763686 
0.2814903203772014 -0.3687631262854177 
0.2814867902599512 -0.33932603462464195 
0.2814867902599512 -0.33932603462464195 
0.2814864059712398 -0.33890010658725755 
0.28148042219064523 -0.30794511762874643 
0.2814865758205521 -0.3000154966659765 
0.2814772525514445 -0.2713411201739956 
0.28147835567558943 -0.30157066319798853 
0.2814705665588314 -0.2698247304184268 
0.2814705665588314 -0.2698247304184268 
0.2814656162493362 -0.27046584971094123 
0.2814656162493362 -0.27046584971094123 
0.2814656162493362 -0.27046584971094123 
0.2814716872091468 -0.2665352008542559 
0.2814716872091468 -0.2665352008542559 
0.28147085211746414 -0.2688109204422731 
0.2814717035256206 -0.2732812075534741 
0.2814717035256206 -0.2732812075534741 
0.2814708352269052 -0.2735339890361432 
0.2814708352269052 -0.2735339890361432 
0.28147601194460903 -0.2737737147747106 
0.28147601194460903 -0.2737737147747106 
0.28146865541803234 -0.27388704026767036 
0.28146865541803234 -0.27388704026767036 
0.28147283989258215 -0.2840330058304701 
0.28147283989258215 -0.2840330058304701 
0.28148557131671115 -0.28388769685350784 
0.2814842191026291 -0.278232366304783 
0.28148766860853985 -0.27372074487656534 
0.28148766860853985 -0.27372074487656534 
0.2814882182818931 -0.274782374500105 
0.28148905422515863 -0.268726985998442 
0.28148905422515863 -0.268726985998442 
0.28148905422515863 -0.268726985998442 
0.2814794677435882 -0.2972187930964464 
0.2814814927488671 -0.2964751866193376 
0.28148357422359127 -0.30182407640139447 
0.28148357422359127 -0.30182407640139447 
0.28148335330549595 -0.3007440973388815 
0.28147108259817705 -0.3306018478007203 
0.28147108259817705 -0.3306018478007203 
0.2814737819810198 -0.3321173713387409 
0.28147438008052567 -0.33138256915158365 
0.2814781470239182 -0.31508299376275983 
0.28148158087366215 -0.3039090073734976 
0.2814819537268712 -0.32700075864397 
0.2814784706744632 -0.34063832349708634 
0.28147276209356853 -0.3277246362490991 
0.2814673338186766 -0.3316114710128787 
0.2814534913582892 -0.31936603913324424 
0.2814635760495314 -0.3310604485354957 
0.28147930505824076 -0.3183816119036888 
0.28147930505824076 -0.3183816119036888 
0.2814799130537115 -0.32184317819894137 
0.2814804468886623 -0.3202895579844949 
0.28148917350494995 -0.30678583417459937 
0.2814894056498301 -0.31173192825477264 
0.2814894056498301 -0.31173192825477264 
0.28148944594268294 -0.3118395923991344 
0.2814890276236477 -0.30830090733885496 
0.28148848926784975 -0.3141912868335575 
0.28148392409373046 -0.31881819387805344 
0.28148392409373046 -0.31881819387805344 
0.2814851021426004 -0.34104240231527894 
0.2814890539944697 -0.3662011158340962 
0.28148827959430367 -0.3647562829305 
0.2814901769120385 -0.3463424156198233 
0.2814891541627085 -0.34278367477768457 
0.2814891541627085 -0.34278367477768457 
0.2814891541627085 -0.34278367477768457 
0.2814916018361974 -0.33011928710365446 
0.2814916018361974 -0.33011928710365446 
0.2814883854104823 -0.3024002762661403 
0.28148560295032415 -0.2993617418600304 
0.28148300516494557 -0.3038399311714398 
0.28148300516494557 -0.3038399311714398 
0.2814860252482266 -0.29276125533911723 
0.28148643325140826 -0.29327005930120736 
0.2814869371391136 -0.2917734069018808 
0.2814869371391136 -0.2917734069018808 
0.2814837980611635 -0.3080467519814028 
0.2814837980611635 -0.3080467519814028 
0.2814641644814423 -0.32970863024694846 
0.2814526849940395 -0.3131339739706104 
0.2814388645836243 -0.3122688128425531 
0.2814435437111533 -0.317513880542067 
0.28145073168016665 -0.33241787768684117 
0.2814693285929352 -0.324356262135319 
0.2814806641866802 -0.3125732727246989 
0.2814728667700714 -0.3202687065866303 
0.28147154499329863 -0.349821769159125 
0.28147154499329863 -0.349821769159125 
0.28147163393460606 -0.34842841009197856 
0.2814669577750546 -0.3392341191215254 
0.2814669577750546 -0.3392341191215254 
0.28146891838339494 -0.3369547543854372 
0.28147005157846966 -0.34192406517872614 
0.28147297793952286 -0.37115170093762784 
0.28147297793952286 -0.37115170093762784 
0.28147297378228864 -0.3711541792198583 
0.28147569678961704 -0.35510530684521097 
0.28147569678961704 -0.35510530684521097 
0.28147569678961704 -0.35510530684521097 
0.2814761801194656 -0.35424059089619825 
0.2814761801194656 -0.35424059089619825 
0.2814723310994316 -0.35364579118061823 
0.28148035475782746 -0.3375729160396058 
0.28148035475782746 -0.3375729160396058 
0.2814784570353523 -0.34012136658157976 
0.281477693927489 -0.3184520073664874 
0.28148393566251256 -0.332964748213791 
0.2814813308480565 -0.33611338513529737 
0.2814904492483508 -0.3088636643150246 
0.28148898593962357 -0.31583849111790824 
0.2814920051871786 -0.34375086601216087 
0.28149233387905465 -0.3351903280914449 
0.28149269257339027 -0.33233171384723115 
0.28148886434760473 -0.3047507675269052 
0.2814889181572296 -0.30488434080095483 
0.28148733650816116 -0.3042646283362305 
0.2814870764761018 -0.3116068402187741 
0.2814877803025842 -0.30824506366819604 
0.2814896172392982 -0.3126987249785319 
0.2814947151460302 -0.26970049204667523 
0.2814947151460302 -0.26970049204667523 
0.2814896150051729 -0.2645201342658211 
0.2814896150051729 -0.2645201342658211 
0.281491610400007 -0.28849884334397935 
0.2814918208542067 -0.28026992650437715 
0.281492892191292 -0.30023640521962824 
0.28149379404550967 -0.31825404893838055 
0.2814936524391933 -0.31970699819683684 
0.28149472465805114 -0.3092655117627209 
0.2814942162030784 -0.3194930491377151 
0.28149424855599614 -0.3276653310706608 
0.281496425625698 -0.3218316198088416 
0.28149604698216507 -0.33034223154006254 
0.28149434645362953 -0.3780763805071717 
0.2814922105185002 -0.3518537842872877 
0.2814922105185002 -0.3518537842872877 
0.2814922105185002 -0.3518537842872877 
0.2814922105185002 -0.3518537842872877 
0.2814944570378469 -0.3369149087438827 
0.2814944570378469 -0.3369149087438827 
0.28149303571431167 -0.3158708544760965 
0.2814922444144229 -0.3174549164636905 
0.28149935955107735 -0.3389028909806899 
0.28149935955107735 -0.3389028909806899 
0.28149935955107735 -0.3389028909806899 
0.2814995952953955 -0.3207152078970516 
0.28149963971586156 -0.33371306281381224 
0.28149963971586156 -0.33371306281381224 
0.281499704965789 -0.3456829376185617 
0.28149611805016306 -0.33492823410964523 
0.28149611805016306 -0.33492823410964523 
0.28149611805016306 -0.33492823410964523 
0.28149611805016306 -0.33492823410964523 
0.28149609913698814 -0.3380033995334145 
0.28149609913698814 -0.3380033995334145 
0.28149609913698814 -0.3380033995334145 
0.28149609913698814 -0.3380033995334145 
0.28149609913698814 -0.3380033995334145 
0.28149609913698814 -0.3380033995334145 
0.28149609913698814 -0.3380033995334145 
0.28149609913698814 -0.3380033995334145 
0.28149609913698814 -0.3380033995334145 
0.28149753281533163 -0.34238028949371857 
0.28149744156267253 -0.3523489084276167 
0.28149744156267253 -0.3523489084276167 
0.28149744156267253 -0.3523489084276167 
0.28149744156267253 -0.3523489084276167 
0.28149547285468357 -0.3465591745656221 
0.2814942064660377 -0.3790354315970994 
0.2814942064660377 -0.3790354315970994 
0.2814942064660377 -0.3790354315970994 
0.2814909234543837 -0.326345717896559 
0.2814909234543837 -0.326345717896559 
0.2814909304469917 -0.32708222119123237 
0.2814909304469917 -0.32708222119123237 
0.28149021569080623 -0.3337714764710106 
0.28148747109259126 -0.32858629154526003 
0.28148788421265464 -0.32317711426859835 
0.28148788421265464 -0.32317711426859835 
0.28148459797380426 -0.34998952148546025 
0.2814845061930688 -0.3499321355551588 
0.2814845061930688 -0.3499321355551588 
0.28147584855190916 -0.32130447225745284 
0.2814750536064293 -0.32002270388003373 
0.2814703263502518 -0.32090154157329365 
0.28147259661287544 -0.3210143088077502 
0.2814723769718635 -0.32105558923656785 
0.2814738366249982 -0.3674845755846086 
0.2814738366249982 -0.3674845755846086 
0.2814738366249982 -0.3674845755846086 
0.28147239976800226 -0.3760372337122041 
0.28147239976800226 -0.3760372337122041 
0.28147476252106474 -0.3728917344715207 
0.2814728580229921 -0.3762954775496827 
0.28147531403991594 -0.36224946005885084 
0.281476762560838 -0.35614172727039023 
0.2814687127025703 -0.3688702335722858 
0.28147127202305144 -0.3602770830159945 
0.2814755606338028 -0.336869874320922 
0.281477462555662 -0.3235629817327469 
0.2814789473090179 -0.3172941281258758 
0.2814781814826665 -0.3230326595936257 
0.28147840353440956 -0.3231639009967804 
0.2814759402232441 -0.3288738555026721 
0.2814744988328367 -0.332890499214162 
0.2814691027756106 -0.328882150657475 
0.28146884786480886 -0.3290551197389747 
0.28146517721602243 -0.3447012663055972 
0.28146487127516423 -0.34488702633533175 
0.2814678072389141 -0.3402867610141787 
0.28147261552213076 -0.3500238853853266 
0.2814596681018169 -0.3520596291207733 
0.28146216027558363 -0.34266794389131683 
0.2814599439037171 -0.3446778776574022 
0.28143043894664643 -0.3240075995246798 
0.28143043894664643 -0.3240075995246798 
0.28144297528399537 -0.32760625826426765 
0.2814620088059239 -0.3467315181956354 
0.281471864264198 -0.33092332786617906 
0.28147177427264364 -0.3307299406961198 
0.28147177427264364 -0.3307299406961198 
0.2814625005026624 -0.3639888767542112 
0.28147060112587446 -0.3444740898066734 
0.28147121196844344 -0.3224615941150554 
0.281456599732335 -0.3530950985404665 
0.281456599732335 -0.3530950985404665 
0.2814547590162451 -0.35503193762151714 
0.2814622195698932 -0.33949823013650365 
0.28145327105006773 -0.35705649957476693 
0.28145475032974343 -0.35695651407634793 
0.2814588218362062 -0.35126150702962183 
0.2814667916244956 -0.3539870982456603 
0.2814768328647036 -0.3250425330886788 
0.28147494655949595 -0.32149125900033254 
0.281462780685103 -0.29862898860364806 
0.28144953755060603 -0.28907136416927054 
0.2814421212670045 -0.28855066831025444 
0.28143736734987884 -0.28685852638181536 
0.28143736734987884 -0.28685852638181536 
0.2814379473825282 -0.28662185443778604 
0.2814485911660827 -0.291983221612583 
0.2814485911660827 -0.291983221612583 
0.2814485911660827 -0.291983221612583 
0.2814215426835963 -0.2626078854562509 
0.2814215426835963 -0.2626078854562509 
0.2814215426835963 -0.2626078854562509 
0.2814215426835963 -0.2626078854562509 
0.2814215426835963 -0.2626078854562509 
0.28143061743228204 -0.2645481375258598 
0.28143273238312294 -0.26474070581906023 
0.2814242087274909 -0.26508250242555786 
0.28142383687319855 -0.26477243226069525 
0.28142383687319855 -0.26477243226069525 
0.28142383687319855 -0.26477243226069525 
0.28143079302232626 -0.2825815945860741 
0.28143079302232626 -0.2825815945860741 
0.2814514622940752 -0.3043163468435722 
0.281469082992725 -0.2893542081867907 
0.2814686753908581 -0.2879687758468812 
0.2814817787898617 -0.2812426390945429 
0.2814818465462198 -0.2831774536534084 
0.2814818465462198 -0.2831774536534084 
0.2814851162278059 -0.28424423267221555 
0.2814851162278059 -0.28424423267221555 
0.2814851162278059 -0.28424423267221555 
0.2814873479845289 -0.29247164461920827 
0.2814831731423998 -0.3146733959770312 
0.28148195212756677 -0.31793464462216997 
0.2814820367952471 -0.31767916392510576 
0.2814707867450936 -0.33024472225193674 
0.2814642103061274 -0.3290861154562248 
0.28146533479357394 -0.3265141403005729 
0.2814723101800617 -0.32523129260117656 
0.28147336431281844 -0.3262507345968889 
0.28147336431281844 -0.3262507345968889 
0.2814664882762578 -0.3530693406474111 
0.2814730047447248 -0.32788020377747157 
0.2814730047447248 -0.32788020377747157 
0.2814678605404511 -0.31432783348821547 
0.2814555875303173 -0.30556892966001825 
0.28144220654714514 -0.31318418362736405 
0.2814415391471213 -0.3117352046589698 
0.28145340917281025 -0.3053526141888258 
0.281434875904495 -0.30608437060262733 
0.2814466810105841 -0.30550758713134063 
0.2814474592317888 -0.3017016034546976 
0.28143999141704906 -0.2970040109824879 
0.2814300549278557 -0.3018171855190423 
0.2814085775617855 -0.28096269219334347 
0.28138724483867417 -0.280373409138551 
0.28138724483867417 -0.280373409138551 
0.2813891207955283 -0.2811071793479798 
0.2813891207955283 -0.2811071793479798 
0.2813617175198354 -0.2696833147559818 
0.2813617175198354 -0.2696833147559818 
0.2813617175198354 -0.2696833147559818 
0.28136119963455464 -0.2696719877953191 
0.2813383661321268 -0.2652936710314031 
0.2813383661321268 -0.2652936710314031 
0.2813383661321268 -0.2652936710314031 
0.2813748610390284 -0.27970526484613395 
0.2813748610390284 -0.27970526484613395 
0.2813748610390284 -0.27970526484613395 
0.2813748610390284 -0.27970526484613395 
0.28136251137570156 -0.275048955225483 
0.2814051875060615 -0.2735446457679543 
0.2814280528612802 -0.2718981459711589 
0.28145117099386463 -0.2848639543176962 
0.2814381832978412 -0.2831366859187243 
0.28145889599074053 -0.29386139853297366 
0.28146270902922926 -0.30074722624245254 
0.2814467595946224 -0.29927973836024174 
0.2814510922278781 -0.30534115680921664 
0.28144502449881126 -0.2963209266401683 
0.28144502449881126 -0.2963209266401683 
0.28144502449881126 -0.2963209266401683 
0.28144502449881126 -0.2963209266401683 
0.28143428928951536 -0.2833760534691939 
0.28143013219198054 -0.2846579545469213 
0.28143013219198054 -0.2846579545469213 
0.2813799130312379 -0.2897884859131239 
0.28139949250003665 -0.2957281777979125 
0.28139949250003665 -0.2957281777979125 
0.28140337392612924 -0.297261177497502 
0.28140337392612924 -0.297261177497502 
0.28140305133842275 -0.29721664240519363 
0.2814064515578273 -0.29516081651909665 
0.2814064515578273 -0.29516081651909665 
0.2814064515578273 -0.29516081651909665 
0.28144597963451395 -0.3095677200269941 
0.281449230434644 -0.30375342794187504 
0.281427586832579 -0.278677386579749 
0.28144527241517375 -0.2898231729604365 
0.28145476311346423 -0.2889028819703258 
0.28145476311346423 -0.2889028819703258 
0.28145476501172173 -0.2888957424733669 
0.28145256602954605 -0.29415813172774047 
0.28145256602954605 -0.29415813172774047 
0.28146832874822825 -0.28626670940528026 
0.2814689240602627 -0.30341021861340867 
0.28146410007056555 -0.2880359010686411 
0.28146330904551503 -0.28677174319530335 
0.28147314723751643 -0.2911702548207197 
0.28145727922989483 -0.303476641479299 
0.2814284432170328 -0.2838257097821649 
0.28142315715513455 -0.2651583330347749 
0.28142315715513455 -0.2651583330347749 
0.28141472639544296 -0.26421930518465914 
0.28141472639544296 -0.26421930518465914 
0.28141472639544296 -0.26421930518465914 
0.28141472639544296 -0.26421930518465914 
0.2814376001949405 -0.2883566210327506 
0.2814403060165743 -0.2914950576812652 
0.28144040775979146 -0.29154121695110174 
0.2814371846406857 -0.2922780578705029 
0.2814371846406857 -0.2922780578705029 
0.2814407275410957 -0.29366856584540235 
0.2814618293727973 -0.31030408341199334 
0.2814577210870917 -0.3174557472319144 
0.2814536861687847 -0.3088105448564376 
0.2814656443448387 -0.3262683783533433 
0.2814721290826445 -0.28233508476872465 
0.281476459940817 -0.2798859726944133 
0.2814763957173107 -0.279783248802546 
0.28147571949900774 -0.2845351884699503 
0.28147571949900774 -0.2845351884699503 
0.2814774184666734 -0.31346477566887687 
0.28148682621530946 -0.3264539887924657 
0.28148404584746717 -0.3268420478493175 
0.2814770056301713 -0.3047975230438555 
0.28148115297193554 -0.2965959392879669 
0.2814871728628781 -0.29054203071665063 
0.2814872279218917 -0.2906349938602983 
0.28148930712198794 -0.2789622240305017 
0.28148990641278576 -0.2770328445947896 
0.2814902938118537 -0.2836035411488806 
0.28148917942543694 -0.28880792475931827 
0.28148917942543694 -0.28880792475931827 
0.2814822329287853 -0.2737278914492035 
0.2814741452507513 -0.28010517381853506 
0.28146817132279145 -0.28603977281978377 
0.28146817132279145 -0.28603977281978377 
0.28146817132279145 -0.28603977281978377 
0.28146817132279145 -0.28603977281978377 
0.28146817132279145 -0.28603977281978377 
0.2814681836215612 -0.2823653851807052 
0.2814681836215612 -0.2823653851807052 
0.28146967299717607 -0.29721233272071945 
0.28146616807695707 -0.28564590184640576 
0.28145909782770645 -0.27430669510330513 
0.28145909782770645 -0.27430669510330513 
0.28145909782770645 -0.27430669510330513 
0.28145909782770645 -0.27430669510330513 
0.28144997417797535 -0.26861805391709853 
0.28145431548898003 -0.2694279425578033 
0.28145431548898003 -0.2694279425578033 
0.28145431548898003 -0.2694279425578033 
0.28145297229655925 -0.2694077833040953 
0.2814584855453731 -0.27525271766003556 
0.2814584855453731 -0.27525271766003556 
0.28144632960063304 -0.2674551376940433 
0.28146184316763023 -0.2948490792018287 
0.2814374725255385 -0.2786061862971233 
0.28142024154895 -0.27523535036383795 
0.28140961103832884 -0.27034221048368995 
0.2814390632449035 -0.27768411240828206 
0.2814196014897595 -0.29074160100785373 
0.2814196014897595 -0.29074160100785373 
0.2814196014897595 -0.29074160100785373 
0.2814173832159117 -0.29154169889116 
0.28143078459913956 -0.2959212840956041 
0.28142235298980267 -0.29963885033650334 
0.28143214793070487 -0.30276537604560344 
0.2814549657011776 -0.3208049933753324 
0.28147169358323637 -0.3099723292934806 
0.2814543106267907 -0.3215528776106265 
0.28146628661268025 -0.3349108793697131 
0.28147056149867505 -0.33054617908647754 
0.28146957592852356 -0.32727538347793445 
0.28146501661329515 -0.3257096235802444 
0.28146615300617456 -0.31668839928472864 
0.28146578711203407 -0.3149892890398095 
0.28146578711203407 -0.3149892890398095 
0.28146483366228636 -0.31577475285799417 
0.28146483366228636 -0.31577475285799417 
0.28144974297628406 -0.32296332875869654 
0.28144974297628406 -0.32296332875869654 
0.28144974297628406 -0.32296332875869654 
0.28144555086640677 -0.3151615791243911 
0.28143454550279473 -0.3228483898183209 
0.28145136578606994 -0.30598347701345074 
0.2814473426622129 -0.29757066102213187 
0.2814562140206943 -0.29258483660353835 
0.2814370787837103 -0.31024060834251393 
0.28144598570691237 -0.32033384591855935 
0.2814607538427595 -0.3261188004759343 
0.2814647324202618 -0.3245718106655531 
0.28145682353411217 -0.31628389637140575 
0.2814523222202285 -0.3196742486734715 
0.2814440214899208 -0.33322098625959634 
0.2814577788029349 -0.3279901180077288 
0.2814577788029349 -0.3279901180077288 
0.2814577788029349 -0.3279901180077288 
0.28146503088901326 -0.32534906996099555 
0.28145869638176096 -0.3165580464181048 
0.28145869638176096 -0.3165580464181048 
0.28147303765967147 -0.3366388571678564 
0.28147303765967147 -0.3366388571678564 
0.281481993790315 -0.3083673891648863 
0.2814785531532288 -0.3064048025062918 
0.281477874237598 -0.3121669613053722 
0.2814655285015008 -0.3174288474667729 
0.2814699674287764 -0.31098431731228393 
0.2814812667804197 -0.29074211788465676 
0.2814904290988587 -0.2848294324087346 
0.281490070398374 -0.2810924766089305 
0.2814883654626307 -0.2794337700434767 
0.28149086143875246 -0.29338711215501306 
0.28149064818694647 -0.2972035165017641 
0.28149417959749284 -0.3049453824139703 
0.28149574116353593 -0.30657804982587034 
0.2814961184738088 -0.31041127426504556 
0.2814961184738088 -0.31041127426504556 
0.28149652596373514 -0.30426590873155746 
0.2814956647003081 -0.338687497850126 
0.2814956647003081 -0.338687497850126 
0.2814966322503111 -0.37751936068881764 
0.2814964781172495 -0.37232198658592097 
0.2814975958879447 -0.37361294732096534 
0.2814975958879447 -0.37361294732096534 
0.2814975958879447 -0.37361294732096534 
0.2814941126718646 -0.34466879212236645 
0.2814941126718646 -0.34466879212236645 
0.28149399036926953 -0.34773218121261 
0.28149399036926953 -0.34773218121261 
0.28149399036926953 -0.34773218121261 
0.2814950188962399 -0.3460613253906512 
0.2814950188962399 -0.3460613253906512 
0.28149534316299035 -0.3793746823385983 
0.28149363919468934 -0.36527517116872465 
0.28149313718436686 -0.37335780513101174 
0.2814949871689172 -0.33787134690424403 
0.2814949871689172 -0.33787134690424403 
0.2814949871689172 -0.33787134690424403 
0.2814949871689172 -0.33787134690424403 
0.28149641204331216 -0.32804425073314625 
0.28149641204331216 -0.32804425073314625 
0.281494569544916 -0.35222635641624794 
0.2814965039296867 -0.36023635697598727 
0.2814960524429308 -0.35837741598617845 
0.2814803019151414 -0.3560569391985673 
0.2814803019151414 -0.3560569391985673 
0.2814872109938115 -0.34107102284999574 
0.2814872109938115 -0.34107102284999574 
0.28148841159874877 -0.34728736371967434 
0.281491256935937 -0.33408165783189947 
0.281492207591184 -0.3103763601180033 
0.2814861418407634 -0.28240166900177793 
0.2814861418407634 -0.28240166900177793 
0.28148956546867093 -0.2813028169054563 
0.28148956546867093 -0.2813028169054563 
0.28149322845571156 -0.2677230720987539 
0.28149219727852337 -0.27427353915270924 
0.28148826941808164 -0.26113541572937493 
0.28149195279897915 -0.269440259457378 
0.28149195279897915 -0.269440259457378 
0.28148492745261455 -0.2956351523432476 
0.2814843075763343 -0.29294868340218916 
0.2814807622755573 -0.2849253946168446 
0.28148321640743434 -0.2934957606879447 
0.28148119963330864 -0.2952967047841644 
0.28147919513370545 -0.29823668853091784 
0.28147919513370545 -0.29823668853091784 
0.28147976166095456 -0.29908287356558644 
0.281498079209164 -0.303491145725061 
0.2814949462605504 -0.2958091529189377 
0.2814949462605504 -0.2958091529189377 
0.2814975768803226 -0.27834389669010995 
0.2814975768803226 -0.27834389669010995 
0.2814967181540936 -0.2826036468140528 
0.2814967181540936 -0.2826036468140528 
0.2814967181540936 -0.2826036468140528 
0.2814967181540936 -0.2826036468140528 
0.2814967181540936 -0.2826036468140528 
0.28149299602337374 -0.28611456884326436 
0.28149299602337374 -0.28611456884326436 
0.28149299602337374 -0.28611456884326436 
0.28149299602337374 -0.28611456884326436 
0.2814927840849613 -0.28768507299942686 
0.281494362376578 -0.2827265700976375 
0.281494362376578 -0.2827265700976375 
0.28149415035618247 -0.3060194688590501 
0.28147767795852296 -0.2957314586780079 
0.28148214915231135 -0.2606982193600894 
0.28148214915231135 -0.2606982193600894 
0.28148214915231135 -0.2606982193600894 
0.28148214915231135 -0.2606982193600894 
0.2814840788870866 -0.26139943660652587 
0.2814825709378849 -0.2612863969259367 
0.28148240218061643 -0.2609019242321695 
0.2814815526417531 -0.26390452857814845 
0.2814832175145691 -0.2744514928492261 
0.2814832175145691 -0.2744514928492261 
0.2814829236471306 -0.2731130277586713 
0.2814829236471306 -0.2731130277586713 
0.28148327872299195 -0.26697662232410163 
0.2814830303270954 -0.2705064358339246 
0.28148458229865364 -0.2713594345170305 
0.2814876073905272 -0.30776289799533185 
0.2814930302699874 -0.31591292861778575 
0.2814929166959931 -0.31721232043477077 
0.2814929307012792 -0.3172256108833219 
0.28149153919066267 -0.32579596513628456 
0.2814889111021333 -0.32789738220356 
0.2814889111021333 -0.32789738220356 
0.2814914734181764 -0.3479423118142336 
0.2814914734181764 -0.3479423118142336 
0.2814914734181764 -0.3479423118142336 
0.2814914734181764 -0.3479423118142336 
0.28149245970491177 -0.35984706326066035 
0.28149245970491177 -0.35984706326066035 
0.28149245970491177 -0.35984706326066035 
0.2814894432855622 -0.3447378396460442 
0.2814894432855622 -0.3447378396460442 
0.28149250582346425 -0.3575336614834518 
0.2814924581607203 -0.35924651445761785 
0.2814924581607203 -0.35924651445761785 
0.2814924581607203 -0.35924651445761785 
0.28149266792953975 -0.3546087104501397 
0.2814887611308042 -0.3444154933090234 
0.28148722997856573 -0.361361709459087 
0.2814997871747362 -0.373990930028691 
0.2814983442406898 -0.3697164202895947 
0.2814983442406898 -0.3697164202895947 
0.2814983442406898 -0.3697164202895947 
0.2814982616350398 -0.3765639105408158 
0.2814982616350398 -0.3765639105408158 
0.28149848248375736 -0.3678605417923128 
0.28149848248375736 -0.3678605417923128 
0.28149906074057274 -0.3752950833349764 
0.28149906074057274 -0.3752950833349764 
0.28149359113421984 -0.3707069658666654 
0.28149359113421984 -0.3707069658666654 
0.28149229901240497 -0.3788098081795222 
0.28149056128882066 -0.33240248343211953 
0.28149056128882066 -0.33240248343211953 
0.28148986277348303 -0.31831863983034625 
0.28148986277348303 -0.31831863983034625 
0.2814890032582844 -0.3650324592381814 
0.2814890032582844 -0.3650324592381814 
0.2814810098121429 -0.35091815910525276 
0.28146816343974135 -0.3520836243631638 
0.28147258117642754 -0.355262914552345 
0.28148100149901245 -0.32535815001702745 
0.28148100149901245 -0.32535815001702745 
0.28148100149901245 -0.32535815001702745 
0.28148141718385616 -0.31549385736700086 
0.28146932594592783 -0.30232125495232526 
0.28145622672313075 -0.3012350400516858 
0.28145232436501155 -0.2967346517729017 
0.2814568925266578 -0.30484069597653746 
0.2814633392706387 -0.299064125841402 
0.28146687912872437 -0.2949780081173876 
0.28146244368710016 -0.28549816754811747 
0.2814700656520173 -0.2838107953274006 
0.2814782929642856 -0.30220194371496384 
0.2814773700671983 -0.30123023646275404 
0.28146594619319254 -0.3258554901240407 
0.2814792724837756 -0.3044354263360253 
0.2814792724837756 -0.3044354263360253 
0.28148074193917944 -0.3107336083840887 
0.28147834519857506 -0.30492000844527234 
0.28147834519857506 -0.30492000844527234 
0.28147834519857506 -0.30492000844527234 
0.2814757604690412 -0.3068590782050643 
0.2814779546043139 -0.30868576912686896 
0.28147516159945446 -0.30531519174490956 
0.28146895817653594 -0.32109116225798323 
0.28145138285679727 -0.29168870877575637 
0.28145138285679727 -0.29168870877575637 
0.28145828758440045 -0.3029992387700113 
0.28147525007200314 -0.3240397478164161 
0.2814778812565084 -0.3164777914603136 
0.2814742265682921 -0.32067707705553405 
0.28147400320475396 -0.3209364737178737 
0.2814750522624169 -0.32190014925002586 
0.2814695758908214 -0.3131426866746742 
0.281464520908642 -0.3189856703008714 
0.281464344521884 -0.31986418615287904 
0.281464344521884 -0.31986418615287904 
0.2814360351439993 -0.27395970163639904 
0.2814395951523468 -0.2823910337377843 
0.28146197475519835 -0.3004512881484623 
0.2814621860788228 -0.30045181712099805 
0.28147120337934106 -0.32782231255931604 
0.28147120337934106 -0.32782231255931604 
0.28147573104332657 -0.3124723444820484 
0.2814828635125117 -0.29155963488720466 
0.2814722320218892 -0.3071564361431338 
0.2814714705783391 -0.3054989455490841 
0.2814714705783391 -0.3054989455490841 
0.28146512268199786 -0.30632525902092567 
0.28146512268199786 -0.30632525902092567 
0.28146512268199786 -0.30632525902092567 
0.2814617962194377 -0.30597443885001874 
0.2814426831377397 -0.27655347301419697 
0.2814426831377397 -0.27655347301419697 
0.2814479820970134 -0.2759918437377793 
0.28145452200133764 -0.29038145532943405 
0.28145452200133764 -0.29038145532943405 
0.2814594879705627 -0.2932902029698396 
0.2814461100405919 -0.2687238460524801 
0.2814448491033652 -0.2667638527851527 
0.28143279221232687 -0.26239836988875426 
0.28143279221232687 -0.26239836988875426 
0.28145735060615334 -0.2886821326048927 
0.2814679627736902 -0.3106565974932743 
0.2814753384545908 -0.2993551100105643 
0.2814766771689637 -0.3017566844066699 
0.28147173940986925 -0.30882729320988234 
0.28147173940986925 -0.30882729320988234 
0.2814752576463771 -0.2986239275169373 
0.2814741508227094 -0.3002926706527884 
0.281467723324973 -0.28760766603939153 
0.28146433964605705 -0.27763319884108906 
0.28146433964605705 -0.27763319884108906 
0.2814486740827449 -0.2725070542582343 
0.2814486740827449 -0.2725070542582343 
0.28145578414933337 -0.27253628732568597 
0.2814639173711235 -0.270158089676511 
0.2814639173711235 -0.270158089676511 
0.2814639173711235 -0.270158089676511 
0.2814689865113452 -0.26901377298054996 
0.281473689287298 -0.268543876276769 
0.281473689287298 -0.268543876276769 
0.2814730299256838 -0.2735299891443922 
0.2814815024856192 -0.27237470268057573 
0.2814815024856192 -0.27237470268057573 
0.2814815024856192 -0.27237470268057573 
0.281483880001777 -0.27546205763702997 
0.2814836489055282 -0.28001804698584576 
0.28147828693071514 -0.27988135777043727 
0.28147828693071514 -0.27988135777043727 
0.2814779426939013 -0.27715474229722237 
0.2814779426939013 -0.27715474229722237 
0.2814876208683158 -0.2977214033551188 
0.2814872480518048 -0.2939263383380558 
0.28148478159762375 -0.30973649672266124 
0.28148478159762375 -0.30973649672266124 
0.28148478159762375 -0.30973649672266124 
0.2814847469381458 -0.3095642201553912 
0.281487247448726 -0.2994192537829436 
0.281487247448726 -0.2994192537829436 
0.281487247448726 -0.2994192537829436 
0.2814955451965368 -0.3182578097444534 
0.2814955451965368 -0.3182578097444534 
0.2814955451965368 -0.3182578097444534 
0.2814955451965368 -0.3182578097444534 
0.28149602869883567 -0.31173496710022014 
0.28148882761585453 -0.3014406328931912 
0.28148991515284294 -0.3122023942335813 
0.281491976444104 -0.352189366910999 
0.2814917570954761 -0.3532371709951669 
0.2814886916180537 -0.3650586951066104 
0.2814886916180537 -0.3650586951066104 
0.2814882910367066 -0.3705865264756151 
0.2814882013405603 -0.37234203952853406 
0.28148383130828675 -0.3563352195983711 
0.28148383130828675 -0.3563352195983711 
0.2814835839982446 -0.3562364319342345 
0.28147942544374477 -0.343801461882066 
0.28149317766643983 -0.3810847624926347 
0.28149317766643983 -0.3810847624926347 
0.28149317766643983 -0.3810847624926347 
0.28149317766643983 -0.3810847624926347 
0.28149317766643983 -0.3810847624926347 
0.28149467058230626 -0.3715179333904818 
0.28149467058230626 -0.3715179333904818 
0.28149467058230626 -0.3715179333904818 
0.28149467058230626 -0.3715179333904818 
0.28149467058230626 -0.3715179333904818 
0.2814948206066263 -0.3670431717882304 
0.28149557668105185 -0.3780320758826833 
0.28149557668105185 -0.3780320758826833 
0.28149557668105185 -0.3780320758826833 
0.28149557668105185 -0.3780320758826833 
0.2814971190568325 -0.3306416351204261 
0.2814971190568325 -0.3306416351204261 
0.2814971190568325 -0.3306416351204261 
0.2814967253945025 -0.3230430573448468 
0.2814967253945025 -0.3230430573448468 
0.2814967253945025 -0.3230430573448468 
0.28149851373219625 -0.3327083886082775 
0.28149851373219625 -0.3327083886082775 
0.28149851373219625 -0.3327083886082775 
0.28149773024697416 -0.30569769124012014 
0.28149773024697416 -0.30569769124012014 
0.28149773024697416 -0.30569769124012014 
0.28149773024697416 -0.30569769124012014 
0.2814968360204023 -0.31300874308702814 
0.28149574327606364 -0.30913248318487563 
0.28149574327606364 -0.30913248318487563 
0.28149994018877605 -0.3174437614131376 
0.28149994018877605 -0.3174437614131376 
0.28149994018877605 -0.3174437614131376 
0.28149994018877605 -0.3174437614131376 
0.28149994018877605 -0.3174437614131376 
0.28149994018877605 -0.3174437614131376 
0.28149994018877605 -0.3174437614131376 
0.28149994018877605 -0.3174437614131376 
0.28149994018877605 -0.3174437614131376 
0.28149994018877605 -0.3174437614131376 
0.28149994018877605 -0.3174437614131376 
0.28149994018877605 -0.3174437614131376 
0.2814947840052063 -0.3150971526661273 
0.2814947840052063 -0.3150971526661273 
0.2814973289361809 -0.3162173989720603 
0.2814961201614679 -0.3264396673802434 
0.2814929366679346 -0.33207906329967374 
0.281494893816867 -0.33026401462854166 
0.2814935733754743 -0.30800059905384514 
0.28148885034254634 -0.3338726447596215 
0.28148828429847134 -0.3320465770435378 
0.28148828429847134 -0.3320465770435378 
0.2814922727365454 -0.3344346533059902 
0.2814920062279148 -0.33654617721825963 
0.28149201501541343 -0.3371264199581762 
0.28149156461000036 -0.3350774008072741 
0.28149156461000036 -0.3350774008072741 
0.2814933843828705 -0.3418201767850419 
0.2814933843828705 -0.3418201767850419 
0.2814952558007792 -0.34132807475322036 
0.28149313523138625 -0.3325777801577093 
0.28149984555883284 -0.37964690592706485 
0.28149984555883284 -0.37964690592706485 
0.28149970822181414 -0.37926947563021907 
0.28149970822181414 -0.37926947563021907 
0.28149970822181414 -0.37926947563021907 
0.28149970822181414 -0.37926947563021907 
0.2814986505347587 -0.3615180521148096 
0.2814986505347587 -0.3615180521148096 
0.28149269116978953 -0.34495238499214415 
0.2814912218211571 -0.3212443917123456 
0.28149289383250126 -0.3239511505461614 
0.28149417381400016 -0.35220611917317995 
0.2814976543510298 -0.37069244548990604 
0.2814976543510298 -0.37069244548990604 
0.2814976543510298 -0.37069244548990604 
0.2814985502169024 -0.37812412901560954 
0.2814985502169024 -0.37812412901560954 
0.2814985502169024 -0.37812412901560954 
0.2814985502169024 -0.37812412901560954 
0.2814985502169024 -0.37812412901560954 
0.2814985502169024 -0.37812412901560954 
0.28149458115426407 -0.36378658905481226 
0.28149458115426407 -0.36378658905481226 
0.28149482440645274 -0.3621560012214473 
0.28149584637453023 -0.36869735941986026 
0.28149584637453023 -0.36869735941986026 
0.28149584637453023 -0.36869735941986026 
0.28149067737890765 -0.3441480665049753 
0.281490208307822 -0.34667061952452344 
0.28149643456153045 -0.3719246204760774 
0.28149692666299186 -0.3742662165672977 
0.28149692666299186 -0.3742662165672977 
0.28149692666299186 -0.3742662165672977 
0.28149692666299186 -0.3742662165672977 
0.281492267395662 -0.3574944379330127 
0.28149234474641044 -0.35986928338727664 
0.2814950064975624 -0.3609342127428671 
0.28149546491469934 -0.36315000296625916 
0.28149546491469934 -0.36315000296625916 
0.28149590104437666 -0.3646160683693414 
0.28149590104437666 -0.3646160683693414 
0.28149590104437666 -0.3646160683693414 
0.2814961392135951 -0.3720714624866423 
0.28149625188835053 -0.3740206617451711 
0.28149958836616734 -0.37600082611919033 
0.28149958836616734 -0.37600082611919033 
0.2814977082413993 -0.3467095024767694 
0.28149725987952773 -0.3470585105867747 
0.28149725987952773 -0.3470585105867747 
0.28149725987952773 -0.3470585105867747 
0.28149817027793883 -0.35332507348992576 
0.28149849050075687 -0.35483882619554546 
0.28149227147029515 -0.34206354015424667 
0.28148835513819476 -0.3637578720078824 
0.2814803021743904 -0.3236703367695139 
0.28149948636912425 -0.3644528123278545 
0.28149948636912425 -0.3644528123278545 
0.28149919041392857 -0.3568707562238499 
0.28149919041392857 -0.3568707562238499 
0.28149919041392857 -0.3568707562238499 
0.28149919041392857 -0.3568707562238499 
0.28149919041392857 -0.3568707562238499 
0.28149919041392857 -0.3568707562238499 
0.28149919041392857 -0.3568707562238499 
0.28149919041392857 -0.3568707562238499 
0.28149919041392857 -0.3568707562238499 
0.28149936574547574 -0.36641995173455216 
0.2814959243757822 -0.31966623084595513 
0.2814959243757822 -0.31966623084595513 
0.28149653781546413 -0.3321455411141221 
0.28149653781546413 -0.3321455411141221 
0.28149641213315685 -0.3280963563586004 
0.281498288600027 -0.3430142310136385 
0.2814999864180658 -0.3404857628143386 
0.2814985471201679 -0.31460380175815944 
0.2814985471201679 -0.31460380175815944 
0.2814983145920073 -0.31243598636955816 
0.2814983145920073 -0.31243598636955816 
0.2814950565908712 -0.3130846877302585 
0.28149445324094585 -0.31789999036110667 
0.2814974374097556 -0.3156613579445655 
0.28149784749438367 -0.31994113693242493 
0.28149784749438367 -0.31994113693242493 
0.28149784749438367 -0.31994113693242493 
0.28149784749438367 -0.31994113693242493 
0.2814988716090922 -0.325090422986841 
0.2814981315409435 -0.32278853982807615 
0.2814987872139493 -0.3227952409732859 
0.2814987872139493 -0.3227952409732859 
0.2814987872139493 -0.3227952409732859 
0.2814987872139493 -0.3227952409732859 
0.2814987872139493 -0.3227952409732859 
0.2814970548694198 -0.3184900570585499 
0.28149769094206384 -0.3188947181506281 
0.28149769094206384 -0.3188947181506281 
0.28149769094206384 -0.3188947181506281 
0.28149769094206384 -0.3188947181506281 
0.28149769094206384 -0.3188947181506281 
0.28149615860696703 -0.3221000390473362 
0.2814963711033567 -0.3240758645796532 
0.2814963559908002 -0.32505613541094375 
0.2814966330426669 -0.33776480552201243 
0.2814966330426669 -0.33776480552201243 
0.2814968608243877 -0.3381541443848889 
0.28149576535910625 -0.33465383556168565 
0.28149498309115034 -0.3275514989437652 
0.28149498309115034 -0.3275514989437652 
0.2814963527060729 -0.34128901150528446 
0.2814963527060729 -0.34128901150528446 
0.2814995164245752 -0.3629490173561035 
0.2814995164245752 -0.3629490173561035 
0.28149961938574963 -0.3633184062794772 
0.28149961938574963 -0.3633184062794772 
0.28149961938574963 -0.3633184062794772 
0.28149961938574963 -0.3633184062794772 
0.28149961938574963 -0.3633184062794772 
0.28149961938574963 -0.3633184062794772 
0.28149961938574963 -0.3633184062794772 
0.28149961938574963 -0.3633184062794772 
0.2814992276360884 -0.3308386994860115 
0.2814992276360884 -0.3308386994860115 
0.2814992276360884 -0.3308386994860115 
0.28149933103938557 -0.3360181677213511 
0.28149933103938557 -0.3360181677213511 
0.28149933103938557 -0.3360181677213511 
0.28149933103938557 -0.3360181677213511 
0.28149933103938557 -0.3360181677213511 
0.2814942573590675 -0.3159602862453672 
0.2814891567468822 -0.3077035800950411 
0.2814860334357178 -0.3196859436675524 
0.28149722851414727 -0.36482520296730836 
0.28149722851414727 -0.36482520296730836 
0.2814975277375547 -0.3582717509942849 
0.2814975277375547 -0.3582717509942849 
0.28149591663735324 -0.3165343238993076 
0.28149512767704593 -0.2994483208189636 
0.2814942179931585 -0.3053495266900429 
0.2814942179931585 -0.3053495266900429 
0.2814955997909865 -0.2993277999459415 
0.2814955997909865 -0.2993277999459415 
0.281499639504557 -0.3110664349923609 
0.281499639504557 -0.3110664349923609 
0.281499639504557 -0.3110664349923609 
0.281499639504557 -0.3110664349923609 
0.281499639504557 -0.3110664349923609 
0.281499639504557 -0.3110664349923609 
0.281499639504557 -0.3110664349923609 
0.281499639504557 -0.3110664349923609 
0.281499639504557 -0.3110664349923609 
0.28149963814964485 -0.3128767273890373 
0.28149884959822763 -0.3109956549123129 
0.28149304535848824 -0.3039428666264432 
0.2814866317555725 -0.2977585858306903 
0.2814783546303525 -0.29383463634196727 
0.2814756296246763 -0.28311048013037066 
0.2814756296246763 -0.28311048013037066 
0.2814756296246763 -0.28311048013037066 
0.2814756296246763 -0.28311048013037066 
0.2814729528791863 -0.2792882484803036 
0.281470766757583 -0.27067887123252554 
0.2814647976441397 -0.27077781444454196 
0.2814647976441397 -0.27077781444454196 
0.2814677568376986 -0.270672690233158 
0.2814715957199967 -0.27904129289334145 
0.2814715957199967 -0.27904129289334145 
0.281467619822035 -0.2743580586981509 
0.281467619822035 -0.2743580586981509 
0.2814719823227238 -0.2730125390067558 
0.2814719823227238 -0.2730125390067558 
0.281464880970051 -0.26440987267606114 
0.281464880970051 -0.26440987267606114 
0.28146687502152806 -0.2643787355487524 
0.2814683780767178 -0.260896876629765 
0.2814683780767178 -0.260896876629765 
0.2814683780767178 -0.260896876629765 
0.2814683780767178 -0.260896876629765 
0.2814683780767178 -0.260896876629765 
0.28147604031246226 -0.26774469459468064 
0.2814754134402445 -0.27109504779632054 
0.2814752699079405 -0.27413992314172164 
0.2814752699079405 -0.27413992314172164 
0.2814752699079405 -0.27413992314172164 
0.28147713663328244 -0.2921648570672184 
0.28147556126633533 -0.2791307158206702 
0.2814777693649647 -0.29692610618317317 
0.2814808844689911 -0.30440796319856184 
0.2814824904144551 -0.3177032235624522 
0.281483261856658 -0.3199067619236995 
0.281483261856658 -0.3199067619236995 
0.28148283108987643 -0.3004542801991893 
0.28148389143987945 -0.3020666150362918 
0.2814914647913222 -0.2887978895363665 
0.28149959829976007 -0.2990593900428989 
0.28149921945630085 -0.2994790550265619 
0.28149793532812106 -0.3141803491878005 
0.28149793532812106 -0.3141803491878005 
0.28149856353530744 -0.31531563719654826 
0.28149856353530744 -0.31531563719654826 
0.28149856353530744 -0.31531563719654826 
0.28149856353530744 -0.31531563719654826 
0.28149856353530744 -0.31531563719654826 
0.28149856353530744 -0.31531563719654826 
0.28149908771414706 -0.31501952276321865 
0.28149908771414706 -0.31501952276321865 
0.2814989396019158 -0.31186889439820265 
0.2814989396019158 -0.31186889439820265 
0.2814989396019158 -0.31186889439820265 
0.2814989396019158 -0.31186889439820265 
0.2814989396019158 -0.31186889439820265 
0.2814985112440353 -0.2975701070615089 
0.2814985112440353 -0.2975701070615089 
0.2814985914774076 -0.28901735753898894 
0.2814989625450919 -0.2882552626188436 
0.2814989625450919 -0.2882552626188436 
0.28149900790559274 -0.28774260904806126 
0.2814988908790958 -0.28774496560309665 
0.2814988908790958 -0.28774496560309665 
0.2814988908790958 -0.28774496560309665 
0.2814974975945823 -0.2918660515124785 
0.28149831425344635 -0.29270889401436534 
0.2814986320877733 -0.29090759897824137 
0.2814986545018928 -0.29150105242135316 
0.28149907710511435 -0.2949338531442381 
0.28149907710511435 -0.2949338531442381 
0.28149907710511435 -0.2949338531442381 
0.28149907710511435 -0.2949338531442381 
0.28149907710511435 -0.2949338531442381 
0.28149904015953114 -0.295749099621165 
0.28149904015953114 -0.295749099621165 
0.28149904015953114 -0.295749099621165 
0.2814958634194627 -0.2948458379472711 
0.2814958634194627 -0.2948458379472711 
0.28148883151681664 -0.28965187004501414 
0.2814860173634601 -0.28330035184458013 
0.281485446337212 -0.2789199810491085 
0.28147856554215595 -0.29096167970056447 
0.2814830231829198 -0.2878765173379227 
0.2814792311767633 -0.2921866974231496 
0.2814736014938865 -0.2740261378095844 
0.2814752825927156 -0.2759781895025397 
0.2814795487892685 -0.29923917174359677 
0.2814807454275169 -0.30140538446976617 
0.2814711297636887 -0.2798003275711967 
0.28147207642027416 -0.27860149855935146 
0.2814733667724191 -0.2822726165682885 
0.28146798665360306 -0.27304985380551317 
0.2814709138217971 -0.2718569025601129 
0.2814709138217971 -0.2718569025601129 
0.2814709138217971 -0.2718569025601129 
0.2814679745905225 -0.2685545922556329 
0.2814520150284909 -0.26537697775427643 
0.2814520150284909 -0.26537697775427643 
0.2814520150284909 -0.26537697775427643 
0.2814613105207341 -0.2695052997536899 
0.2814749411175592 -0.3164923550091085 
0.2814749411175592 -0.3164923550091085 
0.28147782305608143 -0.30802861403685405 
0.2814772404897699 -0.3047507767935659 
0.2814730508640304 -0.3087028401952608 
0.28147527231706143 -0.2902631923863132 
0.28146593544357346 -0.28065789571022737 
0.28147399919081545 -0.28319214273753696 
0.2814737469654368 -0.2823813192352447 
0.2814737469654368 -0.2823813192352447 
0.2814862530213291 -0.31277493447112187 
0.281489104363637 -0.29369810864613494 
0.2814945270731628 -0.2864602940289201 
0.2814953152807088 -0.27707864446132957 
0.2814951597884499 -0.2770383373398224 
0.2814951597884499 -0.2770383373398224 
0.28149672916363216 -0.27584194143504787 
0.28149672916363216 -0.27584194143504787 
0.2814964093089056 -0.27996296262926795 
0.2814964093089056 -0.27996296262926795 
0.2814953205608797 -0.2937104978693486 
0.2814953205608797 -0.2937104978693486 
0.2814953205608797 -0.2937104978693486 
0.2814953205608797 -0.2937104978693486 
0.28149615176868237 -0.2948702447386283 
0.28149650941376014 -0.2950779909263861 
0.28149650941376014 -0.2950779909263861 
0.28149656975545784 -0.3057735481345795 
0.28149662587147284 -0.3056360200761368 
0.28149662587147284 -0.3056360200761368 
0.28149646294124114 -0.3042550415144054 
0.28149139504059706 -0.2936477032987833 
0.28149139504059706 -0.2936477032987833 
0.28147978954437586 -0.3008702000830354 
0.28147488380156666 -0.2943361039739618 
0.28147736777762317 -0.2937048779553242 
0.2814751334669444 -0.2975802600302868 
0.2814640078249613 -0.2944055363973479 
0.28146747611453604 -0.296809906272522 
0.28146747611453604 -0.296809906272522 
0.2814502111687433 -0.2933688062282709 
0.2814516083268176 -0.2945822811907538 
0.28146594855458756 -0.2869361906277143 
0.28146272431645836 -0.2706827387432805 
0.2814556376186646 -0.270626602568918 
0.2814556376186646 -0.270626602568918 
0.2814565604272389 -0.2715612158408126 
0.2814269406914986 -0.2745672448259001 
0.2814599452329037 -0.2898605285478384 
0.2814601252612845 -0.29069525411463715 
0.2814601252612845 -0.29069525411463715 
0.2814601252612845 -0.29069525411463715 
0.28146224593032027 -0.29236479052518277 
0.28145173279430824 -0.2705881196466922 
0.2814394070159544 -0.26626192327559794 
0.28143497338097373 -0.26170950393320724 
0.28143497338097373 -0.26170950393320724 
0.28143497338097373 -0.26170950393320724 
0.2814446760472342 -0.27512357060865017 
0.2814446760472342 -0.27512357060865017 
0.2814446760472342 -0.27512357060865017 
0.2814278423493434 -0.2768462651507628 
0.281447123881978 -0.2992921787350176 
0.2814541663076163 -0.30858855405156915 
0.2814541663076163 -0.30858855405156915 
0.2814519720087434 -0.31047966171278096 
0.28141300008606757 -0.2663970288158761 
0.28141463881995016 -0.267082194762426 
0.28141463881995016 -0.267082194762426 
0.2814465506168485 -0.2881417439017845 
0.2814456736391383 -0.28553026179835334 
0.281445412542122 -0.2851566954821476 
0.2814582018952856 -0.28179621174167785 
0.28144845795768947 -0.277559516751304 
0.2814659765025035 -0.29188684795713304 
0.2814619015242007 -0.2845359079342046 
0.2814619015242007 -0.2845359079342046 
0.28146588950070317 -0.28596760374140484 
0.28146302799595635 -0.2832251162167587 
0.28146302799595635 -0.2832251162167587 
0.2814631857323104 -0.2831974521732406 
0.2814616743831974 -0.284080492299537 
0.2814616743831974 -0.284080492299537 
0.28146245687188176 -0.2814875793519912 
0.2814516820272588 -0.2732233613381382 
0.2814563654197242 -0.27598641493383896 
0.2814400929864831 -0.26729856149267084 
0.2814372311719109 -0.2645865159983699 
0.2814372311719109 -0.2645865159983699 
0.2814372311719109 -0.2645865159983699 
0.2814433072476687 -0.2641787543607365 
0.2814433072476687 -0.2641787543607365 
0.2814433072476687 -0.2641787543607365 
0.2814429182310382 -0.2721957565774397 
0.2814414227652461 -0.2725730105995468 
0.2814456292293172 -0.2733259090623341 
0.2814456292293172 -0.2733259090623341 
0.2814456292293172 -0.2733259090623341 
0.28145564536863876 -0.29123429848596893 
0.28145458946381513 -0.28818306080872935 
0.28145579416194033 -0.2890080544197797 
0.2814465399330958 -0.281832192675813 
0.2814464074264973 -0.28183081383009195 
0.2814403401083783 -0.2814546425492151 
0.2814403401083783 -0.2814546425492151 
0.2814403401083783 -0.2814546425492151 
0.28145698237901784 -0.28294191737059626 
0.2814490603533624 -0.26894797400856946 
0.2814490603533624 -0.26894797400856946 
0.28146808649937294 -0.3004633822605017 
0.28146838381380307 -0.30200260641978627 
0.28146838381380307 -0.30200260641978627 
0.28145630171986685 -0.313066410475514 
0.2814569527872495 -0.3122631093181547 
0.28145387524578896 -0.3013168031891133 
0.28145387524578896 -0.3013168031891133 
0.28145387524578896 -0.3013168031891133 
0.28145387524578896 -0.3013168031891133 
0.2814225740672906 -0.3079718648891283 
0.2814164219717731 -0.30500611226093366 
0.28143999375659134 -0.3054503295131891 
0.2814308367705599 -0.3041067495739387 
0.2814308367705599 -0.3041067495739387 
0.2814308367705599 -0.3041067495739387 
0.28142093008358027 -0.3006080507045027 
0.28142093008358027 -0.3006080507045027 
0.2814101889290255 -0.3014124907410508 
0.281450904267513 -0.3028276867367839 
0.2814496518326897 -0.30180839769423307 
0.28145169056738467 -0.3016115719149973 
0.28145169056738467 -0.3016115719149973 
0.28142838661727404 -0.27144199739336045 
0.2814441404104818 -0.26859373406169684 
0.2814441404104818 -0.26859373406169684 
0.28144412058176327 -0.26857562069627494 
0.28144654856802725 -0.2693085275485443 
0.2814636395994614 -0.280867890352529 
0.28146088097050115 -0.28865784576550263 
0.28146088097050115 -0.28865784576550263 
0.2814465534194978 -0.2677608200740028 
0.2814532110693671 -0.2817271112304527 
0.2814532110693671 -0.2817271112304527 
0.28146827392634144 -0.2900960484853103 
0.28146664945479816 -0.2895741446748517 
0.2814770357829413 -0.2931346384680209 
0.2814765180516496 -0.29357129861813164 
0.2814826763666548 -0.29596959772237585 
0.2814789203224241 -0.2778561330428956 
0.2814789203224241 -0.2778561330428956 
0.28148580102893245 -0.28350151748489666 
0.2814853869082211 -0.28472849657336075 
0.2814793838379096 -0.2907264742374402 
0.2814806254779792 -0.28866501497965996 
0.2814964525117355 -0.2852126027451222 
0.2814824918160235 -0.3041549913882764 
0.281474548007484 -0.2825519811451381 
0.2814800145867058 -0.28537235376740405 
0.2814736917025858 -0.2936578974545432 
0.28147945425803594 -0.27725374326007685 
0.2814785673011735 -0.27219097710186685 
0.2814785673011735 -0.27219097710186685 
0.2814763582522893 -0.2606374709527604 
0.2814763582522893 -0.2606374709527604 
0.2814763582522893 -0.2606374709527604 
0.2814763582522893 -0.2606374709527604 
0.2814764459632332 -0.26118673657283714 
0.2814764459632332 -0.26118673657283714 
0.2814764459632332 -0.26118673657283714 
0.28147627717345214 -0.2611983191135146 
0.28147627717345214 -0.2611983191135146 
0.28147627717345214 -0.2611983191135146 
0.28147627717345214 -0.2611983191135146 
0.2814862056194175 -0.28978501257405387 
0.28149556849065716 -0.2624457553281861 
0.28149556849065716 -0.2624457553281861 
0.28149556849065716 -0.2624457553281861 
0.28149556849065716 -0.2624457553281861 
0.2814942367026318 -0.2698083011169583 
0.28149215101895697 -0.26941231205383354 
0.2814929004774552 -0.29008551058176435 
0.2814929004774552 -0.29008551058176435 
0.2814961610260542 -0.2885806238827873 
0.2814961610260542 -0.2885806238827873 
0.2814963843248367 -0.29729495954969926 
0.28149698221153774 -0.2932524573889602 
0.28149698221153774 -0.2932524573889602 
0.28148224799343374 -0.2964788851869262 
0.28148224799343374 -0.2964788851869262 
0.28148521724702563 -0.29230871115429724 
0.28148521724702563 -0.29230871115429724 
0.28148704763505616 -0.2886727289303207 
0.28148704763505616 -0.2886727289303207 
0.28149203054701655 -0.28447249248567663 
0.28149203054701655 -0.28447249248567663 
0.28149203054701655 -0.28447249248567663 
0.28149203054701655 -0.28447249248567663 
0.28149203054701655 -0.28447249248567663 
0.28149327800714286 -0.2845766634323483 
0.28149146788328705 -0.2784011219834129 
0.28149146788328705 -0.2784011219834129 
0.28149146788328705 -0.2784011219834129 
0.28149194440425 -0.2812043020710086 
0.28149194440425 -0.2812043020710086 
0.2814927842161519 -0.280243086166922 
0.2814927842161519 -0.280243086166922 
0.2814922742791521 -0.2823082070914988 
0.2814922742791521 -0.2823082070914988 
0.2814903740626659 -0.2781344196474287 
0.2814934497003601 -0.2824369214207294 
0.2814958620002454 -0.2746824383720739 
0.2814957793267297 -0.27486491211940306 
0.2814957793267297 -0.27486491211940306 
0.2814951066397086 -0.2717714654086056 
0.2814943700386006 -0.2778564227554849 
0.2814938645353101 -0.2761618591073736 
0.28149060784398044 -0.2777092970284895 
0.28149060784398044 -0.2777092970284895 
0.2814936267840976 -0.2803440947570685 
0.2814961991427336 -0.26614442741225924 
0.2814961991427336 -0.26614442741225924 
0.2814887504447446 -0.27776536712921485 
0.2814883534957103 -0.2758253611266543 
0.2814883534957103 -0.2758253611266543 
0.2814883534957103 -0.2758253611266543 
0.2814883534957103 -0.2758253611266543 
0.2814768186393745 -0.27095092786530567 
0.2814768186393745 -0.27095092786530567 
0.2814768186393745 -0.27095092786530567 
0.2814792595344407 -0.2696242292571426 
0.2814740842773048 -0.26803412653086034 
0.281480194422505 -0.2663545532109105 
0.2814700065605324 -0.3110340158359417 
0.28146421490735396 -0.31235602547924324 
0.28147060796746065 -0.31844939441334463 
0.2814586152746956 -0.3551443344953822 
0.2814601439212267 -0.35431447082370465 
0.2814601439212267 -0.35431447082370465 
0.2814601439212267 -0.35431447082370465 
0.2814556089027789 -0.3508208740348072 
0.2814538971846494 -0.3720043127143113 
0.2814538971846494 -0.3720043127143113 
0.2814538971846494 -0.3720043127143113 
0.2814538971846494 -0.3720043127143113 
0.28146246207778947 -0.35765511193811317 
0.28146246207778947 -0.35765511193811317 
0.2814561654684111 -0.3750337028290561 
0.2814561654684111 -0.3750337028290561 
0.28146737023176055 -0.366714330620667 
0.281471541834812 -0.35515524567615425 
0.2814714184068789 -0.36841175605427495 
0.2814714184068789 -0.36841175605427495 
0.2814815640699848 -0.3474216999617623 
0.2814815640699848 -0.3474216999617623 
0.28147965917188733 -0.34765512272810184 
0.28147965917188733 -0.34765512272810184 
0.2814773364554177 -0.3562573641657019 
0.28147065650172703 -0.35070818169237733 
0.2814711472559564 -0.3501646015687403 
0.28146254745621535 -0.34162780350850314 
0.28146370665689746 -0.33963535234226816 
0.2814713038155854 -0.33309300076803083 
0.28147816806836673 -0.36468493258622275 
0.281477922054674 -0.35655439684361157 
0.2814818775641721 -0.360079587720557 
0.28148235793564497 -0.35651251528973743 
0.28147997654337537 -0.32043130417547944 
0.28147433730809995 -0.30911315450098903 
0.2814745189256761 -0.30954743549254615 
0.28146406122539264 -0.33263060053772575 
0.2814683449800084 -0.31631162170354155 
0.28147343925667656 -0.3169205968675514 
0.281457961737354 -0.31738334987412375 
0.281457961737354 -0.31738334987412375 
0.2814598758904297 -0.3068828064300797 
0.2814785748452387 -0.28980753414897586 
0.2814830405018706 -0.290637414176791 
0.2814880000295465 -0.3126881565559938 
0.28148741213052036 -0.315528592356911 
0.2814894723218169 -0.3136100427229335 
0.28148613924380994 -0.3152621656054086 
0.2814865585297014 -0.3060436649381134 
0.2814866891460935 -0.30453320087714275 
0.2814866891460935 -0.30453320087714275 
0.2814846316923852 -0.3024795834643132 
0.28147008209918356 -0.2642454639052696 
0.2814801639496134 -0.28764625491359985 
0.281475964190433 -0.26565588372224164 
0.281475964190433 -0.26565588372224164 
0.2814776834095012 -0.266023268946771 
0.2814776834095012 -0.266023268946771 
0.2814772882919766 -0.2656425477088825 
0.28147162866578157 -0.2630133111993774 
0.281479069565731 -0.2633619882861845 
0.281479069565731 -0.2633619882861845 
0.28148563227227635 -0.2664355864459964 
0.28148128198738137 -0.26414935376508397 
0.28148295905642107 -0.2714330529152846 
0.28148295905642107 -0.2714330529152846 
0.2814820181080214 -0.26658713262724265 
0.2814792149989076 -0.26702571753672616 
0.28148673724421336 -0.2959711737855415 
0.28148680148331384 -0.29779568537692 
0.28148712578069024 -0.29833936739941047 
0.28148413902371666 -0.2876185901404575 
0.2814888246707029 -0.2772424560116754 
0.2814811843092685 -0.2739907928684361 
0.2814811843092685 -0.2739907928684361 
0.2814811843092685 -0.2739907928684361 
0.2814811843092685 -0.2739907928684361 
0.2814811843092685 -0.2739907928684361 
0.2814811843092685 -0.2739907928684361 
0.281483258207854 -0.2758068071181425 
0.2814747228558022 -0.2648755943397057 
0.2814747228558022 -0.2648755943397057 
0.28147801081546436 -0.27263545296383673 
0.281475068347882 -0.2717005165965697 
0.281475068347882 -0.2717005165965697 
0.28148154822301746 -0.3256076762759539 
0.2814795931928966 -0.34147643021437973 
0.2814823542812455 -0.335459657340197 
0.28148601980200194 -0.3456613835156474 
0.2814870281385677 -0.3362172865291999 
0.2814879389965996 -0.3424677968950161 
0.2814869738368734 -0.3505080395849793 
0.2814869738368734 -0.3505080395849793 
0.2814869738368734 -0.3505080395849793 
0.28148682182213297 -0.3563885682550816 
0.28148608426438504 -0.37157905852488327 
0.28148608426438504 -0.37157905852488327 
0.28148608426438504 -0.37157905852488327 
0.28148608426438504 -0.37157905852488327 
0.281484674593331 -0.36396659464283443 
0.281484674593331 -0.36396659464283443 
0.28148575581361496 -0.35085228525384127 
0.28148575581361496 -0.35085228525384127 
0.2814878922300822 -0.3597281690751907 
0.28148926207180264 -0.359446646328492 
0.2814893349600794 -0.3676414205255041 
0.2814893349600794 -0.3676414205255041 
0.2814906151734465 -0.3713325892720284 
0.2814906151734465 -0.3713325892720284 
0.2814906151734465 -0.3713325892720284 
0.2814906151734465 -0.3713325892720284 
0.2814906151734465 -0.3713325892720284 
0.2814906151734465 -0.3713325892720284 
0.2814906151734465 -0.3713325892720284 
0.2814907610876503 -0.37288173658639057 
0.2814907610876503 -0.37288173658639057 
0.2814873409616678 -0.36887117191985236 
0.2814873409616678 -0.36887117191985236 
0.2814873409616678 -0.36887117191985236 
0.2814867212869589 -0.37213391413839936 
0.28148756818665027 -0.36173672726886524 
0.28148756818665027 -0.36173672726886524 
0.2814885214893216 -0.36255995246972217 
0.2814767335048623 -0.3446330558216458 
0.2814850479925682 -0.3145997368640998 
0.2814850479925682 -0.3145997368640998 
0.2814850479925682 -0.3145997368640998 
0.2814782559738792 -0.3347891322735317 
0.2814782559738792 -0.3347891322735317 
0.28147317547674805 -0.33281594033874695 
0.28145317045375734 -0.3690000923763403 
0.28145317045375734 -0.3690000923763403 
0.2814534998885075 -0.3683206799923088 
0.2814534998885075 -0.3683206799923088 
0.2814534998885075 -0.3683206799923088 
0.28146042279650446 -0.3420674714527528 
0.2814542694760083 -0.3345025790836299 
0.2814542694760083 -0.3345025790836299 
0.2814542694760083 -0.3345025790836299 
0.28145409603067384 -0.33462034223138826 
0.28145166170508557 -0.3372078869685594 
0.28145166170508557 -0.3372078869685594 
0.2814538668482489 -0.335150280615482 
0.2814538668482489 -0.335150280615482 
0.28144538991184515 -0.33899742605744393 
0.2814491909302385 -0.33948033909219577 
0.2814613162025045 -0.33078961881679286 
0.2814546778932016 -0.32692853041680436 
0.28145739532876973 -0.32426373867626007 
0.28145739532876973 -0.32426373867626007 
0.2814609961265373 -0.3189539741939995 
0.2814652193192684 -0.3218932575091524 
0.2814645382354168 -0.3256906225496351 
0.28146667035839457 -0.3408893917510937 
0.2814637702717841 -0.34542649823637883 
0.28147415064794407 -0.3228475521884402 
0.28147415064794407 -0.3228475521884402 
0.28147383261726494 -0.3316624993918898 
0.28147107379766445 -0.3313098620290151 
0.28147531651859653 -0.32724733522260563 
0.2814746999531087 -0.32276681880599456 
0.28147825650033087 -0.3341959513792904 
0.28146912158571435 -0.323304536535467 
0.28146912158571435 -0.323304536535467 
0.28146737866639526 -0.3270920756746541 
0.281458606173201 -0.3137882407782556 
0.2814298292338922 -0.351176609684984 
0.2814298292338922 -0.351176609684984 
0.28144295377345935 -0.36402338781130034 
0.281462319864575 -0.3199546905135566 
0.28147782435830754 -0.33552453583933034 
0.28147782435830754 -0.33552453583933034 
0.2814681815024847 -0.3176303511208412 
0.28146117665147385 -0.32960796787411 
0.2814606569886805 -0.3299099164078755 
0.2814606569886805 -0.3299099164078755 
0.28144184823465995 -0.31398586729553013 
0.28146414435005196 -0.3014444282083044 
0.28144828485593526 -0.30565711828414266 
0.28144828485593526 -0.30565711828414266 
0.28144587215646 -0.3075905244043984 
0.28146435585138707 -0.33801193363785825 
0.2814747233733539 -0.3125688754437414 
0.2814747233733539 -0.3125688754437414 
0.2814747233733539 -0.3125688754437414 
0.2814774714075477 -0.3074981177003435 
0.2814774714075477 -0.3074981177003435 
0.2814774714075477 -0.3074981177003435 
0.28147732039407697 -0.30627302402029477 
0.28147804684014865 -0.3048356951689568 
0.2814940661798807 -0.3154674986033837 
0.2814940661798807 -0.3154674986033837 
0.2814940661798807 -0.3154674986033837 
0.2814965986850456 -0.31316568675409895 
0.28149654124016416 -0.31382890965814886 
0.28149654124016416 -0.31382890965814886 
0.28149654124016416 -0.31382890965814886 
0.28149654124016416 -0.31382890965814886 
0.2814937741394156 -0.3232382816425388 
0.28149242102309757 -0.3209491854803107 
0.28149308417838215 -0.31681724678295 
0.28149308417838215 -0.31681724678295 
0.28149363226995594 -0.3148402500738767 
0.28149363226995594 -0.3148402500738767 
0.2814898649213248 -0.262327026180563 
0.2814898649213248 -0.262327026180563 
0.2814898649213248 -0.262327026180563 
0.28148862720862217 -0.2625402332410055 
0.28148862720862217 -0.2625402332410055 
0.28149462254914653 -0.26274401635455796 
0.28149462254914653 -0.26274401635455796 
0.28149462254914653 -0.26274401635455796 
0.28149462254914653 -0.26274401635455796 
0.28149462254914653 -0.26274401635455796 
0.28149462254914653 -0.26274401635455796 
0.28149462254914653 -0.26274401635455796 
0.28149462254914653 -0.26274401635455796 
0.28149023474759466 -0.2630713735231919 
0.2814925473922775 -0.2780423514083172 
0.28149280372480207 -0.27634507114503143 
0.28149446138081946 -0.27340435218795145 
0.281493337852668 -0.2762037404763144 
0.281493337852668 -0.2762037404763144 
0.28149176065578324 -0.2641304413938722 
0.28149176065578324 -0.2641304413938722 
0.28149176065578324 -0.2641304413938722 
0.28148977788791774 -0.2679741097158508 
0.28149175430927914 -0.26769446995398777 
0.28149175430927914 -0.26769446995398777 
0.28149175430927914 -0.26769446995398777 
0.28149175430927914 -0.26769446995398777 
0.28149784687567375 -0.267918553383136 
0.28149784687567375 -0.267918553383136 
0.2814950737003613 -0.27646681136944434 
0.2814950737003613 -0.27646681136944434 
0.2814950737003613 -0.27646681136944434 
0.2814950737003613 -0.27646681136944434 
0.28149495929677365 -0.2766699146080078 
0.28149495929677365 -0.2766699146080078 
0.28149495929677365 -0.2766699146080078 
0.28149857185445626 -0.26494219904726546 
0.28149857185445626 -0.26494219904726546 
0.28149857185445626 -0.26494219904726546 
0.28149857185445626 -0.26494219904726546 
0.28149857185445626 -0.26494219904726546 
0.28149857185445626 -0.26494219904726546 
0.28149857185445626 -0.26494219904726546 
0.28149857185445626 -0.26494219904726546 
0.28149857185445626 -0.26494219904726546 
0.28149857185445626 -0.26494219904726546 
0.28149857185445626 -0.26494219904726546 
0.28149857185445626 -0.26494219904726546 
0.28149857185445626 -0.26494219904726546 
0.28149857185445626 -0.26494219904726546 
0.28149857185445626 -0.26494219904726546 
0.2814976562269709 -0.27118983472521574 
0.28149761087520003 -0.2715112843188087 
0.28149761087520003 -0.2715112843188087 
0.2814975528404466 -0.27540597795165594 
0.28149438742482447 -0.27856866617609494 
0.28148530991817644 -0.2813582480653573 
0.2814851894499339 -0.28212761331410746 
0.2814851894499339 -0.28212761331410746 
0.2814840797277342 -0.2789168543266999 
0.2814872643300142 -0.26687038520916906 
0.2814894959484309 -0.2823093135679777 
0.2814963794512862 -0.2925702752128459 
0.28149984449736387 -0.28544126457785146 
0.28149984449736387 -0.28544126457785146 
0.28149984449736387 -0.28544126457785146 
0.28149984449736387 -0.28544126457785146 
0.28149984449736387 -0.28544126457785146 
0.28149984449736387 -0.28544126457785146 
0.28149984449736387 -0.28544126457785146 
0.28149984449736387 -0.28544126457785146 
0.28149984449736387 -0.28544126457785146 
0.28149984449736387 -0.28544126457785146 
0.28149984449736387 -0.28544126457785146 
0.2814979172961723 -0.28456406310074384 
0.2814979172961723 -0.28456406310074384 
0.28149810628412525 -0.3152427225549209 
0.28148988397007496 -0.2945632092431574 
0.2814927561939375 -0.28356936429225066 
0.28148985761695106 -0.29008614329949717 
0.28148667703110286 -0.2870760841119431 
0.28148667703110286 -0.2870760841119431 
