0.1031977072297536 -0.31193377003211054 
0.1031977072297536 -0.31193377003211054 
0.1036288106601372 -0.29785036669234677 
0.18580707809899133 -0.322335564705553 
0.18580707809899133 -0.322335564705553 
0.18580707809899133 -0.322335564705553 
0.18580707809899133 -0.322335564705553 
0.18580707809899133 -0.322335564705553 
0.21689231838893852 -0.3072609117181091 
0.22033080987154025 -0.3080181384263816 
0.22033080987154025 -0.3080181384263816 
0.22033080987154025 -0.3080181384263816 
0.22033080987154025 -0.3080181384263816 
0.22033080987154025 -0.3080181384263816 
0.23184078964375712 -0.3031365842316831 
0.23184078964375712 -0.3031365842316831 
0.2375569270860043 -0.2853410798188689 
0.2375569270860043 -0.2853410798188689 
0.24359847519194175 -0.3067126187703849 
0.24359847519194175 -0.3067126187703849 
0.25596663771828987 -0.3064097124161219 
0.25596663771828987 -0.3064097124161219 
0.25596663771828987 -0.3064097124161219 
0.25596663771828987 -0.3064097124161219 
0.25866528506682374 -0.3076718044367976 
0.25866528506682374 -0.3076718044367976 
0.25876173528305324 -0.30870726247564817 
0.2630239873111742 -0.32305867810354955 
0.2635157173016174 -0.32318769464952846 
0.2635157173016174 -0.32318769464952846 
0.2644557992230962 -0.31522398493186354 
0.2663856325741264 -0.3126353450491301 
0.2704563218114171 -0.3112716361320051 
0.2704563218114171 -0.3112716361320051 
0.2704563218114171 -0.3112716361320051 
0.2720350028303327 -0.32139350867500566 
0.2720350028303327 -0.32139350867500566 
0.2723128819107958 -0.31910673658191346 
0.2723128819107958 -0.31910673658191346 
0.2723128819107958 -0.31910673658191346 
0.2723128819107958 -0.31910673658191346 
0.2736722445561627 -0.32520582686756333 
0.27422883600408726 -0.3291126438561026 
0.2744690188632531 -0.33268555777174014 
0.2744690188632531 -0.33268555777174014 
0.2744690188632531 -0.33268555777174014 
0.27462817560822345 -0.3322189626385917 
0.27462817560822345 -0.3322189626385917 
0.27462817560822345 -0.3322189626385917 
0.27462817560822345 -0.3322189626385917 
0.27506239754949197 -0.33366838926487197 
0.27506239754949197 -0.33366838926487197 
0.27506239754949197 -0.33366838926487197 
0.27506239754949197 -0.33366838926487197 
0.2775383802474206 -0.34203743970630013 
0.2775383802474206 -0.34203743970630013 
0.277583300159313 -0.3420024568474479 
0.2782910710209925 -0.3401435128267146 
0.2782910710209925 -0.3401435128267146 
0.27895672672903643 -0.3369220862031233 
0.27895672672903643 -0.3369220862031233 
0.27931673038586113 -0.32208097168008165 
0.2797434705036883 -0.3111844063509861 
0.2797434705036883 -0.3111844063509861 
0.2797434705036883 -0.3111844063509861 
0.2797434705036883 -0.3111844063509861 
0.2797434705036883 -0.3111844063509861 
0.2797434705036883 -0.3111844063509861 
0.2797434705036883 -0.3111844063509861 
0.28048343219853167 -0.3103277917734039 
0.28075574388816493 -0.3089218067363886 
0.28075574388816493 -0.3089218067363886 
0.28075574388816493 -0.3089218067363886 
0.28075574388816493 -0.3089218067363886 
0.28082976271812776 -0.31372438351909865 
0.28082976271812776 -0.31372438351909865 
0.2810028573619792 -0.31445393139106337 
0.2810028573619792 -0.31445393139106337 
0.2810028573619792 -0.31445393139106337 
0.2810028573619792 -0.31445393139106337 
0.2810028573619792 -0.31445393139106337 
0.2810028573619792 -0.31445393139106337 
0.2810028573619792 -0.31445393139106337 
0.2810028573619792 -0.31445393139106337 
0.2810193304137019 -0.3114978338939936 
0.2810193304137019 -0.3114978338939936 
0.28123428646546117 -0.3098972969695595 
0.2812133130630886 -0.30635635157866653 
0.28123326521940856 -0.30498664181174523 
0.28123326521940856 -0.30498664181174523 
0.28123326521940856 -0.30498664181174523 
0.28123326521940856 -0.30498664181174523 
0.28123326521940856 -0.30498664181174523 
0.28123326521940856 -0.30498664181174523 
0.28123326521940856 -0.30498664181174523 
0.28123326521940856 -0.30498664181174523 
0.28123607463890343 -0.3055345991143415 
0.28123607463890343 -0.3055345991143415 
0.28123607463890343 -0.3055345991143415 
0.2812733965333692 -0.3083085289757396 
0.2812731468654788 -0.3083600109508757 
0.2812731468654788 -0.3083600109508757 
0.2812731468654788 -0.3083600109508757 
0.28135650863604444 -0.3333261621285022 
0.28138622447211825 -0.31909598583133564 
0.2813903453160898 -0.320921848537508 
0.2813934969108868 -0.3194479893454614 
0.2813934969108868 -0.3194479893454614 
0.2813933165370487 -0.31939252760720965 
0.2814382395067165 -0.2936192892587203 
0.28142870746710824 -0.2708576322137929 
0.28142870746710824 -0.2708576322137929 
0.2814384697979318 -0.2792958044662481 
0.28143410420159215 -0.28032784257556964 
0.2813813101772235 -0.28977207659384857 
0.2813813101772235 -0.28977207659384857 
0.28138363584679893 -0.2903271772673088 
0.28140563362073595 -0.29816025129320134 
0.28140563362073595 -0.29816025129320134 
0.28140563362073595 -0.29816025129320134 
0.281426229953669 -0.29073537375644176 
0.28141847939170217 -0.2945316820929556 
0.28141847939170217 -0.2945316820929556 
0.28141847939170217 -0.2945316820929556 
0.281440536206965 -0.282249880657363 
0.281440536206965 -0.282249880657363 
0.281440536206965 -0.282249880657363 
0.281440536206965 -0.282249880657363 
0.2814648091629644 -0.29645861274989316 
0.2814775751781097 -0.29957521975818097 
0.28147037819647835 -0.29854200599666886 
0.28147076168263374 -0.2993201253023029 
0.28147631927068706 -0.2946533708362159 
0.28147631927068706 -0.2946533708362159 
0.28147065156862283 -0.277057199089195 
0.2814661331931318 -0.2624341727638789 
0.2814661331931318 -0.2624341727638789 
0.2814693504700766 -0.2654345272274086 
0.2814689776659604 -0.2624613426839293 
0.2814689776659604 -0.2624613426839293 
0.2814689776659604 -0.2624613426839293 
0.28146877660879605 -0.26189856179591664 
0.2814690833143834 -0.26255273399250895 
0.28146902517489836 -0.2619257504785655 
0.28146902517489836 -0.2619257504785655 
0.28146902517489836 -0.2619257504785655 
0.28146902517489836 -0.2619257504785655 
0.28146902517489836 -0.2619257504785655 
0.28148148570678977 -0.29626808252891473 
0.2814846291807697 -0.2668514806090797 
0.281487572107242 -0.2767781979379989 
0.281487572107242 -0.2767781979379989 
0.28149123271583965 -0.26490475846941236 
0.28149123271583965 -0.26490475846941236 
0.2814921824335498 -0.2649350023733079 
0.2814921824335498 -0.2649350023733079 
0.2814921824335498 -0.2649350023733079 
0.2814922155606331 -0.2856423100509443 
0.2814922046948761 -0.2854758146059713 
0.2814922046948761 -0.2854758146059713 
0.2814950800829445 -0.27371716355622205 
0.2814950800829445 -0.27371716355622205 
0.2814947419066471 -0.27891320077985005 
0.28149272572023104 -0.2774686171783571 
0.2814955976458942 -0.28468385945660524 
0.2814955976458942 -0.28468385945660524 
0.28148557086844134 -0.29883516603579374 
0.2814881993061239 -0.3001309322159146 
0.28148411263489564 -0.2985280262021615 
0.28148076266545335 -0.29487739323948675 
0.2814801686756219 -0.29390225400783915 
0.2814764400499717 -0.2923890610012518 
0.2814768207129355 -0.2926907992183547 
0.28147488863232567 -0.29589184366564436 
0.28147488863232567 -0.29589184366564436 
0.2814751770268399 -0.29848707310885686 
0.28147705749208435 -0.2922166673000382 
0.2814796351161633 -0.290052735531764 
0.2814836734483599 -0.3056249059295187 
0.2814809505118295 -0.29753994119854993 
0.2814782971408232 -0.29845961590688236 
0.2814738056216431 -0.32022738233370285 
0.28146175713675986 -0.3348925634705836 
0.28144435937174656 -0.3721156477880104 
0.281443839941295 -0.3725042258011711 
0.28145460208442646 -0.3423934444517883 
0.28143116905035814 -0.3644519837765201 
0.28142740576035313 -0.3704203055239098 
0.28142740576035313 -0.3704203055239098 
0.28142740576035313 -0.3704203055239098 
0.2814317626494351 -0.344221539965179 
0.2814317626494351 -0.344221539965179 
0.2814235041301776 -0.3532424137705881 
0.2814264986884172 -0.3454398923810028 
0.2814264986884172 -0.3454398923810028 
0.2814264986884172 -0.3454398923810028 
0.28144052437159117 -0.3217535850281701 
0.28145786739590106 -0.33574194368957533 
0.28144123688610406 -0.3793354019976312 
0.28144123688610406 -0.3793354019976312 
0.28144123688610406 -0.3793354019976312 
0.2814427242224014 -0.37826925466644606 
0.2814427242224014 -0.37826925466644606 
0.2814427242224014 -0.37826925466644606 
0.2814597962547167 -0.36262972367114804 
0.28146652540800654 -0.35695156673881 
0.2814692588561209 -0.35038603728909645 
0.2814692588561209 -0.35038603728909645 
0.2814692588561209 -0.35038603728909645 
0.28147110752838334 -0.3427761592217625 
0.2814799433378661 -0.3268079518629846 
0.28148067027889634 -0.32446637448654175 
0.28148164953809407 -0.3261003188530143 
0.28148164953809407 -0.3261003188530143 
0.2814800818742886 -0.3214299814280819 
0.28146806640805055 -0.3186263458667957 
0.2814734875608486 -0.29273101114422384 
0.2814734875608486 -0.29273101114422384 
0.2814734644900956 -0.287359080981621 
0.2814743957036634 -0.2911585378406721 
0.28147157909273235 -0.29341337892829217 
0.28147157909273235 -0.29341337892829217 
0.28146891523071527 -0.28662399527944354 
0.28144831381028224 -0.28709880682492905 
0.28143361837059594 -0.29217068501601867 
0.2814621860110363 -0.30677521204470093 
0.2814600017531148 -0.30272158745085576 
0.2814600017531148 -0.30272158745085576 
0.2814596360214989 -0.30193497724151885 
0.2814656631695097 -0.3125683447010247 
0.28147986361531696 -0.3027953387712307 
0.28147563075226917 -0.2836802567960602 
0.2814831462068405 -0.27840310608718577 
0.28148462286472126 -0.2877861404812456 
0.28148984239337843 -0.28697017475593917 
0.2814905688925212 -0.28508394541308796 
0.2814905688925212 -0.28508394541308796 
0.2814848233786478 -0.27159875291392366 
0.28148472846050276 -0.27161678147212975 
0.2814853285533496 -0.2760242065311336 
0.28148409686164005 -0.2775989905103706 
0.28147829287089576 -0.2722567176004959 
0.2814848827446354 -0.27343524996632884 
0.2814861431017667 -0.2857883863557091 
0.28148745882231707 -0.2725252701954792 
0.28149261257519614 -0.26128067112612147 
0.28149261257519614 -0.26128067112612147 
0.28149261257519614 -0.26128067112612147 
0.2814930766835565 -0.2627704144300625 
0.28149319696934993 -0.2626662211989588 
0.28149319696934993 -0.2626662211989588 
0.28149319696934993 -0.2626662211989588 
0.28148747575003014 -0.2692267752430557 
0.28148524838124367 -0.27272703469679593 
0.28148678643237807 -0.30714987932521803 
0.28148678643237807 -0.30714987932521803 
0.28148478537323557 -0.29987647537814344 
0.28148112530142255 -0.3009641077753168 
0.2814849955142079 -0.2974886183345655 
0.2814849955142079 -0.2974886183345655 
0.2814855565282505 -0.311990898615197 
0.2814855565282505 -0.311990898615197 
0.2814740026823413 -0.31137229602315797 
0.28147517234451247 -0.31138188723746435 
0.28147517234451247 -0.31138188723746435 
0.2814796994709722 -0.30047646561541835 
0.28148528509110265 -0.320604529565171 
0.28148714518428214 -0.31512037090304346 
0.281481672892661 -0.32730658883911046 
0.28147499847639207 -0.35733986463777284 
0.28148046940784893 -0.36892325045363167 
0.28147973542280935 -0.3676375385107069 
0.2814767385551547 -0.3583970389208857 
0.2814818960615479 -0.3389597679503252 
0.2814912337333005 -0.3643646291985969 
0.28149582869991 -0.36211733672053975 
0.28149582869991 -0.36211733672053975 
0.28149860880781036 -0.36734684433982245 
0.2814985433418922 -0.36875928202618363 
0.2814989412562226 -0.3512685710561135 
0.2814983179564649 -0.34664118325894366 
0.2814977641868052 -0.36576813302031497 
0.2814977641868052 -0.36576813302031497 
0.2814977641868052 -0.36576813302031497 
0.2814977641868052 -0.36576813302031497 
0.2814977641868052 -0.36576813302031497 
0.2814977641868052 -0.36576813302031497 
0.2814977641868052 -0.36576813302031497 
0.2814996747967207 -0.3723617966530272 
0.28149602706080096 -0.3544922565681665 
0.28149602706080096 -0.3544922565681665 
0.28149602706080096 -0.3544922565681665 
0.28149602706080096 -0.3544922565681665 
0.28149602706080096 -0.3544922565681665 
0.28149788045074897 -0.33509800902807163 
0.28149788045074897 -0.33509800902807163 
0.2814960634533798 -0.32160881635652355 
0.2814960634533798 -0.32160881635652355 
0.28149825064302825 -0.3200621659210036 
0.28149952134659867 -0.3060421320657749 
0.2814961419836775 -0.3011852955910055 
0.2814961419836775 -0.3011852955910055 
0.2814958788950395 -0.2762081466219133 
0.2814985503932185 -0.2668904448295204 
0.2814985503932185 -0.2668904448295204 
0.2814985503932185 -0.2668904448295204 
0.2814985503932185 -0.2668904448295204 
0.2814985503932185 -0.2668904448295204 
0.2814985503932185 -0.2668904448295204 
0.281497056834894 -0.2750580240776016 
0.281497056834894 -0.2750580240776016 
0.2814979460977864 -0.2743882074832676 
0.2814979460977864 -0.2743882074832676 
0.2814979460977864 -0.2743882074832676 
0.2814979460977864 -0.2743882074832676 
0.2814979460977864 -0.2743882074832676 
0.28149904648089863 -0.2751326487955848 
0.28149904648089863 -0.2751326487955848 
0.28149375296494955 -0.29836519789853827 
0.28149515973947575 -0.2960633024348381 
0.28149515973947575 -0.2960633024348381 
0.28149515973947575 -0.2960633024348381 
0.2814991338581409 -0.29427953056073414 
0.2814991338581409 -0.29427953056073414 
0.2814991338581409 -0.29427953056073414 
0.2814991338581409 -0.29427953056073414 
0.2814991338581409 -0.29427953056073414 
0.2814939288974317 -0.28591736364610726 
0.2814939288974317 -0.28591736364610726 
0.2814939288974317 -0.28591736364610726 
0.2814939288974317 -0.28591736364610726 
0.2814939288974317 -0.28591736364610726 
0.28149351120531013 -0.29346607635319 
0.28148960541399864 -0.27357385658523337 
0.28148960541399864 -0.27357385658523337 
0.28148960541399864 -0.27357385658523337 
0.28148859010568983 -0.27513560732594305 
0.28148859010568983 -0.27513560732594305 
0.28148859010568983 -0.27513560732594305 
0.28148859010568983 -0.27513560732594305 
0.2814912149061505 -0.28263073445510556 
0.2814912149061505 -0.28263073445510556 
0.2814916926303015 -0.2788101398158669 
0.2814898526830464 -0.27782266991503224 
0.2814898526830464 -0.27782266991503224 
0.2814889429311551 -0.278319356165497 
0.2814896413079225 -0.28163102931229517 
0.2814896413079225 -0.28163102931229517 
0.28148629735267316 -0.29517357277910933 
0.28148705646642036 -0.31099943194066415 
0.2814897298532198 -0.30021707327140756 
0.28148953589459125 -0.30012389947953194 
0.28148953589459125 -0.30012389947953194 
0.28148875461369305 -0.30195193845500823 
0.28148931466216304 -0.30060398057627324 
0.281486681162411 -0.26747522110160504 
0.28148285829114655 -0.29244828790358035 
0.2814762390683437 -0.2747579558206045 
0.2814762390683437 -0.2747579558206045 
0.2814762390683437 -0.2747579558206045 
0.28146567670803885 -0.2648724119545624 
0.28146567670803885 -0.2648724119545624 
0.28147650885234415 -0.26358325075646877 
0.28147650885234415 -0.26358325075646877 
0.28147650885234415 -0.26358325075646877 
0.2814766258505635 -0.2635505317674006 
0.28148423709195114 -0.2959998309672494 
0.2814855144692549 -0.29280669547383176 
0.28148731564765483 -0.3035437875549338 
0.2814853802444808 -0.29737703140615324 
0.28147792034699853 -0.28073248556491687 
0.28149202722779093 -0.26584913167333957 
0.28149202722779093 -0.26584913167333957 
0.28149202722779093 -0.26584913167333957 
0.28149202722779093 -0.26584913167333957 
0.28149202722779093 -0.26584913167333957 
0.2814960723297015 -0.26678705435358147 
0.2814960723297015 -0.26678705435358147 
0.2814960723297015 -0.26678705435358147 
0.28149904201518133 -0.26082974501880185 
0.28149904201518133 -0.26082974501880185 
0.28149904201518133 -0.26082974501880185 
0.28149904201518133 -0.26082974501880185 
0.28149904201518133 -0.26082974501880185 
0.2814990207659439 -0.26154323582942735 
0.2814990207659439 -0.26154323582942735 
0.2814990207659439 -0.26154323582942735 
0.2814990207659439 -0.26154323582942735 
0.2814889394600751 -0.2614285140512613 
0.2814889394600751 -0.2614285140512613 
0.2814889394600751 -0.2614285140512613 
0.2814889394600751 -0.2614285140512613 
0.2814889394600751 -0.2614285140512613 
0.2814889394600751 -0.2614285140512613 
0.2814889394600751 -0.2614285140512613 
0.28148592133269074 -0.2630024574967303 
0.2814876112185877 -0.2727548639202262 
0.28148904672792996 -0.27144991841245353 
0.28148904672792996 -0.27144991841245353 
0.28148939720406585 -0.2685826505371586 
0.28148939720406585 -0.2685826505371586 
0.28148939720406585 -0.2685826505371586 
0.2814885274905879 -0.27705326182835094 
0.2814885274905879 -0.27705326182835094 
0.2814913091944943 -0.2887133964787631 
0.2814924284891335 -0.28239957034289737 
0.2814924284891335 -0.28239957034289737 
0.2814936863134063 -0.27194135991461316 
0.2814936863134063 -0.27194135991461316 
0.2814930225378986 -0.2680530863802195 
0.2814930225378986 -0.2680530863802195 
0.2814930225378986 -0.2680530863802195 
0.28149116544215336 -0.27368080826863095 
0.28148571905471886 -0.26305935343323333 
0.28148571905471886 -0.26305935343323333 
0.28148571905471886 -0.26305935343323333 
0.28148571905471886 -0.26305935343323333 
0.28148571905471886 -0.26305935343323333 
0.28148571905471886 -0.26305935343323333 
0.28148571905471886 -0.26305935343323333 
0.28148571905471886 -0.26305935343323333 
0.28148571905471886 -0.26305935343323333 
0.28148571905471886 -0.26305935343323333 
0.28148571905471886 -0.26305935343323333 
0.28148571905471886 -0.26305935343323333 
0.28148571905471886 -0.26305935343323333 
0.281480549693625 -0.2790565884904196 
0.28148067035660296 -0.28169211814078404 
0.2814796589057717 -0.2719536724496917 
0.28147648429056255 -0.26603535189333877 
0.28147648429056255 -0.26603535189333877 
0.2814765604568243 -0.26705054599766587 
0.28148725176459605 -0.2638230451909944 
0.2814913043535431 -0.26329485515487866 
0.2814913043535431 -0.26329485515487866 
0.2814913043535431 -0.26329485515487866 
0.2814913043535431 -0.26329485515487866 
0.2814913043535431 -0.26329485515487866 
0.2814984368429846 -0.26297163209269836 
0.2814984368429846 -0.26297163209269836 
0.2814984368429846 -0.26297163209269836 
0.2814984368429846 -0.26297163209269836 
0.2814984368429846 -0.26297163209269836 
0.2814984368429846 -0.26297163209269836 
0.2814984368429846 -0.26297163209269836 
0.2814984368429846 -0.26297163209269836 
0.2814984368429846 -0.26297163209269836 
0.2814984368429846 -0.26297163209269836 
0.2814984368429846 -0.26297163209269836 
0.2814984368429846 -0.26297163209269836 
0.2814984368429846 -0.26297163209269836 
0.2814984368429846 -0.26297163209269836 
0.2814984368429846 -0.26297163209269836 
0.2814984368429846 -0.26297163209269836 
0.2814984368429846 -0.26297163209269836 
0.2814984368429846 -0.26297163209269836 
0.2814984368429846 -0.26297163209269836 
0.2814984368429846 -0.26297163209269836 
0.2814984368429846 -0.26297163209269836 
0.2814984368429846 -0.26297163209269836 
0.2814969133536242 -0.2637215985849571 
0.2814969133536242 -0.2637215985849571 
0.2814969133536242 -0.2637215985849571 
0.2814969133536242 -0.2637215985849571 
0.28149180690459613 -0.2862149187367655 
0.28149180690459613 -0.2862149187367655 
0.28149089530347926 -0.2942986906303419 
0.28149089530347926 -0.2942986906303419 
0.2814903435921773 -0.2914196233651797 
0.2814903435921773 -0.2914196233651797 
0.28149440026590766 -0.2641334188569835 
0.28149440026590766 -0.2641334188569835 
0.28149440026590766 -0.2641334188569835 
0.28149384280780526 -0.2621266578327972 
0.28149384280780526 -0.2621266578327972 
0.28149384280780526 -0.2621266578327972 
0.2814941731451757 -0.2714171685558333 
0.2814941731451757 -0.2714171685558333 
0.28149343418796174 -0.2694430334936594 
0.28149400998507884 -0.26853845667213727 
0.28149325076052717 -0.2761139187754033 
0.2814933987102363 -0.2774643388839046 
0.28149434165238885 -0.2714788320790516 
0.2814943018533788 -0.28259525832425514 
0.2814943018533788 -0.28259525832425514 
0.28149431515401707 -0.2820059583357444 
0.28149431515401707 -0.2820059583357444 
0.28149831653877305 -0.2853170646258579 
0.28149831653877305 -0.2853170646258579 
0.28149831653877305 -0.2853170646258579 
0.28148812779060006 -0.28387779936471297 
0.28148235573712427 -0.2797632584139256 
0.28148235573712427 -0.2797632584139256 
0.28148238155665106 -0.28650535459779275 
0.28148465583903415 -0.2867131479600495 
0.28149168368164207 -0.29483430677051076 
0.2814916863315692 -0.29486612763261977 
0.281492054206876 -0.2878321169661828 
0.281492054206876 -0.2878321169661828 
0.281492054206876 -0.2878321169661828 
0.28149859666543947 -0.27001520571420845 
0.2814960515856895 -0.27924160248638663 
0.2814912413461707 -0.2851598538882129 
0.2814912413461707 -0.2851598538882129 
0.28149482929451763 -0.3061564815055437 
0.28149482929451763 -0.3061564815055437 
0.2814920520242628 -0.3195760929635396 
0.2814941019986321 -0.33093909574567365 
0.28148984487809914 -0.3191817064037822 
0.28148216240706914 -0.3574860193883808 
0.28148470304320705 -0.3370406236227238 
0.2814877162688064 -0.340528745663206 
0.28149083831967353 -0.35840277459598385 
0.2814943550973104 -0.33678634942996016 
0.28149485205525 -0.32919068443140304 
0.28149272190345387 -0.3309179641496535 
0.28149260130945136 -0.3308944205556048 
0.281497922404992 -0.33623813877606357 
0.281497922404992 -0.33623813877606357 
0.28149842830887123 -0.3178056490537397 
0.2814983001995525 -0.3238380166650288 
0.2814995772782972 -0.37173355471784963 
0.2814995772782972 -0.37173355471784963 
0.2814995772782972 -0.37173355471784963 
0.2814995772782972 -0.37173355471784963 
0.2814995772782972 -0.37173355471784963 
0.2814866357995726 -0.35924719701400587 
0.28148617202816323 -0.36025108330665645 
0.281487417513579 -0.3399152520156246 
0.281487417513579 -0.3399152520156246 
0.28148314250722606 -0.33016712322596814 
0.2814844379847468 -0.3304083863043549 
0.28147849510243367 -0.32569090234365056 
0.2814595954760176 -0.3482543242037464 
0.2814595954760176 -0.3482543242037464 
0.2814595954760176 -0.3482543242037464 
0.281466075521105 -0.3407187175759131 
0.2814413222621222 -0.33509993237646063 
0.28145151315879813 -0.3271034148649013 
0.28145151315879813 -0.3271034148649013 
0.2814348691151612 -0.32033205785781627 
0.28143259046251773 -0.3221068213146583 
0.28143781205068746 -0.3171464416217327 
0.28143781205068746 -0.3171464416217327 
0.2814141468676855 -0.3188039175677599 
0.2814169094455456 -0.3193963417945386 
0.2814377123774095 -0.31240792175189463 
0.2814562956849541 -0.30261227292962223 
0.2814576710971839 -0.30252061720943 
0.2814576710971839 -0.30252061720943 
0.2814557012082781 -0.30442704835946965 
0.2814527952868304 -0.3012560754178391 
0.2814501992386305 -0.31736337575178275 
0.2814501992386305 -0.31736337575178275 
0.2814728767688607 -0.34386717408443457 
0.28147249078232767 -0.3438470385614713 
0.28146865744423427 -0.3336356583160549 
0.2814688786123606 -0.3333279394227612 
0.28146653352942774 -0.36725968328259806 
0.28145984726651213 -0.3340832065260046 
0.28144773902071396 -0.35604932118650867 
0.2814398344937576 -0.35851339368687013 
0.28144821568159534 -0.34579283033519337 
0.28144821568159534 -0.34579283033519337 
0.28144821568159534 -0.34579283033519337 
0.2814606651838021 -0.32790781340625197 
0.2814753096079916 -0.3124837297810781 
0.2814754535812742 -0.31070188208952737 
0.28147826231604145 -0.31929514588866925 
0.281479104874569 -0.3076128133151249 
0.2814703439984833 -0.31890411886111764 
0.28147862783579547 -0.31501806535696997 
0.2814820311688301 -0.3116637001722242 
0.28148059277241977 -0.3177153210502195 
0.28148059277241977 -0.3177153210502195 
0.28147318316077485 -0.3149899190343842 
0.28147866541945815 -0.31476733452445754 
0.2814809539241966 -0.3141132832358388 
0.2814940570523168 -0.3489258327696745 
0.281493525846964 -0.347677172006293 
0.281493525846964 -0.347677172006293 
0.281493525846964 -0.347677172006293 
0.28148887962941377 -0.37968868113738635 
0.28148808890118404 -0.3430711586803402 
0.2814896015578729 -0.3353539814389879 
0.2814896015578729 -0.3353539814389879 
0.2814902062664956 -0.32976561516931563 
0.2814902062664956 -0.32976561516931563 
0.2814903740589202 -0.32995831582540164 
0.2814850349557055 -0.3035650690436627 
0.2814824531024892 -0.3025990290608065 
0.28147503450294364 -0.3033162409796711 
0.28146688056569535 -0.30410454353519156 
0.2814654056391498 -0.3123266130518879 
0.2814654056391498 -0.3123266130518879 
0.2814654056391498 -0.3123266130518879 
0.2814654056391498 -0.3123266130518879 
0.2814730523484754 -0.3036286762757246 
0.281499123137882 -0.30627052885476236 
0.281499123137882 -0.30627052885476236 
0.281499123137882 -0.30627052885476236 
0.28149534040652796 -0.30960785063914104 
0.28149312440845586 -0.29623644481698547 
0.281492759603685 -0.2966671264562912 
0.281492759603685 -0.2966671264562912 
0.2814949767747733 -0.2918534912909966 
0.2814950674900911 -0.2952847555875804 
0.2814950674900911 -0.2952847555875804 
0.2814941382486309 -0.2688016761048635 
0.2814929039306017 -0.26962620223908007 
0.2814906749215431 -0.27212039878407174 
0.2814906388750144 -0.2721401630823315 
0.2814926613548464 -0.2716893094804088 
0.2814926613548464 -0.2716893094804088 
0.28149712381931413 -0.2698869242947352 
0.28149712381931413 -0.2698869242947352 
0.28149712381931413 -0.2698869242947352 
0.28149712381931413 -0.2698869242947352 
0.28149489815858425 -0.27365811090683906 
0.28149489815858425 -0.27365811090683906 
0.2814938529738077 -0.3011733178557381 
0.28149204815696016 -0.3218067039102226 
0.28149342039816727 -0.3007592146422448 
0.28149472530097874 -0.310977144687594 
0.2814947608293091 -0.3123131913342055 
0.2814939633249929 -0.3144175663234072 
0.2814939633249929 -0.3144175663234072 
0.2814939633249929 -0.3144175663234072 
0.28149601707480726 -0.31307790321553913 
0.2814978425018658 -0.3041894221424176 
0.2814978425018658 -0.3041894221424176 
0.2814978425018658 -0.3041894221424176 
0.2814954904761657 -0.29277860734163796 
0.28149575267046706 -0.2920423807028418 
0.28149620703692285 -0.2891941071296261 
0.28149620703692285 -0.2891941071296261 
0.28149875785091016 -0.27967085703346733 
0.2814968972101537 -0.27930816314131046 
0.28149738422398163 -0.27398915343398667 
0.28149738422398163 -0.27398915343398667 
0.28149727520143497 -0.27179742750870317 
0.2814972457511386 -0.2675543624005575 
0.2814972457511386 -0.2675543624005575 
0.2814972457511386 -0.2675543624005575 
0.2814972457511386 -0.2675543624005575 
0.2814972457511386 -0.2675543624005575 
0.2814972457511386 -0.2675543624005575 
0.2814972457511386 -0.2675543624005575 
0.2814983474561978 -0.26853557146953705 
0.2814983474561978 -0.26853557146953705 
0.2814983474561978 -0.26853557146953705 
0.2814983474561978 -0.26853557146953705 
0.2814983474561978 -0.26853557146953705 
0.28149866147892544 -0.2651171271997315 
0.28149866147892544 -0.2651171271997315 
0.28149827592484283 -0.26536608484548335 
0.2814987173619684 -0.2643874595274497 
0.28149631912179635 -0.28496409912826276 
0.281495489386941 -0.2896616514257136 
0.28149471088664446 -0.3056010239385418 
0.28149471088664446 -0.3056010239385418 
0.28149471088664446 -0.3056010239385418 
0.28149471088664446 -0.3056010239385418 
0.2814950258101693 -0.30561294854491045 
0.281492150781639 -0.28077205596203203 
0.2814947893734259 -0.27084397129905713 
0.2814947893734259 -0.27084397129905713 
0.2814947893734259 -0.27084397129905713 
0.2814947893734259 -0.27084397129905713 
0.2814910650039446 -0.26867920104405874 
0.2814910650039446 -0.26867920104405874 
0.2814913607724944 -0.26874478681939346 
0.28148849196195613 -0.26911321290879575 
0.28148849196195613 -0.26911321290879575 
0.2814933908212089 -0.29679547720497396 
0.2814933780828974 -0.29612205598771624 
0.2814933780828974 -0.29612205598771624 
0.2814933780828974 -0.29612205598771624 
0.2814952317275124 -0.2862005558280615 
0.281499791890542 -0.26061810330328306 
0.281499791890542 -0.26061810330328306 
0.281499791890542 -0.26061810330328306 
0.281499791890542 -0.26061810330328306 
0.281499791890542 -0.26061810330328306 
0.281499791890542 -0.26061810330328306 
0.281499791890542 -0.26061810330328306 
0.281499791890542 -0.26061810330328306 
0.2814996383618523 -0.261336787728642 
0.2814996383618523 -0.261336787728642 
0.2814996383618523 -0.261336787728642 
0.2814996383618523 -0.261336787728642 
0.2814996383618523 -0.261336787728642 
0.2814996383618523 -0.261336787728642 
0.2814996383618523 -0.261336787728642 
0.2814996383618523 -0.261336787728642 
0.2814996383618523 -0.261336787728642 
0.28149514779184376 -0.2674311480803978 
0.28149514779184376 -0.2674311480803978 
0.2814968844938624 -0.26209860280495173 
0.2814968844938624 -0.26209860280495173 
0.2814968844938624 -0.26209860280495173 
0.28148222453225075 -0.29114499032798247 
0.28147545767907195 -0.2783817214139465 
0.281475430222157 -0.2767983982462484 
0.281475430222157 -0.2767983982462484 
0.28147061562689274 -0.2698099438735405 
0.28147061562689274 -0.2698099438735405 
0.28147011342334255 -0.27081199532058353 
0.28147011342334255 -0.27081199532058353 
0.281476010885429 -0.2740984668438202 
0.281476010885429 -0.2740984668438202 
0.2814837515609293 -0.28294457000165546 
0.28148359814986673 -0.2724729633006856 
0.2814817060030808 -0.2697018231591011 
0.28148107651265114 -0.26892441925325666 
0.2814813972263433 -0.26952265370193895 
0.2814813972263433 -0.26952265370193895 
0.2814813972263433 -0.26952265370193895 
0.28148705970718096 -0.2705601350793156 
0.28148705970718096 -0.2705601350793156 
0.2814865464924605 -0.2645720941385694 
0.28148573169492863 -0.26291936268831895 
0.28148573169492863 -0.26291936268831895 
0.28148573169492863 -0.26291936268831895 
0.28148573169492863 -0.26291936268831895 
0.28148580842288723 -0.2630384506445536 
0.28148580842288723 -0.2630384506445536 
0.28148580842288723 -0.2630384506445536 
0.28148547111778666 -0.2841338420494105 
0.281487638259916 -0.2967168057918293 
0.2814869095991922 -0.279985774632277 
0.28148612370305126 -0.28172700176403664 
0.28148612370305126 -0.28172700176403664 
0.28148861689690063 -0.28169791794756316 
0.28148228252265645 -0.3002972793236397 
0.2814824045767181 -0.30009321130707134 
0.2814824045767181 -0.30009321130707134 
0.2814811364106778 -0.29319427594178477 
0.2814718097460559 -0.2980551178500061 
0.2814799075336388 -0.32138687751669054 
0.28148352092957857 -0.3075835996565438 
0.2814910262777036 -0.32939525259143043 
0.28148690890051664 -0.310171122969264 
0.28148909882955425 -0.3008039162287719 
0.2814970732278979 -0.30624924495549105 
0.2814970732278979 -0.30624924495549105 
0.28149623063063145 -0.31037243333713765 
0.28149488782177184 -0.30683731920444457 
0.2814867223575325 -0.31362203522338394 
0.2814882362588114 -0.30801588764154814 
0.2814887004459266 -0.30773056743898525 
0.2814899046126095 -0.3424715491129895 
0.2814892818033617 -0.35039304777393726 
0.281491987452424 -0.3301565283910729 
0.281489208668646 -0.3492958156620669 
0.2814895683215504 -0.3447001167710435 
0.2814829884115732 -0.38042625674747127 
0.2814829884115732 -0.38042625674747127 
0.2814706291942376 -0.3393556872930756 
0.2814706291942376 -0.3393556872930756 
0.2814796313620622 -0.33161672230816663 
0.28148206330983533 -0.34783823125393315 
0.28148816907442803 -0.3173576047313005 
0.2814911026329909 -0.34119809557545855 
0.2814948497864687 -0.3363604714430542 
0.28149068962812374 -0.33933946722303293 
0.2814865406663557 -0.3138645455591007 
0.2814901571456438 -0.3071581166788779 
0.281491672863473 -0.3155769351633869 
0.2814937749931014 -0.33373268106831355 
0.28149815151395585 -0.34835412350318 
0.2814996897963329 -0.3751969500105575 
0.2814989138377801 -0.3670329695641493 
0.2814989138377801 -0.3670329695641493 
0.2814989138377801 -0.3670329695641493 
0.2814989138377801 -0.3670329695641493 
0.2814989138377801 -0.3670329695641493 
0.2814989138377801 -0.3670329695641493 
0.2814989138377801 -0.3670329695641493 
0.2814989138377801 -0.3670329695641493 
0.2814965699761181 -0.3543337138166002 
0.2814965699761181 -0.3543337138166002 
0.2814932098739299 -0.3494551395858723 
0.2814932195862722 -0.34985835651148856 
0.2814932195862722 -0.34985835651148856 
0.2814932195862722 -0.34985835651148856 
0.2814925858367842 -0.33683209175781126 
0.2814925858367842 -0.33683209175781126 
0.2814925858367842 -0.33683209175781126 
0.2814925858367842 -0.33683209175781126 
0.28148832218623004 -0.34991541129561754 
0.2814867034450752 -0.3236209083148347 
0.2814867034450752 -0.3236209083148347 
0.28148047974433743 -0.31219100636875424 
0.2814796634581233 -0.3142256538684113 
0.28147741827763567 -0.3091430730445259 
0.28147661917640604 -0.3137737702798662 
0.28147661917640604 -0.3137737702798662 
0.28147267709209606 -0.31346532309574787 
0.2814711618683551 -0.3138509541186593 
0.2814565323340428 -0.33112560959168097 
0.2814713887953458 -0.3250389663788214 
0.2814615274369298 -0.3084135109818802 
0.2814571386022169 -0.31753447948523505 
0.2814571386022169 -0.31753447948523505 
0.28147395931730895 -0.3338857963382012 
0.281466297840465 -0.34267934712058795 
0.281454703453636 -0.3618410991284681 
0.28147027196939034 -0.3676747515466556 
0.2814797191402087 -0.3709623417609823 
0.28147279958767163 -0.3749950749171939 
0.28147225984525265 -0.37787832436830743 
0.2814711142098422 -0.3759890593268029 
0.28147885261443956 -0.3465364957129801 
0.2814827220718101 -0.33616891463734383 
0.28147666054975296 -0.3400850835042545 
0.28146536420672685 -0.341652560012926 
0.28146182107581885 -0.34097972047274855 
0.28147340313032504 -0.314826795683907 
0.2814653279537933 -0.32014514705945196 
0.2814653279537933 -0.32014514705945196 
0.2814640908914972 -0.3296337517129181 
0.28144202205531993 -0.34849275018594805 
0.28144202205531993 -0.34849275018594805 
0.28144202205531993 -0.34849275018594805 
0.28144202205531993 -0.34849275018594805 
0.28146613243706736 -0.3425270745086564 
0.28146869007612674 -0.34050870791561405 
0.28145743477249124 -0.3750029394508787 
0.28146068185412076 -0.3657087999229548 
0.2814614951823236 -0.3779250299894253 
0.2814614951823236 -0.3779250299894253 
0.2814674373701243 -0.3340900480420975 
0.2814674373701243 -0.3340900480420975 
0.281470625448236 -0.30559030496881845 
0.281470625448236 -0.30559030496881845 
0.2814730455117091 -0.30927325589728916 
0.28148030732226265 -0.3380051157257068 
0.281487147133189 -0.31540482482863896 
0.281487147133189 -0.31540482482863896 
0.2814868424371677 -0.3092370547239143 
0.2814938541473426 -0.2880000684532503 
0.28149655085994946 -0.28060744449040387 
0.28149655085994946 -0.28060744449040387 
0.28149655085994946 -0.28060744449040387 
0.28149655085994946 -0.28060744449040387 
0.28149651982007273 -0.27955426905440595 
0.28149651982007273 -0.27955426905440595 
0.2814978376560326 -0.2808928002588412 
0.2814937759878761 -0.2747624469520155 
0.2814933375153286 -0.2775760839991727 
0.2814943770513188 -0.27277442459816403 
0.2814943770513188 -0.27277442459816403 
0.2814945425961352 -0.2657637149264859 
0.28149334740731974 -0.2762726380873703 
0.281488146451489 -0.2728499696153321 
0.281488146451489 -0.2728499696153321 
0.2814882669802829 -0.274405547761872 
0.28148681024547534 -0.2763079184314252 
0.28148827502943125 -0.2743387174209334 
0.28148883952028503 -0.27494600880796194 
0.28148889687791506 -0.2749362805785955 
0.28148889687791506 -0.2749362805785955 
0.2814867075313523 -0.26759073272447287 
0.2814902755819508 -0.2665586551605756 
0.2814902755819508 -0.2665586551605756 
0.2814902755819508 -0.2665586551605756 
0.2814902755819508 -0.2665586551605756 
0.2814875318656807 -0.270323266534712 
0.2814875318656807 -0.270323266534712 
0.2814875318656807 -0.270323266534712 
0.281487084292303 -0.26785490070096507 
0.28148720925795867 -0.26653203034041617 
0.28148720925795867 -0.26653203034041617 
0.2814858994576754 -0.264321233945861 
0.2814872206696288 -0.264143520986879 
0.28147986857742135 -0.26180406916520477 
0.28147986857742135 -0.26180406916520477 
0.28147986857742135 -0.26180406916520477 
0.28147986857742135 -0.26180406916520477 
0.28147986857742135 -0.26180406916520477 
0.28147986857742135 -0.26180406916520477 
0.28147983679288985 -0.261675494636604 
0.2814781021663037 -0.2687030023235646 
0.2814779100763055 -0.2676376984003874 
0.2814779100763055 -0.2676376984003874 
0.2814760898524277 -0.2631386436131734 
0.2814731414895817 -0.2624423605607767 
0.2814731414895817 -0.2624423605607767 
0.2814706933201595 -0.2615046164656584 
0.2814706933201595 -0.2615046164656584 
0.28148471578453255 -0.31364074976614353 
0.28148471578453255 -0.31364074976614353 
0.28148471578453255 -0.31364074976614353 
0.2814883949447702 -0.32182072811674717 
0.2814939418855113 -0.31791815510007776 
0.2814943936079009 -0.3215945403853425 
0.2814943936079009 -0.3215945403853425 
0.2814943936079009 -0.3215945403853425 
0.28149561396499695 -0.2997248156409048 
0.2814952263283841 -0.3012471215969423 
0.2814952263283841 -0.3012471215969423 
0.2814952263283841 -0.3012471215969423 
0.281498378921382 -0.2808147810182928 
0.2814991076832285 -0.27800962855389666 
0.2814991076832285 -0.27800962855389666 
0.2814845820397823 -0.2847687840791617 
0.2814993476866704 -0.277906764682148 
0.2814993476866704 -0.277906764682148 
0.2814993476866704 -0.277906764682148 
0.2814993476866704 -0.277906764682148 
0.2814993476866704 -0.277906764682148 
0.281499385315565 -0.2752334950645299 
0.281499385315565 -0.2752334950645299 
0.281499385315565 -0.2752334950645299 
0.28149921401337114 -0.27605232626715137 
0.28149921401337114 -0.27605232626715137 
0.2814991941382287 -0.2757967370423701 
0.28149825886140206 -0.27440310691135544 
0.28149825886140206 -0.27440310691135544 
0.28149825886140206 -0.27440310691135544 
0.2814994544395076 -0.27710213541399076 
0.2814994544395076 -0.27710213541399076 
0.2814990828640659 -0.288177668980244 
0.28149983674881307 -0.26442967659309263 
0.28149983674881307 -0.26442967659309263 
0.28149983674881307 -0.26442967659309263 
0.28149983674881307 -0.26442967659309263 
0.28149983674881307 -0.26442967659309263 
0.28149983674881307 -0.26442967659309263 
0.28149983674881307 -0.26442967659309263 
0.2814990786243146 -0.27740432327964337 
0.2814990786243146 -0.27740432327964337 
0.281498717267281 -0.2835154938225909 
0.281498717267281 -0.2835154938225909 
0.281498162847835 -0.27696396454055217 
0.281498162847835 -0.27696396454055217 
0.28149789060008684 -0.2782761449520539 
0.28149871899411805 -0.2697071370241859 
0.28149871899411805 -0.2697071370241859 
0.2814994783233972 -0.2683480974271849 
0.2814994783233972 -0.2683480974271849 
0.2814994783233972 -0.2683480974271849 
0.2814994783233972 -0.2683480974271849 
0.2814994783233972 -0.2683480974271849 
0.2814994783233972 -0.2683480974271849 
0.2814993634178401 -0.2773673259547329 
0.2814993634178401 -0.2773673259547329 
0.2814993634178401 -0.2773673259547329 
0.2814993634178401 -0.2773673259547329 
0.2814993634178401 -0.2773673259547329 
0.2814993634178401 -0.2773673259547329 
0.2814993634178401 -0.2773673259547329 
0.2814993634178401 -0.2773673259547329 
0.2814982395252342 -0.27914339076883143 
0.2814982395252342 -0.27914339076883143 
0.28149869440681746 -0.2700467832674095 
0.2814982096822725 -0.28538856839033133 
0.2814990081280278 -0.2887443103373167 
0.2814990081280278 -0.2887443103373167 
0.2814912416998569 -0.30095500706398626 
0.2814912416998569 -0.30095500706398626 
0.28149523393558745 -0.3092718804974679 
0.2814979892886526 -0.2841813700072612 
0.28149840408343857 -0.28323437570148347 
0.2814984520069792 -0.2805611193133741 
0.2814984520069792 -0.2805611193133741 
0.2814984520069792 -0.2805611193133741 
0.2814984520069792 -0.2805611193133741 
0.2814851366384034 -0.28113154841870525 
0.2814851366384034 -0.28113154841870525 
0.2814885331489196 -0.2798113567081317 
0.2814900458473952 -0.2866471104110563 
0.2814900458473952 -0.2866471104110563 
0.2814900458473952 -0.2866471104110563 
0.281489474182001 -0.2749621830950303 
0.28149020039555733 -0.2754424848812829 
0.2814852918484737 -0.2720831764856548 
0.2814852918484737 -0.2720831764856548 
0.2814852918484737 -0.2720831764856548 
0.2814841720256445 -0.27249059054907593 
0.281465924905847 -0.2751598186368136 
0.2814653900930783 -0.2737428291456081 
0.2814781757935197 -0.2850425229497655 
0.2814831885406014 -0.2880668718905452 
0.2814896973462003 -0.2801640607069407 
0.2814896973462003 -0.2801640607069407 
0.28148915508884276 -0.2745147300937727 
0.28148915508884276 -0.2745147300937727 
0.28148961431564856 -0.27396714219105933 
0.2814846164786569 -0.2655360161426947 
0.2814846164786569 -0.2655360161426947 
0.2814820300851892 -0.26936160905407647 
0.2814820300851892 -0.26936160905407647 
0.28148992332872613 -0.2761416500420643 
0.28148992332872613 -0.2761416500420643 
0.28148992332872613 -0.2761416500420643 
0.28149451370967976 -0.2843944272175344 
0.28149493941854026 -0.2862552482208952 
0.2814963341665937 -0.28395058349935115 
0.28149710438293735 -0.2802714586420058 
0.2814965315114942 -0.2805216995722897 
0.2814965315114942 -0.2805216995722897 
0.2814989820963518 -0.27391027304390736 
0.28149884546758286 -0.2752479842089563 
0.28149884546758286 -0.2752479842089563 
0.2814825570767139 -0.3055455845381223 
0.2814825570767139 -0.3055455845381223 
0.28148269072250753 -0.30594938744529476 
0.28148299103814495 -0.2661036334575752 
0.281484698130951 -0.2654129237344242 
0.281484698130951 -0.2654129237344242 
0.2814846915781699 -0.2658896278912288 
0.2814846915781699 -0.2658896278912288 
0.2814829410569004 -0.2909931449045045 
0.2814938015278187 -0.29728593168179085 
0.281486718820702 -0.2872009638139992 
0.28148678072546945 -0.2873651276230617 
0.2814886113427111 -0.27871540403909695 
0.2814886113427111 -0.27871540403909695 
0.2814876583937248 -0.2891244295035441 
0.28148716934736323 -0.28155008647663843 
0.28147278214004884 -0.2867835941415858 
0.28147666344522476 -0.28294935747803396 
0.28147666344522476 -0.28294935747803396 
0.2814760577061863 -0.2878191290917846 
0.2814760577061863 -0.2878191290917846 
0.2814641686054219 -0.30241505309112715 
0.2814641686054219 -0.30241505309112715 
0.2814647103668863 -0.3015371682327197 
0.28145531254793976 -0.28705638281544416 
0.2814538540423342 -0.28643632319744317 
0.2814720617278086 -0.2914147978748119 
0.2814720617278086 -0.2914147978748119 
0.28148108025148855 -0.31750863229480225 
0.28147595157332916 -0.31120325533362214 
0.28148093583107264 -0.3001344612827958 
0.28148093583107264 -0.3001344612827958 
0.28148093583107264 -0.3001344612827958 
0.28148093583107264 -0.3001344612827958 
0.28147729441698954 -0.29174515242425275 
0.28147729441698954 -0.29174515242425275 
0.28148476775350867 -0.32222770294214464 
0.28148100507322876 -0.3217009636672123 
0.28148574328703063 -0.3215339226538025 
0.28148623491471136 -0.30113791313181804 
0.28148517870499895 -0.3035264476982793 
0.2814833481925138 -0.2620609848278283 
0.2814802743825075 -0.26301040576017903 
0.281481415292298 -0.2628799776718998 
0.28148527081640445 -0.2622207795436809 
0.2814874311403526 -0.27487515999933476 
0.2814874311403526 -0.27487515999933476 
0.28148695337706897 -0.2710305504552938 
0.28148695337706897 -0.2710305504552938 
0.28148695337706897 -0.2710305504552938 
0.28148829797563396 -0.2757898360714426 
0.2814917375224604 -0.2649391008663425 
0.2814917375224604 -0.2649391008663425 
0.2814917375224604 -0.2649391008663425 
0.2814917375224604 -0.2649391008663425 
0.28149201635597715 -0.26355645155416557 
0.28149201635597715 -0.26355645155416557 
0.28149201635597715 -0.26355645155416557 
0.28149201635597715 -0.26355645155416557 
0.28149201635597715 -0.26355645155416557 
0.28149201635597715 -0.26355645155416557 
0.28149201635597715 -0.26355645155416557 
0.28149003009966134 -0.285358435406313 
0.28148803474535894 -0.3171829620506185 
0.2814851435034623 -0.30093776402262806 
0.2814802644962235 -0.29058820512878875 
0.28148098896904317 -0.29724875795517275 
0.28148118020087776 -0.3049737097842721 
0.2814814074271884 -0.3054913076887558 
0.2814814074271884 -0.3054913076887558 
0.2814776145419701 -0.28493117814574287 
0.28147755735187696 -0.27965430379084444 
0.2814864480509382 -0.2719527114770359 
0.2814864480509382 -0.2719527114770359 
0.281484851544558 -0.26955337145791747 
0.28148086820657253 -0.2634134270340626 
0.28148086820657253 -0.2634134270340626 
0.28148908883348644 -0.2909407700700386 
0.2814888352831424 -0.3024164029531414 
0.28148892969811357 -0.3011043260744055 
0.28148897619356034 -0.28081209556114395 
0.2814887183406346 -0.28136208363143594 
0.2814887183406346 -0.28136208363143594 
0.2814887183406346 -0.28136208363143594 
0.28149220374490347 -0.2881264361289664 
0.2814954741971167 -0.28874362454832286 
0.2814954741971167 -0.28874362454832286 
0.2814954741971167 -0.28874362454832286 
0.2814954741971167 -0.28874362454832286 
0.2814954741971167 -0.28874362454832286 
0.2814923647629635 -0.2972525973462669 
0.2814923647629635 -0.2972525973462669 
0.2814969716213523 -0.30146531674135985 
0.28149706769493027 -0.3011400292773209 
0.28149706764285315 -0.30113606345739186 
0.28149706764285315 -0.30113606345739186 
0.2814967872945904 -0.3001255314071252 
0.2814967872945904 -0.3001255314071252 
0.2814973268624532 -0.29773871133955054 
0.2814967401326867 -0.29732782314426504 
0.2814974364528052 -0.2994226238809276 
0.2814985468237292 -0.2983091456353834 
0.2814985468237292 -0.2983091456353834 
0.2814985468237292 -0.2983091456353834 
0.28149217842630375 -0.2925509667838527 
0.2814884625322971 -0.2759110942984417 
0.2814906425846145 -0.2852503319172446 
0.28149017055148806 -0.2886585648445464 
0.28148745163128375 -0.2837335440432164 
0.28148289114145536 -0.26371023002103156 
0.28148289114145536 -0.26371023002103156 
0.28148289114145536 -0.26371023002103156 
0.2814858868649156 -0.2766553728693458 
0.28148415181911385 -0.2752787705850242 
0.28148666579539117 -0.2862097485361042 
0.28148560465301403 -0.28465544110668917 
0.28148318332457417 -0.28159564619035454 
0.28148318332457417 -0.28159564619035454 
0.2814825755700613 -0.26534560279450636 
0.2814793743268884 -0.26421312809018116 
0.2814793743268884 -0.26421312809018116 
0.2814793743268884 -0.26421312809018116 
0.2814793743268884 -0.26421312809018116 
0.28147997435276867 -0.27390876304683415 
0.28148480809565246 -0.26990278084940467 
0.2814891276375692 -0.27029175626446306 
0.2814891276375692 -0.27029175626446306 
0.2814891276375692 -0.27029175626446306 
0.28148594285139333 -0.2606728549807584 
0.2814866712262685 -0.26325204095862864 
0.2814866712262685 -0.26325204095862864 
0.2814866712262685 -0.26325204095862864 
0.2814866712262685 -0.26325204095862864 
0.2814866712262685 -0.26325204095862864 
0.2814866712262685 -0.26325204095862864 
0.2814866712262685 -0.26325204095862864 
0.2814866712262685 -0.26325204095862864 
0.2814866712262685 -0.26325204095862864 
0.281489602724174 -0.2632204236626544 
0.281489602724174 -0.2632204236626544 
0.281489602724174 -0.2632204236626544 
0.28148922960322115 -0.2609620663418858 
0.2814891520865121 -0.261725766856517 
0.2814891520865121 -0.261725766856517 
0.2814891520865121 -0.261725766856517 
0.2814886692416148 -0.2645246778305361 
0.2814886692416148 -0.2645246778305361 
0.2814886692416148 -0.2645246778305361 
0.2814886692416148 -0.2645246778305361 
0.2814886692416148 -0.2645246778305361 
0.2814861135218094 -0.27468605886175285 
0.2814870845180504 -0.2819184875405679 
0.2814870845180504 -0.2819184875405679 
0.28148836698884827 -0.2709331987159245 
0.28148836698884827 -0.2709331987159245 
0.28148836698884827 -0.2709331987159245 
0.2814881554954352 -0.27046880867499384 
0.2814880254261046 -0.2708148032439025 
0.2814909803584645 -0.286066761674009 
0.2814932050687846 -0.27374934821154756 
0.28149781798187273 -0.27359534998588114 
0.28149781798187273 -0.27359534998588114 
0.28149781798187273 -0.27359534998588114 
0.28149853200775277 -0.2763274540991966 
0.28149783598584244 -0.2761483935743792 
0.28149783598584244 -0.2761483935743792 
0.2814973103530277 -0.26838972808433187 
0.2814973103530277 -0.26838972808433187 
0.2814993418231562 -0.2623457780942624 
0.2814993418231562 -0.2623457780942624 
0.2814993418231562 -0.2623457780942624 
0.2814993418231562 -0.2623457780942624 
0.2814993418231562 -0.2623457780942624 
0.2814993418231562 -0.2623457780942624 
0.2814993418231562 -0.2623457780942624 
0.2814993418231562 -0.2623457780942624 
0.2814993418231562 -0.2623457780942624 
0.2814993418231562 -0.2623457780942624 
0.2814993418231562 -0.2623457780942624 
0.2814993418231562 -0.2623457780942624 
0.2814939900098987 -0.2668513837389663 
0.2814939900098987 -0.2668513837389663 
0.28149262535313885 -0.27392536195236894 
0.28149262535313885 -0.27392536195236894 
0.28149257461836186 -0.27501588262381577 
0.2814926568333138 -0.2747124627613293 
0.2814926568333138 -0.2747124627613293 
0.28149183589474447 -0.2744353220454605 
0.28149064299101545 -0.29671869915308197 
0.2814907624073045 -0.29682954093083835 
0.2814907624073045 -0.29682954093083835 
0.28148748423332043 -0.27326732496641426 
0.28148617100181483 -0.27743813299691067 
0.2814861091033964 -0.27732804083384727 
0.2814861091033964 -0.27732804083384727 
0.28148809753824905 -0.2722383139398518 
0.28149065704966875 -0.2719635689868695 
0.28149065704966875 -0.2719635689868695 
0.28148682069584635 -0.2640746893488115 
0.28149382332094897 -0.26494718728646155 
0.2814938228486754 -0.2652919710259382 
0.2814938228486754 -0.2652919710259382 
0.2814938228486754 -0.2652919710259382 
0.2814938228486754 -0.2652919710259382 
0.2814941685726984 -0.2641413609609217 
0.2814788672656361 -0.2750183940263486 
0.2814788672656361 -0.2750183940263486 
0.2814788672656361 -0.2750183940263486 
0.2814699602707555 -0.2704328048738722 
0.2814662619487495 -0.2722889240002961 
0.28146616606219976 -0.2709741319341745 
0.28146588994401456 -0.27459849494001465 
0.2814714943846196 -0.2739646098798052 
0.28147538903161207 -0.2725110275810338 
0.28147538903161207 -0.2725110275810338 
0.28147809330547974 -0.2829303606299356 
0.28148917378590416 -0.26771060244152206 
0.2814899850863883 -0.26787198333803286 
0.2814899850863883 -0.26787198333803286 
0.2814865393761668 -0.27349840176232076 
0.2814836800582448 -0.2725016599268334 
0.28148399230267396 -0.2684453417806474 
0.281483747640072 -0.2663615568526406 
0.281483747640072 -0.2663615568526406 
0.28149076543102053 -0.3020339678647934 
0.28149076543102053 -0.3020339678647934 
0.28149076543102053 -0.3020339678647934 
0.2814913925035068 -0.30243416817520163 
0.28149148749136665 -0.2980710693819849 
0.28149148749136665 -0.2980710693819849 
0.2814920372905024 -0.3008110028498674 
0.2814901386701673 -0.2991744077108507 
0.2814912509790071 -0.30804878200655333 
0.28148383085423617 -0.3368971094636349 
0.28148719484650797 -0.3453164394803416 
0.28148719484650797 -0.3453164394803416 
0.28148801037660787 -0.34447546946602037 
0.28148801037660787 -0.34447546946602037 
0.281480798638393 -0.3479379510155849 
0.281480798638393 -0.3479379510155849 
0.28148360090486485 -0.34554192175102666 
0.28148080624791805 -0.334026435763402 
0.28148080624791805 -0.334026435763402 
0.28148338216730434 -0.35070102717139656 
0.2814830255725168 -0.3254847858018492 
0.2814861790385981 -0.3294492331562479 
0.2814861790385981 -0.3294492331562479 
0.28149033239507987 -0.31486323286617846 
0.2814922437293134 -0.30732763907091293 
0.28149384038706027 -0.3239587470605024 
0.28149407485603584 -0.32274675090229843 
0.28148766273050835 -0.3131750680839003 
0.28148413997669375 -0.30708189972974675 
0.28148413997669375 -0.30708189972974675 
0.28148685348551694 -0.30226635742970237 
0.28148685348551694 -0.30226635742970237 
0.28148675501399556 -0.3025930865937444 
0.281476736030771 -0.3155111871688278 
0.28147332168518924 -0.3326242239863376 
0.28147383541341064 -0.34014728922261983 
0.2814748904243761 -0.3370191737754678 
0.2814754889138221 -0.33387457142100135 
0.28146627061890783 -0.3588166197393272 
0.28146966722650324 -0.35779225297222134 
0.28146966722650324 -0.35779225297222134 
0.2814691169572028 -0.357916366467082 
0.2814699148320971 -0.35881573142761825 
0.2814536968034384 -0.3561474410401882 
0.2814536968034384 -0.3561474410401882 
0.2814536968034384 -0.3561474410401882 
0.28144215771551173 -0.37958214381704086 
0.28144641680220284 -0.34322153411710804 
0.28144641680220284 -0.34322153411710804 
0.2814302955653815 -0.3511231129665422 
0.2814302955653815 -0.3511231129665422 
0.2814302955653815 -0.3511231129665422 
0.2814538020277766 -0.34313061282033364 
0.2814623066733938 -0.33091572654386414 
0.2814599300488787 -0.32007015692842433 
0.2814536040824746 -0.31502850828993306 
0.2814680813755136 -0.30080731190545756 
0.2814680813755136 -0.30080731190545756 
0.28146889187513596 -0.30095244057593434 
0.2814694482395837 -0.2823157298873763 
0.2814780187995711 -0.29461059549731633 
0.2814780187995711 -0.29461059549731633 
0.28148650415794796 -0.2856106208255262 
0.28148663584439104 -0.2762501818666184 
0.28148663584439104 -0.2762501818666184 
0.2814779664509798 -0.26331075414246496 
0.2814805763960895 -0.27548014286931444 
0.2814805763960895 -0.27548014286931444 
0.2814805763960895 -0.27548014286931444 
0.2814806684621761 -0.27679936984416836 
0.28148606063100795 -0.28791733768341066 
0.28148928787533967 -0.2892338544584433 
0.28148928787533967 -0.2892338544584433 
0.2814858034594163 -0.30525947981007345 
0.2814871146202834 -0.2969973353065541 
0.2814836962344265 -0.30416585408211827 
0.2814850781612676 -0.2993376275540804 
0.2814850781612676 -0.2993376275540804 
0.2814850781612676 -0.2993376275540804 
0.2814934544780518 -0.30194532645668803 
0.2814902436165112 -0.31360938690269796 
0.28149013063058026 -0.31465178272624117 
0.28149586472932314 -0.315161254326115 
0.28149417614546346 -0.31289480905389955 
0.2814914728087759 -0.2945988786490555 
0.2814894729404091 -0.2887754378712503 
0.28148805629460755 -0.2751708220425796 
0.28147928546509465 -0.2702580730498696 
0.28147862739510665 -0.26730313441573184 
0.2814795843531183 -0.2858581161509975 
0.2814852844412644 -0.271995276626307 
0.28148954513837166 -0.2694368284905147 
0.28148954513837166 -0.2694368284905147 
0.28148954513837166 -0.2694368284905147 
0.28148954513837166 -0.2694368284905147 
0.28148412269498607 -0.26641048451803245 
0.2814845512548532 -0.2666269246799302 
0.281486643190276 -0.26419957910348496 
0.281486643190276 -0.26419957910348496 
0.2814830774006371 -0.2834070677010195 
0.28148432057766737 -0.2660395330701546 
0.28148432057766737 -0.2660395330701546 
0.28148432057766737 -0.2660395330701546 
0.28148432057766737 -0.2660395330701546 
0.2814843968387963 -0.27046368066397536 
0.28148610461153667 -0.26921307495695734 
0.28148610461153667 -0.26921307495695734 
0.28148610461153667 -0.26921307495695734 
0.28148610461153667 -0.26921307495695734 
0.2814853650599279 -0.2728851822570641 
0.2814853650599279 -0.2728851822570641 
0.2814774382551074 -0.2626076310712413 
0.2814774382551074 -0.2626076310712413 
0.2814761495063936 -0.2679411545386984 
0.2814761495063936 -0.2679411545386984 
0.28147794261999115 -0.2715775198688099 
0.28147615699930584 -0.2731138745257108 
0.28147615699930584 -0.2731138745257108 
0.28147615699930584 -0.2731138745257108 
0.2814813091722973 -0.2958576810942774 
0.2814838728055693 -0.3050697142927015 
0.2814720285940768 -0.3059544472300555 
0.2814768941703842 -0.31578307476162254 
0.28146946303112896 -0.30745625162114676 
0.28145775213456725 -0.2892031971046557 
0.28145361457427653 -0.30428551422253847 
0.2814548514832001 -0.30350071920670063 
0.28147133930293794 -0.292898407581704 
0.2814694836108965 -0.2790965786522107 
0.2814702726788531 -0.27859530608288974 
0.28146910418070153 -0.27946708506600026 
0.2814741924073495 -0.30856416495609035 
0.2814741924073495 -0.30856416495609035 
0.2814771572866377 -0.3005946807828279 
0.2814775533203338 -0.2840974341470185 
0.2814775533203338 -0.2840974341470185 
0.2814775533203338 -0.2840974341470185 
0.28147279545719756 -0.28208548747965606 
0.2814816404105369 -0.2934547379259984 
0.2814816059592057 -0.2934150136883224 
0.2814710781345987 -0.29362376833745285 
0.2814697651935837 -0.29279807647680095 
0.28146635329217023 -0.28516375532275157 
0.2814661878706677 -0.28530610648392946 
0.2814606495793246 -0.2960431267083971 
0.2814606495793246 -0.2960431267083971 
0.2814449793885298 -0.2892327830222466 
0.2814787333053308 -0.2666526185017178 
0.28148524981016343 -0.29287451912190343 
0.28147963274665383 -0.2939445006539 
0.2814784805986224 -0.2949568060802415 
0.2814833835730751 -0.28648119468963346 
0.2814760704642214 -0.28115914761394734 
0.2814780159270552 -0.2858222534155556 
0.2814780159270552 -0.2858222534155556 
0.2814753820892933 -0.27137267131946724 
0.2814753820892933 -0.27137267131946724 
0.2814753820892933 -0.27137267131946724 
0.2814735956755359 -0.26732204012842326 
0.28147832545701473 -0.2791397728640034 
0.281466631641303 -0.2855084099797329 
0.2814622609023445 -0.28193938279005143 
0.2814622609023445 -0.28193938279005143 
0.2814614364711965 -0.28180574643667533 
0.2814614364711965 -0.28180574643667533 
0.2814671880280845 -0.28049515949001136 
0.28146744372645066 -0.27608302314702954 
0.28147521025954647 -0.2837068130068897 
0.28147521025954647 -0.2837068130068897 
0.2814663178638605 -0.27808866358931983 
0.2814663178638605 -0.27808866358931983 
0.2814763811314919 -0.28664922695138206 
0.2814801500779277 -0.29496730947512023 
0.2814799358570525 -0.2948711006287202 
0.28147843447139903 -0.28650351999971124 
0.2814754921625514 -0.29617974682310544 
0.28148319120461984 -0.2954363093627184 
0.28148111855140845 -0.2968410021813738 
0.28148278306426694 -0.29320377679635157 
0.2814840699400331 -0.291600735957115 
0.2814853486083363 -0.294216745794111 
0.2814856966424217 -0.30457234528411115 
0.2814835555213204 -0.29845497654702435 
0.2814859230553717 -0.310322314648601 
0.2814909485668382 -0.2778254068045586 
0.2814909485668382 -0.2778254068045586 
0.2814911103393117 -0.27789707400491886 
0.2814911103393117 -0.27789707400491886 
0.2814911103393117 -0.27789707400491886 
0.281483410865154 -0.29602151777558255 
0.281483410865154 -0.29602151777558255 
0.2814833908946924 -0.31058919731817985 
0.28147527231926567 -0.28961211716079016 
0.2814583868427671 -0.2866037137034181 
0.2814583868427671 -0.2866037137034181 
0.28146526590275817 -0.3038947188428584 
0.28146944915834915 -0.3172546429004328 
0.281468922980933 -0.31831702471111145 
0.281468922980933 -0.31831702471111145 
0.28146146058707605 -0.34979685599822774 
0.28146072983520587 -0.3495164776336561 
0.28146072983520587 -0.3495164776336561 
0.28145847356058784 -0.3523582686145007 
0.28146452984956005 -0.3410933542632422 
0.2814631673493295 -0.34907706701753904 
0.28146212718167946 -0.3502749572125911 
0.2814689278357571 -0.31829446149027985 
0.2814725473970672 -0.32793325804888107 
0.28147342783027596 -0.32648151661345454 
0.28146478400718467 -0.291661544724218 
0.2814652753760207 -0.29147801354466785 
0.2814652753760207 -0.29147801354466785 
0.2814585799071154 -0.28936049247173035 
0.28145172528669604 -0.2861334346585188 
0.2814528136560532 -0.28432352602843686 
0.28147068396846203 -0.274962659031982 
0.28147068396846203 -0.274962659031982 
0.2814696907330412 -0.27430483709373416 
0.28147766840555916 -0.2828067554549203 
0.2814762049129607 -0.26704934401060704 
0.2814762049129607 -0.26704934401060704 
0.2814762049129607 -0.26704934401060704 
0.28147582390862613 -0.2675282245443062 
0.2814963320677837 -0.2647581646204667 
0.28149727522520646 -0.2661906931374013 
0.28149916030213995 -0.26314167436207525 
0.28149931096962827 -0.26302660940999634 
0.28149931096962827 -0.26302660940999634 
0.28149931096962827 -0.26302660940999634 
0.28149746481828 -0.2780213779092926 
0.2814977259505078 -0.28215610623778653 
0.28149968350128307 -0.27548870932598224 
0.2814993802274059 -0.27814282401198875 
0.2814994345284391 -0.2685547389972345 
0.2814994345284391 -0.2685547389972345 
0.2814994641252317 -0.27146996804161183 
0.2814994641252317 -0.27146996804161183 
0.2814994641252317 -0.27146996804161183 
0.2814994641252317 -0.27146996804161183 
0.28149941777076815 -0.27156710563081987 
0.28149941777076815 -0.27156710563081987 
0.28149941777076815 -0.27156710563081987 
0.28149941777076815 -0.27156710563081987 
0.28149941777076815 -0.27156710563081987 
0.2814960036898439 -0.2727844881327432 
0.28149557331135183 -0.27921109110288433 
0.2814956376848098 -0.3108133863555405 
0.2814956376848098 -0.3108133863555405 
0.2814956376848098 -0.3108133863555405 
0.2814956376848098 -0.3108133863555405 
0.28149096450429845 -0.32596892462150806 
0.2814914955515551 -0.3303322448195569 
0.2814936099127912 -0.29586391888321484 
0.28149569723818996 -0.29955567595727817 
0.2814960664117688 -0.29730952737398414 
0.28149544176828295 -0.3079439853556549 
0.28149545549038646 -0.3017924801041613 
0.28149545549038646 -0.3017924801041613 
0.28149545549038646 -0.3017924801041613 
0.28149545549038646 -0.3017924801041613 
0.28149989774449374 -0.30142285946601444 
0.28149989774449374 -0.30142285946601444 
0.28149989774449374 -0.30142285946601444 
0.28149989774449374 -0.30142285946601444 
0.28149989774449374 -0.30142285946601444 
0.28149989774449374 -0.30142285946601444 
0.28149989774449374 -0.30142285946601444 
0.28149989774449374 -0.30142285946601444 
0.28149989774449374 -0.30142285946601444 
0.28149989774449374 -0.30142285946601444 
0.28149989774449374 -0.30142285946601444 
0.28149989774449374 -0.30142285946601444 
0.28149834949567176 -0.31055242696924096 
0.2814983786186272 -0.3117884637741557 
0.2814983786186272 -0.3117884637741557 
0.2814949865441236 -0.2939954819700469 
0.2814949865441236 -0.2939954819700469 
0.2814942679573782 -0.29502236165256124 
0.2814942679573782 -0.29502236165256124 
0.2814942679573782 -0.29502236165256124 
0.28148950190280253 -0.29016797615864515 
0.28148952338032585 -0.2915734919894254 
0.28148572726192433 -0.29188651109686414 
0.2814889547576922 -0.30435270950955107 
0.28148398788914286 -0.3020608743849772 
0.28148398788914286 -0.3020608743849772 
0.28147695728697525 -0.315388085885787 
0.2814747384076129 -0.31104663312965614 
0.2814642855043193 -0.3019797632450673 
0.2814642855043193 -0.3019797632450673 
0.2814640108548937 -0.3019349233558464 
0.2814640108548937 -0.3019349233558464 
0.28146992776278773 -0.29608009352475056 
0.28146992776278773 -0.29608009352475056 
0.28146625692593147 -0.2820814906374041 
0.28146453937053423 -0.2778984636216352 
0.28146453937053423 -0.2778984636216352 
0.2814704291520617 -0.2814585864131563 
0.28146681331138695 -0.2756033962819535 
0.28146681331138695 -0.2756033962819535 
0.2814674554937566 -0.27509938917980775 
0.2814665665851631 -0.2720961886101403 
0.2814636261392221 -0.27105472401270814 
0.2814636261392221 -0.27105472401270814 
0.2814621537710663 -0.26306051237596767 
0.2814646693556183 -0.2656343959981263 
0.2814635159717655 -0.2624607221483624 
0.2814723770443773 -0.26288061768480275 
0.28147398402610224 -0.2699451434673313 
0.2814685827338124 -0.2699898161065082 
0.2814686531787526 -0.27003444318913444 
0.2814686531787526 -0.27003444318913444 
0.2814686531787526 -0.27003444318913444 
0.28146858697099697 -0.27068159996067387 
0.28146858697099697 -0.27068159996067387 
0.28147088661415015 -0.27557848253306894 
0.2814606281080063 -0.27430888513002377 
0.2814605243077737 -0.2743119496024505 
0.2814322834183447 -0.2817477868436772 
0.2814382335006813 -0.28323094625678197 
0.28144807371849984 -0.2795244990468017 
0.28145543820980395 -0.28293560425325703 
0.28145543820980395 -0.28293560425325703 
0.2814207086975653 -0.27503493389746375 
0.281384063635694 -0.2753329500598133 
0.28140617179524646 -0.2970492475974467 
0.28140617179524646 -0.2970492475974467 
0.28142879420310496 -0.32701283880950305 
0.28142879420310496 -0.32701283880950305 
0.2814303322847226 -0.3264844752765946 
0.2814303322847226 -0.3264844752765946 
0.2814303322847226 -0.3264844752765946 
0.28146384792934653 -0.3214472819977108 
0.2814720228686388 -0.3313206371978922 
0.2814813322236814 -0.35336690730426357 
0.2814813322236814 -0.35336690730426357 
0.2814807141987657 -0.37062634338397626 
0.2814807141987657 -0.37062634338397626 
0.28147366972732024 -0.37135282384961865 
0.28147366972732024 -0.37135282384961865 
0.28147366972732024 -0.37135282384961865 
0.2814772778991432 -0.36161309360475363 
0.2814772778991432 -0.36161309360475363 
0.28148544619143656 -0.3324088733365469 
0.28148390901481724 -0.30402191115214994 
0.28149044170806836 -0.30195389881111595 
0.2814872552804877 -0.2862045983066184 
0.28148998564196137 -0.3194281689239831 
0.28148998564196137 -0.3194281689239831 
0.28148949786593525 -0.3183931679708784 
0.2814893898212329 -0.3181458847401527 
0.2814913441970359 -0.350186505152751 
0.2814913441970359 -0.350186505152751 
0.2814913441970359 -0.350186505152751 
0.2814920437263792 -0.35529354523024803 
0.2814920437263792 -0.35529354523024803 
0.2814923426215328 -0.35428616600408736 
0.2814923426215328 -0.35428616600408736 
0.2814923426215328 -0.35428616600408736 
0.2814937427935805 -0.34080638940993835 
0.2814937427935805 -0.34080638940993835 
0.2814937427935805 -0.34080638940993835 
0.2814937399760994 -0.34090029326217325 
0.2814907812845162 -0.3427190547729238 
0.28149243852525807 -0.3364909322037119 
0.28149243852525807 -0.3364909322037119 
0.2814885880952808 -0.34458912995262536 
0.2814891255107402 -0.3405729756658045 
0.28148550243070264 -0.3539900945655764 
0.28148550243070264 -0.3539900945655764 
0.28148550243070264 -0.3539900945655764 
0.2814873672477146 -0.3421754913627798 
0.28147740413801936 -0.3395989406681397 
0.28147933519039126 -0.34222834725254564 
0.28148268166503904 -0.32254214689796223 
0.2814838050159775 -0.3225130054342416 
0.28148465702696657 -0.31518132192470977 
0.2814872308660639 -0.30271252034977547 
0.281484729494495 -0.3103676127023974 
0.2814826279668095 -0.3121908052867252 
0.2814907805253129 -0.2966871962852611 
0.28149012046105915 -0.30248533299616065 
0.2814900911229078 -0.28764903945739306 
0.2814942565256569 -0.28883763859303196 
0.28149857787592425 -0.26692994050320795 
0.2814975838986652 -0.2676646960105585 
0.2814975838986652 -0.2676646960105585 
0.2814928953575616 -0.27196405544105273 
0.2814928953575616 -0.27196405544105273 
0.28149307352873004 -0.26882748756582536 
0.2814936994527543 -0.31454106636755935 
0.2814933401772458 -0.3063476907287888 
0.2814879855182652 -0.31308509835357956 
0.28149223186005184 -0.30400867998569076 
0.28148613715883924 -0.3196277175504096 
0.28148991395778317 -0.3453723881425186 
0.28149023367309056 -0.3488536285915905 
0.28149023367309056 -0.3488536285915905 
0.28149023367309056 -0.3488536285915905 
0.28149893293303624 -0.3743666353700911 
0.28149893293303624 -0.3743666353700911 
0.28149893293303624 -0.3743666353700911 
0.28149893293303624 -0.3743666353700911 
0.28149707464145196 -0.345357181791864 
0.2814962794033429 -0.36565298370576893 
0.2814962794033429 -0.36565298370576893 
0.2814962794033429 -0.36565298370576893 
0.2814962794033429 -0.36565298370576893 
0.2814962794033429 -0.36565298370576893 
0.2814962794033429 -0.36565298370576893 
0.2814962794033429 -0.36565298370576893 
0.2814965984903285 -0.37828300607782134 
0.28149670621605105 -0.37891669250664073 
0.2814967381393687 -0.3739138461039708 
0.2814967381393687 -0.3739138461039708 
0.281491399364797 -0.3540519790681744 
0.281491399364797 -0.3540519790681744 
0.281491399364797 -0.3540519790681744 
0.2814945734390236 -0.36043643233586076 
0.2814969963119836 -0.3565604484600155 
0.2814969963119836 -0.3565604484600155 
0.2814965547919239 -0.374349163886372 
0.2814961396745887 -0.37545449523612845 
0.2814961396745887 -0.37545449523612845 
0.2814961396745887 -0.37545449523612845 
0.2814961396745887 -0.37545449523612845 
0.28148050913198475 -0.34705246423982994 
0.2814746286635397 -0.3169865076870338 
0.28147732199612163 -0.3312387941449371 
0.28147784638269724 -0.33079277882267855 
0.2814871925586878 -0.32396244969499827 
0.2814852532204669 -0.30656301608446085 
0.2814864495037524 -0.3029116273513792 
0.2814812413512986 -0.29424660259073704 
0.2814812413512986 -0.29424660259073704 
0.28148115945012997 -0.2941397355153549 
0.28148115945012997 -0.2941397355153549 
0.28148115945012997 -0.2941397355153549 
0.28148556951736464 -0.297372922566743 
0.2814806178478044 -0.2935196897787266 
0.281467026959949 -0.30078130352287363 
0.2814507750964114 -0.3034446124621743 
0.28145076128593477 -0.30339673573664927 
0.28147009316247257 -0.3126647816440657 
0.2814750978558293 -0.30564829190253046 
0.2814740307569118 -0.30131534447555947 
0.2814607805477073 -0.3047903548203659 
0.2814607805477073 -0.3047903548203659 
0.2814607805477073 -0.3047903548203659 
0.28144727097209987 -0.29514006030827616 
0.2814477325835781 -0.2951152499261031 
0.2814477325835781 -0.2951152499261031 
0.28144878332737955 -0.29577918106398265 
0.28144878332737955 -0.29577918106398265 
0.281440750742329 -0.2749064806778711 
0.28144081831874806 -0.27498592474294065 
0.2814603008221521 -0.270437504936177 
0.28145405868062723 -0.27137804387692627 
0.2814429495950292 -0.2662602184868582 
0.2814429495950292 -0.2662602184868582 
0.28145345020858764 -0.265035595728259 
0.28145345020858764 -0.265035595728259 
0.281460561428791 -0.2711053697595234 
0.281443636452716 -0.2629582344723122 
0.281443636452716 -0.2629582344723122 
0.281443636452716 -0.2629582344723122 
0.281443636452716 -0.2629582344723122 
0.28146833311912417 -0.26262978657537467 
0.28146833311912417 -0.26262978657537467 
0.28146882467498063 -0.2644704002054236 
0.28146882467498063 -0.2644704002054236 
0.28146882467498063 -0.2644704002054236 
0.281478506989262 -0.29387337997298435 
0.2814690189808194 -0.2990207292633726 
0.2814690189808194 -0.2990207292633726 
0.2814829064602547 -0.27657275754954996 
0.2814813711985993 -0.27280105151290984 
0.28148291922489527 -0.274411808163855 
0.28147653142672274 -0.27242831860834565 
0.28147653142672274 -0.27242831860834565 
0.28147653142672274 -0.27242831860834565 
0.28147653142672274 -0.27242831860834565 
0.281483416296157 -0.3051112073567683 
0.2814877572321641 -0.2989727429931974 
0.28149146959410976 -0.3131947911202856 
0.2814945131194267 -0.31387887887955407 
0.2814945131194267 -0.31387887887955407 
0.28148877686717616 -0.3049469240990387 
0.28148877686717616 -0.3049469240990387 
0.28148877686717616 -0.3049469240990387 
0.2814955999593581 -0.27328490742913225 
0.2814955999593581 -0.27328490742913225 
0.2814955999593581 -0.27328490742913225 
0.2814955999593581 -0.27328490742913225 
0.28149529817849406 -0.27109916798746087 
0.28149529817849406 -0.27109916798746087 
0.2814953173111645 -0.2698811270409617 
0.2814940108404514 -0.26786212537025883 
0.2814910223132914 -0.29316444190422 
0.2814910223132914 -0.29316444190422 
0.2814910223132914 -0.29316444190422 
0.2814843077054039 -0.31188540685372323 
0.28148140839743746 -0.3251208452264186 
0.28148140839743746 -0.3251208452264186 
0.2814826824563151 -0.3291875248338138 
0.28147383291201233 -0.3732701250919485 
0.28147469211266835 -0.37614905441404706 
0.2814780881484494 -0.3606507300026802 
0.28147730790109116 -0.3648416776449481 
0.28147730790109116 -0.3648416776449481 
0.28147609314388183 -0.3507132280553343 
0.28147601022940777 -0.34570919489086466 
0.2814758686972701 -0.346849121672106 
0.2814758686972701 -0.346849121672106 
0.2814758686972701 -0.346849121672106 
0.2814826143458818 -0.34709671334280134 
0.2814825978577161 -0.34653107172160963 
0.28149613859845074 -0.3664877970674689 
0.28149613859845074 -0.3664877970674689 
0.28149613859845074 -0.3664877970674689 
0.281489648037275 -0.34776369760249 
0.28149258301428115 -0.3309748337203991 
0.28149928878286107 -0.35633207934525357 
0.28149928878286107 -0.35633207934525357 
0.2814955194785876 -0.34751728899675893 
0.2814962535083641 -0.3317671168619317 
0.2814956123963523 -0.33567671428916795 
0.28149630041092605 -0.352579889350348 
0.28149630683642995 -0.3524946153999941 
0.28149630683642995 -0.3524946153999941 
0.28149630683642995 -0.3524946153999941 
0.28149630683642995 -0.3524946153999941 
0.28149630683642995 -0.3524946153999941 
0.28149659624893525 -0.33681041740978973 
0.2814959265155217 -0.34956508199432734 
0.2814959265155217 -0.34956508199432734 
0.2814959265155217 -0.34956508199432734 
0.28148948163603366 -0.32222155041612077 
0.28148948163603366 -0.32222155041612077 
0.28148807798839615 -0.3186788059985935 
0.28148807798839615 -0.3186788059985935 
0.28148807798839615 -0.3186788059985935 
0.281490785320901 -0.32734987932991 
0.281490785320901 -0.32734987932991 
0.2814979156011665 -0.35059397786788227 
0.2814979156011665 -0.35059397786788227 
0.2814979156011665 -0.35059397786788227 
0.2814979156011665 -0.35059397786788227 
0.28149975807153177 -0.354342143889752 
0.28149975807153177 -0.354342143889752 
0.28149975807153177 -0.354342143889752 
0.2814943339062529 -0.3256490757576308 
0.2814943339062529 -0.3256490757576308 
0.2814934028276329 -0.3162227063808576 
0.28149323704042306 -0.3393507417901259 
0.2814940208785236 -0.3507509768160054 
0.2814947568553566 -0.3594489175779161 
0.28149872691156785 -0.37458761963186626 
0.28149872691156785 -0.37458761963186626 
0.28149872691156785 -0.37458761963186626 
0.28149872691156785 -0.37458761963186626 
0.2814969840804837 -0.37010533213586116 
0.2814977356139485 -0.3714299142558517 
0.2814972775697606 -0.34741684817768637 
0.2814972775697606 -0.34741684817768637 
0.2814975222045794 -0.3279476474341029 
0.2814975222045794 -0.3279476474341029 
0.2814975222045794 -0.3279476474341029 
0.2814964223194084 -0.3247721931640774 
0.28149681382658787 -0.33775322555724174 
0.28149681382658787 -0.33775322555724174 
0.2814966242294803 -0.301933043572226 
0.28149783768273323 -0.31698934290332714 
0.2814972984455027 -0.3382179479926715 
0.2814972984455027 -0.3382179479926715 
0.2814946599106622 -0.34827219619366084 
0.28149461325339803 -0.34721119200127193 
0.2814937866703848 -0.3350390456100365 
0.28148990266317103 -0.31359553290289316 
0.281490511657394 -0.3159006208122787 
0.28149359818657405 -0.3193667969766321 
0.2814931697864503 -0.3152334765230354 
0.2814927625370217 -0.3117180127940618 
0.28149013925477256 -0.301727609135114 
0.2814942685851062 -0.2939487022035566 
0.2814926280951276 -0.29726265383174555 
0.2814926280951276 -0.29726265383174555 
0.2814922341860697 -0.301423223900361 
0.28149595452539955 -0.32176554866575025 
0.28149595452539955 -0.32176554866575025 
0.28149572241017523 -0.3153000907601831 
0.2814959404764717 -0.30291458403092936 
0.2814959404764717 -0.30291458403092936 
0.281493637293871 -0.332505230516349 
0.281493637293871 -0.332505230516349 
0.2814895967365643 -0.30751473779635097 
0.2814908244263897 -0.317159065575988 
0.2814908244263897 -0.317159065575988 
0.2814908244263897 -0.317159065575988 
0.2814908244263897 -0.317159065575988 
0.2814916095514227 -0.32131434284021115 
0.2814912957349362 -0.3185620735803987 
0.2814912957349362 -0.3185620735803987 
0.28148714235290934 -0.31605970500611613 
0.28148761715744236 -0.31833311941598574 
0.2814858641277478 -0.31017808416805315 
0.281488056781171 -0.32577120987214475 
0.281490996455804 -0.32825288608194847 
0.28148685386197037 -0.3073708704988864 
0.2814847298764199 -0.30093547713990776 
0.2814934198616819 -0.30865632019000855 
0.2814933491281213 -0.3069820670217942 
0.2814933491281213 -0.3069820670217942 
0.2814933491281213 -0.3069820670217942 
0.2814898297463633 -0.3091916523441178 
0.2814909296938947 -0.3118502131261422 
0.28149552856393195 -0.3140871588059274 
0.28149707619164877 -0.32083594235128343 
0.28149212053110617 -0.31808801858757557 
0.2814897632099587 -0.3133824837855579 
0.28148646672169575 -0.3082596585643083 
0.28148636286926776 -0.30764543705722 
0.28148636286926776 -0.30764543705722 
0.2814921156264611 -0.30442916797934844 
0.2814893626620146 -0.3225664430890992 
0.2814857309362777 -0.32242787268263495 
0.28148326755402653 -0.3288290096749584 
0.28148117751165397 -0.317133730750828 
0.28148526280217395 -0.33173189178858375 
0.28149060777109713 -0.347551869282984 
0.2814902532236714 -0.34297739544185335 
0.2814908177753254 -0.34518471014391616 
0.2814908177753254 -0.34518471014391616 
0.2814897577848034 -0.37512688565273533 
0.2814897577848034 -0.37512688565273533 
0.2814897577848034 -0.37512688565273533 
0.28148704781463674 -0.3498675696823987 
0.2814837088086614 -0.3503961655159353 
0.2814809977888876 -0.36136486138618507 
0.2814705816579244 -0.352777051811833 
0.2814704231686242 -0.34831747980383165 
0.2814704231686242 -0.34831747980383165 
0.2814704231686242 -0.34831747980383165 
0.2814693773124992 -0.3459380546620519 
0.281475096058436 -0.34195212820886217 
0.28147853051454075 -0.3290127597461721 
0.281479574208029 -0.3506690099320956 
0.2814829453547838 -0.3462947852121342 
0.2814771420964646 -0.3340586505185868 
0.2814787443104676 -0.32968995279201896 
0.2814745072032685 -0.3179915951394355 
0.2814839302597424 -0.31380444887793985 
0.2814853336036529 -0.3211727459725771 
0.2814804723406433 -0.32850717559562315 
0.2814865535583816 -0.3149696734177196 
0.2814865535583816 -0.3149696734177196 
0.28149582295851117 -0.3341850520738113 
0.2814944363251662 -0.3190885239085733 
0.2814932774171829 -0.3106654204808492 
0.2814931029795339 -0.3085525761528293 
0.28149414189418104 -0.31097043768929966 
0.28149414189418104 -0.31097043768929966 
0.28149414189418104 -0.31097043768929966 
0.2814892076028877 -0.3124844514868102 
0.2814892076028877 -0.3124844514868102 
0.28148921028009355 -0.3265476030614669 
0.28148589770411103 -0.34912106702384815 
0.28148816244496333 -0.34129328967772155 
0.2814869297942504 -0.33734177094376605 
0.2814869297942504 -0.33734177094376605 
0.2814852646283508 -0.34691194721233176 
0.2814847836393434 -0.350720067366078 
0.2814893226167271 -0.3297441445952827 
0.2814990317924931 -0.3257437703018886 
0.28149974503285974 -0.32358792718898916 
0.2814992888231564 -0.32142540981962153 
0.2814959914219787 -0.309958384305567 
0.281495701222081 -0.29484650314246824 
0.281495701222081 -0.29484650314246824 
0.28149589979632333 -0.27512871121716925 
0.28149454243215194 -0.29570959954246945 
0.28149454243215194 -0.29570959954246945 
0.28149454243215194 -0.29570959954246945 
0.28149454243215194 -0.29570959954246945 
0.28149454243215194 -0.29570959954246945 
0.28149275390598716 -0.2957655835979036 
0.2814935873397397 -0.2952009760017837 
0.28149510737605166 -0.299980322260797 
0.2814996655569222 -0.3086225940068116 
0.2814991845480901 -0.310850804153166 
0.2814991845480901 -0.310850804153166 
0.28149875882449715 -0.31753949946728544 
0.2814948600561644 -0.30796741631381824 
0.2814948600561644 -0.30796741631381824 
0.2814948600561644 -0.30796741631381824 
0.2814948600561644 -0.30796741631381824 
0.2814948600561644 -0.30796741631381824 
0.2814948600561644 -0.30796741631381824 
0.2814978650753104 -0.31347156415129274 
0.28148975325462133 -0.30794982043768393 
0.281487770322261 -0.29579822858266075 
0.2814912802874883 -0.32038392172277375 
0.2814891169391098 -0.30990982615847534 
0.2814891169391098 -0.30990982615847534 
0.2814894998189059 -0.301320849380897 
0.28148836740118904 -0.3045876505970561 
0.28148836740118904 -0.3045876505970561 
0.28148836740118904 -0.3045876505970561 
0.2814883513435708 -0.30455920790150215 
0.28148860261608777 -0.30272840868624107 
0.28148860261608777 -0.30272840868624107 
0.28148946639059946 -0.3006496603689056 
0.28148946639059946 -0.3006496603689056 
0.2814908186263588 -0.3049525616901136 
0.2814908186263588 -0.3049525616901136 
0.2814838544293111 -0.3155327547382122 
0.2814838544293111 -0.3155327547382122 
0.2814838544293111 -0.3155327547382122 
0.2814868576696106 -0.2826318702472578 
0.2814868576696106 -0.2826318702472578 
0.2814869939442971 -0.28161990710220675 
0.2814869939442971 -0.28161990710220675 
0.281479236074459 -0.2864409614852504 
0.2814879158748836 -0.2817584520372022 
0.2814879158748836 -0.2817584520372022 
0.2814834912462783 -0.2880732769843678 
0.2814785458550066 -0.30672906458255145 
0.2814801010352027 -0.30067780133506683 
0.2814801010352027 -0.30067780133506683 
0.2814801010352027 -0.30067780133506683 
0.2814801010352027 -0.30067780133506683 
0.28147360487521594 -0.30869376081884103 
0.28146052643186725 -0.3058173910826881 
0.28146052643186725 -0.3058173910826881 
0.28145300931181694 -0.3249385588198971 
0.2814625096523027 -0.3002933950738423 
0.28145606299380016 -0.2903622057067015 
0.28145053366247635 -0.290789269917952 
0.2814594742427482 -0.2945339553671191 
0.2814594742427482 -0.2945339553671191 
0.2814594742427482 -0.2945339553671191 
0.2814518835708423 -0.2902157735674124 
0.28144501749763895 -0.29182144375721925 
0.28144501749763895 -0.29182144375721925 
0.2814540074385475 -0.3162033508400012 
0.2814540074385475 -0.3162033508400012 
0.28144565805275196 -0.34643369556910086 
0.28144565805275196 -0.34643369556910086 
0.28144963522187266 -0.34072626626316915 
0.28144874611637766 -0.3411966389740213 
0.28146980671530375 -0.3071366806433892 
0.28146980671530375 -0.3071366806433892 
0.28147058965541316 -0.30580383628943547 
0.2814679196145102 -0.32624485637059836 
0.28145972211493553 -0.31645708010483264 
0.28145972211493553 -0.31645708010483264 
0.2814689276882074 -0.32155653690455854 
0.281473609372711 -0.3097383455377556 
0.28146262545587675 -0.3386668260221195 
0.28146262545587675 -0.3386668260221195 
0.2814610021263796 -0.3429532616187382 
0.28147067151856336 -0.34955882131210386 
0.28145538484777705 -0.35535972261928506 
0.2814615344952739 -0.3451355787468253 
0.2814608596853148 -0.3496610046665493 
0.2814608596853148 -0.3496610046665493 
0.2814592434209073 -0.341107819406151 
0.2814631197659626 -0.34136631036790716 
0.2814631197659626 -0.34136631036790716 
0.2814631197659626 -0.34136631036790716 
