0.07712127097111102 0.15925797718982476 
0.09079759452038443 0.16322522876442175 
0.08551642632849957 0.16343212286971057 
0.11275727301979345 0.1621050314009603 
0.11328420454636312 0.1669115972917341 
0.11328420454636312 0.1669115972917341 
0.1023266248046793 0.17627423011920978 
0.10398495416359663 0.1755792199782827 
0.09974927187023787 0.18285441560977017 
0.10968456832773923 0.18156255828320847 
0.10923882226361421 0.18342324513812897 
0.10656406023761937 0.1855213926524752 
0.11984661225395354 0.17664728669142737 
0.12609649951993165 0.17713997102415938 
0.14231121956261378 0.17833478938214223 
0.14191680790014402 0.1786131238615523 
0.14497619499041914 0.17745835621522113 
0.14695141097099174 0.17280114369941252 
0.1651074337115241 0.16895029096882136 
0.1664626651119718 0.1689382060184874 
0.1664626651119718 0.1689382060184874 
0.1664626651119718 0.1689382060184874 
0.178873887495554 0.16723891983998473 
0.178873887495554 0.16723891983998473 
0.1760219430827551 0.16765444309465943 
0.1760219430827551 0.16765444309465943 
0.15916343371438707 0.16530496591409877 
0.15044355705815965 0.16695255228004924 
0.17174821848498972 0.17272989224552973 
0.18102107825140756 0.17170860132841337 
0.17788683918739515 0.17187134376673724 
0.140023276951663 0.16977671591741506 
0.1334534545973483 0.16989343498507276 
0.13687921428175895 0.16940734213784908 
0.16854210581438048 0.16394295502753192 
0.1588236327351191 0.17021440575063485 
0.15078942704492718 0.17070095041010833 
0.15078942704492718 0.17070095041010833 
0.15078942704492718 0.17070095041010833 
0.15078942704492718 0.17070095041010833 
0.15078942704492718 0.17070095041010833 
0.15078942704492718 0.17070095041010833 
0.16114260318193468 0.17179934308402087 
0.16052867333544574 0.17230150283690035 
0.16052867333544574 0.17230150283690035 
0.16052867333544574 0.17230150283690035 
0.15959804065841587 0.17650840764331208 
0.16026553990077885 0.17560877950351106 
0.16026553990077885 0.17560877950351106 
0.16519065235045702 0.17523272686867394 
0.13732014081239094 0.17201028371222415 
0.13708114725530862 0.17254604723849545 
0.12345097254123966 0.16879583521633523 
0.12289224735247803 0.16910526785932511 
0.12289224735247803 0.16910526785932511 
0.12018432708646243 0.17217249737149354 
0.10025314292428211 0.1712940487218297 
0.10025314292428211 0.1712940487218297 
0.08882168172898933 0.16954068944068781 
0.0855893314104802 0.16903218248426594 
0.08685618149953103 0.16917958808574826 
0.08685618149953103 0.16917958808574826 
0.08263431733923024 0.17176588923752234 
0.08222222992088019 0.17525274733508617 
0.0681081545513618 0.17535149593413402 
0.0681081545513618 0.17535149593413402 
0.0673796942707181 0.17576694055545344 
0.0673796942707181 0.17576694055545344 
0.06997534228389764 0.18314010342453518 
0.06992181285828207 0.1842105336836415 
0.06822731771101431 0.18312031605007445 
0.07021357531320749 0.18335406758335912 
0.07021357531320749 0.18335406758335912 
0.07021357531320749 0.18335406758335912 
0.07021357531320749 0.18335406758335912 
0.07021357531320749 0.18335406758335912 
0.07021357531320749 0.18335406758335912 
0.07566768648639449 0.19199165081485925 
0.06373285832547446 0.1945338068781239 
0.06373285832547446 0.1945338068781239 
0.07207279036188453 0.19373888751464127 
0.07207279036188453 0.19373888751464127 
0.10295343359939096 0.19003461571354846 
0.10295343359939096 0.19003461571354846 
0.10361759077766663 0.20081972267316694 
0.11563733292854798 0.20982738068797424 
0.11563733292854798 0.20982738068797424 
0.11409863608160112 0.20429389299033207 
0.11409863608160112 0.20429389299033207 
0.10367660805270094 0.1912319134609206 
0.12533845029371699 0.18725845783912148 
0.12604833716531316 0.1874901469726992 
0.12604833716531316 0.1874901469726992 
0.13326039926790906 0.18045443190715796 
0.17885681955818655 0.183230707737886 
0.13343227948612668 0.17839565744645774 
0.13727763585277064 0.18076623987250395 
0.1331052929350979 0.1797015712105707 
0.13913154184226914 0.18151796245434293 
0.14018822940970488 0.18157094897766038 
0.13725914367969247 0.17894427257332854 
0.15903280642965817 0.1750338819481584 
0.15903280642965817 0.1750338819481584 
0.1310850939851872 0.1792220153521336 
0.13926305054565674 0.17741667725860819 
0.1423368233446392 0.17725310721801213 
0.14718622633748282 0.17769085029668955 
0.14718622633748282 0.17769085029668955 
0.14718622633748282 0.17769085029668955 
0.1483477210313015 0.17768877700131488 
0.1514946111165055 0.17704731752401637 
0.16123762292869798 0.18036122038087343 
0.1554009116611752 0.1797907013957929 
0.1335124069758674 0.17770516748580623 
0.1335124069758674 0.17770516748580623 
0.13786911882471664 0.17936507358927808 
0.13786911882471664 0.17936507358927808 
0.1778911085484471 0.191190690974715 
0.1778911085484471 0.191190690974715 
0.15840987683934932 0.18731511379603147 
0.15840987683934932 0.18731511379603147 
0.1671249333625286 0.17537814490256082 
0.1612904919293822 0.1728157996580045 
0.14599948818772263 0.17628382976241844 
0.14630820672440606 0.1769131691492447 
0.16837231122139668 0.19193870394690055 
0.16837231122139668 0.19193870394690055 
0.16837231122139668 0.19193870394690055 
0.16837231122139668 0.19193870394690055 
0.16837231122139668 0.19193870394690055 
0.16837231122139668 0.19193870394690055 
0.16837231122139668 0.19193870394690055 
0.16837231122139668 0.19193870394690055 
0.15659237178731134 0.18978455949715642 
0.17919940479714716 0.19658051366389825 
0.17919940479714716 0.19658051366389825 
0.17919940479714716 0.19658051366389825 
0.17919940479714716 0.19658051366389825 
0.17153458341391517 0.18033720911826204 
0.16928062341373015 0.18228049294602494 
0.1693153880586208 0.18221728962672606 
0.1703416403658836 0.18225927636950973 
0.1703416403658836 0.18225927636950973 
0.17033171056316748 0.1825392982787066 
0.1665134067309557 0.18255070827273184 
0.15615655825850266 0.185442619343887 
0.15121651936184283 0.18883885099669417 
0.15350204788617683 0.1893712328044371 
0.15350204788617683 0.1893712328044371 
0.15350204788617683 0.1893712328044371 
0.15350204788617683 0.1893712328044371 
0.14542945973367202 0.19485181615880748 
0.14542945973367202 0.19485181615880748 
0.13551454727115667 0.18635631075168813 
0.13550694227251855 0.18563972292234063 
0.12186367475195053 0.19530931895861586 
0.11959761353791742 0.19736574430755036 
0.11959761353791742 0.19736574430755036 
0.11959761353791742 0.19736574430755036 
0.12661997829153793 0.2018617408392735 
0.1371623825767856 0.20569754655307887 
0.1371623825767856 0.20569754655307887 
0.13333575948425122 0.2109879311826974 
0.13333575948425122 0.2109879311826974 
0.13333575948425122 0.2109879311826974 
0.1339174785770518 0.2113983325275012 
0.1339174785770518 0.2113983325275012 
0.1339174785770518 0.2113983325275012 
0.13857757663611753 0.22755393072665575 
0.13712491769951543 0.22340541230106759 
0.13712491769951543 0.22340541230106759 
0.13908932244208908 0.2251157032959143 
0.13908932244208908 0.2251157032959143 
0.13908932244208908 0.2251157032959143 
0.1281218584078914 0.2379428204508167 
0.1281218584078914 0.2379428204508167 
0.1293257753213219 0.24364603354704006 
0.1278994690827399 0.22962269429485385 
0.14004943875968134 0.1979556791117384 
0.11214369494773119 0.18057277962880314 
0.1094395561416448 0.18137658029047538 
0.10517978390538525 0.17877668782372985 
0.11964167314607174 0.17750138807110363 
0.13138357773009743 0.17853723182439796 
0.14605717455279546 0.18463034915017165 
0.14605717455279546 0.18463034915017165 
0.14605717455279546 0.18463034915017165 
0.14605717455279546 0.18463034915017165 
0.14583452787906082 0.1918088654800796 
0.15187855542548745 0.18858787567301655 
0.15187855542548745 0.18858787567301655 
0.15187855542548745 0.18858787567301655 
0.17672045454824237 0.19277509721991418 
0.17672045454824237 0.19277509721991418 
0.17672045454824237 0.19277509721991418 
0.17672045454824237 0.19277509721991418 
0.1749275442731029 0.19241350636571383 
0.16817178481367362 0.1898928869797368 
0.16817178481367362 0.1898928869797368 
0.14768220805884366 0.17342883390895902 
0.14768220805884366 0.17342883390895902 
0.1388097890878529 0.17067351086255364 
0.11901603501386995 0.16933242092763956 
0.11653350666658079 0.17042822634163707 
0.11994184966288239 0.16982785967208597 
0.12048440713776679 0.16511322981631457 
0.1277807917921128 0.17007294823862862 
0.13078340779900738 0.16991771371929965 
0.12257066758151068 0.17260360269996333 
0.12057723974996633 0.17104944503615732 
0.12057723974996633 0.17104944503615732 
0.12057723974996633 0.17104944503615732 
0.13224022867598734 0.1757428845002144 
0.1473047079894534 0.17356133346399102 
0.1473047079894534 0.17356133346399102 
0.16604486257251885 0.17434303729577652 
0.16425299193317083 0.17440078402961892 
0.16425299193317083 0.17440078402961892 
0.16425299193317083 0.17440078402961892 
0.16425299193317083 0.17440078402961892 
0.16511766085174562 0.168221349745377 
0.16511766085174562 0.168221349745377 
0.16321158369652708 0.17088796453881064 
0.17869920640125547 0.16576547444990583 
0.17892713212147562 0.16949456739177088 
0.1688009625306695 0.16880487248406417 
0.1688009625306695 0.16880487248406417 
0.1688009625306695 0.16880487248406417 
0.1653629635169923 0.17099098348249317 
0.1653629635169923 0.17099098348249317 
0.1653629635169923 0.17099098348249317 
0.1666477059785488 0.1711468334386055 
0.1666477059785488 0.1711468334386055 
0.12726654213634273 0.16856357308042946 
0.12639351673107938 0.17049508078496048 
0.1240972560175847 0.17076264932574903 
0.10829237462942173 0.16947365153594152 
0.11050756527893202 0.16965251633609155 
0.12006234905548951 0.1671422407417786 
0.11185707129789202 0.16518808734435322 
0.09791228577570377 0.17518559163553168 
0.10354104836039865 0.17379154952436562 
0.13907365065592076 0.17510777514050552 
0.15165436021768905 0.1731297925190053 
0.15165436021768905 0.1731297925190053 
0.15165436021768905 0.1731297925190053 
0.15267292031763247 0.17310077576339733 
0.15267292031763247 0.17310077576339733 
0.16775845722812532 0.17370966367303406 
0.16436085188271812 0.17431995764303665 
0.17609919557958406 0.17685928213514418 
0.17609919557958406 0.17685928213514418 
0.17609919557958406 0.17685928213514418 
0.17609919557958406 0.17685928213514418 
0.17609919557958406 0.17685928213514418 
0.17609919557958406 0.17685928213514418 
0.17491012433079364 0.16750366604056965 
0.18046743464622342 0.16824113419787656 
0.14447744862709366 0.17124021732060238 
0.14447744862709366 0.17124021732060238 
0.18071949562637105 0.1690736319874695 
0.18071949562637105 0.1690736319874695 
0.18071949562637105 0.1690736319874695 
0.17033393623011406 0.1697639811924782 
0.17033393623011406 0.1697639811924782 
0.16780684427137213 0.1694701271580308 
0.16780684427137213 0.1694701271580308 
0.16780684427137213 0.1694701271580308 
0.16780684427137213 0.1694701271580308 
0.16780684427137213 0.1694701271580308 
0.16780684427137213 0.1694701271580308 
0.1408643813364038 0.1663982059499947 
0.1457820423594122 0.1697933343390967 
0.14359481688093034 0.1702490157546017 
0.14269969442167144 0.17142622561911502 
0.13926942776589935 0.17359400240208953 
0.12544999022298908 0.17416930324986288 
0.12280739146459957 0.17401464377975784 
0.12228308866201856 0.17389137086498357 
0.08670707182978608 0.17985701355610254 
0.09337531377895925 0.19219373577079865 
0.09755559121705364 0.19133752371680463 
0.09755559121705364 0.19133752371680463 
0.1015594106952906 0.19073123947254111 
0.11272487465500401 0.18856590795393505 
0.13273098376473927 0.19571698193983733 
0.14383722573072555 0.17842927779113657 
0.14383722573072555 0.17842927779113657 
0.1425840499752722 0.17897552661427396 
0.1425840499752722 0.17897552661427396 
0.14394332606060575 0.17999628357713884 
0.14394332606060575 0.17999628357713884 
0.14394332606060575 0.17999628357713884 
0.14378898935364498 0.18772893543476887 
0.15111327784091735 0.18423258450510507 
0.14627796976698013 0.17814653687395762 
0.13611749782238997 0.18097155046373573 
0.14944040518311663 0.1829142858594163 
0.15064589167553571 0.18278099545689339 
0.15148885914282803 0.18408476623047865 
0.1727987899967277 0.1863792285770274 
0.1727987899967277 0.1863792285770274 
0.1727987899967277 0.1863792285770274 
0.16732557256284916 0.18195632594924302 
0.16723756526261654 0.18493759200803703 
0.16723756526261654 0.18493759200803703 
0.16000953012531055 0.1850913435258972 
0.17051906677317313 0.18823836217729747 
0.17051906677317313 0.18823836217729747 
0.14320281273098232 0.18398397356891216 
0.14320281273098232 0.18398397356891216 
0.1491236010423563 0.17978122865606738 
0.14693978811235947 0.18166494015799917 
0.14693978811235947 0.18166494015799917 
0.14693978811235947 0.18166494015799917 
0.14761374838058794 0.18157729128392583 
0.1568332281479864 0.18861963194644923 
0.14032420660754077 0.18397659263403382 
0.1369883048696119 0.1838992343861529 
0.14743406422914612 0.1872803946698447 
0.1457780561642739 0.18705247701640348 
0.11932391121655217 0.17702685716476635 
0.1025136659490892 0.17542019285094526 
0.1021814267836735 0.17515667887595351 
0.11521810412270944 0.17507178881602062 
0.11561125561389583 0.1750922198810693 
0.10175980968647316 0.17469441468749367 
0.08977455191397936 0.17830693149832655 
0.08977455191397936 0.17830693149832655 
0.08984428721550855 0.1781691515947074 
0.09938749128390072 0.17671212743578907 
0.09938749128390072 0.17671212743578907 
0.09938749128390072 0.17671212743578907 
0.10864203053366935 0.18139556002772086 
0.10864203053366935 0.18139556002772086 
0.10971394407415608 0.1813911155493914 
0.11173687691072828 0.18092953615319435 
0.11010120160858064 0.1797766276574025 
0.10836502259842364 0.1801878091740576 
0.09421022916603398 0.19820383423611232 
0.09421022916603398 0.19820383423611232 
0.10315512547835658 0.20554033320046572 
0.11212622967216666 0.20242776680600266 
0.13329661888001543 0.19403861451950535 
0.13329661888001543 0.19403861451950535 
0.13329661888001543 0.19403861451950535 
0.11571479395557263 0.18331370158756774 
0.11210953038838604 0.1820238170264449 
0.12967059904740474 0.1907708653150573 
0.12802882360376192 0.19414432587530733 
0.12084680389038055 0.18964159104963652 
0.12549095384545783 0.1921809017673812 
0.12703835950144038 0.19336726968876403 
0.1131263959165522 0.19052881845988137 
0.1041418915866527 0.18668873416298373 
0.10452495171492937 0.1867470797626227 
0.1088098078049868 0.18249649318739877 
0.11630234194577384 0.1875733979293103 
0.12229923715130356 0.18000970416840206 
0.12229923715130356 0.18000970416840206 
0.11585612728459022 0.17705295935431903 
0.1350425406590548 0.1804486242435997 
0.1340534346389638 0.1802083268361009 
0.11815713176749183 0.17237605054202618 
0.14607375049471533 0.1706560005174086 
0.14607375049471533 0.1706560005174086 
0.14722830215558466 0.17048354223450846 
0.16308681880396442 0.1687361179555238 
0.1434143170875622 0.1742242735253849 
0.14210659207774243 0.17482736246600492 
0.14210659207774243 0.17482736246600492 
0.1506333569505287 0.1738928407679443 
0.15117038017583082 0.17388256245638606 
0.15117038017583082 0.17388256245638606 
0.15117038017583082 0.17388256245638606 
0.14489312039508548 0.17549954223979858 
0.12517463810988697 0.17708608361703804 
0.1270163025533529 0.18298618506160058 
0.12489850501419882 0.1837552923068307 
0.13015553526106938 0.1862613275406029 
0.13680873957980924 0.19367368759778414 
0.138871277164959 0.195157757497858 
0.1371978880516662 0.18328287030325252 
0.1371978880516662 0.18328287030325252 
0.13764265474192222 0.18446743154526968 
0.13751143234910343 0.18443124668214908 
0.13654454084970943 0.18441648112524092 
0.13652563663582812 0.18445556495300366 
0.13626034168623907 0.18452357511236434 
0.12861828015086185 0.19686080875895443 
0.12653901071720577 0.19911548545236918 
0.13055793314415584 0.20191170194218783 
0.12846511676935893 0.1989651970699393 
0.12846511676935893 0.1989651970699393 
0.13065284748748981 0.19744167271919072 
0.13065284748748981 0.19744167271919072 
0.13065284748748981 0.19744167271919072 
0.1213816914949456 0.2084344817055969 
0.1213816914949456 0.2084344817055969 
0.1213816914949456 0.2084344817055969 
0.1213816914949456 0.2084344817055969 
0.1213816914949456 0.2084344817055969 
0.1213816914949456 0.2084344817055969 
0.1213816914949456 0.2084344817055969 
0.11373145615828742 0.19733004613616362 
0.10460280167795397 0.2080919068027797 
0.10460280167795397 0.2080919068027797 
0.10460280167795397 0.2080919068027797 
0.10460280167795397 0.2080919068027797 
0.10460280167795397 0.2080919068027797 
0.10245000223785744 0.20143645858287984 
0.10245000223785744 0.20143645858287984 
0.0928509102372301 0.2072468359679552 
0.0928509102372301 0.2072468359679552 
0.10142634551644508 0.19416556468671398 
0.08470711983514237 0.20578017596311884 
0.0840217407953642 0.20068975429441238 
0.0840217407953642 0.20068975429441238 
0.08502596753701765 0.19905834833487768 
0.0893127241440705 0.20676016123248947 
0.07591711147206805 0.2105716388987788 
0.07591711147206805 0.2105716388987788 
0.0990224964613309 0.2001168184209445 
0.09863707331499542 0.20105279214842992 
0.11041956581403753 0.19202661157358578 
0.11851545291651625 0.18896989014572385 
0.11851545291651625 0.18896989014572385 
0.12811997996717434 0.1955347339009883 
0.1390777099540486 0.18466340755563376 
0.12645610073446023 0.1877981112635773 
0.12645610073446023 0.1877981112635773 
0.12645610073446023 0.1877981112635773 
0.12212593150957068 0.18491759106102304 
0.10395828869277032 0.19003106742855036 
0.13088387416033995 0.18764564563213482 
0.15726428612209858 0.19135439428374446 
0.15567990158687822 0.19296598500093531 
0.15567990158687822 0.19296598500093531 
0.15567990158687822 0.19296598500093531 
0.14780788697719519 0.18939711705360637 
0.14366586537463333 0.19231263620209105 
0.1520009387110074 0.19675649469560275 
0.14844476060581557 0.1950748960334624 
0.14844476060581557 0.1950748960334624 
0.14844476060581557 0.1950748960334624 
0.14844476060581557 0.1950748960334624 
0.12964066228420457 0.19059996748629032 
0.1293528270644542 0.18818954031934124 
0.12987261483452792 0.1896564419322671 
0.12277286399486376 0.18535644638048737 
0.12202777136641751 0.18522188816518342 
0.13340326654399975 0.18857280855551115 
0.13340326654399975 0.18857280855551115 
0.14965663184968897 0.1950205962834768 
0.15736297361368165 0.18957574106557415 
0.15736297361368165 0.18957574106557415 
0.15736297361368165 0.18957574106557415 
0.17058700302466934 0.19744684655493902 
0.17058700302466934 0.19744684655493902 
0.16150070010285486 0.1927658728718284 
0.1596869648271059 0.19436946646964515 
0.1596869648271059 0.19436946646964515 
0.1596869648271059 0.19436946646964515 
0.14639632031038205 0.19245949738310658 
0.12792160706746158 0.17800381613328078 
0.12937668205603894 0.17897612943560948 
0.11682070835033341 0.18188266875454287 
0.11563012217652342 0.17229625056579267 
0.09291495745240302 0.1711261332345095 
0.10455002118688529 0.16630202886493814 
0.10393716946821385 0.16614578828959536 
0.10732122596503647 0.16735566611536862 
0.09500045151296171 0.16495539764708678 
0.10484337271081215 0.16006765716935722 
0.10484337271081215 0.16006765716935722 
0.09519383860189037 0.17042709623141908 
0.10177059165720943 0.17176393679440308 
0.0934534027285006 0.1740771122663684 
0.0934534027285006 0.1740771122663684 
0.11805588157881233 0.1714235798687059 
0.11775281963767267 0.17117387874956802 
0.12175024255611305 0.17311507322435526 
0.11150042541996763 0.172403674772303 
0.10970640373281339 0.17244212197619221 
0.12796955301699275 0.17472769714338413 
0.15566991133010416 0.16592487225529684 
0.15566991133010416 0.16592487225529684 
0.15566991133010416 0.16592487225529684 
0.16009463155883064 0.1607434532646417 
0.16009463155883064 0.1607434532646417 
0.16012452987731587 0.16120686265674325 
0.16012452987731587 0.16120686265674325 
0.16012452987731587 0.16120686265674325 
0.15099988876395368 0.1622106829409129 
0.148574232269547 0.16440205195070715 
0.16694464625523414 0.16419139605119817 
0.16694464625523414 0.16419139605119817 
0.16108235673722704 0.16744814158844815 
0.1606902936444626 0.16765045096294068 
0.16053159079559728 0.17261502726240482 
0.16053159079559728 0.17261502726240482 
0.16053159079559728 0.17261502726240482 
0.15383260919360342 0.16658153265971565 
0.15383260919360342 0.16658153265971565 
0.15383260919360342 0.16658153265971565 
0.15383260919360342 0.16658153265971565 
0.15383260919360342 0.16658153265971565 
0.15383260919360342 0.16658153265971565 
0.15383260919360342 0.16658153265971565 
0.15309309552967393 0.16686905179078831 
0.15049452101263905 0.16671572058444803 
0.14966958659157759 0.17534099253555613 
0.14966958659157759 0.17534099253555613 
0.14960052048075173 0.17512562481173655 
0.15084605718434518 0.17950463841101402 
0.16162263821294393 0.17691017976148649 
0.16162263821294393 0.17691017976148649 
0.16162263821294393 0.17691017976148649 
0.16685635636349855 0.17637288159726602 
0.1675871616958808 0.1755001469738594 
0.1675871616958808 0.1755001469738594 
0.17196674474165702 0.17757494302206203 
0.17196674474165702 0.17757494302206203 
0.16697710176836641 0.17731355044370084 
0.1566291975536293 0.17392452920855994 
0.156568408417366 0.17357898864768223 
0.15920711877082006 0.17478246728484376 
0.15695530398930685 0.1775000859033587 
0.15460910733088193 0.17811817228176058 
0.16725844150626934 0.17500673451412113 
0.15797237096105893 0.1733278224844976 
0.1672184422642444 0.17286687849995133 
0.1672184422642444 0.17286687849995133 
0.1672184422642444 0.17286687849995133 
0.1672184422642444 0.17286687849995133 
0.16086198588578177 0.17315634681869035 
0.16086198588578177 0.17315634681869035 
0.16086198588578177 0.17315634681869035 
0.16318381123193754 0.17336327937172105 
0.17541374412577115 0.17539264598856066 
0.17541374412577115 0.17539264598856066 
0.17541374412577115 0.17539264598856066 
0.17541374412577115 0.17539264598856066 
0.17541374412577115 0.17539264598856066 
0.16901481011232533 0.17525471555463137 
0.14844547260538987 0.174726031269948 
0.15045890939828088 0.17487274184117366 
0.1712656621947034 0.18057747246723022 
0.13448950325792994 0.17305568737626018 
0.1314424946651395 0.17575270738227713 
0.14246357523598813 0.17652392199384262 
0.14302983845968778 0.1766462916409969 
0.14302983845968778 0.1766462916409969 
0.12559329989816648 0.17163723264298508 
0.12559329989816648 0.17163723264298508 
0.12646915811164822 0.1716426789573776 
0.10711597908698098 0.17592395076338913 
0.10711597908698098 0.17592395076338913 
0.10711597908698098 0.17592395076338913 
0.11347382602807465 0.17608818865173623 
0.11284832693973235 0.1761969897164562 
0.11284832693973235 0.1761969897164562 
0.11398763111110584 0.17428898265673443 
0.1520560870605875 0.16304300766421165 
0.1520560870605875 0.16304300766421165 
0.15019356148392818 0.16243877696087503 
0.15019356148392818 0.16243877696087503 
0.15019356148392818 0.16243877696087503 
0.13239083877708357 0.16457130056685781 
0.13239083877708357 0.16457130056685781 
0.14265074783015064 0.16640406902115426 
0.14265074783015064 0.16640406902115426 
0.14265074783015064 0.16640406902115426 
0.14265074783015064 0.16640406902115426 
0.1613890455013717 0.16665770208680536 
0.1613890455013717 0.16665770208680536 
0.13288543710567163 0.170330135959998 
0.11472643180906936 0.17276495217439583 
0.11591118160574335 0.1743254925740942 
0.13762914756764494 0.17981199760471267 
0.13762914756764494 0.17981199760471267 
0.11487903698334108 0.18822757458975192 
0.11487903698334108 0.18822757458975192 
0.10153498053270574 0.1854609465007308 
0.09194535972384235 0.19341061804696663 
0.09194535972384235 0.19341061804696663 
0.09194535972384235 0.19341061804696663 
0.08301575342381656 0.18252697271309068 
0.08705346831404587 0.1879862941593401 
0.0715015822263241 0.1884230755531716 
0.0715015822263241 0.1884230755531716 
0.0847682678160971 0.18639100448026652 
0.0847682678160971 0.18639100448026652 
0.10886780875343227 0.18286839665848137 
0.09573194711525443 0.1798122984851519 
0.11383608748344592 0.18472718653686077 
0.111455367118255 0.18225354993934917 
0.1135329502749314 0.183196992519155 
0.13056094189112996 0.1775547902588873 
0.13056094189112996 0.1775547902588873 
0.12134122054281288 0.17945338090307852 
0.12240197358896382 0.17873938148445773 
0.12240197358896382 0.17873938148445773 
0.09645935296174228 0.18002665685591265 
0.09839284119781122 0.17724362465813062 
0.09833300119206069 0.17617135696533115 
0.07889293266344338 0.1779394340690188 
0.07342364953178286 0.1725532715530971 
0.07342364953178286 0.1725532715530971 
0.07338781390078966 0.17332890247089136 
0.07403196327759703 0.17405923654088798 
0.07403196327759703 0.17405923654088798 
0.06627881402959128 0.16119205005823095 
0.06627881402959128 0.16119205005823095 
0.06839739089044733 0.16092718778820744 
0.06839739089044733 0.16092718778820744 
0.08020500387310926 0.17040524332889334 
0.07292281314593535 0.16858720793371162 
0.07292281314593535 0.16858720793371162 
0.07269921115071182 0.1643070603739573 
0.07269921115071182 0.1643070603739573 
0.07269921115071182 0.1643070603739573 
0.06608853697096292 0.16269593944776942 
0.06608853697096292 0.16269593944776942 
0.06608853697096292 0.16269593944776942 
0.06608853697096292 0.16269593944776942 
0.10051136166589178 0.16836985071305233 
0.10086216618135493 0.16910793055490053 
0.09950959354497085 0.16981948068425667 
0.09950959354497085 0.16981948068425667 
0.10606952702611602 0.17373785977839518 
0.10874711223791517 0.17331156446299525 
0.10874711223791517 0.17331156446299525 
0.10874711223791517 0.17331156446299525 
0.10393643806208697 0.17636600800726523 
0.1051692984870443 0.17378580283004919 
0.12277922006164974 0.17110013536576896 
0.14467241619956528 0.1565089639576513 
0.14467241619956528 0.1565089639576513 
0.14467241619956528 0.1565089639576513 
0.14631596065551802 0.16116841657778352 
0.14297813517091054 0.1686463003550112 
0.14297813517091054 0.1686463003550112 
0.14411596239832897 0.1640403627521677 
0.14411596239832897 0.1640403627521677 
0.14494299694774787 0.16309318923020963 
0.14494299694774787 0.16309318923020963 
0.12256773846445329 0.1723310980168453 
0.12256773846445329 0.1723310980168453 
0.12256773846445329 0.1723310980168453 
0.12256773846445329 0.1723310980168453 
0.1416764624890115 0.1777153728795798 
0.1416764624890115 0.1777153728795798 
0.15472498882663893 0.17292160614517796 
0.17723371600099716 0.17653360561293713 
0.14143416785452073 0.17182290954096588 
0.1493073590088782 0.17330003357602894 
0.14709128279484088 0.17537121396829766 
0.15132246260181015 0.17617454879082403 
0.14795827535651085 0.18390072379798253 
0.1539951630118769 0.18332010519317607 
0.13743204458385816 0.18154462326138077 
0.13743204458385816 0.18154462326138077 
0.143145444870943 0.17942079997786267 
0.14760291754189295 0.179381330818695 
0.14555908435992265 0.17874855411537938 
0.1542358949538512 0.18084140993242526 
0.16101435669543296 0.18594293627414393 
0.1490141515455588 0.17871053590703048 
0.1774285841480459 0.17816709738508116 
0.1774285841480459 0.17816709738508116 
0.1774285841480459 0.17816709738508116 
0.1774285841480459 0.17816709738508116 
0.1767062187910272 0.1811782951222246 
0.16265141100252825 0.1812062780886258 
0.16265141100252825 0.1812062780886258 
0.16517738850494226 0.18450895047359334 
0.16517738850494226 0.18450895047359334 
0.1482939464938327 0.1816950138528589 
0.14917915341486396 0.18166276459205313 
0.14917915341486396 0.18166276459205313 
0.1425021553127399 0.1718890694480607 
0.13533250018619108 0.17724970295334158 
0.12954279393116236 0.17692607320079495 
0.1332103509390666 0.17877101136407386 
0.1481631957674732 0.17876520707709406 
0.14796204692199671 0.17850673683177343 
0.14796204692199671 0.17850673683177343 
0.1252800735662724 0.17627776258193717 
0.15124843502319574 0.17993441628549534 
0.16005011310402148 0.17012853404158523 
0.14376359291783114 0.17238371677140488 
0.14376359291783114 0.17238371677140488 
0.14444982653384786 0.17074188227811807 
0.1492763631796989 0.17162019116352245 
0.15899776530536125 0.17381139979453988 
0.15899776530536125 0.17381139979453988 
0.16001259669675236 0.17271413432673388 
0.17093799036645566 0.1669723759913068 
0.17093799036645566 0.1669723759913068 
0.17093799036645566 0.1669723759913068 
0.17093799036645566 0.1669723759913068 
0.17093799036645566 0.1669723759913068 
0.17423590533879624 0.1674413388339793 
0.1791377881432627 0.16696267094470107 
0.1791377881432627 0.16696267094470107 
0.1791377881432627 0.16696267094470107 
0.1791377881432627 0.16696267094470107 
0.1791377881432627 0.16696267094470107 
0.1791377881432627 0.16696267094470107 
0.1791377881432627 0.16696267094470107 
0.1791377881432627 0.16696267094470107 
0.1791377881432627 0.16696267094470107 
0.17067599853159449 0.16665647125596844 
0.16301907757247064 0.17188702378164025 
0.16301907757247064 0.17188702378164025 
0.16200989208016725 0.1765197367362514 
0.16200989208016725 0.1765197367362514 
0.15263304976124015 0.18027117861787303 
0.1588945944015674 0.18198250462340854 
0.15350913899773339 0.18124624700214834 
0.15350913899773339 0.18124624700214834 
0.15350913899773339 0.18124624700214834 
0.13263026131993086 0.18028534152297304 
0.13470032960079492 0.1897202686039596 
0.12634804032658734 0.19665210186086135 
0.12634804032658734 0.19665210186086135 
0.1349834658560001 0.1942000355672816 
0.1365058173787237 0.1952594683068849 
0.1306825274298791 0.18286827914891177 
0.1306825274298791 0.18286827914891177 
0.1361779277255991 0.18100414051522717 
0.1427831891630766 0.1767001139560599 
0.16617714350025017 0.17535407460975685 
0.16286599143650882 0.18616970326443674 
0.13371848718405233 0.17467173664421234 
0.1585119063643458 0.18048087839979818 
0.1585119063643458 0.18048087839979818 
0.153822234283468 0.1753140156924142 
0.150836277480548 0.17932536581728892 
0.150836277480548 0.17932536581728892 
0.14418314642469732 0.18005928869065416 
0.14418314642469732 0.18005928869065416 
0.14418314642469732 0.18005928869065416 
0.14574161415797798 0.18070396490724785 
0.14574161415797798 0.18070396490724785 
0.14707656044770998 0.172639738634034 
0.13086118772845998 0.17655187415204393 
0.13086118772845998 0.17655187415204393 
0.13086118772845998 0.17655187415204393 
0.13797743775790425 0.1741356083166888 
0.13797743775790425 0.1741356083166888 
0.15341741855219324 0.1686624645312256 
0.1401793639695756 0.17404549519879547 
0.14238718887445248 0.18206188767192974 
0.1424463615307089 0.18210641162291033 
0.1424463615307089 0.18210641162291033 
0.1393102236668537 0.19020089630372355 
0.14004516021315222 0.19994969778571725 
0.14004516021315222 0.19994969778571725 
0.14352693146923381 0.18684469421317693 
0.1347718622108002 0.17599600534902124 
0.13792974512617384 0.17513150431592134 
0.12320940900537636 0.17736651607319648 
0.14740751975792463 0.17834832081117732 
0.148205730278567 0.17990874662798884 
0.14522646155416266 0.1797933092872404 
0.17096287695467527 0.19138425947889712 
0.17096287695467527 0.19138425947889712 
0.17382116913373785 0.20262686516667044 
0.17712484832481132 0.20627516573573898 
0.17743305348670882 0.20717999000913498 
0.17415976551754883 0.18764173457011712 
0.17415976551754883 0.18764173457011712 
0.17415976551754883 0.18764173457011712 
0.17108806335042728 0.18623100017069966 
0.17023284435867828 0.18614880517523194 
0.17023284435867828 0.18614880517523194 
0.17023284435867828 0.18614880517523194 
0.17023284435867828 0.18614880517523194 
0.16191639498041 0.18329330013359824 
0.1598991303016839 0.18330265191403688 
0.15294189697214586 0.18200334531446427 
0.14502341820520714 0.17450411121294856 
0.14502341820520714 0.17450411121294856 
0.13652616635794607 0.1726891376341652 
0.13949309183456415 0.17705673799290683 
0.13949309183456415 0.17705673799290683 
0.1476114214231729 0.17189212363950726 
0.1547064917250172 0.1682411603440368 
0.14566871118782904 0.16905218284039977 
0.1432727779185516 0.17129954013081086 
0.15201029036365135 0.16924099234963805 
0.15201029036365135 0.16924099234963805 
0.157782259305041 0.16670886310933447 
0.15787383338993297 0.166835784359165 
0.15787383338993297 0.166835784359165 
0.15914206160954417 0.16569488378069974 
0.14714702039636982 0.1677431149479252 
0.14714702039636982 0.1677431149479252 
0.14977085249549224 0.1706431014298598 
0.1482069062760296 0.17322451001260092 
0.1583383560705273 0.17725419690365946 
0.1583383560705273 0.17725419690365946 
0.1560262848685751 0.1776200860989374 
0.1560262848685751 0.1776200860989374 
0.1538979944459527 0.17770924137909846 
0.15650296782099746 0.1777376071506834 
0.15239533151059131 0.1793602643757373 
0.15239533151059131 0.1793602643757373 
0.15503394623086134 0.1820095519664971 
0.14272216583356556 0.17872980491146218 
0.13955473274418193 0.18198293241088412 
0.13632873551796765 0.18262597707732922 
0.10876823351172116 0.17863043166576226 
0.12480575134795852 0.18290372314745748 
0.16122521272070184 0.17640874366836234 
0.14991763173530084 0.18640487338999862 
0.1490407174816768 0.1861264775071895 
0.1456157436951916 0.18302289770000502 
0.1479165739618111 0.1880657074825486 
0.1479165739618111 0.1880657074825486 
0.1479165739618111 0.1880657074825486 
0.14334997148975237 0.18156420019671782 
0.12021943227997053 0.18398684712927066 
0.120235902264102 0.18398107234774752 
0.12740748211579875 0.18234593302349025 
0.08766332928720066 0.18825783151193382 
0.08661409301777685 0.18903420839275398 
0.08661409301777685 0.18903420839275398 
0.08174239559107478 0.2037423399423786 
0.08557167128671464 0.20249546021775208 
0.09510434438284343 0.20576776041981246 
0.11145618279246979 0.19691751464776125 
0.114616620447229 0.1940982900675918 
0.1130134484022845 0.18817957980181352 
0.14623900679067942 0.19180881246503992 
0.14490882670934846 0.19097208496792473 
0.14490882670934846 0.19097208496792473 
0.15354159758314617 0.18497603305017746 
0.1534373761444369 0.184872381959912 
0.1542900539263367 0.18167895039596565 
0.1542900539263367 0.18167895039596565 
0.1542900539263367 0.18167895039596565 
0.1542900539263367 0.18167895039596565 
0.15458017476818794 0.17551417014623702 
0.16404391008104502 0.1633010636215584 
0.16404391008104502 0.1633010636215584 
0.16404391008104502 0.1633010636215584 
0.1605559695891891 0.15920825777711178 
0.1605559695891891 0.15920825777711178 
0.1530882225400478 0.16211812608190515 
0.13979998700396 0.16021602142077124 
0.13979998700396 0.16021602142077124 
0.14840741382781034 0.16347811395671202 
0.1538689569656579 0.16815252067043207 
0.1538689569656579 0.16815252067043207 
0.1538689569656579 0.16815252067043207 
0.14479029097419813 0.17164075728183276 
0.12851360071658557 0.17483896690104508 
0.1277910222751828 0.171407118084124 
0.12788921975985457 0.17131717155571372 
0.10110954994090127 0.173860421449725 
0.10357183991228625 0.17482924511413322 
0.08683703724052745 0.176982218729504 
0.08714976440151789 0.1706041103290538 
0.0762448901969271 0.1682452544202163 
0.0762448901969271 0.1682452544202163 
0.0734710776488637 0.16798708803402174 
0.0734710776488637 0.16798708803402174 
0.07077819372625657 0.1671046465200914 
0.07077819372625657 0.1671046465200914 
0.07077819372625657 0.1671046465200914 
0.0712874060726124 0.17121459141703718 
0.07988823816017326 0.16833458677230528 
0.07988823816017326 0.16833458677230528 
0.09387382133649749 0.17387987262631613 
0.09387382133649749 0.17387987262631613 
0.09387382133649749 0.17387987262631613 
0.08908137181762586 0.1750694436690477 
0.08908137181762586 0.1750694436690477 
0.08908137181762586 0.1750694436690477 
0.1142064936227921 0.1690554002129725 
0.10514182773942378 0.17368905621757758 
0.10571348007263007 0.17112530447863483 
0.10571348007263007 0.17112530447863483 
0.10571348007263007 0.17112530447863483 
0.10475055938701872 0.1683675579332318 
0.10475055938701872 0.1683675579332318 
0.07587978520366756 0.16251995503702774 
0.07587978520366756 0.16251995503702774 
0.07587978520366756 0.16251995503702774 
0.08187184920959645 0.16631696188646172 
0.0863302734023789 0.17375801345877762 
0.1021200483757577 0.1780557614526344 
0.10556559044589917 0.17819274555799267 
0.09999356518128272 0.1838318402584431 
0.09999356518128272 0.1838318402584431 
0.09999356518128272 0.1838318402584431 
0.1008544968057366 0.18995177144147965 
0.10949678254682921 0.1888656402924736 
0.12164914358273234 0.18177387342219098 
0.12164914358273234 0.18177387342219098 
0.10408353898992685 0.17854747825052383 
0.1045962149022887 0.17254139638322077 
0.10757667940733878 0.17230243753796962 
0.13956282074534437 0.17501145540091007 
0.14926792942564193 0.17066118434091945 
0.1481810479720041 0.1723956834776247 
0.1481810479720041 0.1723956834776247 
0.14767152216434998 0.17289097892892805 
0.14767152216434998 0.17289097892892805 
0.15033042182171624 0.17310391863308322 
0.1481813288584396 0.17403535206959886 
0.14137954418089826 0.1752676142110948 
0.14137954418089826 0.1752676142110948 
0.14137954418089826 0.1752676142110948 
0.17088637730763892 0.17688786745689714 
0.1389852970665141 0.18050565530941876 
0.14282606531997555 0.17868601677094223 
0.11442228193275393 0.18226764708815346 
0.12195970528674802 0.17270516334749283 
0.13810752491496708 0.17202550748574513 
0.13505943255153272 0.17224561026956015 
0.11970193546885029 0.17772864549069547 
0.10370529872282644 0.18339740884429212 
0.10218732479837955 0.18418584094443136 
0.10542389932875665 0.18378938438635267 
0.10459972552926816 0.18361015505533135 
0.1183535758901488 0.1768330617452378 
0.11907371417978818 0.17672066331051725 
0.1582425893771215 0.18326805094752383 
0.15975970547584012 0.18192744658715349 
0.1590942760242575 0.18291649690905043 
0.1590942760242575 0.18291649690905043 
0.1590942760242575 0.18291649690905043 
0.1404149903098983 0.1767828892201595 
0.1398663964293103 0.17696745116574603 
0.14483812832634071 0.1795597223144279 
0.1436222650617764 0.18215873024268975 
0.1436649909433158 0.18220338986609108 
0.14363136602890722 0.18221901953008154 
0.1312548032214077 0.18114751201111537 
0.11174018429255947 0.17232835480824427 
0.11267425293320284 0.17300107541899448 
0.11267425293320284 0.17300107541899448 
0.1299523159120474 0.17749655092918112 
0.12164432321675565 0.17031208420228583 
0.12164432321675565 0.17031208420228583 
0.12164726182792458 0.17031164809724905 
0.12164726182792458 0.17031164809724905 
0.11578267156520863 0.1614024170281815 
0.1347899606061598 0.16463486103500238 
0.14073440139436771 0.16470528100264858 
0.14073440139436771 0.16470528100264858 
0.14073440139436771 0.16470528100264858 
0.12784805618844935 0.1713545868198715 
0.15569549326476395 0.1742470564751428 
0.1714794068829038 0.16885483318034558 
0.1714794068829038 0.16885483318034558 
0.1714794068829038 0.16885483318034558 
0.1671803257578358 0.16798731497098163 
0.16994317371994866 0.16473741225373148 
0.16994317371994866 0.16473741225373148 
0.17679619614448375 0.16708205349052593 
0.17679619614448375 0.16708205349052593 
0.1579626385171353 0.16796478012270025 
0.16485275008780503 0.1667689668783074 
0.16485275008780503 0.1667689668783074 
0.16485275008780503 0.1667689668783074 
0.16434213055899854 0.1668890024946723 
0.16434213055899854 0.1668890024946723 
0.15445279522227734 0.16568380752004858 
0.1532983619707003 0.16602807836849862 
0.14476843753297314 0.16493660542277752 
0.12442043807410956 0.1659652384162506 
0.12809893788709253 0.1672666417826727 
0.12148629117448942 0.16734208243808904 
0.12014665378067614 0.16726435674619342 
0.13907093818523342 0.17314463006926917 
0.13333625804538857 0.17217807842409225 
0.12503953491720732 0.17153071538537729 
0.1082612416559538 0.16865376612040137 
0.1082612416559538 0.16865376612040137 
0.0987637048229233 0.17396912776550152 
0.10465168369011639 0.17258851626785782 
0.09791211138680625 0.17162903680815003 
0.09791211138680625 0.17162903680815003 
0.09629210369667657 0.17130980817081395 
0.10791624544344706 0.16471789001229853 
0.10386864624613217 0.1660515522003596 
0.12712755953182234 0.16067239834826633 
0.1213162980793244 0.16187283655957507 
0.11458670424618048 0.15723383565211532 
0.1258430350311693 0.16316468481091567 
0.1258430350311693 0.16316468481091567 
0.1258430350311693 0.16316468481091567 
0.14627692223567262 0.1582102148513337 
0.14627692223567262 0.1582102148513337 
0.14745908138355587 0.15648603507602288 
0.11705709666308811 0.16886538701597437 
0.13664381303888143 0.16933612521347824 
0.13769056968539828 0.1677881437857873 
0.14947678750291526 0.1586536720148607 
0.15916118216274927 0.15648153600776418 
0.1542641551112452 0.1574142418458135 
0.15075305441726322 0.15920246504626198 
0.15422312971114446 0.16526822574869565 
0.14375017857776823 0.1704219265121619 
0.13200866217949642 0.16372088888266095 
0.13200866217949642 0.16372088888266095 
0.13200866217949642 0.16372088888266095 
0.13317711546100616 0.16524307175534608 
0.13989640420118307 0.1645228287289014 
0.13989640420118307 0.1645228287289014 
0.13989640420118307 0.1645228287289014 
0.13838698532179242 0.1644607625797855 
0.13838698532179242 0.1644607625797855 
0.14431526401739392 0.1633479716500499 
0.14431526401739392 0.1633479716500499 
0.1209058769207452 0.1677150994994486 
0.1209058769207452 0.1677150994994486 
0.1244919013166502 0.1670255795366669 
0.13878101170511897 0.17426843989052607 
0.11352929641573728 0.17695487322570158 
0.1047357051976301 0.17412346054381928 
0.1063213806554574 0.1744108555589618 
0.1063213806554574 0.1744108555589618 
0.09935898022376075 0.17331933955081114 
0.09935898022376075 0.17331933955081114 
0.11731734205808123 0.17468964603486917 
0.08848547897220847 0.17445514139766924 
0.08849779534679177 0.17595070591559278 
0.08849779534679177 0.17595070591559278 
0.08849779534679177 0.17595070591559278 
0.08840621102423217 0.177292501184031 
0.09549115672427774 0.18006330559076195 
0.09549115672427774 0.18006330559076195 
0.08112513971505256 0.18611034525550446 
0.08138921532059851 0.18584040052045495 
0.07717058841383125 0.1855034498461769 
0.0930929480420736 0.18060931856761078 
0.0930929480420736 0.18060931856761078 
0.08851275611812918 0.18169711369921887 
0.08851275611812918 0.18169711369921887 
0.07878387985374145 0.18405926262101197 
0.08079402618558314 0.18531254632693003 
0.08785529398802025 0.18304210167940968 
0.0933801118503292 0.17895567795506648 
0.08735164789405385 0.17819473515682285 
0.09335314479349917 0.1714734422911378 
0.09335314479349917 0.1714734422911378 
0.09001647535999124 0.17167402869364126 
0.0877034970563345 0.1705488785087732 
0.08750278454877715 0.17230124744927308 
0.06365136493824597 0.17582168164679998 
0.09555866536908003 0.17513659395032646 
0.12256528393664867 0.17143513227918866 
0.08886824439827958 0.17529637689797964 
0.08785140320072563 0.17267135520941204 
0.08658029875246163 0.17288979836503504 
0.1070261500004878 0.17213864129859477 
0.1070261500004878 0.17213864129859477 
0.11165142711656093 0.1653563003643748 
0.10823825806671201 0.16474269254774088 
0.10791856845606088 0.16347554157711613 
0.10118554311386062 0.1668273596179704 
0.10118554311386062 0.1668273596179704 
0.09903913566512705 0.16429889903252565 
0.1157540915303451 0.17182115121168973 
0.11360014610156838 0.17140435989385702 
0.11360014610156838 0.17140435989385702 
0.11759391672223031 0.1728042365803683 
0.09705950553664745 0.18105902157544587 
0.11275737912273753 0.17726733213375176 
0.08535494555747714 0.17601308569101462 
0.08535494555747714 0.17601308569101462 
0.0852178170928638 0.17469272572745675 
0.08686760292947893 0.16866915586189454 
0.08686760292947893 0.16866915586189454 
0.08693110096845295 0.16805868541131183 
0.09466742684579556 0.1708644382485205 
0.09313841763024831 0.1718505916238849 
0.088779986061992 0.17149152233528564 
0.08201338327406191 0.17181057366474514 
0.08788618394888523 0.17509994294789052 
0.06899241063022205 0.18292092016053726 
0.10809387285586398 0.17953631777481288 
0.09947493337244699 0.17917419453954211 
0.09197348533985827 0.18239276451359454 
0.12155128907357333 0.17933542021811555 
0.11399118682074769 0.1803175840595839 
0.11464477306272915 0.18017695709737566 
0.11116138586682327 0.1743075526687077 
0.10066731993886457 0.17614174775893143 
0.0916687133581824 0.16163233125552356 
0.09589823111764992 0.16803144923149452 
0.09589823111764992 0.16803144923149452 
0.09589823111764992 0.16803144923149452 
0.09816962695868195 0.16831859128479432 
0.10491427933505651 0.16783962225409016 
0.07037863580857984 0.1624077877134198 
0.08858232398668632 0.16869439732270688 
0.08264913168999802 0.1688693544541575 
0.08249506791909494 0.16886393556223456 
0.08249506791909494 0.16886393556223456 
0.07962530716839063 0.1729604396650293 
0.07962530716839063 0.1729604396650293 
0.07427977205456686 0.17224775421793362 
0.08764282756378151 0.16953097041438392 
0.09516411908455955 0.170673878115765 
0.09516411908455955 0.170673878115765 
0.09892127102153257 0.17721132059959438 
0.09948465415264841 0.1770835614356048 
0.10333258095889802 0.17687258677662254 
0.09658582408856194 0.17819762154393054 
0.0853782623010019 0.17729151913742075 
0.08367379049737679 0.18120698850555525 
0.08367379049737679 0.18120698850555525 
0.08367379049737679 0.18120698850555525 
0.08367379049737679 0.18120698850555525 
0.08367379049737679 0.18120698850555525 
0.08367379049737679 0.18120698850555525 
0.08530412353563271 0.1807006590170522 
0.08583000442785395 0.1802582238628948 
0.07679025353736806 0.18699310708822697 
0.07679025353736806 0.18699310708822697 
0.07679025353736806 0.18699310708822697 
0.07679025353736806 0.18699310708822697 
0.07272476055788919 0.18493807197766993 
0.07272476055788919 0.18493807197766993 
0.084007004936221 0.18416159400508123 
0.084007004936221 0.18416159400508123 
0.084007004936221 0.18416159400508123 
0.08098783582649097 0.18733630598892687 
0.07550382478611092 0.18770589749106922 
0.07548183012620242 0.18770409094865667 
0.07672438270220626 0.18185784752300319 
0.07415418321795793 0.18217888624773954 
0.07415418321795793 0.18217888624773954 
0.08325255592819474 0.18031589701721792 
0.08135608596067952 0.18062783866083532 
0.08110876797032235 0.18066619545144752 
0.07883042688130552 0.17976388181228825 
0.06155834079507184 0.1857739880498868 
0.06155834079507184 0.1857739880498868 
0.06155834079507184 0.1857739880498868 
0.06155834079507184 0.1857739880498868 
0.07356003504372874 0.18583443205034106 
0.07402672815202048 0.18692538613801352 
0.07820753982244688 0.18506183610054142 
0.12472586779403996 0.17923714672411903 
0.11208652500838795 0.18131435888928493 
0.11208652500838795 0.18131435888928493 
0.10918030417454268 0.18136931097519748 
0.09996463794561317 0.18522638613069892 
0.09998351985562295 0.18519199820016985 
0.10004578542193425 0.18435114335449743 
0.08358233869858168 0.1897648890217469 
0.09267026900445072 0.18389596729856977 
0.09302682654158544 0.18359803836037433 
0.1107682624775583 0.1850110055848894 
0.1107682624775583 0.1850110055848894 
0.10031442148144437 0.18664644623437726 
0.09244300193308813 0.18642812315970914 
0.10577763608311543 0.1833018271287035 
0.07051221834089348 0.17996473537476448 
0.06940151119282814 0.1799062432089581 
0.06940151119282814 0.1799062432089581 
0.06611080541956077 0.17943539155172727 
0.06611080541956077 0.17943539155172727 
0.06777376767955016 0.18318314612086026 
0.06812376754787881 0.18203742200994213 
0.06275717871925154 0.18367787625399207 
0.06619177429767463 0.18282930086553806 
0.06619177429767463 0.18282930086553806 
0.06619177429767463 0.18282930086553806 
0.06619177429767463 0.18282930086553806 
0.10125434958419612 0.18089111733539381 
0.10125434958419612 0.18089111733539381 
0.08788657436797434 0.18167361574123372 
0.08788657436797434 0.18167361574123372 
0.09472252815452781 0.18121280674760265 
0.09472252815452781 0.18121280674760265 
0.09539061513250781 0.1810081396036916 
0.06931322970948313 0.18342628275859096 
0.06660867170808289 0.17649497520188698 
0.06660867170808289 0.17649497520188698 
0.0679167086464442 0.1793553172822407 
0.06923847886934535 0.1761970998423128 
0.06923847886934535 0.1761970998423128 
0.06923847886934535 0.1761970998423128 
0.06923847886934535 0.1761970998423128 
0.07428093248439863 0.17675558363315463 
0.07680293456328977 0.17565797500149033 
0.07680293456328977 0.17565797500149033 
0.07680293456328977 0.17565797500149033 
0.09101729162420667 0.1783763739243003 
0.09501603164956648 0.17947266727477817 
0.09487785244745346 0.17925215329732286 
0.09876084677225173 0.18498546388028642 
0.10925075076302113 0.1875919641893131 
0.10716452050672184 0.18665360923248056 
0.11089421147372816 0.18463140213702028 
0.13373574128316934 0.18248528136804393 
0.142757896614204 0.17765878498427942 
0.142757896614204 0.17765878498427942 
0.1297216840270865 0.17841498405056538 
0.1297216840270865 0.17841498405056538 
0.11712624865475729 0.17549405610271238 
0.11712624865475729 0.17549405610271238 
0.10306793929356742 0.18005427897800821 
0.10395690852830736 0.18266505993330315 
0.10697146786670134 0.18296251987209033 
0.10697146786670134 0.18296251987209033 
0.1096706166188706 0.1886359320883639 
0.12328549679042311 0.1796411803291805 
0.12328549679042311 0.1796411803291805 
0.1304326285913126 0.18129207186173518 
0.162291589316493 0.17603015839504896 
0.162291589316493 0.17603015839504896 
0.1632743139493797 0.18605618242726688 
0.16524805576136406 0.17560703895866656 
0.1707621646356524 0.17580911493400914 
0.17364605106119235 0.1763246978140967 
0.15998854317803926 0.17372861865698094 
0.1579611802932756 0.17355478285307116 
0.15612116043634747 0.1695191647358443 
0.15612116043634747 0.1695191647358443 
0.14958712648873765 0.17161414062142533 
0.149901541961044 0.1716307114774553 
0.149901541961044 0.1716307114774553 
0.14946209247558548 0.17189058116082576 
0.14946209247558548 0.17189058116082576 
0.14946209247558548 0.17189058116082576 
0.15335783009346932 0.1769211960076208 
0.16027510910451542 0.1736871710284707 
0.16027510910451542 0.1736871710284707 
0.17273626608553458 0.16933235790544035 
0.16385205793300456 0.17037299696147543 
0.16784759061154308 0.17062090437912164 
0.15504859187305362 0.17080087786670334 
0.15504859187305362 0.17080087786670334 
0.15504859187305362 0.17080087786670334 
0.15612887123784347 0.17174259508785794 
0.15612887123784347 0.17174259508785794 
0.15612887123784347 0.17174259508785794 
0.15612887123784347 0.17174259508785794 
0.15612887123784347 0.17174259508785794 
0.15269068721958556 0.17452185637407078 
0.15493943311970176 0.17068205840380749 
0.16682398068237847 0.1687818134455951 
0.16609651430398603 0.16905503168968344 
0.1794634830594282 0.15965752089758878 
0.1794634830594282 0.15965752089758878 
0.1794634830594282 0.15965752089758878 
0.1794634830594282 0.15965752089758878 
0.1794634830594282 0.15965752089758878 
0.1794634830594282 0.15965752089758878 
0.1794634830594282 0.15965752089758878 
0.1794634830594282 0.15965752089758878 
0.1794634830594282 0.15965752089758878 
0.15353157627173786 0.16970591835500506 
0.15353157627173786 0.16970591835500506 
0.15353157627173786 0.16970591835500506 
0.1534349817651227 0.1696632816642292 
0.1391822239185842 0.16830407342023906 
0.14497991675677943 0.16864259916347082 
0.14497991675677943 0.16864259916347082 
0.14551892568236566 0.1679860463240062 
0.14551892568236566 0.1679860463240062 
0.14551892568236566 0.1679860463240062 
0.13432700956930022 0.1644028255415761 
0.13938783378127612 0.16330874554270358 
0.13218521057698904 0.1659902948925924 
0.12383451277237661 0.16564874958350856 
0.12367974209784786 0.16570255338354054 
0.14648576387195214 0.17138521736840404 
0.14063679330184203 0.16909520274261092 
0.14063679330184203 0.16909520274261092 
0.15488803474079704 0.17527685432958792 
0.17245432937044464 0.16759783526453775 
0.17244843520455816 0.1676288944768464 
0.12493401015882019 0.17199468978561286 
0.13363496680411857 0.17384185160205787 
0.11662887711296571 0.17439343403396612 
0.11335404192477404 0.17623833036740438 
0.11194750259835927 0.19786869363169463 
0.11194750259835927 0.19786869363169463 
0.10981920612741455 0.1911977383582838 
0.1078840611677231 0.18916615505003626 
0.1020125951567625 0.19345368435730323 
0.10399330604984028 0.1938163021755377 
0.10364391848592405 0.19395535863096192 
0.10017912260987802 0.20366791804234194 
0.10017912260987802 0.20366791804234194 
0.09945973396432184 0.20248833451417061 
0.09945973396432184 0.20248833451417061 
0.09930762579749948 0.20352833912196602 
0.10147342514878661 0.20073714837971904 
0.10147342514878661 0.20073714837971904 
0.09565120517065764 0.2067977856730943 
0.1074773122437729 0.1975932364740644 
0.10995760559654631 0.1841106200150021 
0.12496085135070348 0.18028158079343512 
0.15429611159938766 0.1814454144452286 
0.15429611159938766 0.1814454144452286 
0.15429611159938766 0.1814454144452286 
0.15429611159938766 0.1814454144452286 
0.13836746163938762 0.1750237449253639 
0.13584959759718637 0.17433174232632384 
0.13584959759718637 0.17433174232632384 
0.10959414892819105 0.18559972388241708 
0.10959414892819105 0.18559972388241708 
0.10756026674835689 0.18567891117047564 
0.13054166611560042 0.195516113710612 
0.13144625497595355 0.19389173447281005 
0.13144625497595355 0.19389173447281005 
0.134790826051338 0.19753465584593405 
0.13500393265240815 0.19679242921213883 
0.13891029888622825 0.21643153907251872 
0.1410279622969617 0.2052342512719343 
0.14522426545410147 0.20749420293381599 
0.1486683559705361 0.20401388857771677 
0.1520085629554288 0.21048937708073276 
0.1414006085429679 0.1970299722426864 
0.1414006085429679 0.1970299722426864 
0.1412176082623591 0.1941139999759609 
0.1379468230990898 0.18867352374171456 
0.17650462865071453 0.19472403821268408 
0.17650462865071453 0.19472403821268408 
0.1623364812321738 0.19096276053600456 
0.1623364812321738 0.19096276053600456 
0.11754052612263631 0.1838129212570138 
0.11384904280358556 0.18654522915268196 
0.1238546228599881 0.18521562073845693 
0.08492755268710177 0.19033238209786613 
0.06269476542583827 0.18124223451312696 
0.06269476542583827 0.18124223451312696 
0.06269476542583827 0.18124223451312696 
0.07219808505264076 0.18062790172772286 
0.07219808505264076 0.18062790172772286 
0.06092660946302948 0.17989165464756532 
0.06092660946302948 0.17989165464756532 
0.06092660946302948 0.17989165464756532 
0.06092660946302948 0.17989165464756532 
0.06092660946302948 0.17989165464756532 
0.06092660946302948 0.17989165464756532 
0.06092660946302948 0.17989165464756532 
0.08094142926326824 0.17784828970199443 
0.11692800866474337 0.18661621198322312 
0.12919115575148277 0.1909395907419201 
0.13048111399767484 0.17653040987506086 
0.1334275193680926 0.17410281378305706 
0.15956915005524733 0.16846052427432395 
0.15956915005524733 0.16846052427432395 
0.15758626046345878 0.16832365045324857 
0.12637538177903473 0.16760604537082344 
0.12637538177903473 0.16760604537082344 
0.12637538177903473 0.16760604537082344 
0.11614316751099882 0.17571245011967282 
0.11966834954313522 0.17755635573699924 
0.1370892720323221 0.17908308014997013 
0.1412357028623673 0.18159777600368088 
0.1412357028623673 0.18159777600368088 
0.14263198413521364 0.1823598846566088 
0.15186865560766294 0.1824154286140639 
0.16786523948340065 0.1941787514497194 
0.16786523948340065 0.1941787514497194 
0.16786523948340065 0.1941787514497194 
0.16658564712904902 0.19151324601538952 
0.16334933041235297 0.18911643297155958 
0.1627810132071458 0.18806271845845976 
0.1445568545481555 0.18737485598670722 
0.1349024928840191 0.18935652333918512 
0.15496240845976383 0.18480393989478358 
0.17686069170481716 0.18674796001230007 
0.17686069170481716 0.18674796001230007 
0.17686069170481716 0.18674796001230007 
0.17218756033287916 0.18451519646049086 
0.1671146939566629 0.17723023301895022 
0.1497126869222129 0.1733922466516475 
0.15303711554878244 0.17291353752897573 
0.15303711554878244 0.17291353752897573 
0.14910755323574215 0.17429699604701893 
0.14910755323574215 0.17429699604701893 
0.14557927852065367 0.17811628642582022 
0.12334259847495782 0.173518093199903 
0.10248039191692002 0.1740619029996844 
0.10621193759917365 0.17360807685285254 
0.11859625217407863 0.18488015258482005 
0.12373064591184219 0.17802020397009308 
0.13260916220614605 0.1803724970059815 
0.13618637691973273 0.18106707524910826 
0.13618637691973273 0.18106707524910826 
0.14768392923015675 0.16949324853919856 
0.14768392923015675 0.16949324853919856 
0.14768392923015675 0.16949324853919856 
0.15268144935655553 0.16970304352244217 
0.15268144935655553 0.16970304352244217 
0.16309431948900036 0.1648832144654614 
0.14150987566075188 0.1695444516437393 
0.15101104733359375 0.16942400986895026 
0.14667781301276084 0.1710542592523452 
0.1369626226310936 0.1689652942971367 
0.17342436546573434 0.16111068584901903 
0.17342436546573434 0.16111068584901903 
0.17342436546573434 0.16111068584901903 
0.16195580159494155 0.1681577076891558 
0.16581158242932725 0.1645821276497536 
0.14214336626091564 0.1632983536740124 
0.17816215526442405 0.15087940342152142 
0.15235563182108497 0.1601802111970518 
0.15235563182108497 0.1601802111970518 
0.13159928417875982 0.1668517023166926 
0.13969298835844535 0.16604303212408725 
0.13969298835844535 0.16604303212408725 
0.14292240841832254 0.1641987200747117 
0.14686596292779477 0.1690490036964375 
0.15799827928138213 0.162958627217101 
0.16603862677807396 0.16089169443434567 
0.16603862677807396 0.16089169443434567 
0.16603862677807396 0.16089169443434567 
0.17832975253603853 0.1593529223656604 
0.16830111855854887 0.16839879105704203 
0.16696089949621173 0.16898782450168576 
0.16696089949621173 0.16898782450168576 
0.12951250259471814 0.17436398882866988 
0.11389859779302522 0.1638116767930069 
0.11389859779302522 0.1638116767930069 
0.11389859779302522 0.1638116767930069 
0.12870970136453938 0.15856342153209704 
0.12870970136453938 0.15856342153209704 
0.12870970136453938 0.15856342153209704 
0.13743919000117394 0.15698851608584846 
0.13743919000117394 0.15698851608584846 
0.1419171174703452 0.1495293793667066 
0.13347142327993547 0.15520298749821632 
0.13138742057655473 0.15344643456023088 
0.1329174771948634 0.1527238209921773 
0.1329174771948634 0.1527238209921773 
0.12866881345655262 0.15387853790204983 
0.12866881345655262 0.15387853790204983 
0.14055457150379264 0.1658184158315259 
0.11839918195004245 0.17513455341195827 
0.1523246251355621 0.1772075162326343 
0.1523246251355621 0.1772075162326343 
0.17230803531207886 0.18290862982606398 
0.17230803531207886 0.18290862982606398 
0.17230803531207886 0.18290862982606398 
0.17853521026725394 0.18390134660326896 
0.1670464520562899 0.18099986556134895 
0.1670464520562899 0.18099986556134895 
0.16986328675090284 0.18621984686635246 
0.16976387876084928 0.18615841100625363 
0.16976387876084928 0.18615841100625363 
0.17845501370554984 0.1890539194870244 
0.17900053171959127 0.18270374187576843 
0.16912413105810523 0.18122005823434467 
0.15178294690234873 0.18879178975017702 
0.1413200582176669 0.17856538965519458 
0.1413200582176669 0.17856538965519458 
0.1413200582176669 0.17856538965519458 
0.14676603087018755 0.1808747659777443 
0.14676603087018755 0.1808747659777443 
0.14240027646972359 0.18115312066191028 
0.11489832115269674 0.1831621294477412 
0.11489832115269674 0.1831621294477412 
0.11741652373438798 0.17941368419246725 
0.11741652373438798 0.17941368419246725 
0.10921529528059473 0.18146040089247178 
0.12001888680959667 0.17500700708282518 
0.13014978291554388 0.164828902668684 
0.1340177480728814 0.16438597170137897 
0.1340177480728814 0.16438597170137897 
0.16296039681068974 0.15959807051143515 
0.16296039681068974 0.15959807051143515 
0.1606099605660193 0.1577206681537523 
0.1606099605660193 0.1577206681537523 
0.1606099605660193 0.1577206681537523 
0.15932103632349878 0.15812162313904404 
0.15639466871200283 0.1604288713641651 
0.15153202919319017 0.16142066919035722 
0.10964483495341895 0.16560135234631695 
0.10080999812133316 0.16909467116543123 
0.0839095585374045 0.17948380364669098 
0.0937547807433865 0.1761887921878174 
0.0994090143842024 0.16751241666044506 
0.07017373990749899 0.1681375153869877 
0.07200897470415082 0.1684387295502943 
0.07200897470415082 0.1684387295502943 
0.10671236556683038 0.16811193422345033 
0.11615457953635659 0.1745095008956163 
0.15805904701340218 0.1760800071036826 
0.15805904701340218 0.1760800071036826 
0.16620185041344684 0.18810765517020855 
0.16865473486345928 0.1887946533511479 
0.15131638401034608 0.18277071739349085 
0.16091248991886442 0.18563711876845385 
0.16795682897073141 0.1883588459989895 
0.16706759520072498 0.18832478060752383 
0.16706759520072498 0.18832478060752383 
0.16706759520072498 0.18832478060752383 
0.16706759520072498 0.18832478060752383 
0.16664178762628037 0.18807795241411793 
0.16507835184940484 0.19196449848493488 
0.16507835184940484 0.19196449848493488 
0.16507835184940484 0.19196449848493488 
0.16186698603735442 0.1865714426958647 
0.16186698603735442 0.1865714426958647 
0.16186698603735442 0.1865714426958647 
0.1368251832080088 0.18057630854481221 
0.14978779946954962 0.1717959435434103 
0.14978779946954962 0.1717959435434103 
0.14795912154214463 0.1715717852875212 
0.14795912154214463 0.1715717852875212 
0.14763599771441027 0.17188993200728553 
0.1415408787169838 0.16088716483586385 
0.1415408787169838 0.16088716483586385 
0.1415408787169838 0.16088716483586385 
0.1415408787169838 0.16088716483586385 
0.14117983439332582 0.16781403227931516 
0.1328913929656866 0.16266373143675983 
0.1328913929656866 0.16266373143675983 
0.1294643351206951 0.16305112859042104 
0.10904667829109566 0.1679506093089245 
0.11502509428145276 0.16976157496334227 
0.11502509428145276 0.16976157496334227 
0.09434139986101471 0.166000737019912 
0.09434139986101471 0.166000737019912 
0.06847678828851339 0.16478430851890072 
0.06847678828851339 0.16478430851890072 
0.06847678828851339 0.16478430851890072 
0.06847678828851339 0.16478430851890072 
0.08244469440428817 0.16653696528242076 
0.08470340226166656 0.16703910547985 
0.08470340226166656 0.16703910547985 
0.08470340226166656 0.16703910547985 
0.09083102087632659 0.16397826452363468 
0.0949610550661939 0.1684695084544379 
0.0989476342672418 0.17026749608995903 
0.10079551702170308 0.16713031285756766 
0.09093620287340197 0.1647164122897631 
0.09063111252414982 0.16448201322588085 
0.09208500190606875 0.1661084213064696 
0.09404516030952112 0.1703872242176882 
0.09740365646905468 0.16133243553387575 
0.0961701717286502 0.1620211349585826 
0.0961701717286502 0.1620211349585826 
0.09434086249647596 0.1611831594929762 
0.0873741804018506 0.16333453506216922 
0.07549165705033976 0.16286405842213297 
0.07549165705033976 0.16286405842213297 
0.07549165705033976 0.16286405842213297 
0.07549165705033976 0.16286405842213297 
0.10897423352799737 0.16721547635623177 
0.07643490366746042 0.15866070009758304 
0.07362066614642838 0.15876317527209666 
0.07388414784996818 0.1614750880021589 
0.12518292311166027 0.16747874083750172 
0.10690083533396687 0.16463241536860826 
0.10706360000953746 0.16468330848555093 
0.10706360000953746 0.16468330848555093 
0.06386270343729242 0.16154151927853258 
0.06386270343729242 0.16154151927853258 
0.06386270343729242 0.16154151927853258 
0.0710879111360453 0.16127129143408073 
0.11594828204484964 0.1667675390104491 
0.12918682997149247 0.16712155164756057 
0.12871651794431377 0.16715945908937943 
0.15292034466767152 0.16321798729846335 
0.15504360248219567 0.16207142232827362 
0.15504360248219567 0.16207142232827362 
0.15074102805620826 0.16271379630817753 
0.15193657877441996 0.16135711326385874 
0.15709656434571093 0.16428442063585513 
0.155888399701756 0.16464454970697073 
0.155888399701756 0.16464454970697073 
0.12825768351071287 0.17158845673817028 
0.15270750306191902 0.17356641007620013 
0.15270750306191902 0.17356641007620013 
0.15270750306191902 0.17356641007620013 
0.15382579965383342 0.16923251944329493 
0.1507725488720616 0.16949527067549422 
0.1467286334179054 0.1694288953222582 
0.16603877789123883 0.1696150329044047 
0.176933376839737 0.16930485319427635 
0.17260194338104473 0.17062401574962394 
0.17260194338104473 0.17062401574962394 
0.17260194338104473 0.17062401574962394 
0.17348624947677171 0.17103281991314984 
0.16956324697791014 0.17123868611747942 
0.16956324697791014 0.17123868611747942 
0.1716271690371961 0.17113606381922072 
0.1716271690371961 0.17113606381922072 
0.17174595293656755 0.17108938341259491 
0.17672215241195538 0.1689193071770451 
0.17672215241195538 0.1689193071770451 
0.17690960798674937 0.1688902886921894 
0.17961776906610108 0.16301470650707384 
0.16824006968769795 0.16870000695490045 
0.17183847653021192 0.16487784276408823 
0.15961650942417463 0.16651628351090203 
0.15961650942417463 0.16651628351090203 
0.11077709796419012 0.1733859598535722 
0.11077709796419012 0.1733859598535722 
0.11156022200829 0.17391216825578162 
0.10121167032994016 0.17326213516443628 
0.09281345009607374 0.17999313926184718 
0.09281345009607374 0.17999313926184718 
0.11328265791666359 0.17710746268335084 
0.11929340196630216 0.17456635469979692 
0.1592838906945977 0.17167444762655762 
0.1592838906945977 0.17167444762655762 
0.1592838906945977 0.17167444762655762 
0.11130745001817953 0.17221811159859443 
0.07072732995573455 0.17560253682180493 
0.0717931278020796 0.17722973421952282 
0.07557342650030333 0.17810342552780584 
0.08706266195042003 0.17775052676631842 
0.08429171516857213 0.17765599895876438 
0.08429171516857213 0.17765599895876438 
0.08429171516857213 0.17765599895876438 
0.07645264094139453 0.16730718925389834 
0.07645264094139453 0.16730718925389834 
0.0753706737432385 0.16036966340076847 
0.0753706737432385 0.16036966340076847 
0.061643621633246014 0.1592004836138195 
0.08547286785800466 0.16828996575561117 
0.08547286785800466 0.16828996575561117 
0.08563755338197038 0.16837666570224435 
0.08347147457326712 0.17005962063083774 
0.08347147457326712 0.17005962063083774 
0.09071991501752627 0.16220069323345984 
0.09071991501752627 0.16220069323345984 
0.09071991501752627 0.16220069323345984 
0.07884655634105975 0.1577870189174059 
0.07884655634105975 0.1577870189174059 
0.07884655634105975 0.1577870189174059 
0.07866613409864033 0.15778136523597877 
0.07866613409864033 0.15778136523597877 
0.08008184030892762 0.1580661603488552 
0.08008184030892762 0.1580661603488552 
0.08286474828411379 0.158454367631588 
0.08202664570297713 0.1620596026673746 
0.062312164990572794 0.1583512374501117 
0.062312164990572794 0.1583512374501117 
0.062312164990572794 0.1583512374501117 
0.07552066407860604 0.16221025246080797 
0.0821133491384105 0.15583677589437225 
0.0821133491384105 0.15583677589437225 
0.09471915790193729 0.16065892948209337 
0.08329478256096126 0.1604122450426615 
0.07929237671703908 0.16421133733392193 
0.10062446858547705 0.17350322705792087 
0.09946510170276057 0.17866617856641862 
0.1009742106647391 0.18214380453556625 
0.10925028746414103 0.1837124484905722 
0.12269183708518391 0.18420131032300988 
0.1295446299594809 0.17807341549651207 
0.12951728746970081 0.17807075911983705 
0.12951728746970081 0.17807075911983705 
0.15111192021633796 0.18056338494838262 
0.15111192021633796 0.18056338494838262 
0.1514557840815979 0.18085195006628252 
0.16570792166774392 0.18076770050072494 
0.17329031129190253 0.18839196325915578 
0.17329031129190253 0.18839196325915578 
0.16099620280156082 0.1820668457890619 
0.1422233545466684 0.18107354808426385 
0.14008188354066098 0.1740311465352224 
0.14136248670523982 0.17136018707279788 
0.14548020649735213 0.18390549793181757 
0.13017965335022105 0.20034451910230264 
0.13712568122499266 0.21118191451776583 
0.13712568122499266 0.21118191451776583 
0.1366728738015639 0.19786777151004598 
0.1417642568916111 0.18709576531799216 
0.11104386764876847 0.17959766560489052 
0.11104386764876847 0.17959766560489052 
0.10809219564267805 0.17938945877436868 
0.11299104172285479 0.17981868256400363 
0.11299104172285479 0.17981868256400363 
0.11299104172285479 0.17981868256400363 
0.11299104172285479 0.17981868256400363 
0.1453352587826598 0.1902951758784378 
0.1453352587826598 0.1902951758784378 
0.13556276391976646 0.1954210877030414 
0.1380762136065754 0.1976608572924704 
0.14791789463243105 0.18807590570998897 
0.151156643341829 0.1798074194754205 
0.1805432259970785 0.1997389548638026 
0.1657434809491252 0.19063679004023157 
0.15926779636118799 0.18222643655156262 
0.11920521057698726 0.17292244922195474 
0.11936059416494854 0.1725418833634667 
0.09878672706160645 0.17030434078687748 
0.09878672706160645 0.17030434078687748 
0.10532286163094676 0.17167485878886896 
0.12174331381677718 0.16694516619843647 
0.1301579118876034 0.16521728002643796 
0.14609912015904608 0.16302027212433307 
0.14694860326602735 0.16504254691613604 
0.13575347793931125 0.16149818876240346 
0.1429007815887893 0.16786458546087388 
0.11740343865593049 0.17168874157521108 
0.11740343865593049 0.17168874157521108 
0.12899685698545665 0.17220181724852046 
0.12362670884303517 0.1700986819289615 
0.17204091162617047 0.1705743999281383 
0.17523613993999787 0.1702344003994843 
0.17635007516617054 0.16729154806161436 
0.17635007516617054 0.16729154806161436 
0.17635007516617054 0.16729154806161436 
0.17635007516617054 0.16729154806161436 
0.17635007516617054 0.16729154806161436 
0.17285321467546166 0.16770411118884018 
0.17285321467546166 0.16770411118884018 
0.17405591928280573 0.16594511393219066 
0.14346700316396452 0.17042666177797852 
0.1350039497041385 0.1683126105757954 
0.1350039497041385 0.1683126105757954 
0.12992569651776734 0.16211437880992827 
0.12224158858504994 0.1663705263612984 
0.12177251452323254 0.16936859246544178 
0.12177251452323254 0.16936859246544178 
0.09002488764574901 0.17280474426178957 
0.09002488764574901 0.17280474426178957 
0.09386486701529881 0.17306799384343602 
0.07448489130577646 0.17008796085499592 
0.07448489130577646 0.17008796085499592 
0.08070085953616853 0.17119885978008653 
0.06565709227309957 0.16424479081672824 
0.06788611683328974 0.16535164480329861 
0.06788611683328974 0.16535164480329861 
0.06788611683328974 0.16535164480329861 
0.06412400856585926 0.16538099363133682 
0.06244080446309454 0.1657311944607978 
0.06244080446309454 0.1657311944607978 
0.06914296166876585 0.16843388787515373 
0.10898864570414582 0.17508555662487957 
0.11370928087158713 0.17924176767267516 
0.11399479340450669 0.1788733181928503 
0.09561870417201715 0.17430665297411815 
0.08693676522656235 0.17296823915413392 
0.10905350960931191 0.17545984106878315 
0.10325879723412207 0.1776929305281391 
0.1047500655369307 0.1783538404686626 
0.07908395253787597 0.18098069309560544 
0.0798479901551345 0.17262239100090157 
0.07954231599373673 0.17177611299934645 
0.07954231599373673 0.17177611299934645 
0.07425468920452205 0.17264837360245835 
0.07425468920452205 0.17264837360245835 
0.07366541997744505 0.17231924797018028 
0.07366541997744505 0.17231924797018028 
0.07366541997744505 0.17231924797018028 
0.07366541997744505 0.17231924797018028 
0.07366541997744505 0.17231924797018028 
0.07366541997744505 0.17231924797018028 
0.06497417349598764 0.1729209935765054 
0.06497417349598764 0.1729209935765054 
0.06497417349598764 0.1729209935765054 
0.0650009837530019 0.1731992527026951 
0.08265671178555704 0.17521554448725948 
0.08265671178555704 0.17521554448725948 
0.06925931260477323 0.1668795787102114 
0.06925931260477323 0.1668795787102114 
0.07364132961120388 0.1718684275753114 
0.07992873887471957 0.1717734664371284 
0.07992873887471957 0.1717734664371284 
0.08019770051280554 0.17189578464992356 
0.08203863551870055 0.1696938830283136 
0.0924862806342215 0.157098663383837 
0.0924862806342215 0.157098663383837 
0.10005676566171129 0.17074375274229145 
0.10005676566171129 0.17074375274229145 
0.09005435716710625 0.17234381982510172 
0.09005435716710625 0.17234381982510172 
0.10233714899801011 0.17800450433449438 
0.1346890563986178 0.17634040307091703 
0.1781009051219516 0.15949371886968708 
0.1781009051219516 0.15949371886968708 
0.1781009051219516 0.15949371886968708 
0.1781009051219516 0.15949371886968708 
0.16953659652779454 0.17223474066179098 
0.1663799441050036 0.17285798120501705 
0.1663799441050036 0.17285798120501705 
0.17552048598530556 0.17100752517767084 
0.17552048598530556 0.17100752517767084 
0.17061946889908686 0.1709549128445152 
0.16379938828752605 0.17194616804631396 
0.17144704734247704 0.17055961830842806 
0.18004381494498523 0.17045027953239567 
0.18004381494498523 0.17045027953239567 
0.18004381494498523 0.17045027953239567 
0.18004381494498523 0.17045027953239567 
0.17818375274392667 0.1716614410890723 
0.17818375274392667 0.1716614410890723 
0.17818375274392667 0.1716614410890723 
0.17818375274392667 0.1716614410890723 
0.17818375274392667 0.1716614410890723 
0.17818375274392667 0.1716614410890723 
0.18056358717312335 0.1716513410023869 
0.16501456976167983 0.1746538735817119 
0.16869162391599354 0.17428197108749358 
0.16146215912216177 0.1749501787284811 
0.1620339162580373 0.17505444282073146 
0.15279922398619952 0.17492863606478276 
0.1553303952720985 0.18128831084403849 
0.1636242578601357 0.17345125556485885 
0.14194488406810601 0.17314355815786545 
0.13937204151065302 0.17144276108879278 
0.1349445830617066 0.17261186851425364 
0.12765553020136503 0.17153569437099575 
0.13741157815769026 0.1697130558574875 
0.13914086346091314 0.16800234935451713 
0.13914086346091314 0.16800234935451713 
0.16018598280496185 0.16681291014272734 
0.16018598280496185 0.16681291014272734 
0.16360351140708318 0.16837281546150507 
0.16360351140708318 0.16837281546150507 
0.16730135689823059 0.16837631352235405 
0.16721343727420218 0.16831962807686196 
0.13378281497097005 0.17281262978061124 
0.13378281497097005 0.17281262978061124 
0.12401560578084077 0.1736201675055112 
0.1124349340941955 0.17558983727286218 
0.12762472665514135 0.178681772949135 
0.10543678755383801 0.17913681365355844 
0.10543678755383801 0.17913681365355844 
0.08382790711630458 0.178425762363476 
0.08124555545697679 0.17960499512044695 
0.10166259856939909 0.1857987906373586 
0.11229483947401729 0.1853158613433479 
0.10592140186995554 0.18735673187862523 
0.09274119155347892 0.18567031495663736 
0.10219781878435831 0.17723240434464996 
0.10219781878435831 0.17723240434464996 
0.10219781878435831 0.17723240434464996 
0.07441287426251424 0.1799345280599647 
0.07118012624879759 0.17062216628492027 
0.07118012624879759 0.17062216628492027 
0.0637002139224932 0.16914590535163931 
0.0637002139224932 0.16914590535163931 
0.0648269792524938 0.16955356131173666 
0.0648269792524938 0.16955356131173666 
0.06486640865298561 0.17000032740394055 
0.06573299596360688 0.1694206673419368 
0.0906759316314705 0.17606193511405582 
0.08868010089655422 0.18313728257131395 
0.08322606783345016 0.18787927716417768 
0.08322606783345016 0.18787927716417768 
0.06676433875724415 0.19320217816617882 
0.08569510019742559 0.18897991368317846 
0.08230724665498587 0.19185330781686355 
0.11243050343100225 0.17909600553168442 
0.12704328985341706 0.18098909574470878 
0.12704328985341706 0.18098909574470878 
0.12704328985341706 0.18098909574470878 
0.14075734702754855 0.17840498966820345 
0.13802531840977672 0.17850649198554502 
0.13545127040028332 0.17573643590122093 
0.1367690426772452 0.17515323446730874 
0.11367524710499302 0.16614330498780047 
0.10358190348641852 0.16442527947099297 
0.09468701958007818 0.16246115258139415 
0.07880185763175918 0.1619900791362934 
0.07880185763175918 0.1619900791362934 
0.07880185763175918 0.1619900791362934 
0.07880185763175918 0.1619900791362934 
0.07880185763175918 0.1619900791362934 
0.07880185763175918 0.1619900791362934 
0.1006189109756128 0.16789728679385393 
0.07070731324430923 0.16414566224753344 
0.07070731324430923 0.16414566224753344 
0.07070731324430923 0.16414566224753344 
0.07066236130859117 0.16411904419181178 
0.07066236130859117 0.16411904419181178 
0.11392401548774972 0.17393222013311072 
0.09943432535236893 0.17219714766170757 
0.09943432535236893 0.17219714766170757 
0.10139497625919294 0.17755775269940655 
0.09989078020288916 0.17795374377301987 
0.10742619835045504 0.17842087638740076 
0.10742619835045504 0.17842087638740076 
0.12910632003177175 0.17474365094213393 
0.11527766610607793 0.17410056607666693 
0.10844666094058195 0.17232275760824112 
0.10844666094058195 0.17232275760824112 
0.09771614104496668 0.16739708346202917 
0.09771614104496668 0.16739708346202917 
0.08835828391260633 0.1782903281788794 
0.08947579463547904 0.18098887769304497 
0.07145682705351909 0.1844733919110679 
0.06857763603261502 0.1844392114552599 
0.06945016877470896 0.17605013914305742 
0.06945016877470896 0.17605013914305742 
0.06945016877470896 0.17605013914305742 
0.06532734630098162 0.1830456279675423 
0.06532734630098162 0.1830456279675423 
0.06532734630098162 0.1830456279675423 
0.06532734630098162 0.1830456279675423 
0.06532734630098162 0.1830456279675423 
0.06532734630098162 0.1830456279675423 
0.06617739990296406 0.17445121226201804 
0.06617739990296406 0.17445121226201804 
0.06617739990296406 0.17445121226201804 
0.06617739990296406 0.17445121226201804 
0.06617739990296406 0.17445121226201804 
0.06602192020037945 0.1745948367459043 
0.06774306306271627 0.17482445807110353 
0.06774306306271627 0.17482445807110353 
0.08126637486682443 0.1776103042375166 
0.08198937576719383 0.17733234927016886 
0.12044123536938861 0.1819518523168856 
0.12175998119253377 0.18275335268680565 
0.11344339784597185 0.17836298154075553 
0.09794387637031648 0.178532025317381 
0.09794387637031648 0.178532025317381 
0.09465226952511593 0.17728096180924302 
0.10116587148735387 0.1766438610788242 
0.1007881347585379 0.17632262208842256 
0.08975878563130517 0.17180572205816422 
0.086695775409 0.1749889982643526 
0.07845626928664606 0.1709767006739837 
0.062380310535491965 0.16257695689858637 
0.062380310535491965 0.16257695689858637 
0.062380310535491965 0.16257695689858637 
0.06246420215626679 0.15410616179899375 
0.06246420215626679 0.15410616179899375 
0.06246420215626679 0.15410616179899375 
0.06246420215626679 0.15410616179899375 
0.07539154700004205 0.16071486995010048 
0.06704244591330721 0.1577777730150862 
0.06704244591330721 0.1577777730150862 
0.09701666901905295 0.16729622054198573 
0.09701666901905295 0.16729622054198573 
0.10134690208625383 0.16890058200959968 
0.06711388095695599 0.16305859569622852 
0.06711388095695599 0.16305859569622852 
0.06453753489514974 0.16178318229279903 
0.1012327079430407 0.16688356794441833 
0.11023774175339227 0.16188590292046123 
0.11431245350047214 0.1647806533135113 
0.11431245350047214 0.1647806533135113 
0.12715624529470604 0.16870892020469153 
0.12715624529470604 0.16870892020469153 
0.14439524434426604 0.1663936995447144 
0.11937181690814903 0.16593164558514872 
0.11937181690814903 0.16593164558514872 
0.093163255848934 0.15248993162838595 
0.093163255848934 0.15248993162838595 
0.09940333181454887 0.15378989480182592 
0.1044954721424088 0.15399098661468053 
0.1044954721424088 0.15399098661468053 
0.1044954721424088 0.15399098661468053 
0.1044954721424088 0.15399098661468053 
0.1044954721424088 0.15399098661468053 
0.1044954721424088 0.15399098661468053 
0.10557937388120614 0.15457749043682625 
0.09354083701998615 0.16796050761443085 
0.11156251451813509 0.16207065706197266 
0.11510178391859087 0.16550536407579186 
0.11045284157930901 0.16620186501519707 
0.11102863141336973 0.1667888290772843 
0.11102863141336973 0.1667888290772843 
0.12044042178933158 0.16328053888327196 
0.13784958913532247 0.15847885302293838 
0.13784958913532247 0.15847885302293838 
0.13992840782557997 0.16695754908214805 
0.13533203028542673 0.1668691983547755 
0.13698358938362168 0.1701325547267592 
0.13521664084153412 0.17153582060282552 
0.13521664084153412 0.17153582060282552 
0.1300330126157923 0.17106545086805952 
0.1531372446760033 0.1662600549616111 
0.15295418124629706 0.1699643847082895 
0.12407520433021182 0.17243162709017415 
0.11255045234133196 0.1755423916457123 
0.11323236763161805 0.17256607550149997 
0.12548147490817466 0.17253549555505826 
0.14165427081208917 0.17668747068108012 
0.14130175593998545 0.17398041445266388 
0.14130175593998545 0.17398041445266388 
0.13116216674632492 0.174602153197488 
0.13116216674632492 0.174602153197488 
0.13058164042464362 0.17217503435970405 
0.1344389229437869 0.1710424504075617 
0.1379776270239355 0.17056689558507754 
0.1681546521508101 0.17251502520609746 
0.15925141725511266 0.17209067639806316 
0.12986383595420217 0.17118012805889504 
0.13605601589602398 0.169648367151964 
0.15150075899038182 0.16944207331799896 
0.15150075899038182 0.16944207331799896 
0.15150075899038182 0.16944207331799896 
0.15842958953415967 0.16864185807627255 
0.15717734819023285 0.16807609620052685 
0.15683824632770138 0.16816513093717908 
