0.24814304585916616 -0.2888797952294899 
0.24814304585916616 -0.2888797952294899 
0.25439723485229604 -0.288334983720553 
0.25439723485229604 -0.288334983720553 
0.25439723485229604 -0.288334983720553 
0.2716230694177699 -0.2810600150812123 
0.2716230694177699 -0.2810600150812123 
0.2716230694177699 -0.2810600150812123 
0.2716230694177699 -0.2810600150812123 
0.2716230694177699 -0.2810600150812123 
0.2716230694177699 -0.2810600150812123 
0.2716230694177699 -0.2810600150812123 
0.2734855104211505 -0.3032016464607131 
0.2734855104211505 -0.3032016464607131 
0.2734855104211505 -0.3032016464607131 
0.2734855104211505 -0.3032016464607131 
0.2734855104211505 -0.3032016464607131 
0.2734855104211505 -0.3032016464607131 
0.2734855104211505 -0.3032016464607131 
0.2734855104211505 -0.3032016464607131 
0.2734855104211505 -0.3032016464607131 
0.2734855104211505 -0.3032016464607131 
0.2749923412909919 -0.2938679555055862 
0.28112424511942447 -0.26248054293265777 
0.28112424511942447 -0.26248054293265777 
0.28112424511942447 -0.26248054293265777 
0.28112424511942447 -0.26248054293265777 
0.28112424511942447 -0.26248054293265777 
0.28111413637152416 -0.2641596613684918 
0.28111413637152416 -0.2641596613684918 
0.28111413637152416 -0.2641596613684918 
0.28111413637152416 -0.2641596613684918 
0.28111413637152416 -0.2641596613684918 
0.28111413637152416 -0.2641596613684918 
0.28111413637152416 -0.2641596613684918 
0.28111413637152416 -0.2641596613684918 
0.28111413637152416 -0.2641596613684918 
0.28111413637152416 -0.2641596613684918 
0.28111413637152416 -0.2641596613684918 
0.2811749280465899 -0.3066145607671265 
0.28116728819881737 -0.3012080666444579 
0.28116728819881737 -0.3012080666444579 
0.28116728819881737 -0.3012080666444579 
0.28116728819881737 -0.3012080666444579 
0.28116728819881737 -0.3012080666444579 
0.28116728819881737 -0.3012080666444579 
0.2812536217033846 -0.28046196648741184 
0.28123217877490614 -0.27906271236889557 
0.28123406402884127 -0.2678968328687746 
0.2812828660231792 -0.28931662625368576 
0.2812828660231792 -0.28931662625368576 
0.2812828660231792 -0.28931662625368576 
0.2812828660231792 -0.28931662625368576 
0.2812737313638194 -0.2912114320088994 
0.2812907346023389 -0.2899351729426122 
0.2813639906914446 -0.27394842731828456 
0.2813639906914446 -0.27394842731828456 
0.2813639906914446 -0.27394842731828456 
0.2813659724151546 -0.285719044822952 
0.2813659724151546 -0.285719044822952 
0.2813659724151546 -0.285719044822952 
0.2813659724151546 -0.285719044822952 
0.2813659724151546 -0.285719044822952 
0.2813659724151546 -0.285719044822952 
0.2813659724151546 -0.285719044822952 
0.2813659724151546 -0.285719044822952 
0.2813659724151546 -0.285719044822952 
0.2813659724151546 -0.285719044822952 
0.2813659724151546 -0.285719044822952 
0.2813659724151546 -0.285719044822952 
0.2814300752937996 -0.28896295391716575 
0.2814300752937996 -0.28896295391716575 
0.2814770517600929 -0.28833216860822414 
0.28147682214865133 -0.2897468782490822 
0.28147682214865133 -0.2897468782490822 
0.2814802925023706 -0.28942958375810046 
0.28148029730155255 -0.2922897695148594 
0.28148029730155255 -0.2922897695148594 
0.2814874963883499 -0.3016568663041649 
0.2814890437337718 -0.3001928179300718 
0.2814890437337718 -0.3001928179300718 
0.2814882392234486 -0.28233610573068973 
0.2814882392234486 -0.28233610573068973 
0.2814882392234486 -0.28233610573068973 
0.28148980036592897 -0.28239470654796 
0.28149236991309107 -0.27854709472178774 
0.28149236991309107 -0.27854709472178774 
0.28149236991309107 -0.27854709472178774 
0.28149236991309107 -0.27854709472178774 
0.28149236991309107 -0.27854709472178774 
0.28149236991309107 -0.27854709472178774 
0.2814934498527748 -0.2780650787211325 
0.2814934498527748 -0.2780650787211325 
0.2814934498527748 -0.2780650787211325 
0.2814937852015506 -0.2643954730428729 
0.2814937852015506 -0.2643954730428729 
0.28149364159894225 -0.2620953631952514 
0.28149364159894225 -0.2620953631952514 
0.28149364159894225 -0.2620953631952514 
0.28149364159894225 -0.2620953631952514 
0.28149364159894225 -0.2620953631952514 
0.28149364159894225 -0.2620953631952514 
0.28149325855226126 -0.262175415711545 
0.28149325855226126 -0.262175415711545 
0.28149325855226126 -0.262175415711545 
0.28149325855226126 -0.262175415711545 
0.28149325855226126 -0.262175415711545 
0.28149300666009186 -0.3050053301939972 
0.28148888603070515 -0.2969583851048365 
0.28149382802253936 -0.28473356445925746 
0.28149376065406445 -0.2847914897474397 
0.2814925160642709 -0.28655789808211374 
0.2814852890066958 -0.28964687376912146 
0.2814789556459351 -0.26726689922186386 
0.2814788809303375 -0.2662905395020079 
0.2814788809303375 -0.2662905395020079 
0.2814788809303375 -0.2662905395020079 
0.2814759633134867 -0.2659413310538389 
0.28147451069971396 -0.2694188589388873 
0.28147451069971396 -0.2694188589388873 
0.28147451069971396 -0.2694188589388873 
0.28147451069971396 -0.2694188589388873 
0.28147722290919697 -0.2841505103132697 
0.28147401981720144 -0.2745718102483969 
0.2814730464034449 -0.2717059342427897 
0.2814730464034449 -0.2717059342427897 
0.2814712510985571 -0.27545011868081826 
0.2814757726478479 -0.27582760295370545 
0.28147186144740555 -0.280384596563375 
0.28147186144740555 -0.280384596563375 
0.2814674545261971 -0.27001436781766475 
0.2814655100761012 -0.26112843714617184 
0.2814655100761012 -0.26112843714617184 
0.2814655100761012 -0.26112843714617184 
0.2814655100761012 -0.26112843714617184 
0.2814655100761012 -0.26112843714617184 
0.2814655100761012 -0.26112843714617184 
0.28146418685945207 -0.2629389875445276 
0.28146418685945207 -0.2629389875445276 
0.28146418685945207 -0.2629389875445276 
0.28146418685945207 -0.2629389875445276 
0.28146418685945207 -0.2629389875445276 
0.28146355529381667 -0.26287712244144285 
0.28146355529381667 -0.26287712244144285 
0.28146355529381667 -0.26287712244144285 
0.28146355529381667 -0.26287712244144285 
0.28146823497144186 -0.268100531951575 
0.2814726336934349 -0.2725361752044954 
0.2814742026216552 -0.307292976041351 
0.2814570265706318 -0.27477352997894894 
0.28147718494966945 -0.3177717638022275 
0.28146667679801574 -0.31913767676900634 
0.28146474440937314 -0.3164381026928948 
0.28146424114595564 -0.3163931698454532 
0.2814762334917348 -0.31829447449265946 
0.28147498690638034 -0.3214233916685254 
0.2814790389094244 -0.31996962221358294 
0.2814761759038966 -0.3321105086966897 
0.28147451893818154 -0.3216672642814562 
0.28147428065340047 -0.3232731425720009 
0.2814667453169871 -0.35154549252042483 
0.2814667453169871 -0.35154549252042483 
0.28146412943380733 -0.35643978818362565 
0.2814569232929938 -0.36427924920120114 
0.2814569232929938 -0.36427924920120114 
0.2814665813804377 -0.3582139717822843 
0.2814665813804377 -0.3582139717822843 
0.2814665813804377 -0.3582139717822843 
0.28146638833831783 -0.3525028945607905 
0.2814552149028971 -0.3755460285878848 
0.2814552149028971 -0.3755460285878848 
0.2814578575844165 -0.36714573925516814 
0.2814578575844165 -0.36714573925516814 
0.2814578575844165 -0.36714573925516814 
0.2814578575844165 -0.36714573925516814 
0.281456706020309 -0.36960574626344944 
0.281456706020309 -0.36960574626344944 
0.281456706020309 -0.36960574626344944 
0.28144417292521795 -0.36655781600438625 
0.2814482139481775 -0.35878594979218237 
0.2814482139481775 -0.35878594979218237 
0.2814644053899721 -0.31161479554617005 
0.2814665965954827 -0.31253340658808815 
0.2814640261190857 -0.3094291405926236 
0.2814640261190857 -0.3094291405926236 
0.2814686475057798 -0.3060554544114407 
0.28146226918744954 -0.3134727706985488 
0.28146926485823154 -0.30888319675080067 
0.28146926485823154 -0.30888319675080067 
0.281470056567309 -0.309192196638025 
0.2814682947284102 -0.31162203318964055 
0.2814682947284102 -0.31162203318964055 
0.2814621935362436 -0.30780455617348934 
0.281459155295504 -0.31534221328906903 
0.2814442814084642 -0.3275024293991339 
0.2814442814084642 -0.3275024293991339 
0.28144438718221176 -0.3273617653564854 
0.28144438718221176 -0.3273617653564854 
0.28144305860432034 -0.3265793118795859 
0.2814567413470177 -0.3204638958784773 
0.2814567413470177 -0.3204638958784773 
0.2814725901872925 -0.3188355355288161 
0.28147374160070165 -0.3179258858235379 
0.28146933700555893 -0.31958525727862097 
0.28146933700555893 -0.31958525727862097 
0.281469935998188 -0.3195510473751584 
0.2814733966289497 -0.31928015094989093 
0.28147847609200355 -0.3294755332474627 
0.28147842813921464 -0.3282307094225331 
0.28148124756951565 -0.31939681587447377 
0.2814730023528829 -0.3243866941717696 
0.28147307184415304 -0.3238238418218623 
0.28146858176397227 -0.33017564367906577 
0.28146858176397227 -0.33017564367906577 
0.28146834227803164 -0.33096924933628113 
0.2814863390810221 -0.34363477270729725 
0.2814819315438247 -0.36222677255132885 
0.2814819315438247 -0.36222677255132885 
0.2814819315438247 -0.36222677255132885 
0.2814814466847938 -0.3549874774843306 
0.2814814466847938 -0.3549874774843306 
0.28148827355134176 -0.32535812930009833 
0.2814841913722504 -0.35385940339786826 
0.281485472984511 -0.3567987466522053 
0.2814825572127314 -0.3529709322146141 
0.281480594046221 -0.3511911324904901 
0.281480526983705 -0.3491546763706249 
0.28148361262220106 -0.36703120715834747 
0.2814813156856695 -0.37842704430179497 
0.2814813156856695 -0.37842704430179497 
0.2814843697807068 -0.33521134399601393 
0.2814843697807068 -0.33521134399601393 
0.28148687983198406 -0.3464641233199138 
0.2814905055127805 -0.3382003783609951 
0.2814905055127805 -0.3382003783609951 
0.28148997653414876 -0.33839555246978076 
0.28149054938634743 -0.3396514467042553 
0.28149054938634743 -0.3396514467042553 
0.2814918564523684 -0.34008552993703434 
0.2814940974707152 -0.34520394069127586 
0.2814940974707152 -0.34520394069127586 
0.2814934817658023 -0.33626275508192643 
0.2814934817658023 -0.33626275508192643 
0.2814934817658023 -0.33626275508192643 
0.2814936912850083 -0.33489684110703516 
0.28149250232800627 -0.33486969192693977 
0.28149250232800627 -0.33486969192693977 
0.28148947416509223 -0.36958945256586084 
0.2814804124425794 -0.3333822494405675 
0.2814889816633734 -0.3206933960830521 
0.28148789907009536 -0.33409525188775496 
0.2814812287260932 -0.3757890169868184 
0.2814812029488308 -0.37817800222508513 
0.2814812029488308 -0.37817800222508513 
0.2814814221244933 -0.3770731321210431 
0.2814814221244933 -0.3770731321210431 
0.28148418587523816 -0.38014701745312257 
0.28148418587523816 -0.38014701745312257 
0.28148418587523816 -0.38014701745312257 
0.28148418587523816 -0.38014701745312257 
0.28148962805577193 -0.3285735425610007 
0.28148685096801385 -0.33217297044864874 
0.2814825823201648 -0.3226276218549165 
0.2814825823201648 -0.3226276218549165 
0.2814847168679846 -0.3126523015569189 
0.28148213228302665 -0.30827103233005976 
0.28148711748653216 -0.32231016330315854 
0.28148669338905913 -0.3176882885514865 
0.2814841585020584 -0.3308918851539249 
0.28148587224194005 -0.32853617972627547 
0.28148587224194005 -0.32853617972627547 
0.28148587224194005 -0.32853617972627547 
0.2814876064451778 -0.3348138524943265 
0.28148517208695295 -0.324056396787064 
0.2814852246109462 -0.3421392323964253 
0.2814848901232703 -0.33461555024562617 
0.2814836021998532 -0.329925487591561 
0.2814854331903143 -0.33798158634594017 
0.2814901157005391 -0.3001957672316507 
0.28149217532227494 -0.3036669395125441 
0.2814950386322598 -0.3098857060484453 
0.2814950386322598 -0.3098857060484453 
0.2814950386322598 -0.3098857060484453 
0.28149875632134264 -0.322947936253212 
0.2814988915648312 -0.32296000806375447 
0.28149879339233885 -0.3199739546446795 
0.28149879339233885 -0.3199739546446795 
0.28149879339233885 -0.3199739546446795 
0.2814990780021341 -0.3267852516529435 
0.2814990780021341 -0.3267852516529435 
0.2814990780021341 -0.3267852516529435 
0.28149760553852843 -0.33031681948890346 
0.28149760553852843 -0.33031681948890346 
0.2814952175231149 -0.31857573217382745 
0.28149304798837876 -0.3525934109051219 
0.28149304798837876 -0.3525934109051219 
0.2814935480552441 -0.3426906211890024 
0.2814965313512402 -0.3533687175812108 
0.2814965313512402 -0.3533687175812108 
0.28149680720561077 -0.3537694024719684 
0.2814980840916457 -0.3558914354010141 
0.2814990866007091 -0.3623557305773738 
0.2814997801990936 -0.3633279585347411 
0.2814996507182941 -0.3550972765165428 
0.28149989096563155 -0.36915035568827537 
0.28149904271418597 -0.3567010213239195 
0.28149904271418597 -0.3567010213239195 
0.28149867577840587 -0.3426209175646512 
0.28149867577840587 -0.3426209175646512 
0.2814986673719652 -0.33754357360661136 
0.2814986673719652 -0.33754357360661136 
0.2814986673719652 -0.33754357360661136 
0.2814998730341576 -0.3164874870281522 
0.2814998730341576 -0.3164874870281522 
0.2814998730341576 -0.3164874870281522 
0.2814998730341576 -0.3164874870281522 
0.2814998730341576 -0.3164874870281522 
0.2814998730341576 -0.3164874870281522 
0.2814998730341576 -0.3164874870281522 
0.28149970183011785 -0.3054322078735693 
0.2814948038600822 -0.29869317436983933 
0.2814948038600822 -0.29869317436983933 
0.2814954344558954 -0.2894797947788078 
0.2814954954207312 -0.29151076186477115 
0.2814952977713937 -0.2923168125570928 
0.2814946181571694 -0.2931119157954796 
0.2814946181571694 -0.2931119157954796 
0.28149419586613444 -0.2979583034972399 
0.2814939285222678 -0.29967507451341 
0.28149241412161013 -0.29880891017379774 
0.28149241412161013 -0.29880891017379774 
0.2814901613000657 -0.3042311297994605 
0.2814900473829355 -0.30403480716788434 
0.28149267596123356 -0.30977544203484403 
0.28149267596123356 -0.30977544203484403 
0.28149267596123356 -0.30977544203484403 
0.28148421319428596 -0.30341990056216733 
0.28147695002634154 -0.3224222559053584 
0.2814753994037664 -0.3435007181715253 
0.28148097046569903 -0.35889407602261375 
0.2814855086262549 -0.3637588458514633 
0.2814824006677453 -0.3530651193058363 
0.28148546176690525 -0.3256119189937337 
0.28148546176690525 -0.3256119189937337 
0.2814791556610756 -0.3438624807387964 
0.28148298262232385 -0.34782869774192904 
0.28148298262232385 -0.34782869774192904 
0.28148298262232385 -0.34782869774192904 
0.2814814823146592 -0.3378246732612635 
0.2814760247511448 -0.36058704836847155 
0.28147815585534236 -0.3475613740360751 
0.28147815585534236 -0.3475613740360751 
0.2814784802059076 -0.3472274434804756 
0.28147362916586605 -0.34596386269744805 
0.28147362916586605 -0.34596386269744805 
0.28147374724153756 -0.3540012708191873 
0.2814711944921726 -0.3804451046423235 
0.2814735688628782 -0.3653762416842466 
0.2814735688628782 -0.3653762416842466 
0.28148024481184153 -0.35091572001037036 
0.28148024481184153 -0.35091572001037036 
0.28148490524688397 -0.3510846507338655 
0.28148271401725194 -0.3585885006766892 
0.28148347199994495 -0.3652010807581531 
0.28148347199994495 -0.3652010807581531 
0.2814845760949808 -0.3577256624058705 
0.2814846693420052 -0.37172531856692254 
0.2814894144630495 -0.3639637901712024 
0.2814894144630495 -0.3639637901712024 
0.28148717161813347 -0.34313767763593034 
0.2814911252428996 -0.3208750331435594 
0.2814913116521009 -0.3232308874265719 
0.28149583678025997 -0.3304762195584593 
0.2814964814200308 -0.33322440052684554 
0.28149431560757393 -0.3728182508186847 
0.28149431560757393 -0.3728182508186847 
0.28149431560757393 -0.3728182508186847 
0.28149431560757393 -0.3728182508186847 
0.28149431560757393 -0.3728182508186847 
0.28149431560757393 -0.3728182508186847 
0.28149412041402183 -0.36763491873624904 
0.28149412041402183 -0.36763491873624904 
0.28149412041402183 -0.36763491873624904 
0.28149412041402183 -0.36763491873624904 
0.28149412041402183 -0.36763491873624904 
0.2814963519406633 -0.37177599209293133 
0.2814961624971927 -0.37084489067345994 
0.2814958774588723 -0.35888093379352215 
0.28149021250579864 -0.32346428840278263 
0.28149021250579864 -0.32346428840278263 
0.28148939526819944 -0.32591810810417854 
0.2814888404072773 -0.3384884840137036 
0.28149611741224934 -0.34507164692524417 
0.28148762329110866 -0.3322819122406476 
0.28148337334410445 -0.3282731798688649 
0.2814789334679218 -0.3557071019664742 
0.2814776185772041 -0.36285007131860514 
0.2814776185772041 -0.36285007131860514 
0.2814715932738655 -0.33916406717274106 
0.2814715932738655 -0.33916406717274106 
0.2814785043084325 -0.32784277293800657 
0.2814855262300724 -0.3127034484469441 
0.28148002942997064 -0.34508974692659755 
0.2814828859338971 -0.3330147553575093 
0.28148380832427966 -0.33449281087383265 
0.28147207882790776 -0.3163406287823868 
0.2814657214236486 -0.2858811309218743 
0.2814663819839508 -0.28555218944536476 
0.28146266328179276 -0.2859497516992502 
0.28147151180727964 -0.2818242127102725 
0.2814823248128583 -0.2731273319845986 
0.281487562901812 -0.31351668378339226 
0.28148626700023804 -0.3147551057070263 
0.28148701941897347 -0.31819836945034197 
0.28149495039359435 -0.31905973329977005 
0.28149495039359435 -0.31905973329977005 
0.28149495039359435 -0.31905973329977005 
0.28149565709745633 -0.31706894972114835 
0.28149565709745633 -0.31706894972114835 
0.2814896956119668 -0.31469709664952866 
0.28148972300594527 -0.31067381440569675 
0.2814918039398789 -0.3164770897921955 
0.2814918039398789 -0.3164770897921955 
0.2814918039398789 -0.3164770897921955 
0.2814909059780522 -0.32659971699505225 
0.28149539656095124 -0.350291075828888 
0.28149539656095124 -0.350291075828888 
0.28149605731414634 -0.31558764074090395 
0.28149605731414634 -0.31558764074090395 
0.28149716087164045 -0.3325860706500146 
0.28149716087164045 -0.3325860706500146 
0.2814971607789613 -0.3325841886574849 
0.2814997968690199 -0.33923188592448555 
0.2814997968690199 -0.33923188592448555 
0.2814997968690199 -0.33923188592448555 
0.2814984408098559 -0.30644645161954104 
0.2814984408098559 -0.30644645161954104 
0.2814984408098559 -0.30644645161954104 
0.2814984408098559 -0.30644645161954104 
0.2814997485516697 -0.3100886935068152 
0.2814994194215109 -0.3098479482565497 
0.2814955211076089 -0.2984496239719619 
0.28147624574191027 -0.3096522155368914 
0.281477173474824 -0.31691605950006774 
0.2814783327590309 -0.3126993831388464 
0.2814701185757695 -0.32920685578424513 
0.28148149226204044 -0.3065814982563394 
0.28148040390265155 -0.3064888637360825 
0.28149059509950497 -0.33204229549833 
0.28149491063208604 -0.3684189840247971 
0.28149491063208604 -0.3684189840247971 
0.2814936816368035 -0.3589829209038425 
0.28149599232102934 -0.3120466774797863 
0.2814968827390247 -0.3355776273051958 
0.2814968827390247 -0.3355776273051958 
0.2814968827390247 -0.3355776273051958 
0.2814891326676765 -0.31932928874976985 
0.2814876643188543 -0.30967675231503095 
0.28148699152960877 -0.30462837578251045 
0.28148699152960877 -0.30462837578251045 
0.28148791959357927 -0.30360197640632836 
0.28148868806005933 -0.30867898113598513 
0.28149107618640723 -0.310574574010197 
0.2814866470093194 -0.3089436634615579 
0.2814864688171561 -0.32126149811036275 
0.2814881982983753 -0.30264458632876956 
0.2814910136228031 -0.29695347204379424 
0.281493520174653 -0.28480212905528096 
0.2814944327353586 -0.27876709700300567 
0.2814944327353586 -0.27876709700300567 
0.2814944327353586 -0.27876709700300567 
0.2814944598427397 -0.27751154965802843 
0.2814944598427397 -0.27751154965802843 
0.2814944598427397 -0.27751154965802843 
0.28149331053607346 -0.26243445226467066 
0.28149331053607346 -0.26243445226467066 
0.28149331053607346 -0.26243445226467066 
0.28149331053607346 -0.26243445226467066 
0.28149331053607346 -0.26243445226467066 
0.28149389864647606 -0.26689592249401456 
0.28149389864647606 -0.26689592249401456 
0.28149389864647606 -0.26689592249401456 
0.28149389864647606 -0.26689592249401456 
0.28149389864647606 -0.26689592249401456 
0.28149389864647606 -0.26689592249401456 
0.28149389864647606 -0.26689592249401456 
0.28149389864647606 -0.26689592249401456 
0.28149389864647606 -0.26689592249401456 
0.28149389864647606 -0.26689592249401456 
0.28149389864647606 -0.26689592249401456 
0.28149330580448245 -0.26774266248044226 
0.2814928159070005 -0.26213828478959056 
0.2814928159070005 -0.26213828478959056 
0.2814928159070005 -0.26213828478959056 
0.2814928159070005 -0.26213828478959056 
0.2814928159070005 -0.26213828478959056 
0.2814928159070005 -0.26213828478959056 
0.2814928159070005 -0.26213828478959056 
0.2814928159070005 -0.26213828478959056 
0.2814928159070005 -0.26213828478959056 
0.2814928159070005 -0.26213828478959056 
0.2814928159070005 -0.26213828478959056 
0.2814928159070005 -0.26213828478959056 
0.2814928159070005 -0.26213828478959056 
0.2814928159070005 -0.26213828478959056 
0.281492710938953 -0.2615534219944775 
0.281492710938953 -0.2615534219944775 
0.281492710938953 -0.2615534219944775 
0.281492710938953 -0.2615534219944775 
0.281492710938953 -0.2615534219944775 
0.281492710938953 -0.2615534219944775 
0.2814927348657398 -0.26127818065483155 
0.2814927348657398 -0.26127818065483155 
0.2814927348657398 -0.26127818065483155 
0.2814927348657398 -0.26127818065483155 
0.2814927348657398 -0.26127818065483155 
0.2814927348657398 -0.26127818065483155 
0.2814927348657398 -0.26127818065483155 
0.2814927348657398 -0.26127818065483155 
0.2814927348657398 -0.26127818065483155 
0.2814927348657398 -0.26127818065483155 
0.2814927348657398 -0.26127818065483155 
0.28149010922496853 -0.28423509981524275 
0.28149316387681955 -0.2847913268708638 
0.2814902702034046 -0.294018807372996 
0.2814902702034046 -0.294018807372996 
0.2814941343039715 -0.27985099102531624 
0.2814942996440979 -0.2720091307637019 
0.2814943720213275 -0.26624999020178747 
0.2814943720213275 -0.26624999020178747 
0.2814943692630151 -0.26602660889160845 
0.2814884348617511 -0.2958016669394056 
0.2814907401176945 -0.28921838250157855 
0.2814907401176945 -0.28921838250157855 
0.2814907401176945 -0.28921838250157855 
0.2814877291264951 -0.2903943624365972 
0.28148407544482557 -0.2906052569332117 
0.2814818338150479 -0.2965480805551139 
0.28148973886333195 -0.2814699305063045 
0.28149235539050477 -0.2802990996120565 
0.2814919272429798 -0.2806501201553616 
0.2814922199377539 -0.30196428879622744 
0.2814864331698814 -0.3065076627637224 
0.28148790006633073 -0.3019127700191306 
0.2814872237978392 -0.3059666762310497 
0.28147611715255266 -0.29480065051992227 
0.28147611715255266 -0.29480065051992227 
0.28147611715255266 -0.29480065051992227 
0.2814768697622468 -0.2945945476058153 
0.2814768697622468 -0.2945945476058153 
0.2814774226787228 -0.30370178466027437 
0.28147759313230436 -0.304567106066941 
0.28147952616398486 -0.3128915558788711 
0.28147625833418766 -0.31371728200053806 
0.28147896877839385 -0.31432197754038477 
0.28147324726247963 -0.30560260230595165 
0.28147324726247963 -0.30560260230595165 
0.28147946618825037 -0.31727653438943954 
0.28147984126610603 -0.31939149520823806 
0.28148146249727235 -0.3120212406864939 
0.2814907812779813 -0.32467237126854903 
0.28149078860590443 -0.3246433260192181 
0.28149102272059356 -0.3426663523149681 
0.28149092501435563 -0.33935745507773785 
0.28148641573677935 -0.3436468740574996 
0.2814861869825972 -0.3442488574867744 
0.281484493136672 -0.36131071177908386 
0.281484493136672 -0.36131071177908386 
0.281484493136672 -0.36131071177908386 
0.281484493136672 -0.36131071177908386 
0.28148225050008147 -0.3686577593468298 
0.28148225050008147 -0.3686577593468298 
0.28148120755781236 -0.3664280440224829 
0.28148120755781236 -0.3664280440224829 
0.28148787956129656 -0.3428188324983912 
0.2814912985040384 -0.33216257535377774 
0.28149226354620077 -0.3358035230576458 
0.2814898611697608 -0.32569055177615513 
0.2814898203752232 -0.3230032678075126 
0.2814841803472706 -0.336023487093127 
0.28147850354092313 -0.3408363167935115 
0.2814864032557234 -0.30842199475902443 
0.28148940449724963 -0.3258243483877 
0.2814894318422788 -0.32301807669156524 
0.2814924650878284 -0.314929810009289 
0.2814908307429032 -0.3083286230686288 
0.2814908307429032 -0.3083286230686288 
0.28149092502376716 -0.3049798249892352 
0.28149092502376716 -0.3049798249892352 
0.2814920108462113 -0.29943324965375906 
0.2814920235207759 -0.29949970583124846 
0.2814920235207759 -0.29949970583124846 
0.2814920235207759 -0.29949970583124846 
0.281490948650275 -0.29833489077410486 
0.2814905385268207 -0.2870499922528961 
0.28149052859540646 -0.26308639505545534 
0.28148886924358263 -0.2858824356429776 
0.28149465677579827 -0.2907988892087455 
0.2814934469715218 -0.29400312355798686 
0.281493447832923 -0.29399979391500364 
0.281493447832923 -0.29399979391500364 
0.2814892786341324 -0.2822750101457153 
0.2814909576996191 -0.29704408418111855 
0.2814909951611914 -0.29700660973137266 
0.28148512480798366 -0.2754344329482497 
0.28148512480798366 -0.2754344329482497 
0.28147375375214834 -0.2792896629934314 
0.2814901793604899 -0.2828146971665504 
0.2814897092783385 -0.28971334493509493 
0.28148730144423595 -0.2807737796465457 
0.28148730144423595 -0.2807737796465457 
0.28148998692071825 -0.28963133730799834 
0.28148998692071825 -0.28963133730799834 
0.28149776899912343 -0.2871893073005869 
0.28149776899912343 -0.2871893073005869 
0.2814967989446729 -0.2860617279297135 
0.28149679523781695 -0.28445026710051874 
0.28149679523781695 -0.28445026710051874 
0.2814961651508837 -0.29277179619347615 
0.2814941795223868 -0.2917423322665183 
0.2814914721034214 -0.3079987560856426 
0.2814914721034214 -0.3079987560856426 
0.2814918182501363 -0.2997389314388038 
0.28149444905604687 -0.29627867779743894 
0.28149268415867706 -0.2616247452079057 
0.28149268415867706 -0.2616247452079057 
0.28149268415867706 -0.2616247452079057 
0.28149268415867706 -0.2616247452079057 
0.28149268415867706 -0.2616247452079057 
0.28149268415867706 -0.2616247452079057 
0.28149268415867706 -0.2616247452079057 
0.28149268415867706 -0.2616247452079057 
0.2814942314485739 -0.27781942242962754 
0.2814942314485739 -0.27781942242962754 
0.28149855212537594 -0.2648574282415694 
0.28149850673073334 -0.2653593081499288 
0.28149850673073334 -0.2653593081499288 
0.28149975240409325 -0.2616520885093261 
0.28149975240409325 -0.2616520885093261 
0.28149975240409325 -0.2616520885093261 
0.28149975240409325 -0.2616520885093261 
0.28149975240409325 -0.2616520885093261 
0.28149975240409325 -0.2616520885093261 
0.28149975240409325 -0.2616520885093261 
0.28149975240409325 -0.2616520885093261 
0.2814971897063562 -0.26365742593898395 
0.2814954024834647 -0.2651333785089121 
0.2814954024834647 -0.2651333785089121 
0.28149443553987485 -0.2677078115787319 
0.28149443553987485 -0.2677078115787319 
0.28149443553987485 -0.2677078115787319 
0.28149443553987485 -0.2677078115787319 
0.28149443553987485 -0.2677078115787319 
0.28149443553987485 -0.2677078115787319 
0.28149443553987485 -0.2677078115787319 
0.28149231982878387 -0.2683316320120195 
0.28149196977527924 -0.2668598537996834 
0.2814935401043592 -0.26675345951266427 
0.2814935401043592 -0.26675345951266427 
0.2814935401043592 -0.26675345951266427 
0.2814935918455494 -0.2655452089505934 
0.2814935918455494 -0.2655452089505934 
0.2814935918455494 -0.2655452089505934 
0.2814935918455494 -0.2655452089505934 
0.2814935918455494 -0.2655452089505934 
0.2814935918455494 -0.2655452089505934 
0.28149622844304806 -0.31630609986560304 
0.28149415691644647 -0.32336821888100725 
0.28149287501185505 -0.3203491254273718 
0.28149287501185505 -0.3203491254273718 
0.28149287501185505 -0.3203491254273718 
0.28149982444275595 -0.3323678635643633 
0.28149910195432803 -0.3280740401079085 
0.2814927910958819 -0.3253713159839247 
0.2814927910958819 -0.3253713159839247 
0.28149268893673257 -0.32759690691082327 
0.2814914748730727 -0.3284801375008668 
0.28148761916281595 -0.3449240708983883 
0.2814937559968271 -0.3373373819036829 
0.28149309571441633 -0.3432509919132175 
0.28149309571441633 -0.3432509919132175 
0.28149226357003904 -0.34445450699271785 
0.28149226357003904 -0.34445450699271785 
0.28149226357003904 -0.34445450699271785 
0.28149226357003904 -0.34445450699271785 
0.28149226357003904 -0.34445450699271785 
0.28148569444761506 -0.32603074968007334 
0.28148218769749445 -0.34837421819212044 
0.28148218769749445 -0.34837421819212044 
0.2814930935853883 -0.34252840271244095 
0.2814940329112987 -0.35411601613952726 
0.2814940329112987 -0.35411601613952726 
0.2814921715619867 -0.33299962432826824 
0.2814915141932365 -0.3479210173151091 
0.28149466431224085 -0.3649657863807902 
0.28149466431224085 -0.3649657863807902 
0.28149086026010606 -0.334866626673916 
0.28149116690348397 -0.33187688002050025 
0.28149116690348397 -0.33187688002050025 
0.28149116690348397 -0.33187688002050025 
0.281489884906263 -0.33859727131061623 
0.28148975300484763 -0.30970119730925966 
0.28149616118183046 -0.3143671146276265 
0.28149616118183046 -0.3143671146276265 
0.28149616118183046 -0.3143671146276265 
0.28149558088668813 -0.3056916062444437 
0.28149764138521277 -0.30303974795242916 
0.2814957160386991 -0.30971243414134925 
0.2814957160386991 -0.30971243414134925 
0.28149192070355206 -0.3110801261066523 
0.2814931589952334 -0.2998525574395865 
0.2814935996486272 -0.29960888073513814 
0.2814898108878836 -0.32414415670918445 
0.28149521444942294 -0.3742715255040203 
0.28149521444942294 -0.3742715255040203 
0.28149521444942294 -0.3742715255040203 
0.28149521444942294 -0.3742715255040203 
0.28149521444942294 -0.3742715255040203 
0.2814957728608304 -0.37722597819280074 
0.2814957728608304 -0.37722597819280074 
0.2814961309606761 -0.37890681679865895 
0.2814946157813827 -0.3730094162265297 
0.28149378738713576 -0.37295297890038304 
0.28149378738713576 -0.37295297890038304 
0.28149378738713576 -0.37295297890038304 
0.28149378738713576 -0.37295297890038304 
0.28149371382360694 -0.3746084385170145 
0.2814932001081404 -0.3693592783473232 
0.28149347461136637 -0.3625928025600035 
0.28149347461136637 -0.3625928025600035 
0.2814938491106079 -0.3665897906967026 
0.2814938491106079 -0.3665897906967026 
0.2814938491106079 -0.3665897906967026 
0.2814938491106079 -0.3665897906967026 
0.28149563974474445 -0.37298674965192663 
0.2814953257114316 -0.37941961792062806 
0.2814953257114316 -0.37941961792062806 
0.2814953072392795 -0.38015464050991915 
0.2814953072392795 -0.38015464050991915 
0.2814953072392795 -0.38015464050991915 
0.2814953717646527 -0.3740132086935584 
0.28149512374279223 -0.3735572792965638 
0.28149512374279223 -0.3735572792965638 
0.28149512374279223 -0.3735572792965638 
0.28148919909844194 -0.3397185524224086 
0.2814923723655613 -0.32623045148541624 
0.28149314563016625 -0.32685627173148585 
0.28149314563016625 -0.32685627173148585 
0.28149314563016625 -0.32685627173148585 
0.28149052934694285 -0.3555478165012293 
0.2814811236985754 -0.3210641809244559 
0.28147184886353926 -0.3143631063297136 
0.28147184886353926 -0.3143631063297136 
0.28147256943690135 -0.3104699163959124 
0.2814757672419275 -0.28688923990297865 
0.2814757672419275 -0.28688923990297865 
0.2814701826259791 -0.2907179467299279 
0.2814688775762679 -0.29093891606256483 
0.2814440735751513 -0.3093447593376422 
0.2814440735751513 -0.3093447593376422 
0.2814512475981969 -0.3081355179819426 
0.28141638514124584 -0.30862106497595193 
0.28144247230033576 -0.2987321555456122 
0.28144247230033576 -0.2987321555456122 
0.28144247230033576 -0.2987321555456122 
0.2814672416151799 -0.3352249291079215 
0.281438736713518 -0.3213546877743046 
0.281438736713518 -0.3213546877743046 
0.2814530006483774 -0.32123704889682425 
0.28146897092986345 -0.3404725711190023 
0.28146939376015534 -0.3459786696831275 
0.2814607642254343 -0.3713465273352302 
0.2814607642254343 -0.3713465273352302 
0.2814607642254343 -0.3713465273352302 
0.28146407180289035 -0.3480499196532677 
0.281462014053834 -0.34997967176066364 
0.2814667956529548 -0.3513634343399211 
0.28146744034242016 -0.3517299213400852 
0.2814734957184211 -0.3436029784874658 
0.2814733546789437 -0.34228841449172664 
0.2814684104548155 -0.333448056187336 
0.2814609668321909 -0.336373186233196 
0.2814528506716021 -0.3267941911599519 
0.28145132931894107 -0.3382126316104159 
0.2814719580328137 -0.3210973102625675 
0.28147694160602876 -0.3110155332981233 
0.28147706975906406 -0.31369276562682047 
0.28147706975906406 -0.31369276562682047 
0.2814863812286186 -0.3211834402426033 
0.2814758606822007 -0.3256678061784146 
0.2814736162350782 -0.33481289998504904 
0.28147560245785797 -0.3245490731871792 
0.28147560245785797 -0.3245490731871792 
0.2814744087539372 -0.3585080114689186 
0.2814774330598481 -0.37451625830389385 
0.2814774330598481 -0.37451625830389385 
0.2814774330598481 -0.37451625830389385 
0.2814774330598481 -0.37451625830389385 
0.2814774330598481 -0.37451625830389385 
0.2814875903967467 -0.3226281159087687 
0.2814884859073539 -0.334489920452436 
0.2814875957921771 -0.3328205822029062 
0.28148100124801273 -0.3479681618018274 
0.28147253979000186 -0.3257513165219664 
0.28145398283071377 -0.29357618857760903 
0.28145398283071377 -0.29357618857760903 
0.28145608510893627 -0.29224888253623316 
0.2814637917547362 -0.2900889803758018 
0.28146991654461895 -0.28663703256717615 
0.2814701693826443 -0.28642559619000496 
0.28147221668237116 -0.2852821514448221 
0.2814679775306359 -0.2893682114354092 
0.28147106433332153 -0.2946392190289983 
0.28146563876190883 -0.27737238985106866 
0.28146563876190883 -0.27737238985106866 
0.28146446114878254 -0.27781645431899427 
0.28147549426693286 -0.3085865409248346 
0.28147957560265446 -0.3070957019474168 
0.2814741660146743 -0.33908657703986 
0.2814631238894483 -0.355870709548162 
0.2814791070625275 -0.31127039120137734 
0.2814744118645854 -0.29509784270010814 
0.28146906395109 -0.2963059161512604 
0.28147156606818546 -0.3155981477931986 
0.28147698617281963 -0.3103129898299568 
0.2814647781069877 -0.3147113691965577 
0.2814728341278684 -0.3184718333411446 
0.2814728341278684 -0.3184718333411446 
0.281498902503624 -0.30238775453377864 
0.281498902503624 -0.30238775453377864 
0.28149962014567775 -0.26123388250820284 
0.28149962014567775 -0.26123388250820284 
0.28149962014567775 -0.26123388250820284 
0.2814966090004049 -0.2647740671713874 
0.2814966090004049 -0.2647740671713874 
0.2814966090004049 -0.2647740671713874 
0.281494154405909 -0.265488039301912 
0.28149003581627396 -0.291691524409273 
0.28149003581627396 -0.291691524409273 
0.2814960237686302 -0.29887975399013517 
0.2814960237686302 -0.29887975399013517 
0.2814960237686302 -0.29887975399013517 
0.2814963786553805 -0.29971820232002605 
0.2814963786553805 -0.29971820232002605 
0.28149259219295875 -0.29292558947887065 
0.28149259219295875 -0.29292558947887065 
0.28149166500866174 -0.29215546174521273 
0.28148999100492883 -0.28947659635262385 
0.2814910973060599 -0.2976533359660127 
0.281490096290472 -0.2985943190164585 
0.2814911501171149 -0.29730251725614426 
0.2814911501171149 -0.29730251725614426 
0.28149169869621543 -0.295690803798009 
0.28149825390859473 -0.272831221343593 
0.28149964758082324 -0.2691828385665507 
0.28149964758082324 -0.2691828385665507 
0.28149964758082324 -0.2691828385665507 
0.28149964758082324 -0.2691828385665507 
0.28149963523870153 -0.26906702220954776 
0.28149963523870153 -0.26906702220954776 
0.28149963523870153 -0.26906702220954776 
0.28149963523870153 -0.26906702220954776 
0.28149963523870153 -0.26906702220954776 
0.2814983127740933 -0.2701073317051449 
0.2814983127740933 -0.2701073317051449 
0.2814983127740933 -0.2701073317051449 
0.2814983127740933 -0.2701073317051449 
0.2814983127740933 -0.2701073317051449 
0.2814983127740933 -0.2701073317051449 
0.28149459783719927 -0.27290681856078924 
0.28149650517387426 -0.2625821746979684 
0.28149650517387426 -0.2625821746979684 
0.28149912991582227 -0.26253141862204066 
0.28149912991582227 -0.26253141862204066 
0.28149912991582227 -0.26253141862204066 
0.28149912991582227 -0.26253141862204066 
0.28149949939857855 -0.26237500661876356 
0.28149949939857855 -0.26237500661876356 
0.28149949939857855 -0.26237500661876356 
0.2814959161182549 -0.2774706161449266 
0.2814941376984743 -0.28143697415936264 
0.2814952191997422 -0.27874313923173727 
0.2814961598395371 -0.27852637016044923 
0.2814961598395371 -0.27852637016044923 
0.2814961598395371 -0.27852637016044923 
0.2814961598395371 -0.27852637016044923 
0.2814969112778239 -0.27501719114528383 
0.2814969112778239 -0.27501719114528383 
0.28149670347260586 -0.27614508473178967 
0.28149734642467106 -0.3036660357967811 
0.28149734642467106 -0.3036660357967811 
0.28149734642467106 -0.3036660357967811 
0.28149734642467106 -0.3036660357967811 
0.28149734642467106 -0.3036660357967811 
0.28149934693857004 -0.3220296784303116 
0.28149934693857004 -0.3220296784303116 
0.28149934693857004 -0.3220296784303116 
0.28149934693857004 -0.3220296784303116 
0.28149934693857004 -0.3220296784303116 
0.28149934693857004 -0.3220296784303116 
0.2814999165243708 -0.31113641090128824 
0.2814999165243708 -0.31113641090128824 
0.2814986403209923 -0.3080521013451156 
0.2814986403209923 -0.3080521013451156 
0.2814986403209923 -0.3080521013451156 
0.2814986403209923 -0.3080521013451156 
0.28149444574031895 -0.31083916774489095 
0.28149324964078004 -0.3079926181467132 
0.2814871613775749 -0.30526656099247995 
0.2814799128046693 -0.3000045426332169 
0.2814799128046693 -0.3000045426332169 
0.2814793225750695 -0.2990623259412747 
0.28146654869010324 -0.33133758660624535 
0.28145666466922786 -0.31981776355082464 
0.2814567920490843 -0.3194896172306987 
0.2814567920490843 -0.3194896172306987 
0.2814567920490843 -0.3194896172306987 
0.2814567920490843 -0.3194896172306987 
0.2814452394882414 -0.3412165563509774 
0.28145139830564364 -0.3407679443372074 
0.2814351718569107 -0.33257928058950886 
0.2814156729062648 -0.3536966492095414 
0.2814156729062648 -0.3536966492095414 
0.2814156729062648 -0.3536966492095414 
0.2813922799238541 -0.3642432636303921 
0.2813922799238541 -0.3642432636303921 
0.28138427342876837 -0.36593008033307356 
0.28138427342876837 -0.36593008033307356 
0.2813892135038305 -0.3662228500602981 
0.2813892135038305 -0.3662228500602981 
0.2813892135038305 -0.3662228500602981 
0.28139514484388106 -0.3603946800751697 
0.2813834653341484 -0.3689168500082127 
0.28141260902052545 -0.3437401309986879 
0.28141260902052545 -0.3437401309986879 
0.28141260902052545 -0.3437401309986879 
0.28139941155379306 -0.34312422860876207 
0.28139941155379306 -0.34312422860876207 
0.28139941155379306 -0.34312422860876207 
0.2814241798808174 -0.3329437937000761 
0.2814241798808174 -0.3329437937000761 
0.28141154031713067 -0.3279617124759051 
0.2814245814214954 -0.32730112997219835 
0.2814245814214954 -0.32730112997219835 
0.2814250475267749 -0.3272019704989258 
0.28143361534368067 -0.33175570372735447 
0.28144662509721446 -0.3104754519647256 
0.2814508884132254 -0.3133691390061957 
0.2814709067069329 -0.31533526972499126 
0.2814620215427203 -0.3363286583230396 
0.2814620215427203 -0.3363286583230396 
0.2814572055589769 -0.32688532835910283 
0.2814596823658634 -0.3255898591200029 
0.281454005347895 -0.3317395806753233 
0.2814711632565453 -0.3301105147762864 
0.28147073135028355 -0.3270715212307532 
0.28147073135028355 -0.3270715212307532 
0.281468120075584 -0.3308289401914218 
0.281468120075584 -0.3308289401914218 
0.281468120075584 -0.3308289401914218 
0.2814795168492745 -0.31354240312858717 
0.28148110545510896 -0.314658525467201 
0.2814848460831101 -0.31930374968261627 
0.2814849488412723 -0.3220039128973392 
0.2814766991381237 -0.35286654081489605 
0.2814766955295362 -0.352877514576623 
0.2814766955295362 -0.352877514576623 
0.28147727610655987 -0.3517772101762479 
0.2814832147640026 -0.32813249428123603 
0.28148350767715563 -0.3264145304592912 
0.28148350767715563 -0.3264145304592912 
0.2814801760424159 -0.32866389532315976 
0.28146736278011225 -0.33245532783960113 
0.28146444688061734 -0.3363111870826569 
0.28146701564809873 -0.3217769745966634 
0.28146701564809873 -0.3217769745966634 
0.28146701564809873 -0.3217769745966634 
0.2814781302385641 -0.30421294589116193 
0.2814781302385641 -0.30421294589116193 
0.2814670025977351 -0.3186219686468945 
0.28146391987563657 -0.31693060578875326 
0.28146391987563657 -0.31693060578875326 
0.2814653897591128 -0.31793329963263406 
0.28145917810376636 -0.27415037226315164 
0.2814454274154217 -0.2749314427520532 
0.2814511387439687 -0.2788538365902085 
0.2814444191867473 -0.27185277728866325 
0.2814444191867473 -0.27185277728866325 
0.28146542375917766 -0.296745932194785 
0.28146725057334193 -0.29787130958993313 
0.28147629601493057 -0.324541274529595 
0.28147032039189795 -0.29950104095237823 
0.28147032039189795 -0.29950104095237823 
0.28147102374403055 -0.3149916755673673 
0.28148049239758255 -0.30718926718181216 
0.28147863128812384 -0.30824985881494876 
0.2814799018933371 -0.3114391675043116 
0.2814799018933371 -0.3114391675043116 
0.2814768935848991 -0.3495947743049619 
0.2814831856322431 -0.3554068699216562 
0.28148579579226907 -0.34407370932863085 
0.28148579579226907 -0.34407370932863085 
0.2814862376063872 -0.34146188507333697 
0.28147800537666084 -0.3241914551526718 
0.2814822533403576 -0.32983858947675054 
0.2814822533403576 -0.32983858947675054 
0.28148235188425214 -0.3295834786144628 
0.281475163932144 -0.34257854944655336 
0.281463465513477 -0.34531728192800526 
0.281463465513477 -0.34531728192800526 
0.2814614413081007 -0.3526033513064726 
0.28143154927283853 -0.33182420717115985 
0.2814447835695634 -0.33965628190286284 
0.2814519642990685 -0.32084383955563023 
0.2814509062415482 -0.3227806792198749 
0.28144403404433305 -0.34463545554767855 
0.2814469348135683 -0.3413223538609737 
0.2814469348135683 -0.3413223538609737 
0.2814469348135683 -0.3413223538609737 
0.2814469348135683 -0.3413223538609737 
0.2814469348135683 -0.3413223538609737 
0.28146060759178126 -0.313556041450334 
0.28146060759178126 -0.313556041450334 
0.2814703080114667 -0.3008004166205161 
0.28146594024110133 -0.2674380230899132 
0.28146428391303246 -0.27326551319694325 
0.28146861095876746 -0.2748530025395124 
0.28146419458631977 -0.27133725055173047 
0.2814636502407684 -0.2701730596448386 
0.28145351407887714 -0.2649263638559971 
0.28145351407887714 -0.2649263638559971 
0.28145351407887714 -0.2649263638559971 
0.28145351407887714 -0.2649263638559971 
0.2814746906063587 -0.3075300653040651 
0.2814739488793545 -0.305878075861093 
0.2814795567721793 -0.28893844351440723 
0.2814795567721793 -0.28893844351440723 
0.2814805226288475 -0.2880434197685494 
0.2814805226288475 -0.2880434197685494 
0.2814833296078686 -0.2840957267634537 
0.28147691239922873 -0.2942865970192117 
0.2814731844494917 -0.2933839218880078 
0.28147249546288555 -0.29267744140430996 
0.2814719494494164 -0.2931968479432261 
0.2814721452972645 -0.3151625536273763 
0.2814578380160301 -0.35188526945706344 
0.2814437887830649 -0.33598788672747065 
0.2814437887830649 -0.33598788672747065 
0.2814437887830649 -0.33598788672747065 
0.2814437887830649 -0.33598788672747065 
0.2814494286040587 -0.3252991916063501 
0.2814484810421175 -0.3266694849471993 
0.2814511422337059 -0.32507905341642895 
0.2814511422337059 -0.32507905341642895 
0.2814511422337059 -0.32507905341642895 
0.2814515660455346 -0.33118477302043237 
0.2814486880327381 -0.33336149173606866 
0.28140565908140863 -0.3710259442470444 
0.28140565908140863 -0.3710259442470444 
0.28140565908140863 -0.3710259442470444 
0.28141244415881694 -0.3646921950340898 
0.28141244415881694 -0.3646921950340898 
0.28144550457643336 -0.35991794133967747 
0.28144550457643336 -0.35991794133967747 
0.28145679520318634 -0.3439043704721352 
0.2814627689014321 -0.3313306507338772 
0.2814569771040955 -0.34884040529092886 
0.2814541940799385 -0.3544356073795507 
0.2814528102897338 -0.33579129220706405 
0.2814528102897338 -0.33579129220706405 
0.2814559986686172 -0.3332185283739768 
0.2814559986686172 -0.3332185283739768 
0.281458406812017 -0.3410290121894186 
0.281444376277585 -0.35133190799640157 
0.281444376277585 -0.35133190799640157 
0.2814508274384411 -0.34501586201102796 
0.2814508274384411 -0.34501586201102796 
0.2814643981359633 -0.3234334662785525 
0.2814676661255454 -0.3173482086630632 
0.28146202018626876 -0.29125299939670696 
0.2814640698783529 -0.3032056850245149 
0.28147292751699293 -0.29687097262771817 
0.2814716613215667 -0.2946916917622179 
0.2814752879199172 -0.29879448794686314 
0.2814791350032221 -0.2923232256685899 
0.2814791078317096 -0.2923573280774957 
0.2814807957515486 -0.29095793771688405 
0.28148464938576573 -0.28190243341121224 
0.28147462854935157 -0.28492660327393593 
0.2814896633529331 -0.26802383733669594 
0.2814896633529331 -0.26802383733669594 
0.2814896181026955 -0.2674009628766341 
0.2814896181026955 -0.2674009628766341 
0.2814896181026955 -0.2674009628766341 
0.28148959063727425 -0.26795480499176766 
0.28148959063727425 -0.26795480499176766 
0.2814888524216421 -0.27434943741485057 
0.2814888524216421 -0.27434943741485057 
0.2814888524216421 -0.27434943741485057 
0.28148872758190585 -0.276307111220695 
0.28148967056994295 -0.2779236417763938 
0.28148967056994295 -0.2779236417763938 
0.28148967056994295 -0.2779236417763938 
0.28148967056994295 -0.2779236417763938 
0.28148967056994295 -0.2779236417763938 
0.2814874250761626 -0.2902209651478665 
0.28148585063842574 -0.308317664544703 
0.2814759601641116 -0.26523788913676116 
0.2814759601641116 -0.26523788913676116 
0.2814759601641116 -0.26523788913676116 
0.2814759601641116 -0.26523788913676116 
0.28147610926642613 -0.2654689345217761 
0.28145384201781304 -0.26653838212910935 
0.2814684757305583 -0.28071654379537836 
0.28146629274520185 -0.27696502859940353 
0.2814741758527017 -0.30167287716478025 
0.2814815164416333 -0.28693691242907415 
0.2814874616303881 -0.2826947594290925 
0.28148737120767253 -0.2775774355406778 
0.2814892016488843 -0.27967684249900154 
0.2814892016488843 -0.27967684249900154 
0.2814892016488843 -0.27967684249900154 
0.28149111803049215 -0.2731282766899806 
0.28149111803049215 -0.2731282766899806 
0.28149111803049215 -0.2731282766899806 
0.2814917016966275 -0.2736717605354731 
0.2814911897613584 -0.27007226463107625 
0.2814911897613584 -0.27007226463107625 
0.28149001120513506 -0.2733878759111773 
0.2814933106047458 -0.28872305727200775 
0.2814946604233933 -0.300201442353334 
0.28149461116443925 -0.2926839662172118 
0.28149461116443925 -0.2926839662172118 
0.28149461116443925 -0.2926839662172118 
0.28149358314087475 -0.3012156970746904 
0.2814937193969652 -0.3002606183991823 
0.2814935855852271 -0.30000505917478343 
0.2814935855852271 -0.30000505917478343 
0.28149579111898276 -0.26924824107922196 
0.28149579111898276 -0.26924824107922196 
0.28149579111898276 -0.26924824107922196 
0.28149579111898276 -0.26924824107922196 
0.28149579111898276 -0.26924824107922196 
0.28149579111898276 -0.26924824107922196 
0.28149579111898276 -0.26924824107922196 
0.28149890724272864 -0.27052411791439057 
0.28149890724272864 -0.27052411791439057 
0.28149890724272864 -0.27052411791439057 
0.28149890724272864 -0.27052411791439057 
0.28149890724272864 -0.27052411791439057 
0.281498671000922 -0.27123147425537375 
0.281498671000922 -0.27123147425537375 
0.281498671000922 -0.27123147425537375 
0.2814979720080998 -0.2740325523051449 
0.2814991667759508 -0.27540770128213815 
0.2814991667759508 -0.27540770128213815 
0.2814976911149016 -0.27656303688062556 
0.2814976911149016 -0.27656303688062556 
0.2814976911149016 -0.27656303688062556 
0.2814976911149016 -0.27656303688062556 
0.2814976911149016 -0.27656303688062556 
0.2814946794872337 -0.31649649107358835 
0.28149509778980114 -0.3211708884996798 
0.2814913621454302 -0.31453375642432324 
0.28149293542523474 -0.31178566676280484 
0.2814907845711269 -0.31740840397360054 
0.281490563245391 -0.3109822695728235 
0.2814936499433141 -0.291629223639165 
0.2814935177951681 -0.2809823205496387 
0.28148376227933924 -0.2788378149730191 
0.28148870299256223 -0.2776317654736075 
0.2814872092262677 -0.2745635649855471 
0.281487192136049 -0.2745424068357117 
0.281487192136049 -0.2745424068357117 
0.281487192136049 -0.2745424068357117 
0.2814998029858284 -0.2780017346255041 
0.28149826534666555 -0.28154559782737026 
0.28149826534666555 -0.28154559782737026 
0.28149961205175694 -0.2852965097111297 
0.28149961205175694 -0.2852965097111297 
0.28149961205175694 -0.2852965097111297 
0.28149961205175694 -0.2852965097111297 
0.28149961205175694 -0.2852965097111297 
0.28149961205175694 -0.2852965097111297 
0.28149911735414984 -0.2865147903218821 
0.28149718091213194 -0.2941122558784472 
0.28149704767953626 -0.2952103682547538 
0.28149260828254236 -0.29163844970787106 
0.28149260828254236 -0.29163844970787106 
0.28149510700345043 -0.27790527501146434 
0.28149510700345043 -0.27790527501146434 
0.2814958984102623 -0.27700873047883734 
0.2814958984102623 -0.27700873047883734 
0.2814960867462995 -0.27039097941042634 
0.2814960867462995 -0.27039097941042634 
0.2814960867462995 -0.27039097941042634 
0.2814960867462995 -0.27039097941042634 
0.2814945702918317 -0.27189224264829276 
0.28149443820111314 -0.27187276375227004 
0.28149538536053187 -0.2717146668825118 
0.28149538536053187 -0.2717146668825118 
0.2814968057349353 -0.272993245756488 
0.28149527543514974 -0.27758902272909575 
0.28149527543514974 -0.27758902272909575 
0.2814933847674125 -0.26951727383083096 
0.2814933847674125 -0.26951727383083096 
0.28149356650305085 -0.26827004182160696 
0.28149356650305085 -0.26827004182160696 
0.28149356650305085 -0.26827004182160696 
0.28149344839839585 -0.26641299687341885 
0.28149344839839585 -0.26641299687341885 
0.28149344839839585 -0.26641299687341885 
0.28149344839839585 -0.26641299687341885 
0.2814922628011742 -0.28193230136519354 
0.2814854295427709 -0.2795290729538627 
0.2814838791439949 -0.26439477925642074 
0.28148363129818404 -0.2647118074657754 
0.28148363129818404 -0.2647118074657754 
0.28148363129818404 -0.2647118074657754 
0.28148363129818404 -0.2647118074657754 
0.28148363129818404 -0.2647118074657754 
0.28148363129818404 -0.2647118074657754 
0.28148363129818404 -0.2647118074657754 
0.28148363129818404 -0.2647118074657754 
0.28148363129818404 -0.2647118074657754 
0.28148363129818404 -0.2647118074657754 
0.2814835602842554 -0.2631730795753134 
0.2814835602842554 -0.2631730795753134 
0.28148843865806844 -0.31360586653001504 
0.28148843865806844 -0.31360586653001504 
0.2814831764262504 -0.2897325372322685 
0.2814831764262504 -0.2897325372322685 
0.28147995362675043 -0.26583711365424423 
0.2814807337667201 -0.2655012579323422 
0.2814807337667201 -0.2655012579323422 
0.2814807337667201 -0.2655012579323422 
0.28148646709471814 -0.2763950808010852 
0.2814897058774882 -0.2750123781423593 
0.2814945836758037 -0.26465563094247724 
0.2814951347868219 -0.26458301770301873 
0.28149667073076146 -0.2708592445083156 
0.28149667073076146 -0.2708592445083156 
0.2814945488036021 -0.2713306479093295 
0.2814990817059153 -0.26398345350036695 
0.2814990817059153 -0.26398345350036695 
0.2814990817059153 -0.26398345350036695 
0.2814989501186017 -0.2670087302143102 
0.2814989501186017 -0.2670087302143102 
0.2814989501186017 -0.2670087302143102 
0.2814929346263734 -0.3137747562471894 
0.2814929346263734 -0.3137747562471894 
0.2814929346263734 -0.3137747562471894 
0.28148868014221357 -0.3146136672214403 
0.28148868014221357 -0.3146136672214403 
0.28148891284218186 -0.31585985331936406 
0.2814921532064471 -0.32203834946206644 
0.28149427555713347 -0.3258858800017891 
0.28149098758626734 -0.32946781704824357 
0.2814926450061019 -0.32991525865554694 
0.28149296708855387 -0.32778872540940757 
0.2814926158002928 -0.3275078778608018 
0.28149035190521265 -0.34542011193714084 
0.28149035190521265 -0.34542011193714084 
0.28149403674385876 -0.3637341566552416 
0.28149403674385876 -0.3637341566552416 
0.2814937043840197 -0.3704181987354424 
0.28149224561309094 -0.3792681061166877 
0.2814931271502608 -0.36952267971386843 
0.28147708378887637 -0.33762519482506453 
0.28146510229009786 -0.37055754649782335 
0.28146510229009786 -0.37055754649782335 
0.2814659312649625 -0.3775689453368909 
0.28146833292235734 -0.367557583856585 
0.28146833292235734 -0.367557583856585 
0.28147125297428605 -0.324541791739803 
0.2814633966532839 -0.3348018693339779 
0.2814677581938476 -0.3288408819123041 
0.2814753027718189 -0.3428811547743029 
0.2814732230658364 -0.34583754855411486 
0.28147471981164507 -0.3435079588808161 
0.2814751573638473 -0.3406856788715096 
0.2814813151397622 -0.3174930021634198 
0.2814834045131079 -0.3182731206968432 
0.2814796229217707 -0.3180862168227467 
0.28146955993532236 -0.3401981010090057 
0.28147423982943914 -0.32967432810009256 
0.2814686024648191 -0.325709613419334 
0.2814686024648191 -0.325709613419334 
0.28146746184586474 -0.34885457004075965 
0.2814727518571296 -0.346694036119012 
0.2814727518571296 -0.346694036119012 
0.2814727518571296 -0.346694036119012 
0.28147963295264267 -0.3272267765165508 
0.2814839800167928 -0.3169652568451372 
0.2814839800167928 -0.3169652568451372 
0.2814844400240287 -0.32230377103692365 
0.28148936677449865 -0.31141986878931593 
0.281488560218038 -0.3292160742052872 
0.2814818722703403 -0.36338955501399817 
0.28148175787528046 -0.3645848673400124 
0.2814827816859643 -0.34363553712394856 
0.2814886394525142 -0.34863070394143714 
0.2814885778946979 -0.35005491042041986 
0.2814918584296499 -0.33274331529556167 
0.2814902650748622 -0.3356384245956886 
0.28149237700120155 -0.3766707904654621 
0.28149237700120155 -0.3766707904654621 
0.28149237700120155 -0.3766707904654621 
0.2814884613240086 -0.3682703111860589 
0.28148987809672854 -0.35595429717647925 
0.28148987809672854 -0.35595429717647925 
0.28149068638009295 -0.35564822669113233 
0.28149068638009295 -0.35564822669113233 
0.28149068638009295 -0.35564822669113233 
0.2814921936425583 -0.34024626385578716 
0.28149730894157876 -0.32897512384074656 
0.28149730894157876 -0.32897512384074656 
0.2814964366689703 -0.31163084072916664 
0.2814964366689703 -0.31163084072916664 
0.2814962829881132 -0.31200258249557716 
0.2814951396813055 -0.3128829101075769 
0.28149524955594213 -0.31316683153344826 
0.28149524955594213 -0.31316683153344826 
0.28149524955594213 -0.31316683153344826 
0.28149524955594213 -0.31316683153344826 
0.28149524955594213 -0.31316683153344826 
0.28149524955594213 -0.31316683153344826 
0.28149787494056544 -0.2663566601482301 
0.28149787494056544 -0.2663566601482301 
0.281497992611365 -0.2645398881651943 
0.281497992611365 -0.2645398881651943 
0.28149035690771235 -0.2738834822116178 
0.2814867639916068 -0.26591170640287976 
0.2814872036257074 -0.26572119034349423 
0.2814898445593728 -0.2658546915240419 
0.281489180333292 -0.2664511506093393 
0.2814904895990875 -0.28440537775263075 
0.28149029789418273 -0.2848650383202503 
0.281490179595377 -0.28507865939166427 
0.2814964038421664 -0.27338760460770045 
0.2814989844178312 -0.2608978295563127 
0.2814974133946482 -0.27209138505310126 
0.2814974133946482 -0.27209138505310126 
0.2814974133946482 -0.27209138505310126 
0.28149655162917353 -0.2728081566638164 
0.28149272376302426 -0.2932637840815259 
0.28149295979714384 -0.32840497344365827 
0.28149206440367636 -0.34348380799370026 
0.2814918231584276 -0.34161558759007316 
0.2814864747544321 -0.35430943957635364 
0.2814861771979284 -0.3561450595351864 
0.2814861771979284 -0.3561450595351864 
0.2814911520511368 -0.37276946343700396 
0.2814920890712799 -0.3571407667565552 
0.2814982163812033 -0.35891967393430035 
0.2814975651442888 -0.36947163723810705 
0.2814975651442888 -0.36947163723810705 
0.28149453126113727 -0.35567271509139897 
0.28149453126113727 -0.35567271509139897 
0.2814948251893904 -0.34703000472621853 
0.2814900677406791 -0.3437489112940786 
0.2814924789326609 -0.3324039834099777 
0.28149502087306827 -0.3183317183415386 
0.28149502087306827 -0.3183317183415386 
0.2814937564047547 -0.3100679293108116 
0.2814892717834969 -0.26473715672947346 
0.2814892717834969 -0.26473715672947346 
0.2814892717834969 -0.26473715672947346 
0.2814892717834969 -0.26473715672947346 
0.28148946509067013 -0.2662760077117031 
0.28148946509067013 -0.2662760077117031 
0.28148946509067013 -0.2662760077117031 
0.2814900152727438 -0.2657863935329177 
0.2814899496789934 -0.2617383290246249 
0.281489658967395 -0.2607349835610317 
0.281489658967395 -0.2607349835610317 
0.281489658967395 -0.2607349835610317 
0.281489658967395 -0.2607349835610317 
0.281489658967395 -0.2607349835610317 
0.281489658967395 -0.2607349835610317 
0.281489658967395 -0.2607349835610317 
0.281489658967395 -0.2607349835610317 
0.281489658967395 -0.2607349835610317 
0.2814893448637071 -0.26771904636083205 
0.2814893448637071 -0.26771904636083205 
0.2814887009643292 -0.26810228233727595 
0.28148822617575303 -0.2686107075976467 
0.2814884303782141 -0.27689133338379185 
0.2814884303782141 -0.27689133338379185 
0.2814914210383038 -0.2759939713325758 
0.2814914210383038 -0.2759939713325758 
0.2814914210383038 -0.2759939713325758 
0.28148423393639976 -0.2794113302906818 
0.28148291181319823 -0.27679272935497873 
0.2814807103323632 -0.27987770549375335 
0.28148087536905564 -0.28150100312986176 
0.281481046976994 -0.2816376964721569 
0.281481046976994 -0.2816376964721569 
0.28147602715452147 -0.2703843570195152 
0.28148444428429775 -0.2684859266387956 
0.2814855758736072 -0.2723053229778476 
0.2814855758736072 -0.2723053229778476 
0.28148833998452244 -0.2761231301904026 
0.2814879679064518 -0.2754892820820106 
0.28148660372694856 -0.2839225241399688 
0.28147912828813465 -0.2896324706564605 
0.28147912828813465 -0.2896324706564605 
0.281478869190063 -0.28899185339340305 
0.28147968626762376 -0.29105822167429296 
0.28148442599613027 -0.28661351381365335 
0.28148442599613027 -0.28661351381365335 
0.2814900046511867 -0.2776223434617835 
0.28149662982981255 -0.2777978979660458 
0.28149662982981255 -0.2777978979660458 
0.2814959040473826 -0.28724729347644845 
0.2814998011443975 -0.2932501540404375 
0.2814996730244101 -0.29120648250195597 
0.2814996730244101 -0.29120648250195597 
0.2814996730244101 -0.29120648250195597 
0.2814996730244101 -0.29120648250195597 
0.28149956455536995 -0.2917598224256344 
0.28149956455536995 -0.2917598224256344 
0.28149956455536995 -0.2917598224256344 
0.28149956455536995 -0.2917598224256344 
0.28149956455536995 -0.2917598224256344 
0.28149956455536995 -0.2917598224256344 
0.28149918839425414 -0.29194520726968065 
0.28149918839425414 -0.29194520726968065 
0.28149918839425414 -0.29194520726968065 
0.28149918839425414 -0.29194520726968065 
0.2814789862329369 -0.30982650277390517 
0.2814694487165862 -0.3502599952814377 
0.28146753649168504 -0.35090475977349367 
0.2814518756983475 -0.33371961264543876 
0.2814638496170862 -0.33279243924510093 
0.2814638496170862 -0.33279243924510093 
0.28146365553480907 -0.33267520449716664 
0.28145341739925495 -0.3265655838663489 
0.2814308783027004 -0.3373982979751635 
0.281432060115422 -0.33613703985504084 
0.281432060115422 -0.33613703985504084 
0.281432060115422 -0.33613703985504084 
0.281432060115422 -0.33613703985504084 
0.28143102553957355 -0.33610574222761436 
0.28143102553957355 -0.33610574222761436 
0.28143102553957355 -0.33610574222761436 
0.28146310392567747 -0.30736766319605857 
0.28146310392567747 -0.30736766319605857 
0.2814617352824036 -0.31233551692846256 
0.28146689492857274 -0.3194160621561855 
0.2814571660239223 -0.3397038100994424 
0.2814590654416212 -0.32705315914841276 
0.2814751155254774 -0.32010465267479943 
0.28146928231623525 -0.3271064317805124 
0.28147553948063736 -0.34422555971355884 
0.28148618104373624 -0.3400923555034371 
0.2814852298215364 -0.34271725590881086 
0.2814852298215364 -0.34271725590881086 
0.2814816015585087 -0.3538341319782163 
0.28148398812944303 -0.35372956913079073 
0.2814868687197755 -0.3594589517510599 
0.28148587113290197 -0.3615816225299573 
0.28148587113290197 -0.3615816225299573 
0.28148284640697885 -0.36658646488863567 
0.28148753244331787 -0.33108906219876916 
0.2814888244139718 -0.3183623524444077 
0.2814886511819537 -0.3105187434951697 
0.28149222346728153 -0.2877958384194329 
0.28149222346728153 -0.2877958384194329 
0.28149145834346084 -0.27945014781108984 
0.2814915674370095 -0.2646421034811214 
0.2814923289495014 -0.2650449579422381 
0.2814923289495014 -0.2650449579422381 
0.2814923289495014 -0.2650449579422381 
0.2814923289495014 -0.2650449579422381 
0.2814923289495014 -0.2650449579422381 
0.2814923289495014 -0.2650449579422381 
0.2814923289495014 -0.2650449579422381 
0.2814923289495014 -0.2650449579422381 
0.2814923289495014 -0.2650449579422381 
0.2814923289495014 -0.2650449579422381 
0.2814923289495014 -0.2650449579422381 
0.2814923289495014 -0.2650449579422381 
0.2814923289495014 -0.2650449579422381 
0.2814918335562518 -0.26887200676752465 
0.2814921313260507 -0.2673826638123501 
0.2814921313260507 -0.2673826638123501 
0.2814921313260507 -0.2673826638123501 
0.2814921313260507 -0.2673826638123501 
0.28149158870893426 -0.27508199313418635 
0.2814901748516927 -0.2722164606987944 
0.28149949738893715 -0.2720543494525144 
0.28149949738893715 -0.2720543494525144 
0.28149949738893715 -0.2720543494525144 
0.28149937170722156 -0.27226532189306846 
0.28149937170722156 -0.27226532189306846 
0.28149937170722156 -0.27226532189306846 
0.28149937170722156 -0.27226532189306846 
0.28149937170722156 -0.27226532189306846 
0.28149937170722156 -0.27226532189306846 
0.28149937170722156 -0.27226532189306846 
0.2814980286648562 -0.285493277489972 
0.28149301939968163 -0.3207485412040939 
0.28149301939968163 -0.3207485412040939 
0.28149458113536496 -0.291686618024824 
0.28149458113536496 -0.291686618024824 
0.28149458113536496 -0.291686618024824 
0.28149458113536496 -0.291686618024824 
0.2814980665208936 -0.2935552484138115 
0.2814980665208936 -0.2935552484138115 
0.28149930142116825 -0.2795336410042152 
0.28149930142116825 -0.2795336410042152 
0.2814996644411869 -0.2786571444102808 
0.2814996644411869 -0.2786571444102808 
0.2814996644411869 -0.2786571444102808 
0.28149958142968956 -0.2853221722489027 
0.28149958142968956 -0.2853221722489027 
0.28149958142968956 -0.2853221722489027 
0.2814954717417744 -0.28653086695105767 
0.28147647554812916 -0.29354825529617623 
0.28147647554812916 -0.29354825529617623 
0.2814800123668483 -0.2901423850205294 
0.2814800123668483 -0.2901423850205294 
0.28147855778296665 -0.2925957043440648 
0.28148094861088857 -0.2894758527106319 
0.2814684017050142 -0.31257841728370334 
0.2814805908998258 -0.3068032039093352 
0.2814768414522693 -0.30815157545902594 
0.28148563300226564 -0.30968411814553487 
0.2814831917977072 -0.3269557805164088 
0.2814831917977072 -0.3269557805164088 
0.2814772773266596 -0.3179049864866989 
0.28147796346114023 -0.3196898227883058 
0.2814879855065164 -0.3628257981297583 
0.281488697366877 -0.3649268946611813 
0.281488697366877 -0.3649268946611813 
0.2814883100278465 -0.37941574388025806 
0.2814883100278465 -0.37941574388025806 
0.2814883100278465 -0.37941574388025806 
0.2814883100278465 -0.37941574388025806 
0.2814883100278465 -0.37941574388025806 
0.2814883100278465 -0.37941574388025806 
0.2814883100278465 -0.37941574388025806 
0.2814883100278465 -0.37941574388025806 
0.28148837968284823 -0.37817085605532175 
0.28148129556095614 -0.36520852445449603 
0.28148129556095614 -0.36520852445449603 
0.2814823504983238 -0.35412845098435103 
0.2814823504983238 -0.35412845098435103 
0.2814810984255425 -0.3650047452087532 
0.2814810984255425 -0.3650047452087532 
0.2814802658045712 -0.3558411561463532 
0.28148029465137614 -0.35657992604892563 
0.28147529024165685 -0.3563994707033437 
0.2814736557586767 -0.3576599400792476 
0.28147409692042835 -0.3557920936384286 
0.2814847770331433 -0.341050888289619 
0.2814849785817964 -0.34071934860621517 
0.2814746807518186 -0.36805510119261264 
0.2814737004662207 -0.3724571372512583 
0.2814727746179283 -0.3394057677425102 
0.2814691707505158 -0.3458531867350516 
0.2814505199554004 -0.3440569251105896 
0.2814505199554004 -0.3440569251105896 
0.281465990219896 -0.3235090152734832 
0.281447739143697 -0.35660380283465265 
0.281447739143697 -0.35660380283465265 
0.28147043275927763 -0.33153074480496736 
0.28147043275927763 -0.33153074480496736 
0.2814444616796554 -0.3162096083040072 
0.2814444616796554 -0.3162096083040072 
0.28146900464510294 -0.2996154724360197 
0.28147196126512763 -0.2944613530928672 
0.281479368350835 -0.29228679218927833 
0.28148989543511027 -0.29385086070126765 
0.28148997928479697 -0.2937699404254619 
0.28148997928479697 -0.2937699404254619 
0.2814898790184206 -0.2937188912328857 
0.2814898790184206 -0.2937188912328857 
0.2814886562970962 -0.28178493161579543 
0.2814879688965138 -0.27866561197873346 
0.2814879688965138 -0.27866561197873346 
0.2814845722803212 -0.28384100059685907 
0.28148497867225003 -0.28822202445023026 
0.28148262982319916 -0.2865656479824404 
0.28148455757284596 -0.2743454481598516 
0.28148455757284596 -0.2743454481598516 
0.2814881168799116 -0.2714317591816436 
0.2814885575622926 -0.27772951089405523 
0.2814970374298378 -0.27093431736275153 
0.2814970374298378 -0.27093431736275153 
0.2814970374298378 -0.27093431736275153 
0.28149368936760627 -0.27203820469177564 
0.2814931778952723 -0.26946812309007906 
0.2814931778952723 -0.26946812309007906 
0.28148819810101405 -0.2732702987699664 
0.28148819810101405 -0.2732702987699664 
0.2814830755080739 -0.27647623700526036 
0.2814851292565988 -0.2732819706929651 
0.28148881835967243 -0.27159822202739664 
0.28148881835967243 -0.27159822202739664 
0.28148346975207567 -0.26320548471644656 
0.28148346975207567 -0.26320548471644656 
0.281487593993676 -0.28896868413593624 
0.281486877591374 -0.2856122053324131 
0.28148630235903055 -0.30540829709449535 
0.28148638117268593 -0.305402835940012 
0.28148147307113763 -0.34234124666161864 
0.2814863880197207 -0.3425399836937673 
0.2814843150777367 -0.3493898656427451 
0.28148557888123243 -0.3458926813145406 
0.28148557888123243 -0.3458926813145406 
0.281487393556335 -0.3127179176466566 
0.28147737618205826 -0.30567779930429784 
0.28148095526323336 -0.2845575342446107 
0.28148317135077494 -0.2721231609686653 
0.28148322145344623 -0.26728801137111574 
0.28148322145344623 -0.26728801137111574 
0.2814834095418519 -0.27479267654660716 
0.2814834095418519 -0.27479267654660716 
0.28146887946501215 -0.26680253400874404 
0.28146887946501215 -0.26680253400874404 
0.2814702852986548 -0.2648190898246756 
0.2814696653448282 -0.26373249899878437 
0.2814687132689859 -0.26412723372636604 
0.281468405863208 -0.2605338435521438 
0.281474700413356 -0.28105700940749456 
0.281477490951232 -0.28780928613572987 
0.28147875321473664 -0.2908976310521177 
0.2814796269707008 -0.29963401443311133 
0.2814786174935007 -0.2987668924046388 
0.2814802261434419 -0.300580924413268 
0.28148312332243947 -0.3178586273472824 
0.28148099863072823 -0.31708524165402546 
0.2814740796842107 -0.30256015631612093 
0.2814740796842107 -0.30256015631612093 
0.2814770974324801 -0.32035024402218526 
0.2814826985241924 -0.30084386900844806 
0.2814826985241924 -0.30084386900844806 
0.2814877779354351 -0.2913846002756331 
0.28149065036574256 -0.2895356764835273 
0.2814887894123945 -0.2867753644214983 
0.2814887894123945 -0.2867753644214983 
0.28148979870282775 -0.28061007922161607 
0.28148979870282775 -0.28061007922161607 
0.2814848603027588 -0.2900880104421691 
0.28148482014545606 -0.2900039219906227 
0.28148386984915613 -0.29055117377486356 
0.2814864849236574 -0.326878957938683 
0.2814886338499673 -0.31658148429565147 
0.2814886338499673 -0.31658148429565147 
0.28149166756661276 -0.31905172591576614 
0.2814920270035708 -0.3124381072111205 
0.2814920270035708 -0.3124381072111205 
0.2814920606640061 -0.312899928229327 
0.2814920606640061 -0.312899928229327 
0.2814890153053555 -0.266197158547554 
0.28149309469339107 -0.2662187899433625 
0.28149309469339107 -0.2662187899433625 
0.28149265808362156 -0.26596619212819655 
0.28149243522151285 -0.26456687081198166 
0.28149243522151285 -0.26456687081198166 
0.28149243522151285 -0.26456687081198166 
0.28149243522151285 -0.26456687081198166 
0.28149243522151285 -0.26456687081198166 
0.2814923579783281 -0.263995189136918 
0.28149021172416777 -0.26547092031146796 
0.2814892407030677 -0.26096986026407876 
0.2814847028371514 -0.2613830123693138 
0.2814847028371514 -0.2613830123693138 
0.28148991415603747 -0.26791318523661584 
0.2814897370107685 -0.2679639419460117 
0.2814897370107685 -0.2679639419460117 
0.2814897370107685 -0.2679639419460117 
0.2814831117874129 -0.26690975982298265 
0.2814831117874129 -0.26690975982298265 
0.2814831117874129 -0.26690975982298265 
0.2814831117874129 -0.26690975982298265 
0.2814831117874129 -0.26690975982298265 
0.2814831117874129 -0.26690975982298265 
0.2814873023877878 -0.28322346006786364 
0.2814873023877878 -0.28322346006786364 
0.2814873023877878 -0.28322346006786364 
0.28148832800868717 -0.2832102106985573 
0.2814896989162115 -0.2789033801827834 
0.2814888542895302 -0.27626646133472027 
0.28149071191729486 -0.2644846880199618 
0.2814891918572552 -0.262819120802737 
0.2814889904509307 -0.2608952820072015 
0.2814889904509307 -0.2608952820072015 
0.2814889904509307 -0.2608952820072015 
0.2814889904509307 -0.2608952820072015 
0.2814889904509307 -0.2608952820072015 
0.2814889904509307 -0.2608952820072015 
0.2814889904509307 -0.2608952820072015 
0.2814889904509307 -0.2608952820072015 
0.2814889904509307 -0.2608952820072015 
0.2814889904509307 -0.2608952820072015 
0.2814840990759316 -0.2883464865380037 
0.2814874110856518 -0.2729537143041242 
0.2814874110856518 -0.2729537143041242 
0.28149321637707475 -0.2808630216101352 
0.28149321637707475 -0.2808630216101352 
0.28149391882532077 -0.2821874599279123 
0.28149398594189456 -0.29270479132894683 
0.2814912888787103 -0.2860704124821798 
0.2814936341498838 -0.29941635471315153 
0.2814936341498838 -0.29941635471315153 
0.28149832650035017 -0.29732037760959473 
0.28149832650035017 -0.29732037760959473 
0.2814985708289349 -0.29625600816663894 
0.28149858828203767 -0.2949188453710592 
0.28149858828203767 -0.2949188453710592 
0.2814960427939232 -0.29186562423788664 
0.2814960427939232 -0.29186562423788664 
0.2814960427939232 -0.29186562423788664 
0.2814960427939232 -0.29186562423788664 
0.2814990099430976 -0.2712695423186299 
0.2814990099430976 -0.2712695423186299 
0.2814990099430976 -0.2712695423186299 
0.2814990099430976 -0.2712695423186299 
0.2814990099430976 -0.2712695423186299 
0.2814990099430976 -0.2712695423186299 
0.2814990099430976 -0.2712695423186299 
0.28149900088578617 -0.26591407293809466 
0.28149900088578617 -0.26591407293809466 
0.28149900088578617 -0.26591407293809466 
0.28149900088578617 -0.26591407293809466 
0.28149900088578617 -0.26591407293809466 
0.28149900088578617 -0.26591407293809466 
0.28149900088578617 -0.26591407293809466 
0.28149900088578617 -0.26591407293809466 
0.28149900088578617 -0.26591407293809466 
0.28149900088578617 -0.26591407293809466 
0.28149900088578617 -0.26591407293809466 
0.28149900088578617 -0.26591407293809466 
0.28149900088578617 -0.26591407293809466 
0.28149900088578617 -0.26591407293809466 
0.28149900088578617 -0.26591407293809466 
0.28149900088578617 -0.26591407293809466 
0.28149900088578617 -0.26591407293809466 
0.28149900088578617 -0.26591407293809466 
0.28149900088578617 -0.26591407293809466 
0.28149900088578617 -0.26591407293809466 
0.2814981121908306 -0.2727457858572082 
0.2814981121908306 -0.2727457858572082 
0.2814988100108624 -0.276446811794838 
0.2814985205430874 -0.26598979135289763 
0.281498430289425 -0.26792094507778574 
0.281498430289425 -0.26792094507778574 
0.2814907325925365 -0.26794206985575025 
0.2814907325925365 -0.26794206985575025 
0.28149493227828326 -0.26389872166903366 
0.28149493227828326 -0.26389872166903366 
0.28149493227828326 -0.26389872166903366 
0.28149493227828326 -0.26389872166903366 
0.28149493227828326 -0.26389872166903366 
0.28149439426409145 -0.27914342970112027 
0.28149439426409145 -0.27914342970112027 
0.28149439426409145 -0.27914342970112027 
0.28149439426409145 -0.27914342970112027 
0.28149439426409145 -0.27914342970112027 
0.28149148501638016 -0.2898102882369531 
0.2814916727357292 -0.2892951306601992 
0.2814916727357292 -0.2892951306601992 
0.28149397799993786 -0.29347872321181423 
0.28148918787719385 -0.3046660233378567 
0.28149171348485275 -0.324501857564884 
0.28148854842623844 -0.3548748272459068 
0.2814884073032246 -0.32431783522293267 
0.2814884073032246 -0.32431783522293267 
0.2814922022314206 -0.3257784460896816 
0.28149312520674064 -0.32835570221606536 
0.28149048905418056 -0.32456239154377936 
0.28148975877983384 -0.3336928255801282 
0.28149500426220087 -0.3280773961684606 
0.2814948521319937 -0.33183512914302493 
0.2814948521319937 -0.33183512914302493 
0.2814948521319937 -0.33183512914302493 
0.2814929122428096 -0.32585609018382283 
0.2814930246110323 -0.3274133791543413 
0.28149731412048096 -0.3447217976466436 
0.28149731412048096 -0.3447217976466436 
0.2814971216937561 -0.34172476484208525 
0.2814971216937561 -0.34172476484208525 
0.2814971216937561 -0.34172476484208525 
0.2814971216937561 -0.34172476484208525 
0.2814968081716702 -0.3373858191840672 
0.2814968081716702 -0.3373858191840672 
0.2814968081716702 -0.3373858191840672 
0.28149717777700806 -0.3454310361572798 
0.28149137441422034 -0.3219018983596512 
0.28149521246362763 -0.34073212760603167 
0.28149446676953827 -0.34354635126090427 
0.28149446676953827 -0.34354635126090427 
0.28149343222092377 -0.36161549718169234 
0.28149343222092377 -0.36161549718169234 
0.28149343222092377 -0.36161549718169234 
0.28149343222092377 -0.36161549718169234 
0.2814940983576907 -0.355524705195413 
0.2814912916948964 -0.3562866266638621 
0.2814899076824886 -0.3602686786725413 
0.2814914841993998 -0.375428233500766 
0.2814908272081096 -0.36332754554305363 
0.2814913611674907 -0.3630164120216448 
0.28149327347869724 -0.35627311583613913 
0.28149327347869724 -0.35627311583613913 
0.28149370933315754 -0.3523906810538011 
0.2814931564838889 -0.3618935490113649 
0.2814931564838889 -0.3618935490113649 
0.28149215440654984 -0.3560739443912601 
0.28149105780124 -0.32802325396049226 
0.28149124934122716 -0.33292276414598715 
0.28149200306070493 -0.3381071731291494 
0.28149200154143056 -0.3380572395867861 
0.28149200154143056 -0.3380572395867861 
0.2814905725537949 -0.3302592391349265 
0.28148920291782803 -0.325933675040858 
0.2814885976078011 -0.3287948089015971 
0.28148866967310693 -0.3284377995308353 
0.2814893802326793 -0.32338108909199664 
0.2814900787738472 -0.3618631850983872 
0.2814900787738472 -0.3618631850983872 
0.28148719000744543 -0.35361986620114405 
0.28148781989583677 -0.3438106852784708 
0.2814816582725979 -0.3295593915641893 
0.2814868767292388 -0.3066897501885463 
0.2814955754201693 -0.27303628817614956 
0.2814955754201693 -0.27303628817614956 
0.28149583961440056 -0.26453213873927717 
0.28149583961440056 -0.26453213873927717 
0.28149668793966764 -0.26257571612898645 
0.28149668793966764 -0.26257571612898645 
0.28149668793966764 -0.26257571612898645 
0.28149668793966764 -0.26257571612898645 
0.2814971005614381 -0.26455195351859734 
0.2814971005614381 -0.26455195351859734 
0.281496880031176 -0.2942546161527376 
0.2814955296596816 -0.2826322904207877 
0.2814955296596816 -0.2826322904207877 
0.2814955296596816 -0.2826322904207877 
0.2814955296596816 -0.2826322904207877 
0.2814966290579393 -0.2793803134977508 
0.2814966290579393 -0.2793803134977508 
0.28149538762136805 -0.285686986594896 
0.2814934513139608 -0.26133094272059343 
0.2814934513139608 -0.26133094272059343 
0.28149077889883917 -0.2655379454520578 
0.28149033065740703 -0.26406125520945595 
0.28149033065740703 -0.26406125520945595 
0.2814845348206215 -0.2775229830980862 
0.281486141194099 -0.26884418631988866 
0.281486141194099 -0.26884418631988866 
0.2814857210263263 -0.2747437460539355 
0.2814857210263263 -0.2747437460539355 
0.28148194403997234 -0.27774760665523435 
0.28147576685388226 -0.27747022900903 
0.2814724524519632 -0.2787966232197694 
0.28146906412202444 -0.2633994830326327 
0.28147024891047867 -0.2700672899046708 
0.28147024891047867 -0.2700672899046708 
0.28147024891047867 -0.2700672899046708 
0.28147024891047867 -0.2700672899046708 
0.28148128503950376 -0.2976232229479273 
0.28148023663403376 -0.3102441529993458 
0.2814775123208519 -0.30259168846625645 
0.2814582705633548 -0.2712813265035657 
0.2814582705633548 -0.2712813265035657 
0.28147183313317353 -0.29978533748684716 
0.28147265286166645 -0.2866754416135499 
0.2814558199606259 -0.27241101836495274 
0.2814651766186134 -0.2784054593699775 
0.2814651766186134 -0.2784054593699775 
0.28146487346157256 -0.27852499806789627 
0.2814444943748046 -0.26222706593520695 
0.28145861298087316 -0.2846207783108081 
0.28145807722330896 -0.26530687648825313 
0.28145949015995675 -0.26675582209608295 
0.28146199870606886 -0.27184186259177207 
0.28146199870606886 -0.27184186259177207 
0.28146745008515295 -0.281712287421839 
0.2814736232419433 -0.2842309682026595 
0.2814736232419433 -0.2842309682026595 
0.2814736232419433 -0.2842309682026595 
0.28147376575441563 -0.28517029124131327 
0.28148229537936625 -0.30837208840509595 
0.28148233282054896 -0.3084173315969425 
0.2814825767913098 -0.3032169912331673 
0.2814855668822712 -0.3073389980674925 
0.28149111658533466 -0.2827713241824729 
0.28149090258118875 -0.2818237731340235 
0.2814911335379511 -0.28144168367141903 
0.2814899546732567 -0.2631256225950738 
0.28149087493319624 -0.293219861875223 
0.28149087493319624 -0.293219861875223 
0.28149087493319624 -0.293219861875223 
0.28149075720867595 -0.2879682356796405 
0.28149075720867595 -0.2879682356796405 
0.28149075720867595 -0.2879682356796405 
0.28149186685672273 -0.2656862444725017 
0.28149446033283454 -0.2653598522165335 
0.28149446033283454 -0.2653598522165335 
0.28149446033283454 -0.2653598522165335 
0.28149446033283454 -0.2653598522165335 
0.2814960702195065 -0.2658001664959378 
0.28149473031882183 -0.2708941124380658 
0.28149473031882183 -0.2708941124380658 
0.28149247174684855 -0.27439710311370585 
0.28149109483402684 -0.27674028881039603 
0.28148924417620474 -0.27251939084228527 
0.28149294239001066 -0.26771134789105094 
0.28149294239001066 -0.26771134789105094 
0.28149294239001066 -0.26771134789105094 
0.28148666580148096 -0.27680894870279066 
0.28148666580148096 -0.27680894870279066 
0.28148666580148096 -0.27680894870279066 
0.2814843203595687 -0.2642143927820421 
0.2814843203595687 -0.2642143927820421 
0.2814843203595687 -0.2642143927820421 
0.2814843203595687 -0.2642143927820421 
0.2814843203595687 -0.2642143927820421 
0.2814843203595687 -0.2642143927820421 
0.2814857693224097 -0.264076391562961 
0.28148683981968786 -0.2717955043863824 
0.2814866352052163 -0.2777356914452423 
0.2814866352052163 -0.2777356914452423 
0.2814838244542905 -0.2743171501063388 
0.2814837622239141 -0.28563307835277074 
0.28148809942842967 -0.28396399125048605 
0.28148809942842967 -0.28396399125048605 
0.28148809942842967 -0.28396399125048605 
0.2814881055737265 -0.2839511652659569 
0.2814881055737265 -0.2839511652659569 
0.281492247501471 -0.2657412610837245 
0.281492247501471 -0.2657412610837245 
0.281489417713413 -0.2881536617057942 
0.281489417713413 -0.2881536617057942 
0.281489417713413 -0.2881536617057942 
0.281489417713413 -0.2881536617057942 
0.2814859890220407 -0.26378648920567915 
0.281476662446679 -0.2642852765900407 
0.281476662446679 -0.2642852765900407 
0.281476662446679 -0.2642852765900407 
0.281476662446679 -0.2642852765900407 
0.281476662446679 -0.2642852765900407 
0.281476662446679 -0.2642852765900407 
0.281476662446679 -0.2642852765900407 
0.28147554055670526 -0.26073512472590366 
0.28147554055670526 -0.26073512472590366 
0.28147554055670526 -0.26073512472590366 
0.28147554055670526 -0.26073512472590366 
0.28147554055670526 -0.26073512472590366 
0.28148347571264165 -0.28678038372417125 
0.2814851066459546 -0.303131634173443 
0.281495813715301 -0.2965578664226886 
0.281495813715301 -0.2965578664226886 
0.281495813715301 -0.2965578664226886 
0.28149816992758697 -0.2941037903590793 
0.28149816992758697 -0.2941037903590793 
0.28149818684353817 -0.2940278345331525 
0.28149818684353817 -0.2940278345331525 
0.28149818684353817 -0.2940278345331525 
0.28149940572354 -0.29291612373948545 
0.28149940572354 -0.29291612373948545 
0.281497433018018 -0.2941996832557219 
0.28149093546862847 -0.3040296540616313 
0.2814908077559377 -0.3049781340401217 
0.2814889460033777 -0.3238810302880516 
0.2814889460033777 -0.3238810302880516 
0.281486111993887 -0.29991943441812785 
0.2814942745381775 -0.32008297893747023 
0.28149322524590575 -0.3148215270006432 
0.2814963054028095 -0.3254999019896622 
0.28149655721363315 -0.32493586526714635 
0.2814962340832628 -0.31979624637980336 
0.2814962340832628 -0.31979624637980336 
0.28149618823156153 -0.32125430541357597 
0.28149618823156153 -0.32125430541357597 
0.28148372954084677 -0.3010485971690946 
0.28148372954084677 -0.3010485971690946 
0.28148372954084677 -0.3010485971690946 
0.28148717932208706 -0.29598893851566327 
0.28148011361577063 -0.27876123699234084 
0.28147696107532133 -0.284435169359094 
0.2814744814924787 -0.26691807074838403 
0.28147564496223 -0.2669608363796172 
0.281472151924977 -0.2633932199625785 
0.281472151924977 -0.2633932199625785 
0.281472151924977 -0.2633932199625785 
0.281472151924977 -0.2633932199625785 
0.28146790356537105 -0.26377792692756663 
0.2814695625602256 -0.26885038034766245 
0.28145130865796086 -0.27404930747606154 
0.28145130865796086 -0.27404930747606154 
0.2814338476532807 -0.2708136807407421 
0.2814338476532807 -0.2708136807407421 
0.2814338476532807 -0.2708136807407421 
0.28143949623325437 -0.28033314267541726 
0.28143949623325437 -0.28033314267541726 
0.28143949623325437 -0.28033314267541726 
