0.16455647475992785 0.09709710115564582 
0.1242283808238824 0.11742772667988205 
0.1242283808238824 0.11742772667988205 
0.1242283808238824 0.11742772667988205 
0.1242283808238824 0.11742772667988205 
0.1242283808238824 0.11742772667988205 
0.1242283808238824 0.11742772667988205 
0.1242283808238824 0.11742772667988205 
0.1242283808238824 0.11742772667988205 
0.1267050574201542 0.12327768704032992 
0.12938171010479427 0.13007027334042084 
0.12971688247129973 0.12901328103619455 
0.12971688247129973 0.12901328103619455 
0.12971688247129973 0.12901328103619455 
0.12971688247129973 0.12901328103619455 
0.12971688247129973 0.12901328103619455 
0.12971688247129973 0.12901328103619455 
0.12971688247129973 0.12901328103619455 
0.12971688247129973 0.12901328103619455 
0.12971688247129973 0.12901328103619455 
0.12227782983702931 0.1473673990268426 
0.12227782983702931 0.1473673990268426 
0.12227782983702931 0.1473673990268426 
0.12227782983702931 0.1473673990268426 
0.12227782983702931 0.1473673990268426 
0.12227782983702931 0.1473673990268426 
0.12227782983702931 0.1473673990268426 
0.13080499272582496 0.1629564882396106 
0.13080499272582496 0.1629564882396106 
0.13080499272582496 0.1629564882396106 
0.13592975035901597 0.1635030076613775 
0.13823910463434497 0.16293471755531133 
0.12129874123057535 0.16420294986526546 
0.1281663459633075 0.16253229194849758 
0.11807983139994631 0.16374981131421587 
0.11444162760690922 0.16397855054953916 
0.11921721655037483 0.16287930306907797 
0.1144687697377503 0.16451693079002985 
0.1144687697377503 0.16451693079002985 
0.1144687697377503 0.16451693079002985 
0.11884423271852475 0.1585731025779858 
0.11884423271852475 0.1585731025779858 
0.11884423271852475 0.1585731025779858 
0.12489204938637266 0.16153414782185754 
0.12489204938637266 0.16153414782185754 
0.1208052553063932 0.1668953934928997 
0.1208052553063932 0.1668953934928997 
0.10732057573801346 0.17117513107638224 
0.09308929051396139 0.17460319293121096 
0.11173014940811266 0.1820664125862426 
0.10441092113803142 0.18138369018932302 
0.09118801679852714 0.17929199600170426 
0.10037638355823167 0.17267208256783526 
0.10338152840439775 0.17210016774254694 
0.09580935190168138 0.178247945734437 
0.07097702784677959 0.18147945235497911 
0.07097702784677959 0.18147945235497911 
0.08433764811900028 0.17684650903078006 
0.08836077862766972 0.17644944339514057 
0.10018535372428405 0.1710078311559169 
0.08524668757017018 0.17145418348092004 
0.07358557910307535 0.1733404516718069 
0.07358557910307535 0.1733404516718069 
0.06852681826646675 0.1734080923969739 
0.06852681826646675 0.1734080923969739 
0.06852681826646675 0.1734080923969739 
0.09299802287181991 0.17591442759123904 
0.10452516404543216 0.18393449190935746 
0.1286100909498632 0.18032874291701145 
0.1286100909498632 0.18032874291701145 
0.130389459908241 0.17263006483481919 
0.10807763803889578 0.17606325005944715 
0.10807763803889578 0.17606325005944715 
0.08681511337706899 0.17574493935248783 
0.09827135209741603 0.17748844337030312 
0.09985162027196749 0.1776183677255758 
0.10443452540486613 0.18082647615739683 
0.1043340249600943 0.1800639475239905 
0.10348416026884277 0.18052040912562328 
0.12172759544586545 0.17516655631511244 
0.1128291407007543 0.1735937035855754 
0.10801423902499639 0.1795158668372845 
0.10947638987770106 0.1802284602191921 
0.11002466912769729 0.18018850497646832 
0.11002466912769729 0.18018850497646832 
0.1155486301969627 0.17983492456222794 
0.1155486301969627 0.17983492456222794 
0.12019282719673291 0.1783432986173614 
0.12997800804642332 0.18049642270087993 
0.12479190140199918 0.18912705007144284 
0.12944614453297149 0.18860258094988164 
0.14151414366307918 0.19702720875858057 
0.14151414366307918 0.19702720875858057 
0.14567786731289792 0.19753155141173662 
0.15023304452302827 0.19597709514110856 
0.15023304452302827 0.19597709514110856 
0.15023304452302827 0.19597709514110856 
0.14566545051891772 0.2005227838081835 
0.14083885727080836 0.19868919793111797 
0.14385190354967659 0.18893630406901382 
0.14597847950948167 0.18902815169558218 
0.13974442455045072 0.18595094871038217 
0.12791606406539854 0.18213841833906422 
0.1339922575711323 0.1791431777030066 
0.12714855373433867 0.1898411387608362 
0.13968802259707255 0.19773973555005758 
0.1369505802252677 0.18535841475148856 
0.14766554967562323 0.182592290676382 
0.13224277243941784 0.18045472885777566 
0.13224277243941784 0.18045472885777566 
0.14425587873991083 0.16419508867760374 
0.15782811813996878 0.16220841562052637 
0.14527612069635507 0.16462979451468226 
0.13310135356376918 0.16737142297468116 
0.12337418707249298 0.16732940127821247 
0.12337418707249298 0.16732940127821247 
0.11255289963289124 0.1680765174733474 
0.08085985292277706 0.1760647906061579 
0.08085985292277706 0.1760647906061579 
0.07456182104731966 0.17741550867229197 
0.07456182104731966 0.17741550867229197 
0.07456182104731966 0.17741550867229197 
0.09469825181616431 0.17938541401674724 
0.09469825181616431 0.17938541401674724 
0.11689215179147838 0.17879403078825098 
0.1422374512194781 0.17208298804031744 
0.15232264874752038 0.17061127613712473 
0.1611158817570017 0.1705128315837624 
0.1611158817570017 0.1705128315837624 
0.1611158817570017 0.1705128315837624 
0.1611158817570017 0.1705128315837624 
0.18021749789820654 0.16825874898530774 
0.18021749789820654 0.16825874898530774 
0.18021749789820654 0.16825874898530774 
0.18021749789820654 0.16825874898530774 
0.18021749789820654 0.16825874898530774 
0.18021749789820654 0.16825874898530774 
0.15001009890169406 0.17063079080157542 
0.15364692759236676 0.16967189889870712 
0.16077295089157645 0.17392070879733523 
0.16077295089157645 0.17392070879733523 
0.14173215760334262 0.17266506232840814 
0.13290972709634982 0.17229642316081314 
0.12854438600253554 0.16851461165717366 
0.12854438600253554 0.16851461165717366 
0.12854438600253554 0.16851461165717366 
0.12854438600253554 0.16851461165717366 
0.15177876263502832 0.16896510281927732 
0.11612740788106046 0.17313759396155384 
0.09515285695762661 0.17206173727984023 
0.10355453948444678 0.17291772393815386 
0.11380380907282402 0.17632255916093562 
0.11110577601690377 0.17612077982091912 
0.07815292335133299 0.16602694172769397 
0.07815292335133299 0.16602694172769397 
0.07298298661769631 0.16124942227100358 
0.07298298661769631 0.16124942227100358 
0.06426902680926622 0.15923881233417359 
0.0647642049214438 0.1682873880678232 
0.06396074142292171 0.1724249598664471 
0.06073906034870047 0.17856854798304514 
0.06073906034870047 0.17856854798304514 
0.06073906034870047 0.17856854798304514 
0.06073906034870047 0.17856854798304514 
0.06073906034870047 0.17856854798304514 
0.06073906034870047 0.17856854798304514 
0.06073906034870047 0.17856854798304514 
0.07848684800275903 0.18189442607308087 
0.07848684800275903 0.18189442607308087 
0.07848684800275903 0.18189442607308087 
0.07267608900540591 0.17698966417225728 
0.06714005240297095 0.18434913300006797 
0.06714005240297095 0.18434913300006797 
0.06714005240297095 0.18434913300006797 
0.06714005240297095 0.18434913300006797 
0.06714005240297095 0.18434913300006797 
0.06733416239432158 0.18475226387732183 
0.06733416239432158 0.18475226387732183 
0.06733416239432158 0.18475226387732183 
0.07297184499055709 0.18113396446483626 
0.07297184499055709 0.18113396446483626 
0.09955351781230959 0.1736172078657856 
0.11358971249809235 0.16873660112215522 
0.11369798945421074 0.16948483470041517 
0.11549222388121219 0.16679210268731562 
0.11549222388121219 0.16679210268731562 
0.1287103912163187 0.1693808081718151 
0.1291282044260499 0.1701629251543019 
0.13120642475241714 0.16947696199655943 
0.1172238102443187 0.17299919608751818 
0.12429179506477053 0.169985529094078 
0.12250420941266525 0.1618070228789925 
0.1123927123440345 0.16805486388781193 
0.09806109456722932 0.16894987391512478 
0.10177477446476993 0.170257120358995 
0.09600672722767686 0.1692792474174592 
0.08963995625001672 0.17188021307445167 
0.08963995625001672 0.17188021307445167 
0.08954547898661905 0.16614122188326705 
0.10584902597645975 0.1681446390580383 
0.06929382326939974 0.1689874670016523 
0.06174030743110177 0.165844912716632 
0.06174030743110177 0.165844912716632 
0.06174030743110177 0.165844912716632 
0.06174030743110177 0.165844912716632 
0.07833303895690072 0.17431343633091473 
0.07883550066261566 0.17384174961728935 
0.07883550066261566 0.17384174961728935 
0.07504840567452173 0.17382348804135828 
0.07504840567452173 0.17382348804135828 
0.09453656886496759 0.17532141835699924 
0.09453656886496759 0.17532141835699924 
0.08776217135981615 0.1756734855675967 
0.08323086151485988 0.18511491176061776 
0.08231590845680546 0.1844662031012396 
0.08231590845680546 0.1844662031012396 
0.08231590845680546 0.1844662031012396 
0.08094827331786898 0.18479562035726974 
0.09475994429802313 0.17655009560536594 
0.08952310966730284 0.17416860455349467 
0.08339093732576827 0.1771514226803251 
0.07015739223349207 0.1888630347566232 
0.07013528753437884 0.18870816205723798 
0.061619937800348676 0.18897449845437664 
0.06615106837633807 0.18666015170554082 
0.0655588514654263 0.1864125603996046 
0.0655588514654263 0.1864125603996046 
0.08349980584419459 0.185240513829822 
0.08349980584419459 0.185240513829822 
0.08349980584419459 0.185240513829822 
0.11479448630410694 0.17812451449798605 
0.10762693168171086 0.18042836915896915 
0.10767013041223861 0.18040148218281685 
0.10815861858740193 0.18035448711326102 
0.11236598041907145 0.1808402717445765 
0.11663893628019006 0.1772798035127608 
0.12360106690925397 0.16126531508359737 
0.11411564301802829 0.16019502791370321 
0.11411564301802829 0.16019502791370321 
0.11489628665639907 0.16024101817018682 
0.11489628665639907 0.16024101817018682 
0.13072475110584975 0.16842796128912282 
0.15625283540693657 0.16339104141445607 
0.16001447914367042 0.16279293258548075 
0.17044525561812657 0.1620136146184963 
0.17044525561812657 0.1620136146184963 
0.16486233823656798 0.15876868917101122 
0.16486233823656798 0.15876868917101122 
0.16486233823656798 0.15876868917101122 
0.15558540413471783 0.1641026694099588 
0.15558540413471783 0.1641026694099588 
0.15585522232291166 0.16325350769362768 
0.15585522232291166 0.16325350769362768 
0.15585522232291166 0.16325350769362768 
0.139463168355241 0.16917718478249544 
0.1360069376692115 0.1674845661218455 
0.1299837890567921 0.17124619139506436 
0.11622574341712466 0.17069485594197403 
0.11622574341712466 0.17069485594197403 
0.11122282758844201 0.17059828134397315 
0.12456922782085003 0.17096670594831884 
0.1259298563146549 0.16333995099277931 
0.1259298563146549 0.16333995099277931 
0.1254800118423709 0.1597995315842199 
0.12822344427189808 0.17019351108352948 
0.12718469906701357 0.17712460160504137 
0.1345449581457825 0.17431048632976492 
0.1345449581457825 0.17431048632976492 
0.13762375618344036 0.17526181791382492 
0.1398454162841573 0.17733944963496046 
0.1378101278316521 0.17355517240825752 
0.115843912247542 0.17211376846959747 
0.08984360572251629 0.17685423540134332 
0.08620123194215115 0.1773287269736105 
0.08620123194215115 0.1773287269736105 
0.08620123194215115 0.1773287269736105 
0.08877109545590409 0.17836352431384672 
0.1061058830461912 0.18467102455768006 
0.1126586986585052 0.19161995357027134 
0.10022339407638908 0.197571101375946 
0.10022339407638908 0.197571101375946 
0.096663274274104 0.19873678015613488 
0.10877675149621324 0.1953492375564195 
0.13837558231738595 0.18909366740357553 
0.12685671999596365 0.18573785178233998 
0.12369479723553384 0.18439549286050044 
0.17045214992616153 0.17182310694408512 
0.1654788999183436 0.17150148523455133 
0.15099509087721408 0.17314600060398744 
0.15341766833454576 0.1726040155286158 
0.12599982228894505 0.17112497958699227 
0.12608603323015868 0.17105959204521073 
0.12420695344903944 0.17212595329057215 
0.12533426664646433 0.17201365693501813 
0.13155925339695784 0.17141754093943928 
0.13823980187529486 0.17108043546147833 
0.13823980187529486 0.17108043546147833 
0.13454338296603835 0.17258727163321155 
0.15188761831886616 0.17502550982040388 
0.15280837587885623 0.1589484669282459 
0.15280837587885623 0.1589484669282459 
0.14129303548043337 0.16287635575097287 
0.145776069500872 0.16258403404533253 
0.145776069500872 0.16258403404533253 
0.13687165820308292 0.16035023487135974 
0.13687165820308292 0.16035023487135974 
0.13329408743563856 0.17083138109827134 
0.13329408743563856 0.17083138109827134 
0.10982229344799611 0.17036959688303235 
0.11045351745279418 0.16910386603105282 
0.10750400966696358 0.1612966130323632 
0.10582412548323261 0.1566918507844248 
0.10582412548323261 0.1566918507844248 
0.09685077360669023 0.16981883110159796 
0.09685077360669023 0.16981883110159796 
0.07617320415465417 0.16506011140943444 
0.07888919885217362 0.16062709997263583 
0.07171016329858393 0.16009305852976435 
0.08078263374276892 0.15925475570303219 
0.08078263374276892 0.15925475570303219 
0.07371266002878686 0.15837458588469533 
0.07371266002878686 0.15837458588469533 
0.10103672254230404 0.1640589772950671 
0.07306316166087154 0.15867999923423357 
0.07306316166087154 0.15867999923423357 
0.07306316166087154 0.15867999923423357 
0.07813169234631993 0.15978973834458035 
0.0820214745725202 0.16026166757200141 
0.07775080291835282 0.16012405845847336 
0.08585797562636044 0.16834870317522801 
0.1002307191315932 0.1737052244530791 
0.10720345390447276 0.18037927516576027 
0.10452012761421169 0.18001207602763294 
0.09348995567372068 0.18101542801236745 
0.09119489705842271 0.18193428333715558 
0.08544346217176606 0.19206817771949208 
0.08924306855163681 0.1919899153112647 
0.08599338703728772 0.1929468912289815 
0.10928834512889399 0.18625518271115477 
0.10928834512889399 0.18625518271115477 
0.06280352740638687 0.18564060763426726 
0.0819761059121516 0.1810516504532868 
0.09906958978747883 0.18509518784767912 
0.08163949798928603 0.18859045286005036 
0.07178554068391665 0.19076386053849712 
0.07101453203532987 0.18096562475752964 
0.06920957354987549 0.18155682599478576 
0.06920957354987549 0.18155682599478576 
0.09926670535738431 0.18413325391016783 
0.09631520275668994 0.18466049128601789 
0.09256738983108184 0.1849631471798859 
0.08976156620370353 0.1859417430047905 
0.0918431582958613 0.18383295744238426 
0.0918431582958613 0.18383295744238426 
0.0918431582958613 0.18383295744238426 
0.0900811171550675 0.17486317120464434 
0.10383167263027893 0.1730653550375014 
0.10426993553042654 0.17283582855028562 
0.10588059056619098 0.17138917428982087 
0.10588059056619098 0.17138917428982087 
0.10540412992080238 0.17306403076340954 
0.10540412992080238 0.17306403076340954 
0.10935750569429697 0.17238221931665118 
0.10935750569429697 0.17238221931665118 
0.0935892928808064 0.16558298383829145 
0.0935892928808064 0.16558298383829145 
0.09486362657671327 0.16533437819261418 
0.09486362657671327 0.16533437819261418 
0.07901812393091542 0.16691948309377144 
0.08401685011132458 0.16693131469615438 
0.09036071180051901 0.15913300189123653 
0.09257561476293116 0.16304424423939093 
0.08498106707766649 0.16263489157254746 
0.08631858640743831 0.16339737522890224 
0.09393345799693628 0.1660915606837017 
0.09393345799693628 0.1660915606837017 
0.09224512641614638 0.17063404828611212 
0.09224512641614638 0.17063404828611212 
0.08279366795218074 0.16636342091760928 
0.09382817923709019 0.17279235428093043 
0.09429479725224961 0.1722611736475222 
0.09429479725224961 0.1722611736475222 
0.0819723031220791 0.17425513190574138 
0.09164627478467877 0.1616101117841753 
0.09199950187238269 0.16238377715628866 
0.09199950187238269 0.16238377715628866 
0.10259397891577604 0.1724091462699772 
0.10184066388552528 0.17130368519347844 
0.11749491545813648 0.17691764186939354 
0.11983857366984635 0.17633641713671683 
0.14096939745625905 0.17982073924918707 
0.17424015574248525 0.17697772041339896 
0.14927364819868708 0.1808972234975867 
0.14229804970192836 0.17807468342118357 
0.14225084947718947 0.17814557255277688 
0.14765866876964528 0.17731971277302036 
0.1364392252216914 0.17513044290344149 
0.14803614617750588 0.1768943018763558 
0.139340989950563 0.17551472293235656 
0.13656295640250754 0.1757287227233677 
0.12758190234473085 0.17518335034005295 
0.12758190234473085 0.17518335034005295 
0.14636228293941073 0.17049646904371546 
0.17001971472736416 0.16464870956518005 
0.17001971472736416 0.16464870956518005 
0.17001971472736416 0.16464870956518005 
0.17001971472736416 0.16464870956518005 
0.17019485753409969 0.16664763914261013 
0.17019485753409969 0.16664763914261013 
0.17050754615069108 0.169233349112214 
0.14039591396519724 0.17577943996580525 
0.13067249172807635 0.18215657625146228 
0.13067249172807635 0.18215657625146228 
0.13067249172807635 0.18215657625146228 
0.13192708631709638 0.18275918663356996 
0.13192708631709638 0.18275918663356996 
0.13192708631709638 0.18275918663356996 
0.14120116901762295 0.1826025592551475 
0.14120116901762295 0.1826025592551475 
0.14378960456596726 0.18309828054302693 
0.1302754454209664 0.1923637229840382 
0.15236436733888387 0.1982840393342382 
0.14502852681036185 0.1933035111295321 
0.14730372453902854 0.18632810398878882 
0.14730372453902854 0.18632810398878882 
0.14326822594088265 0.19053740821263476 
0.15417454967242578 0.20222591929321426 
0.15417454967242578 0.20222591929321426 
0.15417454967242578 0.20222591929321426 
0.15457342678917926 0.20243436201522313 
0.15670714918561737 0.20420699836555023 
0.16336748925557565 0.20916214374855197 
0.1466769671507771 0.2027241785263463 
0.14645430202915324 0.2029711982956163 
0.14645430202915324 0.2029711982956163 
0.14645430202915324 0.2029711982956163 
0.14645430202915324 0.2029711982956163 
0.14645430202915324 0.2029711982956163 
0.14694552685541926 0.20315600235445175 
0.14694552685541926 0.20315600235445175 
0.14694552685541926 0.20315600235445175 
0.14694552685541926 0.20315600235445175 
0.14694552685541926 0.20315600235445175 
0.14862258786936874 0.1911465737099282 
0.14961429028918088 0.19020081454582785 
0.14961429028918088 0.19020081454582785 
0.12015260135484807 0.18393262480294445 
0.08729293868291611 0.18619349817063247 
0.12049780976567406 0.18140908165405037 
0.12126200853732848 0.1817492167629885 
0.12126200853732848 0.1817492167629885 
0.12373273217573452 0.18534138466075642 
0.133003946471749 0.188519486213593 
0.11094600459656907 0.19361607496358435 
0.11094600459656907 0.19361607496358435 
0.09435400499149407 0.18447703013185712 
0.09435400499149407 0.18447703013185712 
0.09435400499149407 0.18447703013185712 
0.09844056784473307 0.17359598066186724 
0.10721457335839946 0.17628754481183828 
0.10721457335839946 0.17628754481183828 
0.09873312300008352 0.1759693579906378 
0.09873312300008352 0.1759693579906378 
0.11021455711011859 0.17308991620383937 
0.11934985920300524 0.1747532073971053 
0.09816374902437384 0.17246131034278867 
0.09816374902437384 0.17246131034278867 
0.11383742069193245 0.17470854853095455 
0.12096273532487274 0.17644899833929772 
0.11882708699650295 0.17380584922425912 
0.11767146175429921 0.1766831955773298 
0.11767146175429921 0.1766831955773298 
0.11767146175429921 0.1766831955773298 
0.11767146175429921 0.1766831955773298 
0.11767146175429921 0.1766831955773298 
0.13079400804781763 0.17020577644132723 
0.149972502648075 0.1738560245508436 
0.15300604851318472 0.17405700988361453 
0.17022148699706147 0.17623702481418352 
0.172267214675982 0.18658511861511118 
0.14976589904693383 0.1789906463162497 
0.1517147050602893 0.17955324967567304 
0.15424537988369505 0.17801603347845382 
0.15424537988369505 0.17801603347845382 
0.15424537988369505 0.17801603347845382 
0.1557804668711577 0.17664164478080058 
0.15411119317290756 0.17625450306493856 
0.15411119317290756 0.17625450306493856 
0.14394591452074068 0.1696645126766968 
0.14394591452074068 0.1696645126766968 
0.14832917186866823 0.16856061014432847 
0.13495140589962326 0.16997032142757568 
0.14242996469922445 0.17133933591846634 
0.1444808220387005 0.17136231279729883 
0.1444808220387005 0.17136231279729883 
0.1444808220387005 0.17136231279729883 
0.13223037462742376 0.16814310585469935 
0.14063112863992092 0.1581406893183015 
0.14063112863992092 0.1581406893183015 
0.1314999730879252 0.1613981056051633 
0.1311258786003305 0.16158836953067138 
0.14974146786681664 0.16210237773075153 
0.14974146786681664 0.16210237773075153 
0.14974146786681664 0.16210237773075153 
0.15006673504662577 0.16198238002807694 
0.14947221271480488 0.16198861202599127 
0.14098760760296958 0.15528124537534452 
0.14221373324785536 0.15455299834965452 
0.13055722842371603 0.1602529316392236 
0.13055722842371603 0.1602529316392236 
0.13055722842371603 0.1602529316392236 
0.17941727821440767 0.1577153188128002 
0.16285511003836775 0.16256940881734386 
0.16254918110247443 0.1628116205938395 
0.16254918110247443 0.1628116205938395 
0.16254918110247443 0.1628116205938395 
0.14567751996566225 0.16715309289951327 
0.1417380528173046 0.1664634155002232 
0.1417380528173046 0.1664634155002232 
0.1270108359932226 0.16876922823508836 
0.15118295372308815 0.17250318961618388 
0.15118295372308815 0.17250318961618388 
0.15111698115448344 0.17257085714036005 
0.14975174367359625 0.1749287220505954 
0.14612673726999717 0.17842334234893795 
0.14612673726999717 0.17842334234893795 
0.14612673726999717 0.17842334234893795 
0.14046834221428212 0.17633136297753477 
0.165701999127824 0.17157054462076549 
0.1326671826342095 0.1711951404634298 
0.14758924450270056 0.16567843132780835 
0.15956213930697777 0.1613714125432112 
0.15956213930697777 0.1613714125432112 
0.15956213930697777 0.1613714125432112 
0.16247858848723346 0.15346365077572338 
0.16247858848723346 0.15346365077572338 
0.15880670323808704 0.15349941699890712 
0.16110806306665515 0.16209013953226287 
0.15189084276661657 0.17409304757446747 
0.14862914511777806 0.17471987692125968 
0.15923501493933606 0.17893610807460272 
0.15923501493933606 0.17893610807460272 
0.14279864530256203 0.17910961709903175 
0.14254769235377293 0.17924425983998293 
0.14254769235377293 0.17924425983998293 
0.13000636869205964 0.18058928404512647 
0.1657423008450437 0.177753014546836 
0.1657423008450437 0.177753014546836 
0.16697946996051719 0.17796353891253372 
0.1585220506980283 0.17764763493978997 
0.16450498728222615 0.18143209655937273 
0.1628312708353572 0.18135575108027494 
0.16419373466963655 0.1768146572869083 
0.1607776422587762 0.17719736406475053 
0.1607776422587762 0.17719736406475053 
0.1607776422587762 0.17719736406475053 
0.1552221206740691 0.17740454025402858 
0.1677826854938562 0.17628416464576296 
0.16731736107448048 0.1763733471733895 
0.17606046573744802 0.17582187833622728 
0.17606046573744802 0.17582187833622728 
0.17606046573744802 0.17582187833622728 
0.17606046573744802 0.17582187833622728 
0.17606046573744802 0.17582187833622728 
0.17606046573744802 0.17582187833622728 
0.15744962050233957 0.17459762080680852 
0.15744962050233957 0.17459762080680852 
0.15744962050233957 0.17459762080680852 
0.1521027395177515 0.17166485693008482 
0.14290237870083722 0.16220494177051212 
0.1399500334190886 0.1609661705338183 
0.14195471305765528 0.16330037693182475 
0.1582352518397609 0.16196710207128062 
0.1582352518397609 0.16196710207128062 
0.1582352518397609 0.16196710207128062 
0.1582352518397609 0.16196710207128062 
0.12534868611488867 0.16912656283105523 
0.12522725662596573 0.16724103939815707 
0.11974801727828084 0.16521177386357974 
0.13222388308685698 0.1633705881957016 
0.13288596900009422 0.16757612840179467 
0.14356565502218357 0.1613652285679066 
0.1367273407350015 0.1641719205876331 
0.12577895842950237 0.17025899340579936 
0.11610508735178765 0.17217446307884055 
0.11246157927844863 0.17171495803837433 
0.11246157927844863 0.17171495803837433 
0.07375798273827743 0.15887324265092329 
0.07229030417230893 0.16170876364438755 
0.07229030417230893 0.16170876364438755 
0.09120483102267199 0.16116013758696116 
0.09120483102267199 0.16116013758696116 
0.09849915865027871 0.16284588320967408 
0.09636931427034198 0.16375931135766372 
0.07617538220093203 0.1612942166307205 
0.07578036287384034 0.1656439846698693 
0.099700747593088 0.1736833612962897 
0.1002134755262379 0.1807870792811546 
0.0921831299040118 0.17723693611667465 
0.09665934454309023 0.17849669659594136 
0.09665934454309023 0.17849669659594136 
0.08001097674956793 0.18900176562120605 
0.07795685120910018 0.18963733293926527 
0.06114618990114844 0.19246021325218837 
0.06114618990114844 0.19246021325218837 
0.06114618990114844 0.19246021325218837 
0.0648875955841613 0.18847932726042435 
0.0653591405144683 0.18339930182089328 
0.0653591405144683 0.18339930182089328 
0.06534312627116262 0.18336901149351462 
0.07876713316170975 0.1832348186164675 
0.07947119967209924 0.18887196236427606 
0.07409696825475962 0.18956996539719995 
0.09668346801015062 0.18362278184864247 
0.08950194957224336 0.1829125977649121 
0.08667659442188295 0.18376175665791114 
0.08052403935546819 0.18996908916297178 
0.08052403935546819 0.18996908916297178 
0.09879835517746999 0.18901876377716462 
0.10664315687460828 0.18275157751623838 
0.12723121423483402 0.17629392313842251 
0.09751299070148593 0.17054067452678182 
0.0672116406114921 0.1665964923603267 
0.0672116406114921 0.1665964923603267 
0.0672116406114921 0.1665964923603267 
0.0672116406114921 0.1665964923603267 
0.06876818439863588 0.158861031218432 
0.06209961340358999 0.15363715213226142 
0.06209961340358999 0.15363715213226142 
0.06209961340358999 0.15363715213226142 
0.07470193311394102 0.1643225178194627 
0.06273125815563409 0.16268533633096077 
0.06273125815563409 0.16268533633096077 
0.07641721009288191 0.16629059182924283 
0.07922841370895081 0.1649170784083786 
0.0927392114130492 0.16575197163511152 
0.09119387906229372 0.16584661977766277 
0.10545106853444672 0.16286628508724857 
0.10545106853444672 0.16286628508724857 
0.10545106853444672 0.16286628508724857 
0.10995455085098482 0.16266778789964725 
0.10995455085098482 0.16266778789964725 
0.10995455085098482 0.16266778789964725 
0.11728066943187687 0.16204653437917593 
0.08309256304955563 0.15165442941462554 
0.07805988590667261 0.1569322131560209 
0.07805988590667261 0.1569322131560209 
0.0872601094666579 0.1616297885632685 
0.0894493073556044 0.16238133400114074 
0.10546507940730451 0.16719294937990048 
0.10546507940730451 0.16719294937990048 
0.10778451205090517 0.16928283759579177 
0.07594133909230091 0.16694326166354212 
0.07014868978396997 0.16823159197714255 
0.07014868978396997 0.16823159197714255 
0.07014868978396997 0.16823159197714255 
0.07063139639797733 0.17375581659600495 
0.07063139639797733 0.17375581659600495 
0.07063139639797733 0.17375581659600495 
0.07063139639797733 0.17375581659600495 
0.07063139639797733 0.17375581659600495 
0.07063139639797733 0.17375581659600495 
0.07063139639797733 0.17375581659600495 
0.07063139639797733 0.17375581659600495 
0.07649887208567709 0.173388610125586 
0.07649887208567709 0.173388610125586 
0.07649139629465587 0.1708522510202003 
0.07649139629465587 0.1708522510202003 
0.07649139629465587 0.1708522510202003 
0.07649139629465587 0.1708522510202003 
0.07649139629465587 0.1708522510202003 
0.10493147085514119 0.17415842099537285 
0.07655971871619986 0.16868373894607888 
0.07893900808914009 0.16838144765439772 
0.07856132410326559 0.168999322393033 
0.09234559050461774 0.1804169768923275 
0.07403239631764638 0.19409226282888103 
0.07403239631764638 0.19409226282888103 
0.08081671194029323 0.1914976845027299 
0.07684143328942217 0.1930814002974739 
0.07684143328942217 0.1930814002974739 
0.07536042389503313 0.19328951273805067 
0.07536042389503313 0.19328951273805067 
0.08216750360312064 0.18966786851684753 
0.07913418822834095 0.19131368043558378 
0.09795785339718814 0.18742523053634652 
0.11282015314088667 0.19799060804510615 
0.12016099198895502 0.19325033346297713 
0.12016099198895502 0.19325033346297713 
0.12016099198895502 0.19325033346297713 
0.12034156624126965 0.1926680262329523 
0.12270358693938084 0.18968467279217918 
0.12270358693938084 0.18968467279217918 
0.11996528819448656 0.19222202953049072 
0.11955129769584381 0.19338415308537027 
0.10809160361148666 0.1819977946764956 
0.09719274561597357 0.1846289020556942 
0.06611768574984027 0.1859735579516596 
0.06604570056737229 0.18629488921097864 
0.06604570056737229 0.18629488921097864 
0.11234602227132953 0.175821036814214 
0.11435300867987287 0.17443108252836803 
0.11435300867987287 0.17443108252836803 
0.1359760562450433 0.17684090581977316 
0.14238338340820939 0.17725785351290518 
0.12545891359230604 0.18251259545851123 
0.10859809129787829 0.1911494604559196 
0.10327005217961735 0.1929744486387381 
0.10105378583402082 0.18815622551680314 
0.11759700923904676 0.18497405732701525 
0.11610916872961263 0.18324776566566642 
0.11697162615511236 0.19574756605857885 
0.12043387534957241 0.19210753289037705 
0.11838574417742448 0.1953684927345037 
0.11838574417742448 0.1953684927345037 
0.1174267509614738 0.1955098167965446 
0.1258998042816516 0.19146878158061154 
0.138979698444692 0.19802390272016665 
0.12289026510872171 0.19270192864119837 
0.11351804652782145 0.18877491328674506 
0.10358732228504658 0.18520723345479068 
0.10626881453822866 0.18176418772897152 
0.1067066930627309 0.18899576640133242 
0.09922954145096763 0.20295159385807585 
0.0968556169834206 0.20417723321330097 
0.0968556169834206 0.20417723321330097 
0.0968556169834206 0.20417723321330097 
0.09937091640306218 0.20205081468642794 
0.09039254075059557 0.20873323025103538 
0.0904354527998026 0.20862721867529893 
0.0904354527998026 0.20862721867529893 
0.09271769368635223 0.21115805820690725 
0.09311616127350157 0.21053028692386738 
0.09311616127350157 0.21053028692386738 
0.09311616127350157 0.21053028692386738 
0.09311616127350157 0.21053028692386738 
0.08514091804989529 0.2183481221067167 
0.12738042457666215 0.20640561906220328 
0.12738042457666215 0.20640561906220328 
0.1423915078120796 0.21393160639118936 
0.1423915078120796 0.21393160639118936 
0.14178890063256955 0.21483750024457576 
0.14178890063256955 0.21483750024457576 
0.13046187336957357 0.2010093923855349 
0.11733601567233057 0.1921962330299092 
0.12510273455414261 0.19286822052938185 
0.09880156005253372 0.18326065484440232 
0.08905300459114944 0.18333436301054498 
0.08428363145674962 0.1972476194735739 
0.08575377262143112 0.19037528291720124 
0.08575377262143112 0.19037528291720124 
0.09170725373543062 0.18966717252874474 
0.09170725373543062 0.18966717252874474 
0.09388005587196072 0.19099662450000343 
0.09144668934783934 0.19232189366257432 
0.09294206759668658 0.1989044827585821 
0.09294206759668658 0.1989044827585821 
0.08563652341835938 0.1831958580893798 
0.08538206768557435 0.18297534336592863 
0.09895370425418486 0.18345227182374793 
0.10076691491039888 0.1881744421386142 
0.09313404694231824 0.18770408716296322 
0.09266233259860229 0.1862606684758254 
0.09816640193485557 0.18970854256081926 
0.09899657177447306 0.18953837395367612 
0.0789252159572736 0.18914047541194132 
0.09278175466265248 0.18550172258317912 
0.10663116797254953 0.19155825491620748 
0.10500804202333519 0.19051107995716518 
0.12195738790615815 0.18366059192813294 
0.12308191153420056 0.18399494736697483 
0.10880465564711875 0.1969442543811813 
0.13598679723378385 0.1890874314763546 
0.13598679723378385 0.1890874314763546 
0.13598679723378385 0.1890874314763546 
0.13598679723378385 0.1890874314763546 
0.13472113851333317 0.18867999456695966 
0.16204240085973537 0.19141081791685793 
0.16675743522315278 0.18337674370645574 
0.16388597950872025 0.18696109893680793 
0.16286139559546114 0.1867630162462369 
0.16924824032843214 0.1867531444825899 
0.15288200418661724 0.1814358048098167 
0.13506870373281282 0.18451024543199993 
0.11035519503019549 0.18006940191200801 
0.11752370576829346 0.1775820025395214 
0.12753426929939418 0.17948154313252868 
0.14912908833073643 0.19339832396423495 
0.1555629300878439 0.1975572050558577 
0.1555629300878439 0.1975572050558577 
0.15621592022753092 0.18876869378028915 
0.15189393529677958 0.18803246555606667 
0.13064077784093633 0.18763227739735436 
0.12865944192335946 0.18622224576492966 
0.12526246243469055 0.18935584184633114 
0.11459080048361517 0.20508223646180918 
0.13781092420174365 0.20038579441161464 
0.13781092420174365 0.20038579441161464 
0.1200271521137258 0.1981166524468965 
0.12982797203540503 0.1888006826614915 
0.12946339154140632 0.18873771833736366 
0.11853895990359278 0.19116740419176803 
0.11853895990359278 0.19116740419176803 
0.11841546963077003 0.19168860199781124 
0.13132052662603044 0.2076111921459688 
0.13074101058087337 0.1983058279666044 
0.11167451230111725 0.1896330769505693 
0.11284618193593277 0.1864161433000577 
0.12190089207209528 0.18699957533863004 
0.12190089207209528 0.18699957533863004 
0.12099079380296068 0.18731798336850194 
0.12075532475277286 0.18874068348570552 
0.11719126851209245 0.1799908798211809 
0.12462766813019817 0.18790626476902908 
0.12462766813019817 0.18790626476902908 
0.1285021958674786 0.1852230106252038 
0.1285021958674786 0.1852230106252038 
0.12852943367264336 0.18523462762203854 
0.14539822113017695 0.1815857392065909 
0.1465434791295371 0.1767503954159264 
0.13403309779327538 0.17406241601758493 
0.15495009967015552 0.17309003213422694 
0.15490193603945923 0.17318951575763836 
0.15490193603945923 0.17318951575763836 
0.15277637370096553 0.17286891866426826 
0.14252465896476826 0.1781201389981704 
0.18102855182517935 0.1746539327488878 
0.18102855182517935 0.1746539327488878 
0.1814112252999775 0.17146360622854567 
0.1814112252999775 0.17146360622854567 
0.1814112252999775 0.17146360622854567 
0.1814112252999775 0.17146360622854567 
0.1814112252999775 0.17146360622854567 
0.1738388612258634 0.172207362071132 
0.1738388612258634 0.172207362071132 
0.1738388612258634 0.172207362071132 
0.1738388612258634 0.172207362071132 
0.17302118306107 0.17054304432783357 
0.1734340144475631 0.17066297257242247 
0.1734340144475631 0.17066297257242247 
0.17366971711602525 0.17215135141737448 
0.17366971711602525 0.17215135141737448 
0.16239299554111147 0.17187450443548863 
0.16532343457590482 0.17241190413547935 
0.17274424798712584 0.1713130978515807 
0.17477500988626946 0.17383352036508876 
0.18057197184190898 0.17655577052575497 
0.168605903181743 0.17843642025732848 
0.17305319691734458 0.1738727066596204 
0.1728926279800538 0.1731210614357626 
0.17234990057800842 0.17324284177897464 
0.16322082634327598 0.17334756201116208 
0.16497648769978665 0.17203448040035577 
0.16497648769978665 0.17203448040035577 
0.16497648769978665 0.17203448040035577 
0.16497648769978665 0.17203448040035577 
0.16497648769978665 0.17203448040035577 
0.16497648769978665 0.17203448040035577 
0.1714425940801451 0.17533451386220503 
0.1714425940801451 0.17533451386220503 
0.1714425940801451 0.17533451386220503 
0.15334916563781992 0.17128504720660992 
0.15127648943081703 0.16913936198389778 
0.13436721956513614 0.17309153035001906 
0.13464164486485908 0.17316011980595478 
0.129953867785919 0.17142065205417867 
0.12861384647206706 0.17119074831729705 
0.15287441903334348 0.1679817458211564 
0.16206815087026533 0.16593912265580674 
0.1674078173643287 0.16324861423572917 
0.1674078173643287 0.16324861423572917 
0.1674078173643287 0.16324861423572917 
0.1674078173643287 0.16324861423572917 
0.1674078173643287 0.16324861423572917 
0.1615996829101443 0.16461922238374516 
0.15844644012534534 0.15812493359998905 
0.13256927791407477 0.1604076093658588 
0.129984334095943 0.16022132916728374 
0.12673558588379427 0.16266588195569037 
0.12673558588379427 0.16266588195569037 
0.12673558588379427 0.16266588195569037 
0.1265307018085986 0.16224979961887506 
0.14007815637522197 0.1639068181967212 
0.13271344343945837 0.16287210620724718 
0.13764492539043377 0.16457891183560697 
0.13764492539043377 0.16457891183560697 
0.13764492539043377 0.16457891183560697 
0.13764492539043377 0.16457891183560697 
0.13764492539043377 0.16457891183560697 
0.1250252670260612 0.1677339297638482 
0.1250252670260612 0.1677339297638482 
0.10844196351027874 0.16109423415568963 
0.10844196351027874 0.16109423415568963 
0.10844196351027874 0.16109423415568963 
0.10844196351027874 0.16109423415568963 
0.11486581708260975 0.17211091337296114 
0.11367513201046202 0.1716890176877869 
0.10967763760807864 0.17348499156774538 
0.10884511356748475 0.17356665652898068 
0.12024752941375935 0.16719465356527544 
0.13060058153138862 0.1646193576374048 
0.13060058153138862 0.1646193576374048 
0.13827202068236852 0.16344140986883537 
0.13827202068236852 0.16344140986883537 
0.13827202068236852 0.16344140986883537 
0.13827202068236852 0.16344140986883537 
0.15629271351068516 0.165355021980904 
0.15629271351068516 0.165355021980904 
0.15806155709246977 0.16984218568244386 
0.15571882652389749 0.16693884325473382 
0.13391948790803276 0.17097391146546878 
0.15443670743723492 0.16166076010214464 
0.15226302145316162 0.16190698170013873 
0.15226302145316162 0.16190698170013873 
0.13114112593266353 0.1719470248648104 
0.13114112593266353 0.1719470248648104 
0.13114112593266353 0.1719470248648104 
0.11623163342068656 0.166097071774747 
0.11668195929810445 0.16597609555908394 
0.11486511185241613 0.1685817746663104 
0.11486511185241613 0.1685817746663104 
0.12265896052160627 0.1795104200464836 
0.14915169287858215 0.18441439041296706 
0.14211883443215909 0.18345507206597336 
0.14211883443215909 0.18345507206597336 
0.14211883443215909 0.18345507206597336 
0.14211883443215909 0.18345507206597336 
0.16051162429113175 0.18728669736853462 
0.16479916603982905 0.1881221850158356 
0.17182079924304589 0.18866330632022482 
0.1720480957784386 0.1888082538394546 
0.15172811078400117 0.19182969252485257 
0.15289257086818203 0.19226161428757055 
0.13209303916386192 0.18594623051889816 
0.17882271765465726 0.19944457675856234 
0.18054221367767742 0.20228065976600104 
0.18054221367767742 0.20228065976600104 
0.17698467960178127 0.2018364924406733 
0.17821512082884444 0.20199781654361523 
0.17821512082884444 0.20199781654361523 
0.14392942609860124 0.1966367963429957 
0.14660992967260808 0.19438278966675204 
0.1498405426401626 0.1951803534783869 
0.15794143822859866 0.197024554389748 
0.13215846384442412 0.18872906084173727 
0.13005250354663256 0.1853777012523528 
0.13034797465249104 0.20114112796059186 
0.13034797465249104 0.20114112796059186 
0.11461937938593653 0.18540708101517567 
0.11461937938593653 0.18540708101517567 
0.11661291387413972 0.18881972773381508 
0.11554164028370954 0.18590391472175807 
0.13449774863609193 0.19206992565874553 
0.13299886346580078 0.19128718313141585 
0.1434105828717842 0.18518326253000442 
0.1401272582190177 0.1799628110746675 
0.1539054051539635 0.18214500011437934 
0.1512772734923583 0.1835439751278544 
0.1453652734389213 0.1793707295109344 
0.14662779746992924 0.1799491329180143 
0.17567765547400438 0.18310125903674027 
0.17567765547400438 0.18310125903674027 
0.17567765547400438 0.18310125903674027 
0.17567765547400438 0.18310125903674027 
0.17567765547400438 0.18310125903674027 
0.17567765547400438 0.18310125903674027 
0.17567765547400438 0.18310125903674027 
0.17567765547400438 0.18310125903674027 
0.17567765547400438 0.18310125903674027 
0.15104540788426207 0.178280492055585 
0.15104540788426207 0.178280492055585 
0.15104540788426207 0.178280492055585 
0.14380598271841988 0.17787732367726947 
0.12407520373461021 0.1752509032393925 
0.1280244242439365 0.191194651393422 
0.12529402833636713 0.1896448727539274 
0.15370263888362787 0.19183783980010713 
0.1555407263700144 0.20751774677666202 
0.1555407263700144 0.20751774677666202 
0.16495671840558046 0.21304464589981145 
0.16495671840558046 0.21304464589981145 
0.1615562226398859 0.21210047694619474 
0.131921463688447 0.1949534100437857 
0.131921463688447 0.1949534100437857 
0.12061163480996767 0.2055159015357617 
0.12061163480996767 0.2055159015357617 
0.12061163480996767 0.2055159015357617 
0.12061163480996767 0.2055159015357617 
0.11681886854669693 0.1997264471466366 
0.11388093970360151 0.2005833043175737 
0.11488654052038925 0.19533290916502632 
0.12424157304085282 0.19967676904147838 
0.12424157304085282 0.19967676904147838 
0.12424157304085282 0.19967676904147838 
0.1408531231759612 0.19825731837971408 
0.14095468678887033 0.1999106056686435 
0.14067014825917667 0.19484543021966327 
0.167127280245086 0.21028232123294283 
0.167127280245086 0.21028232123294283 
0.167127280245086 0.21028232123294283 
0.15569217536326105 0.2032796132823913 
0.15569217536326105 0.2032796132823913 
0.15569217536326105 0.2032796132823913 
0.1637446199608992 0.2082831758863195 
0.16021584205922923 0.20264803166450723 
0.16021584205922923 0.20264803166450723 
0.16021584205922923 0.20264803166450723 
0.16021584205922923 0.20264803166450723 
0.160684832501802 0.20138870751789442 
0.16057545644134602 0.20204965616983125 
0.16057545644134602 0.20204965616983125 
0.1756516959402879 0.21339682945803232 
0.1756516959402879 0.21339682945803232 
0.1756516959402879 0.21339682945803232 
0.1693333881455276 0.19584247163364735 
0.1693333881455276 0.19584247163364735 
0.17918998494389762 0.19776676601946228 
0.1759587146185958 0.17886449118891143 
0.1759587146185958 0.17886449118891143 
0.1759587146185958 0.17886449118891143 
0.17219776740077258 0.179119552281795 
0.17219776740077258 0.179119552281795 
0.17981106696430307 0.1847280791399721 
0.17981106696430307 0.1847280791399721 
0.17981106696430307 0.1847280791399721 
0.17981106696430307 0.1847280791399721 
0.17981106696430307 0.1847280791399721 
0.17981106696430307 0.1847280791399721 
0.17844000586871606 0.18322162594407268 
0.1798289424925893 0.18392107268682328 
0.1798289424925893 0.18392107268682328 
0.1798289424925893 0.18392107268682328 
0.1798289424925893 0.18392107268682328 
0.1798289424925893 0.18392107268682328 
0.1798289424925893 0.18392107268682328 
0.1798289424925893 0.18392107268682328 
0.1798289424925893 0.18392107268682328 
0.1798289424925893 0.18392107268682328 
0.1798289424925893 0.18392107268682328 
0.16837180367836058 0.18458571043597588 
0.14744414217169316 0.18536555154990178 
0.1497241637950372 0.18718237237606591 
0.14577205558991368 0.1893072538905925 
0.1411108003313485 0.19199977448134342 
0.14456047788752455 0.20099241454717606 
0.15738735474992982 0.19511521557735462 
0.16380772458626947 0.19826682214641544 
0.16380772458626947 0.19826682214641544 
0.16380772458626947 0.19826682214641544 
0.14784645479894554 0.1914805430882912 
0.14784645479894554 0.1914805430882912 
0.14784645479894554 0.1914805430882912 
0.14289614034710102 0.18989980510363216 
0.14162440478048172 0.1882367984969937 
0.16271479784424808 0.19567861468906783 
0.16518283838721912 0.18327303442251425 
0.1721532338411862 0.18391555072035265 
0.1721532338411862 0.18391555072035265 
0.17285440221046083 0.18399340642495504 
0.1708631215366487 0.18293368710304747 
0.15842322651836693 0.18229723396421774 
0.15505971306428723 0.18672083371799952 
0.15505971306428723 0.18672083371799952 
0.13466926546848887 0.17895922613292084 
0.13466926546848887 0.17895922613292084 
0.12450058683276433 0.18013511223153036 
0.1335079159752502 0.17936939295159002 
0.13802805623815245 0.18060688856533197 
0.13217909728652866 0.1809709819130277 
0.11091282663913572 0.18459446224906 
0.10854212693895285 0.18853183736076515 
0.1075066357760488 0.19265379831097262 
0.11356503157144625 0.1862200970574291 
0.1166853887045336 0.187636361637366 
0.11870056156395838 0.18912831930527743 
0.11264674499479793 0.18497202507524937 
0.0964943060530752 0.18553727614152093 
0.0869946138819032 0.18849012010761262 
0.09009574370349788 0.19406697531511508 
0.09009574370349788 0.19406697531511508 
0.09009574370349788 0.19406697531511508 
0.09701945392004821 0.18880727417292753 
0.09695782578895264 0.18734269753571975 
0.1195721358604088 0.1835367714015116 
0.12276345963668409 0.18359452754342045 
0.1396162070246163 0.1836577909002944 
0.1302076231643531 0.1893014624864992 
0.1590902176022564 0.1976663232488938 
0.16583561316430642 0.19916569368977968 
0.16490447646739467 0.19709712855315997 
0.16490447646739467 0.19709712855315997 
0.15853914222088436 0.19481899163193234 
0.16832358210846998 0.18325518940027127 
0.16832358210846998 0.18325518940027127 
0.16629544314261172 0.1831942476974866 
0.17181163442410022 0.187787583601704 
0.17181163442410022 0.187787583601704 
0.17181163442410022 0.187787583601704 
0.17181163442410022 0.187787583601704 
0.17181163442410022 0.187787583601704 
0.17107912699377464 0.18771557709486558 
0.1314856315130767 0.18142740137992922 
0.11566686690857177 0.1871492490498058 
0.10797004129050773 0.1883873131534702 
0.13585468251439936 0.1937326758749037 
0.13384399071368794 0.19414862635024124 
0.13199152059366154 0.20110259265584224 
0.11625750990684565 0.21653849553527238 
0.11625750990684565 0.21653849553527238 
0.11625750990684565 0.21653849553527238 
0.12919356531633172 0.19901904552037902 
0.11777768895003506 0.1936772912872682 
0.11768786351303563 0.19808735451125942 
0.11518571642589419 0.19840838001708025 
0.11518571642589419 0.19840838001708025 
0.11761819475916921 0.1909125256692005 
0.11851705013969745 0.18868760825746228 
0.091649272617118 0.18757772737617026 
0.091649272617118 0.18757772737617026 
0.091649272617118 0.18757772737617026 
0.09669667289624727 0.1873527701943563 
0.09669667289624727 0.1873527701943563 
0.10352662252955755 0.19261372367216645 
0.10352662252955755 0.19261372367216645 
0.10663648799217887 0.1912241525646234 
0.10663648799217887 0.1912241525646234 
0.1210214734783717 0.1939903940937273 
0.11977757200671084 0.1982313369069494 
0.11977757200671084 0.1982313369069494 
0.11977757200671084 0.1982313369069494 
0.11699533286310174 0.19908357889071818 
0.11699533286310174 0.19908357889071818 
0.11653415863214331 0.1985287427685913 
0.1339830532890748 0.19480365965267368 
0.1292517924856822 0.19221246799097466 
0.1292517924856822 0.19221246799097466 
0.1292517924856822 0.19221246799097466 
0.1258849852327784 0.19179913252518574 
0.11389537195810776 0.1827439937567676 
0.11472322617437732 0.1831636171176368 
0.11510870722300162 0.18297396780959443 
0.11714493310183123 0.18125344562219323 
0.12774955556830023 0.18085522651884167 
0.125084750572736 0.1795290403011365 
0.11305432555496517 0.17473825390925218 
0.11305432555496517 0.17473825390925218 
0.06561878466340665 0.16929826731774486 
0.07993879817746549 0.17070908153024403 
0.07396938146197404 0.171102002220418 
0.07452799044849939 0.16850747444699413 
0.07452799044849939 0.16850747444699413 
0.07250524966859098 0.16875666182717436 
0.06835643749464043 0.16268602697476106 
0.06835643749464043 0.16268602697476106 
0.06698640104422643 0.16345576854888216 
0.08106951665853662 0.1663846113255419 
0.06593180904345843 0.16647014241224956 
0.06491494503934923 0.1640683891453348 
0.06431558409957715 0.16353486496853 
0.0654066437793438 0.16390094252182652 
0.06390924681344681 0.16007211879042865 
0.0731838238542562 0.1596784087254013 
0.11032477236985 0.16476924579968527 
0.12235040870154172 0.17027957052281417 
0.12969163351011662 0.17175911168177715 
0.09995147627270597 0.1675413559147286 
0.09548675973265608 0.16294175304250028 
0.10618055410422855 0.1684858937210258 
0.10618055410422855 0.1684858937210258 
0.10537549587840628 0.16919018108582742 
0.09274402268563095 0.16790294945959328 
0.1003196094198948 0.16506917412791344 
0.09897171486511351 0.16402084443161474 
0.09712638006557534 0.16384754239295318 
0.09712638006557534 0.16384754239295318 
0.09712638006557534 0.16384754239295318 
0.09712638006557534 0.16384754239295318 
0.11722193848128298 0.1637913400072843 
0.14690590034640003 0.16487581516391125 
0.14690590034640003 0.16487581516391125 
0.14690590034640003 0.16487581516391125 
0.1442928621101667 0.16889489476227484 
0.1442928621101667 0.16889489476227484 
0.14298328070803198 0.16874928716461945 
0.14557168528873207 0.16861214222138612 
0.1435600895738179 0.16800201445137775 
0.14666059284130017 0.16601465449417585 
0.16694516990846572 0.16457245512980812 
0.16614662317539264 0.16502307964388555 
0.16780926122772444 0.16916961487592694 
0.16780926122772444 0.16916961487592694 
0.16780926122772444 0.16916961487592694 
0.15544572148682928 0.16937149610677857 
0.15544572148682928 0.16937149610677857 
0.15795665133127668 0.16924003613301902 
0.15761693487430578 0.16900188577636774 
0.15289294914114254 0.1669992439798587 
0.1504330337503807 0.1657849231710121 
0.1504330337503807 0.1657849231710121 
0.1509780885683483 0.1646115477624051 
0.13688862985632444 0.1693099530013673 
0.11342934426427076 0.16630807555504504 
0.11072917617952946 0.16550349008174833 
0.10169372042579176 0.1595016544841769 
0.11966060576158094 0.16497994250833492 
0.09848526459981966 0.16519583260569953 
0.09848526459981966 0.16519583260569953 
0.09848526459981966 0.16519583260569953 
0.09996900417935976 0.16400455158385452 
0.09996900417935976 0.16400455158385452 
0.11062642682066332 0.1743421898940194 
0.11244814112256873 0.17538360176222087 
0.11294514558921356 0.17224427996372282 
0.10526923621398537 0.17118130544703833 
0.10413878774299093 0.17092571592810754 
0.09268234052962931 0.17849249080733504 
0.08757692242942032 0.17852200936304408 
0.08675185408479122 0.1765242673620153 
0.08675185408479122 0.1765242673620153 
0.07927763645803385 0.1859704339603899 
0.0718306837120735 0.17989049033222465 
0.10277765431966203 0.17669343481337307 
0.08172365320522462 0.18442601330099026 
0.08172365320522462 0.18442601330099026 
0.08116896004273252 0.18475993999511986 
0.07776383383655171 0.18507048290439856 
0.07889063297797577 0.18331245984264993 
0.07889063297797577 0.18331245984264993 
0.07860645734974846 0.1833504137007129 
0.07808583774379357 0.18328368473721177 
0.07808583774379357 0.18328368473721177 
0.07808583774379357 0.18328368473721177 
0.07821771768302722 0.18359073138313595 
0.07581288002647056 0.18184692270715186 
0.07640372679673749 0.18232165378839804 
0.07640372679673749 0.18232165378839804 
0.08180036045879874 0.17349077398606833 
0.08061062802129829 0.17417854917153652 
0.08061062802129829 0.17417854917153652 
0.08061062802129829 0.17417854917153652 
0.08061062802129829 0.17417854917153652 
0.0805007491267282 0.17940894849466574 
0.08199831084442172 0.17950270825793188 
0.0810776421902798 0.17980183401210828 
0.0810776421902798 0.17980183401210828 
0.0810776421902798 0.17980183401210828 
0.07652527788087776 0.1770219112672028 
0.07028595961175138 0.17700230980135104 
0.10926458625296459 0.18028958414566673 
0.10926458625296459 0.18028958414566673 
0.08720439740302807 0.17944503447226443 
0.08091463870645127 0.17846114189555817 
0.09522036172136011 0.17785560977274942 
0.10411225518422405 0.17872444747506014 
0.12346781744886626 0.176627320057834 
0.10654717866531949 0.18065067235274843 
0.11913244089378235 0.1822955951776948 
0.13650786842782808 0.17957260736222772 
0.13650786842782808 0.17957260736222772 
0.13650786842782808 0.17957260736222772 
0.17074336125065734 0.1670993608118726 
0.15219548354342038 0.17156902723773 
0.15394954285765988 0.17044333429286318 
0.16184045996368523 0.17070039756798963 
0.15260805489326154 0.1704215266526384 
0.1604499121047777 0.1692579474363628 
0.1469894039931765 0.17521107048375326 
0.1698307646551044 0.1740901009114269 
0.1698307646551044 0.1740901009114269 
0.1698307646551044 0.1740901009114269 
0.17442668416997684 0.1686983257273843 
0.17442668416997684 0.1686983257273843 
0.17442668416997684 0.1686983257273843 
0.15653942980468827 0.17057255003515812 
0.1765848484875588 0.16907272154866265 
0.172794082795344 0.16893615885779956 
0.172794082795344 0.16893615885779956 
0.172794082795344 0.16893615885779956 
0.172794082795344 0.16893615885779956 
0.172794082795344 0.16893615885779956 
0.17013787906532338 0.16803017156719124 
0.16010233437894406 0.1693975124508019 
0.15946098319465232 0.16960081490940776 
0.15946098319465232 0.16960081490940776 
0.16431295340497568 0.16995230669034256 
0.13936384697128257 0.17675241756514187 
0.13944080955220547 0.17682877071123962 
0.1474891480555067 0.17715136449479604 
0.15141182264006509 0.180834000235531 
0.16518483344679252 0.18233148546260786 
0.16518483344679252 0.18233148546260786 
0.16518483344679252 0.18233148546260786 
0.13274737320669777 0.1837988008794014 
0.14845409330544607 0.18069836278824908 
0.14513719301738054 0.18104876793907423 
0.12544944661320603 0.17582499926387105 
0.11718178426592255 0.17694456037010486 
0.12080362163877738 0.17853403272070037 
0.1209181550659689 0.17854895338307997 
0.1209181550659689 0.17854895338307997 
0.1654430345570467 0.18160359235549214 
0.165660798018111 0.18165091072920514 
0.16821849684029716 0.17892780463766825 
0.16821849684029716 0.17892780463766825 
0.16821849684029716 0.17892780463766825 
0.16821849684029716 0.17892780463766825 
0.1773676601016134 0.17856685986801843 
0.1784090997114151 0.1771972533144559 
0.1688766778300267 0.17783783513575918 
0.1688766778300267 0.17783783513575918 
0.16689355313622045 0.1765044984922511 
0.15472021921444915 0.1780433330959827 
0.1510636011266036 0.1768806827088587 
0.1510636011266036 0.1768806827088587 
0.15151098826534687 0.1754697776256145 
0.16733923703762632 0.16238336786635307 
0.16733923703762632 0.16238336786635307 
0.16733923703762632 0.16238336786635307 
0.16733923703762632 0.16238336786635307 
0.16733923703762632 0.16238336786635307 
0.16208310646880633 0.16457443712851377 
0.16208310646880633 0.16457443712851377 
0.1694223524509173 0.15185252722629033 
0.1694223524509173 0.15185252722629033 
0.1694223524509173 0.15185252722629033 
0.17090969056470182 0.1503677293005239 
0.17120822895465995 0.15247874640837542 
0.17178177598206035 0.155678261197109 
0.14007217412924788 0.1620609180291439 
0.13606130372115433 0.16206984349138134 
0.13417744630489598 0.16096476436469861 
0.13417744630489598 0.16096476436469861 
0.13372282742197159 0.1618166605652038 
0.14606950162762322 0.1669145691705684 
0.14606950162762322 0.1669145691705684 
0.14546225845011357 0.16936634684636617 
0.1491300113536983 0.1716198626351583 
0.1491300113536983 0.1716198626351583 
0.15115169476746015 0.1713222158397768 
0.15415421578348054 0.16550871695197775 
0.15415421578348054 0.16550871695197775 
0.15415421578348054 0.16550871695197775 
0.14974677249987006 0.1673887115417775 
0.16577449172471423 0.16568300883929554 
0.16550041076247687 0.16581037475522897 
0.16550041076247687 0.16581037475522897 
0.14369562973442732 0.16784718445776575 
0.14900808461467618 0.1667951549326202 
0.14900808461467618 0.1667951549326202 
0.1463461363941172 0.1668114138817506 
0.1476759185584575 0.16766832362411052 
0.1476759185584575 0.16766832362411052 
0.14025343577973393 0.16869499265388554 
0.13085562393620917 0.16865787005814417 
0.13085562393620917 0.16865787005814417 
0.13085562393620917 0.16865787005814417 
0.1410993577996118 0.17676014136973112 
0.1395762373255824 0.175327753370133 
0.14108354845181195 0.1760190738495967 
0.119996100518068 0.18078855590129259 
0.11187111167553976 0.16926046381642648 
0.10928430502156505 0.1689827665635093 
0.11498349252093401 0.17043590995322372 
0.12036455261315392 0.16629241747027393 
0.12036455261315392 0.16629241747027393 
0.1325117699499138 0.16301235836122369 
0.1325117699499138 0.16301235836122369 
0.1325117699499138 0.16301235836122369 
0.1325117699499138 0.16301235836122369 
0.1325117699499138 0.16301235836122369 
0.1325117699499138 0.16301235836122369 
0.14481447581638968 0.1680318040679198 
0.15989350241075598 0.16672668216064554 
0.15989350241075598 0.16672668216064554 
0.125288237966539 0.1718165801324015 
0.125288237966539 0.1718165801324015 
0.12115556179974483 0.17208633519095234 
0.12115556179974483 0.17208633519095234 
0.11341517360261245 0.16584946380398036 
0.11562894345954067 0.16724364466195699 
0.11562894345954067 0.16724364466195699 
0.12593468657521784 0.1685778705822934 
0.12593468657521784 0.1685778705822934 
0.1641656279246706 0.15440992126048445 
0.1641656279246706 0.15440992126048445 
0.1641656279246706 0.15440992126048445 
0.1641656279246706 0.15440992126048445 
0.1641656279246706 0.15440992126048445 
0.1641656279246706 0.15440992126048445 
0.14112706211367074 0.159406831433625 
0.1353655114810688 0.16899269555512558 
0.1530679878015982 0.17184261355725441 
0.15301514072044675 0.17182004417063035 
0.17892862840192775 0.16489968343350303 
0.15802757018203845 0.16564489011090616 
0.1749486409553479 0.16933463605058893 
0.16392331894805628 0.1678913581081544 
0.15056153193774222 0.16695701264761612 
0.14916448213776426 0.16403810053893259 
0.14916448213776426 0.16403810053893259 
0.14916448213776426 0.16403810053893259 
0.14664447759037297 0.1658800711918107 
0.14038002881397366 0.16508025270176757 
0.14604447929742134 0.1650563814866742 
0.1508887949542419 0.16958806443862032 
0.1508887949542419 0.16958806443862032 
0.12964677374661804 0.1671905746211658 
0.12816522784729412 0.1661523784750592 
0.1324041274144373 0.16070200475675472 
0.1332503989330078 0.16084675841154794 
0.1335890744302172 0.16033361387930228 
0.1335890744302172 0.16033361387930228 
0.11751259759257049 0.16849527828410954 
0.1099827752813691 0.16252874259274813 
0.121197171447026 0.16653203146938753 
0.121197171447026 0.16653203146938753 
0.11926849613267332 0.16586250148670023 
0.11926849613267332 0.16586250148670023 
0.11823551484985756 0.16590756655223476 
0.1016640822854849 0.1633951732082564 
0.09849611895453755 0.16328415140621633 
0.09849611895453755 0.16328415140621633 
0.11865742709337188 0.16799389329385267 
0.11865742709337188 0.16799389329385267 
0.11980728436265345 0.1673814288425214 
0.11980728436265345 0.1673814288425214 
0.11326457951094712 0.1648110243171709 
0.11326457951094712 0.1648110243171709 
0.11326457951094712 0.1648110243171709 
0.10687610844387 0.1655058627531851 
0.09110435635414631 0.16403704965115284 
0.09108514831653589 0.1640446574586281 
0.09108514831653589 0.1640446574586281 
0.09043218416259212 0.16637381327671577 
0.09043218416259212 0.16637381327671577 
0.0914319245930243 0.1632574797697462 
0.0914319245930243 0.1632574797697462 
0.09120714215099066 0.1579205391094534 
0.09120714215099066 0.1579205391094534 
0.08805727063244934 0.16307164675694996 
0.08805727063244934 0.16307164675694996 
0.08805727063244934 0.16307164675694996 
0.08493956956686304 0.16113954222656393 
0.08493956956686304 0.16113954222656393 
0.08493956956686304 0.16113954222656393 
0.07023334685420267 0.15756784168076066 
0.08375863538081711 0.15963097343726854 
0.09875726229397355 0.16420128644207063 
0.10647791370620366 0.15603976545237674 
0.10647791370620366 0.15603976545237674 
0.10647791370620366 0.15603976545237674 
0.10647791370620366 0.15603976545237674 
0.09357927108220926 0.15268520097100424 
0.09357927108220926 0.15268520097100424 
0.09584137370514935 0.15964776272053252 
0.09584137370514935 0.15964776272053252 
0.11972527035500942 0.16948772116804986 
0.11426827550801909 0.17085938373186574 
0.110552590486061 0.17183380432247977 
0.11487091740873479 0.17189616173725386 
0.11352007182147855 0.17228556925041863 
0.13076791584269906 0.1742054251123892 
0.16415169527018308 0.1724041754089397 
0.15665496689368025 0.1726370104161074 
0.15961727884279928 0.17240576255288714 
0.15961727884279928 0.17240576255288714 
0.15988279189785676 0.17240410318815672 
0.14903929226250695 0.1711777695954397 
0.15758102255613113 0.16885506641171782 
0.16458456925483989 0.16717359040524984 
0.16458456925483989 0.16717359040524984 
0.16458456925483989 0.16717359040524984 
0.16458456925483989 0.16717359040524984 
0.17544707040841248 0.16633963210141556 
0.17544707040841248 0.16633963210141556 
0.1253963305063676 0.1698198196705739 
0.1378211940335437 0.16614670346575952 
0.1259459399157638 0.16958952959209905 
0.09586491475728907 0.16695430459915594 
0.06526586545097394 0.15920148338072634 
0.06586622545089937 0.16430513301673888 
0.08565880591851377 0.16729366383487515 
0.08565880591851377 0.16729366383487515 
0.08458257990539593 0.15982152242080921 
0.07862663157266968 0.15941410215643784 
0.07862663157266968 0.15941410215643784 
0.07862663157266968 0.15941410215643784 
0.07862663157266968 0.15941410215643784 
0.07862663157266968 0.15941410215643784 
0.07862663157266968 0.15941410215643784 
0.08770466438736452 0.1625442964745601 
0.08770466438736452 0.1625442964745601 
0.08795639644073419 0.16257332043101416 
0.08795639644073419 0.16257332043101416 
0.08795639644073419 0.16257332043101416 
0.08795639644073419 0.16257332043101416 
0.08795639644073419 0.16257332043101416 
0.08795639644073419 0.16257332043101416 
0.08795639644073419 0.16257332043101416 
0.08795639644073419 0.16257332043101416 
0.10854804554431192 0.1667864709274005 
0.11179783920541561 0.16372806056454667 
0.11248471996150655 0.16352257740516676 
0.11248471996150655 0.16352257740516676 
0.10502199365380142 0.16219857098716983 
0.09820439386022242 0.1588283299905271 
0.09820439386022242 0.1588283299905271 
0.10067044669989564 0.15873527064641693 
0.10067044669989564 0.15873527064641693 
0.10004969187943256 0.17051696498787886 
0.08007157930436473 0.1737296876275549 
0.08007157930436473 0.1737296876275549 
0.08007157930436473 0.1737296876275549 
0.08007157930436473 0.1737296876275549 
0.08007157930436473 0.1737296876275549 
0.07941611727979468 0.17393595179260407 
0.07941611727979468 0.17393595179260407 
0.07941611727979468 0.17393595179260407 
0.07530384173540598 0.1734843658926455 
0.08770567184483818 0.1755080251778362 
0.08770567184483818 0.1755080251778362 
0.0981721812740744 0.17487236040204213 
0.12164623231301624 0.17663922378262017 
0.12206242213589792 0.17635641807922317 
0.09868555678326779 0.17316750499310313 
0.10839102972392045 0.1732088417996793 
0.11005258022439292 0.17230120281391362 
0.11005258022439292 0.17230120281391362 
0.11096476721709192 0.17060977082087259 
0.10769571511938009 0.1743752803542196 
0.11977673870104236 0.1741541432980647 
0.12997528799584035 0.1742977483287691 
0.1346733709459932 0.1742829990697661 
0.13913327759239363 0.17425127760616263 
0.14017329091120634 0.1740365344035485 
0.13936473949891218 0.17411913423653658 
0.13925107665875572 0.17408464594685896 
0.1751198107358936 0.17776143890885407 
0.1751198107358936 0.17776143890885407 
0.1778727865528869 0.17762574625673372 
0.1640763442796467 0.17647005973426808 
0.1640763442796467 0.17647005973426808 
0.1640763442796467 0.17647005973426808 
0.15494087981514645 0.17465578150559535 
0.15122500044272036 0.175661281650022 
0.13579301578184605 0.16751216093421636 
0.1362643694139241 0.16830189727241046 
0.1377415892856394 0.1644832541737088 
0.14456403966223738 0.1600572338197568 
0.14456403966223738 0.1600572338197568 
0.14538507322894395 0.15969162962287256 
0.14882478342359853 0.15310230854891937 
0.14896852019719015 0.15340677297052446 
0.160879799172469 0.15958570061315505 
0.1631415129065996 0.15825958257634773 
0.16649794163782156 0.1618770716941734 
0.16649794163782156 0.1618770716941734 
0.16402714698391951 0.16249773280443758 
0.1529916891261556 0.16505281671885194 
0.154005491453514 0.16372153997656907 
0.13985895766507428 0.1675581736485857 
0.1466243951834459 0.1667427859970243 
0.1573606361063676 0.16083238846623418 
0.15081226236670683 0.15337559040855758 
0.14616574999322493 0.15111033043586736 
0.14616574999322493 0.15111033043586736 
0.14616574999322493 0.15111033043586736 
0.14616574999322493 0.15111033043586736 
0.14619720086875088 0.15260660267845239 
0.14619720086875088 0.15260660267845239 
0.14619720086875088 0.15260660267845239 
0.14619720086875088 0.15260660267845239 
0.14619720086875088 0.15260660267845239 
0.10943235441644034 0.1655370813672788 
0.10953719537757427 0.17760706669256474 
0.10953719537757427 0.17760706669256474 
0.10703728919399902 0.1750134418135412 
0.09151033544200046 0.1767834069251477 
0.0914401739117672 0.17791953012994696 
0.0914401739117672 0.17791953012994696 
0.11026215210345726 0.17738020318331105 
0.13537492542561996 0.1780548664483037 
0.11377342033975396 0.1788874731916134 
0.13377964107504625 0.18031829532316845 
0.13377964107504625 0.18031829532316845 
0.13377964107504625 0.18031829532316845 
0.1471727682390332 0.18015720470980415 
0.13607848492593186 0.17950491720932582 
0.1303973277779073 0.17839988065735787 
0.1398000742821643 0.176293429465066 
0.1398000742821643 0.176293429465066 
0.15109733032532763 0.17163539470894443 
0.14085081212217665 0.17271231289337666 
0.13916954273782559 0.17208851550640505 
0.1458205277505003 0.16854899278258542 
0.1450213037359316 0.17712336343598253 
0.15722113666548218 0.17799435748376227 
0.15722113666548218 0.17799435748376227 
0.15771336487978613 0.17935819283506982 
0.15411351808230814 0.1784636551648821 
0.16028337972377169 0.18149702265503162 
0.16044574203216128 0.18153815496649356 
0.13023046085008935 0.17844781121155473 
0.13570645917221397 0.17725598554245972 
0.1193556709148417 0.17123924888499353 
0.07759802501968231 0.18060540897794278 
0.07759802501968231 0.18060540897794278 
0.07759802501968231 0.18060540897794278 
0.07759802501968231 0.18060540897794278 
0.07759802501968231 0.18060540897794278 
0.078276119521329 0.19038176319807168 
0.08741588167519648 0.1861230143021969 
0.08757992899955067 0.18555919147501523 
0.07270185184790467 0.19433347973679577 
0.07270185184790467 0.19433347973679577 
0.07252947231205024 0.19436204528849363 
0.07990353466567571 0.1928514382450974 
0.07990353466567571 0.1928514382450974 
0.09554013071759901 0.18453112832010732 
0.08800293297055933 0.18360103466663244 
0.10927656638817343 0.18129761558280238 
0.11930494452887191 0.1757491229418887 
0.09788717602438798 0.18051561831166704 
0.0860497291960246 0.18202744641679403 
0.0860497291960246 0.18202744641679403 
0.0860497291960246 0.18202744641679403 
0.0860497291960246 0.18202744641679403 
0.08605843565307707 0.18205640420835528 
0.08605843565307707 0.18205640420835528 
0.08605843565307707 0.18205640420835528 
0.10275358649384726 0.1830521689459267 
0.10730264414423722 0.18308246980384954 
0.13103285366227407 0.17464436166631248 
0.13103285366227407 0.17464436166631248 
0.12741140755148517 0.17575253346036065 
0.1214952488154998 0.17696059624879884 
0.1214952488154998 0.17696059624879884 
0.08280177617936156 0.17790621190916858 
0.08409175229790644 0.1777892760201422 
0.08422292180839341 0.1777815434637942 
0.08202029617811804 0.17912847255774564 
0.061090335310151025 0.1817992357762431 
0.061090335310151025 0.1817992357762431 
0.061090335310151025 0.1817992357762431 
0.061090335310151025 0.1817992357762431 
0.061090335310151025 0.1817992357762431 
0.061090335310151025 0.1817992357762431 
0.08219483206234736 0.18289440547347227 
0.07085589187383202 0.18522021264911254 
0.08552316188864081 0.1810864187461824 
0.06679703041403848 0.17748181886281705 
0.06679703041403848 0.17748181886281705 
0.06679703041403848 0.17748181886281705 
0.06679703041403848 0.17748181886281705 
0.06679703041403848 0.17748181886281705 
0.06596683890914659 0.1678133137522691 
0.06596683890914659 0.1678133137522691 
0.06138640461547289 0.1674282447826047 
0.08687169411061116 0.16771633976784958 
0.08687169411061116 0.16771633976784958 
0.0903741506827371 0.16693979560276986 
0.0903741506827371 0.16693979560276986 
0.08458787822609247 0.16199951855908923 
0.08458787822609247 0.16199951855908923 
0.08458787822609247 0.16199951855908923 
0.08440072477911015 0.16194111395846914 
0.08440072477911015 0.16194111395846914 
0.0847356205060903 0.16197475983082216 
0.08625320751068066 0.1642436453491323 
0.08482475476837893 0.16492796000925544 
0.08482475476837893 0.16492796000925544 
0.08403149735794876 0.16493359531119423 
0.0904701611357852 0.1695743716655333 
0.09272217389066706 0.16734838768491128 
0.09152963715461286 0.16709481079663543 
0.08389776334210644 0.1659313704074668 
0.09161959026545409 0.16896380647688383 
0.09161959026545409 0.16896380647688383 
0.10577555468609992 0.17528847856384352 
0.10577555468609992 0.17528847856384352 
0.14670355901773108 0.1806376107010024 
0.15237623286620794 0.1826229815466568 
0.15237623286620794 0.1826229815466568 
0.15452077069353934 0.18301695479179778 
0.15452077069353934 0.18301695479179778 
0.15452077069353934 0.18301695479179778 
0.18098255629951254 0.19447622282128949 
0.18098255629951254 0.19447622282128949 
0.17127165598316763 0.1921249160986575 
0.13829728542156067 0.18453996192264663 
0.12484274671269341 0.18579862686110957 
0.11816560653341487 0.18835307002488244 
0.11513662935143124 0.18505671399712859 
0.11844618640240509 0.18298551833056348 
0.1289149789910936 0.17786399795420454 
0.1289149789910936 0.17786399795420454 
0.12817697209573414 0.17703244238541443 
0.1224706873457552 0.17527047078061062 
0.11901243299602139 0.17454158593330316 
0.10809988201963291 0.17549236930160064 
0.0656128083271056 0.18116703819505425 
0.07073625548127022 0.17916356124587157 
0.07027315907391647 0.17788424344847273 
0.06518161051225171 0.1756830910624464 
0.06518161051225171 0.1756830910624464 
0.06640112775263478 0.17364983452851296 
0.06640112775263478 0.17364983452851296 
0.06640112775263478 0.17364983452851296 
0.06640112775263478 0.17364983452851296 
0.06640112775263478 0.17364983452851296 
0.075873560172526 0.17385972011512366 
0.075873560172526 0.17385972011512366 
0.075873560172526 0.17385972011512366 
0.075873560172526 0.17385972011512366 
0.07080490879819944 0.1682418776784241 
0.07080490879819944 0.1682418776784241 
0.07080490879819944 0.1682418776784241 
0.06914436314707975 0.16819486987343174 
0.06914436314707975 0.16819486987343174 
0.07231127701606853 0.1730606193900453 
0.07231127701606853 0.1730606193900453 
0.07231127701606853 0.1730606193900453 
0.07231127701606853 0.1730606193900453 
0.07231127701606853 0.1730606193900453 
0.07560992969032033 0.17400237536776222 
0.08207213099526864 0.17574017692546276 
0.08207213099526864 0.17574017692546276 
0.08207213099526864 0.17574017692546276 
0.08207213099526864 0.17574017692546276 
0.08312321166255766 0.17590198718345823 
0.08312321166255766 0.17590198718345823 
0.06947805529273993 0.17287971732736424 
0.06946041356833214 0.17288683422826287 
0.0636692816698696 0.17254749355994337 
0.0636692816698696 0.17254749355994337 
0.0636692816698696 0.17254749355994337 
0.0636692816698696 0.17254749355994337 
0.0636692816698696 0.17254749355994337 
0.0636692816698696 0.17254749355994337 
0.0636692816698696 0.17254749355994337 
0.0636692816698696 0.17254749355994337 
0.08515609650492584 0.16978247637236035 
0.11534979166341974 0.17215344981778127 
0.12902974913131185 0.16893752963531578 
0.15644429317869835 0.15640588011571782 
0.1574100446910686 0.15424580787583303 
0.1574100446910686 0.15424580787583303 
0.1538801915652534 0.14931039594316864 
0.1538801915652534 0.14931039594316864 
0.1538801915652534 0.14931039594316864 
0.15380529003009302 0.14645605187434996 
0.13028170550171425 0.15519957771382914 
0.13616082285635478 0.16713548013835516 
0.13188199096181383 0.16274319592676179 
0.13188199096181383 0.16274319592676179 
0.13188199096181383 0.16274319592676179 
0.13188199096181383 0.16274319592676179 
0.13188199096181383 0.16274319592676179 
0.1498113504155742 0.1614061772568435 
0.1498113504155742 0.1614061772568435 
0.1564621652209953 0.16722704772180041 
0.1564621652209953 0.16722704772180041 
0.16431879600176552 0.16506610392185075 
0.16431879600176552 0.16506610392185075 
0.16431879600176552 0.16506610392185075 
0.16431879600176552 0.16506610392185075 
0.16431879600176552 0.16506610392185075 
0.16653857693021948 0.1649907538499497 
0.1662572148710855 0.1650534892844006 
0.1648411328948276 0.16417010280990416 
0.17598486819918474 0.16194695892389568 
0.15066635830781164 0.16663757133831503 
0.15066635830781164 0.16663757133831503 
0.15066635830781164 0.16663757133831503 
0.17445539627186862 0.16480727807427745 
0.17445539627186862 0.16480727807427745 
0.17445539627186862 0.16480727807427745 
0.1738290706175813 0.16509154196315032 
0.16888231303154394 0.1667251643388713 
0.16345009889509263 0.1717904841244203 
0.1719832187688624 0.16605370980424197 
0.1719832187688624 0.16605370980424197 
0.15401017431120423 0.17157428449751214 
0.15401017431120423 0.17157428449751214 
0.13311788463534818 0.1688156222540562 
0.13940134872994847 0.1682119878072587 
0.1723040877034891 0.16447232820206495 
0.1418470767329733 0.17028490187310688 
0.13284866522692493 0.17198203537306325 
0.12920674044162225 0.16969107307956968 
0.16470581120952452 0.1654922685766139 
0.16470581120952452 0.1654922685766139 
0.16109963858992296 0.16679690119952587 
0.1659564426275515 0.1653618226274968 
0.1659564426275515 0.1653618226274968 
0.15279995367561047 0.16641331469834927 
0.15655252182108606 0.16504624103188695 
0.13178497894226465 0.16756072102040231 
0.13178497894226465 0.16756072102040231 
0.16684142319523904 0.16730762426446857 
0.17458792262785938 0.16120715638680488 
0.14481602145893624 0.16752974411136135 
0.12535257426341861 0.17036784260187673 
0.12535257426341861 0.17036784260187673 
0.1088693976295177 0.16899859912653276 
0.12119263567491805 0.1680749675753124 
0.12241173427557858 0.16813569795887204 
0.12241173427557858 0.16813569795887204 
0.12035014210765069 0.1665762276642912 
0.1503733259699269 0.1740888464252786 
0.1549063253838316 0.17516089399686427 
0.15655965506192632 0.17072489965495663 
0.15499260830875294 0.1716118024598473 
0.15499260830875294 0.1716118024598473 
0.15499260830875294 0.1716118024598473 
0.17249057607410567 0.1727823160736527 
0.17249057607410567 0.1727823160736527 
0.17249057607410567 0.1727823160736527 
0.17631456520362546 0.16434506573540333 
0.16545471831812275 0.1656332695375865 
0.12930280065678768 0.16642402071347673 
0.13553032804691517 0.1679593250918466 
0.13553032804691517 0.1679593250918466 
0.14125652104740571 0.16780722362802628 
0.13915688762636402 0.1685019052254935 
0.13915688762636402 0.1685019052254935 
0.11477361674734123 0.16792929226227693 
0.11701281996985959 0.17030027331735953 
0.11701281996985959 0.17030027331735953 
0.12054895951576206 0.1731874689112223 
0.09714061686416861 0.1759133053019286 
0.09098707452825179 0.17131816593622975 
0.09045211147803305 0.17127338286758179 
0.09045211147803305 0.17127338286758179 
0.06999511775665018 0.16300464970086992 
0.07055465244402466 0.17106510192697152 
0.07055465244402466 0.17106510192697152 
0.07055465244402466 0.17106510192697152 
0.08130643665625382 0.1757312869891492 
0.06866955600526115 0.17374645962943194 
0.06866955600526115 0.17374645962943194 
0.07764279439666455 0.17901341702777393 
0.07764279439666455 0.17901341702777393 
0.07767827048938866 0.17901313440273828 
0.07767827048938866 0.17901313440273828 
0.07767827048938866 0.17901313440273828 
0.07767827048938866 0.17901313440273828 
0.08611970198804005 0.18236469369655733 
0.09503531207116711 0.18312830874448846 
0.13108742333614165 0.18957058813121624 
0.12666001281367656 0.18725524021684786 
0.10633236447198846 0.18989545776301914 
0.10633236447198846 0.18989545776301914 
0.10342902608627404 0.18438240309050463 
0.07476293957077354 0.18106393375783378 
0.07476293957077354 0.18106393375783378 
0.07394784643101869 0.18040976745397308 
0.07394784643101869 0.18040976745397308 
0.0701873848338271 0.18659761148786952 
0.06500927787566362 0.1912374059534672 
0.06682054386703473 0.18519459618470566 
0.06340235277450693 0.19305873057684603 
0.06340235277450693 0.19305873057684603 
0.06340235277450693 0.19305873057684603 
0.06340235277450693 0.19305873057684603 
0.06340235277450693 0.19305873057684603 
0.06340235277450693 0.19305873057684603 
0.0648157560631664 0.18876552339817587 
0.0648157560631664 0.18876552339817587 
0.06876315646477808 0.18671251972397482 
0.10398088326039559 0.1801984531309857 
0.10398088326039559 0.1801984531309857 
0.10398088326039559 0.1801984531309857 
0.06661922387764255 0.18348170231846617 
0.06661922387764255 0.18348170231846617 
0.06594014091396533 0.18338884356160684 
0.06594014091396533 0.18338884356160684 
0.07155039901517242 0.18313858138811845 
0.081210819526081 0.18280794226358554 
0.09478076537635954 0.18909301415972826 
0.09033139370495767 0.19261676310859954 
0.08115824389690668 0.1953923425995872 
0.08115824389690668 0.1953923425995872 
0.08115824389690668 0.1953923425995872 
0.08115824389690668 0.1953923425995872 
0.08721273148399748 0.19392851501155134 
0.08721273148399748 0.19392851501155134 
0.08721273148399748 0.19392851501155134 
0.09390108849350261 0.19496874653677493 
0.11352010770206747 0.18305329840779228 
0.10494880897993122 0.18750611344966892 
0.10494880897993122 0.18750611344966892 
0.06934454055379773 0.18807043384674374 
0.06934454055379773 0.18807043384674374 
0.06934454055379773 0.18807043384674374 
0.06438824453101351 0.1894860253185682 
0.06310911744841297 0.18947961676827602 
0.0647862361613294 0.18622557926063232 
0.09492407918520875 0.1851807864313055 
0.11537893076622037 0.17692853615084414 
0.11941036697932492 0.17644131554313908 
0.1194074315330497 0.17643679680279775 
0.10696122015312959 0.17430233060302713 
0.10696122015312959 0.17430233060302713 
0.11994314531826412 0.1719265922194368 
0.1483023117510438 0.1733280973441005 
0.1483023117510438 0.1733280973441005 
0.15066799393629687 0.17394814587612428 
0.15066799393629687 0.17394814587612428 
0.15066799393629687 0.17394814587612428 
0.1615463741925288 0.1730751260355991 
0.1615463741925288 0.1730751260355991 
0.1699089996190995 0.17188508661909496 
0.17997071243367485 0.1662618945044141 
0.1807236145023392 0.16612223665968023 
0.1807236145023392 0.16612223665968023 
0.1807236145023392 0.16612223665968023 
0.18127616510771474 0.16608619505950267 
0.18127616510771474 0.16608619505950267 
0.18127616510771474 0.16608619505950267 
0.18127616510771474 0.16608619505950267 
0.18127616510771474 0.16608619505950267 
0.18127616510771474 0.16608619505950267 
0.18127616510771474 0.16608619505950267 
0.15345244394103183 0.1712294769807081 
0.15345244394103183 0.1712294769807081 
0.1635237980145956 0.1727280156781161 
0.16454461781317506 0.17312791356477153 
0.16836700473016697 0.17266327582232938 
0.17284269399890145 0.17356447561172603 
0.17284269399890145 0.17356447561172603 
0.177533175256176 0.17388629516463922 
0.17687955283454748 0.17332594362878148 
0.15776482274471054 0.17480405070753224 
0.15776482274471054 0.17480405070753224 
0.15776482274471054 0.17480405070753224 
0.15776482274471054 0.17480405070753224 
0.15776482274471054 0.17480405070753224 
0.15776482274471054 0.17480405070753224 
0.15776482274471054 0.17480405070753224 
0.1368670773125922 0.18366339692455938 
0.1103890320379318 0.1853850963337075 
0.10065459653803566 0.18591879542458692 
0.10065459653803566 0.18591879542458692 
0.07379010420911981 0.19112089295893844 
0.09875921539247846 0.19185412498771948 
0.09875921539247846 0.19185412498771948 
0.09306752258369055 0.1910525687173039 
0.10091428500163523 0.18690235008097922 
0.10105704495657883 0.18511442790097501 
0.09170090896169021 0.18997757562079476 
0.08992036848520145 0.19282115512036518 
0.08992036848520145 0.19282115512036518 
0.08446515539496806 0.1985693766774643 
0.08446515539496806 0.1985693766774643 
0.0880531628518069 0.19705901763917089 
0.0880531628518069 0.19705901763917089 
0.08591035050060929 0.20069768208044356 
0.09207057218678852 0.20893529198035038 
0.09728407093534597 0.19947353044168617 
0.09573779893569373 0.20339103737215358 
0.10842621650725447 0.20060036187102823 
0.10842621650725447 0.20060036187102823 
0.08265700666155876 0.2082730980409357 
0.08265700666155876 0.2082730980409357 
0.1248472896251763 0.18590540206165354 
0.1279138452967859 0.18152792992679037 
0.1279138452967859 0.18152792992679037 
0.12829066443152104 0.18178615871608478 
0.1292558988949924 0.18504580034819926 
0.11053966777026873 0.1828064928650767 
0.10755083747720381 0.1822849840382132 
0.09841647437550738 0.18524418853693186 
0.09841647437550738 0.18524418853693186 
0.09171091697497144 0.19407098915649879 
0.08208451021699062 0.18593920939357003 
0.1269024008015439 0.17502349789316837 
0.1269024008015439 0.17502349789316837 
0.1269024008015439 0.17502349789316837 
0.15388336011667283 0.1670755806989285 
0.1540603958732354 0.16698623458348982 
0.1289486518189194 0.1693344510948799 
0.1262641310743381 0.17145524363219833 
0.17629838898520997 0.17924695897215562 
0.16315698475692555 0.18075463244325465 
0.16315698475692555 0.18075463244325465 
0.16315698475692555 0.18075463244325465 
0.16043011548997674 0.1788571493392562 
0.16043011548997674 0.1788571493392562 
0.16023180355341268 0.17902712954601352 
0.1494822916534614 0.18034159694725244 
0.14075374658657935 0.17596966393694377 
0.14170262989040822 0.1760931117203628 
0.1341725322038217 0.1770491850075559 
0.12804324973347447 0.17586674102242858 
0.11417939277877617 0.17513336483225855 
0.11417939277877617 0.17513336483225855 
0.11294550686615115 0.17927563496632348 
0.10913952386179808 0.1894863808769868 
0.10913952386179808 0.1894863808769868 
