0.10131291049954802 0.1725990890369693 
0.10131291049954802 0.1725990890369693 
0.1363324657658047 0.15746085018619602 
0.14020393143717957 0.15721958556219387 
0.14020393143717957 0.15721958556219387 
0.14020393143717957 0.15721958556219387 
0.14020393143717957 0.15721958556219387 
0.158308969698491 0.17110418096189206 
0.158308969698491 0.17110418096189206 
0.158308969698491 0.17110418096189206 
0.14772372068644327 0.18412751497504593 
0.12539610375694996 0.17913653134906093 
0.15054726038918687 0.18595536668655124 
0.14576946962164583 0.1866865542422977 
0.15675426619930422 0.19913446600254586 
0.15675426619930422 0.19913446600254586 
0.11813801150414524 0.1890745680109236 
0.11813801150414524 0.1890745680109236 
0.11469194305727093 0.18776600087215825 
0.11451924586687649 0.18860125659047677 
0.12617919224604335 0.1799447320454919 
0.13805186418286797 0.17664711053647314 
0.11830870900458901 0.1697630287084918 
0.11830870900458901 0.1697630287084918 
0.1274832418815857 0.17159432007978226 
0.13240691840969518 0.17322195972171042 
0.1329258805461298 0.17656266733846088 
0.13638544443156495 0.17570246000461207 
0.12860753681494927 0.1829451287328926 
0.14006028323089603 0.1822889277263493 
0.14407242032357753 0.18184212435287173 
0.14809941981786265 0.19489475542383572 
0.14809941981786265 0.19489475542383572 
0.14617300049454168 0.20089783344869766 
0.14252419755894527 0.1881691809833254 
0.14252419755894527 0.1881691809833254 
0.13699002488067394 0.18562728696578382 
0.15000329029748802 0.1910444289198983 
0.1232270047083435 0.19616777399139756 
0.1289394317052757 0.19127823998387922 
0.13073935016443025 0.1903894960555867 
0.11204420862675488 0.18285016354655093 
0.11402830053909775 0.18184341441280938 
0.12291980396321668 0.18026107407967415 
0.12127454739202777 0.18196430869038482 
0.12121670500754184 0.18200834377863667 
0.12121670500754184 0.18200834377863667 
0.14396811309275223 0.18091158182592193 
0.14379904685663994 0.17619432997203402 
0.10817083667216715 0.16849654699944874 
0.10817083667216715 0.16849654699944874 
0.10817083667216715 0.16849654699944874 
0.11068190269060957 0.16981874538998745 
0.11078515162810514 0.16985702587184054 
0.11086250467727221 0.1705946723433584 
0.10745944006836008 0.16971006834653976 
0.09245604372580347 0.17339779462948604 
0.09245604372580347 0.17339779462948604 
0.10813908098554526 0.1730499845985809 
0.10020037218026298 0.171975049448632 
0.11141547586453043 0.17474501725009361 
0.11141547586453043 0.17474501725009361 
0.11141547586453043 0.17474501725009361 
0.07100886909415936 0.17789412923233022 
0.07100886909415936 0.17789412923233022 
0.07100886909415936 0.17789412923233022 
0.07100886909415936 0.17789412923233022 
0.06259873542748219 0.17947248858264905 
0.06259873542748219 0.17947248858264905 
0.060973717624977275 0.17809624172113164 
0.07573726527977298 0.17739116708610927 
0.07573726527977298 0.17739116708610927 
0.07966984401619245 0.17711760143808064 
0.08573255366167815 0.17684924075229497 
0.07585427375147209 0.18151822070996182 
0.07585427375147209 0.18151822070996182 
0.07585427375147209 0.18151822070996182 
0.07585427375147209 0.18151822070996182 
0.07585427375147209 0.18151822070996182 
0.08119337292829786 0.1821685124234213 
0.0797202409085166 0.18128603815876265 
0.07377841194067841 0.17348480015279366 
0.07377841194067841 0.17348480015279366 
0.10239628262354834 0.17689376817699995 
0.09166419893539922 0.1808194013210034 
0.0784028930437139 0.18060948399967527 
0.09351314681159312 0.17404119485257669 
0.09998548401309773 0.176924269270673 
0.09998548401309773 0.176924269270673 
0.10295277942185033 0.17675634679780433 
0.12390609405801792 0.17607064099729847 
0.1419394011576922 0.16945088516593237 
0.1477461012738221 0.16119170573546238 
0.15937766807055834 0.15827570358856718 
0.13872484142139063 0.16448878095986516 
0.13934993204009646 0.16472745460932428 
0.1242731275159068 0.16966709495028712 
0.12073112017462057 0.17039514560400082 
0.16252321304535383 0.1640186453937786 
0.14758217794809245 0.17789824524066558 
0.17384279324810314 0.17610899950575568 
0.16973639882770358 0.1750803148254893 
0.17534509699039372 0.17473712418647433 
0.16686924647361862 0.17504333664671956 
0.16686924647361862 0.17504333664671956 
0.14113657742852953 0.17382850045147147 
0.14821396453206262 0.16158623094584368 
0.14077437206006296 0.16658518120288204 
0.11331025898642014 0.16997723693642428 
0.11552498222915525 0.17041958536376983 
0.07324566976723731 0.16300518458799867 
0.0705074773328819 0.16012915369709108 
0.0705074773328819 0.16012915369709108 
0.0705074773328819 0.16012915369709108 
0.0705074773328819 0.16012915369709108 
0.0705074773328819 0.16012915369709108 
0.0705074773328819 0.16012915369709108 
0.0705074773328819 0.16012915369709108 
0.07184595986382508 0.1667425320661897 
0.07135913252353318 0.1657199254091195 
0.06686790835279752 0.16305764954085195 
0.06882826337908073 0.17070871224647868 
0.0728342756130566 0.17097022813999932 
0.0728342756130566 0.17097022813999932 
0.0728342756130566 0.17097022813999932 
0.0728342756130566 0.17097022813999932 
0.06416490700871763 0.16802128059386684 
0.08859712468678335 0.1737020163240751 
0.10516193391326156 0.17306094304577327 
0.10516193391326156 0.17306094304577327 
0.09758972432919479 0.17260370869331398 
0.09996317334111085 0.16995254831550055 
0.10041015891313776 0.16979450076830246 
0.11162496815761762 0.17522730699420813 
0.07737583589867301 0.16803868911134032 
0.07737583589867301 0.16803868911134032 
0.07022278163080851 0.16038076458676356 
0.07022278163080851 0.16038076458676356 
0.07022278163080851 0.16038076458676356 
0.07022278163080851 0.16038076458676356 
0.07666609185319542 0.16341188550040375 
0.09174258605465763 0.16992767579370593 
0.09500864236369715 0.16637827984059445 
0.09500864236369715 0.16637827984059445 
0.09230961605315366 0.16749565951959167 
0.09416007149335237 0.1611814727826491 
0.09416007149335237 0.1611814727826491 
0.09416007149335237 0.1611814727826491 
0.09122534001614462 0.1625113119961819 
0.09167761626197705 0.1621733206665356 
0.09022618898388343 0.16744084730738032 
0.0930493047011357 0.16998499462569616 
0.0943303878520545 0.17007898944375127 
0.07807859239504852 0.1715787119804597 
0.07807859239504852 0.1715787119804597 
0.07807859239504852 0.1715787119804597 
0.0735022839563868 0.17220237921546244 
0.061917593424376326 0.1681395406994024 
0.061917593424376326 0.1681395406994024 
0.061917593424376326 0.1681395406994024 
0.06077756189560382 0.16769478191854395 
0.07695515409104658 0.17289210190913692 
0.07695515409104658 0.17289210190913692 
0.07384808181935944 0.17910562483545714 
0.0748992459394536 0.17993809904728786 
0.07440925991410474 0.18006383537576495 
0.08112564255766973 0.1801813814738048 
0.08112564255766973 0.1801813814738048 
0.07057133123013243 0.1811298747342718 
0.07057133123013243 0.1811298747342718 
0.07057133123013243 0.1811298747342718 
0.07057133123013243 0.1811298747342718 
0.07057133123013243 0.1811298747342718 
0.07640883810028024 0.1813362666125355 
0.07512616086307324 0.18332413336957942 
0.07512616086307324 0.18332413336957942 
0.07681088308866865 0.18493096676260787 
0.07681088308866865 0.18493096676260787 
0.06743400337403763 0.18416706294402566 
0.06743400337403763 0.18416706294402566 
0.06743400337403763 0.18416706294402566 
0.06631125216278994 0.18480090102017185 
0.07075904101604248 0.17945997838586836 
0.10636883163436783 0.1817293878452584 
0.10489307495543007 0.18166697398307222 
0.08615798359667737 0.1854098702471303 
0.08615798359667737 0.1854098702471303 
0.0870670013861516 0.1925575231064775 
0.08709293083186001 0.19232013412424626 
0.10522458392744888 0.18406795066499343 
0.1307462252175405 0.18463425451661875 
0.1307462252175405 0.18463425451661875 
0.1356749506874594 0.1865266271549947 
0.1369391480526987 0.18610627324771217 
0.12538994037027684 0.18514937443597201 
0.13516168617190735 0.1858373141894893 
0.13502838409069484 0.18543551882582032 
0.13502838409069484 0.18543551882582032 
0.13502838409069484 0.18543551882582032 
0.15404151546275613 0.198536818419079 
0.14710579564246726 0.2041980911845241 
0.14710579564246726 0.2041980911845241 
0.14771147422173816 0.20471340244137504 
0.15403083497337008 0.19715182524646246 
0.15766457661963607 0.20041487704371752 
0.15766457661963607 0.20041487704371752 
0.15766457661963607 0.20041487704371752 
0.15766457661963607 0.20041487704371752 
0.14538347835665022 0.19259785629326012 
0.14550771613738134 0.1946282238018825 
0.14616934718556768 0.19476975055960935 
0.15237669016216004 0.19686412341782303 
0.15335331656963502 0.19781580572146695 
0.1471063340759271 0.19666439891010654 
0.1260444089952552 0.19854733008594821 
0.1260444089952552 0.19854733008594821 
0.1020742355531758 0.183434117601725 
0.10510564761934668 0.18272875834066077 
0.10662489301538962 0.17694241308704856 
0.11800167693900802 0.17733669350601278 
0.11800167693900802 0.17733669350601278 
0.11339194715386554 0.17642734589656692 
0.09440536792203154 0.1752695614606535 
0.13532920494043738 0.1699134787683746 
0.13532920494043738 0.1699134787683746 
0.13878574297148769 0.16962701939310235 
0.13620194172882638 0.1696040530596818 
0.1357010591469237 0.1716987710435312 
0.13382571118300585 0.17209753868982303 
0.15531024740341343 0.16213077044206892 
0.1490522000665253 0.15504541021173526 
0.12896727050418982 0.16517387859731725 
0.12015760890543639 0.17135289203780976 
0.149452929718079 0.16280498701707194 
0.1508970432562589 0.161385083352302 
0.15168457955167355 0.16262586919628147 
0.15168457955167355 0.16262586919628147 
0.15168457955167355 0.16262586919628147 
0.15168457955167355 0.16262586919628147 
0.15168457955167355 0.16262586919628147 
0.15356653820373578 0.16157725528305295 
0.10799451420766902 0.17508334281091614 
0.10967490670106939 0.1727915716314857 
0.0701122970272757 0.168257806148963 
0.0701122970272757 0.168257806148963 
0.07441626239440313 0.16883539498805886 
0.07441626239440313 0.16883539498805886 
0.06562686501205114 0.1672373865541104 
0.06562686501205114 0.1672373865541104 
0.06562686501205114 0.1672373865541104 
0.06302489910055246 0.16798921156032137 
0.07462213987562134 0.16855799129741456 
0.07621719769241277 0.16670849325397058 
0.07621719769241277 0.16670849325397058 
0.09374454776541988 0.16840106464217794 
0.08317624936913905 0.1558822748323041 
0.08929887209783 0.16345726738421393 
0.10515994965147114 0.1685466780479346 
0.10366822021084246 0.16809418150292 
0.10366822021084246 0.16809418150292 
0.0914655818067884 0.1588278487466288 
0.09207047297549256 0.15801014285147735 
0.09207047297549256 0.15801014285147735 
0.09207047297549256 0.15801014285147735 
0.11361057038423364 0.16653664285923814 
0.1373181460970336 0.1649172001330759 
0.14680527589067244 0.15749858655038965 
0.14680527589067244 0.15749858655038965 
0.12073886826631833 0.17277666946558645 
0.12037038164537175 0.1703120551207525 
0.14095234781423846 0.161887407735901 
0.14095234781423846 0.161887407735901 
0.14087931415091465 0.16225753301304607 
0.14087931415091465 0.16225753301304607 
0.14087931415091465 0.16225753301304607 
0.13486715204175534 0.16718514723463068 
0.1401283288931084 0.15850227887801063 
0.14574483555070822 0.1544158313739271 
0.1502182400805272 0.17456066428218026 
0.17977036920849254 0.17293529859041698 
0.17977036920849254 0.17293529859041698 
0.1635427385074891 0.17872729929311215 
0.16349813524921908 0.17884903200994295 
0.16349813524921908 0.17884903200994295 
0.1401116167533142 0.1800179777404687 
0.1337381714251953 0.179907888229802 
0.1337381714251953 0.179907888229802 
0.13526131201422262 0.18034600484175276 
0.12108533972143254 0.179224199773676 
0.0799768901723614 0.17302788246423448 
0.07961431978395263 0.17303575997561668 
0.07865555428329855 0.17339930667981052 
0.06412649573546117 0.173461929067338 
0.06412649573546117 0.173461929067338 
0.06423071755774593 0.1732586617959965 
0.0608046489058626 0.1730856976555589 
0.0608046489058626 0.1730856976555589 
0.06588059996178411 0.17408534209380172 
0.07764371297229661 0.18407414024348484 
0.07401690903197636 0.18564610733151637 
0.07282316912740579 0.18588751431267805 
0.07282316912740579 0.18588751431267805 
0.07282316912740579 0.18588751431267805 
0.1030346372773997 0.1786202433025597 
0.10296643150852137 0.1781776051208523 
0.10283037525807105 0.1761758861230146 
0.10283037525807105 0.1761758861230146 
0.10283037525807105 0.1761758861230146 
0.10412775440396799 0.17525114571868364 
0.10164956838824395 0.17390460748579087 
0.10164956838824395 0.17390460748579087 
0.10301687302358963 0.17328501556959172 
0.09980272819310895 0.17385963645289562 
0.10621830287520001 0.17683889313905024 
0.10621830287520001 0.17683889313905024 
0.10258348585504475 0.17655343989571817 
0.10193838206374987 0.17618366297985716 
0.09468609742341237 0.1777695017043031 
0.09216181448850055 0.18072378939331016 
0.09216181448850055 0.18072378939331016 
0.09216181448850055 0.18072378939331016 
0.09216181448850055 0.18072378939331016 
0.07141648091247585 0.1844083070214527 
0.08048826876320464 0.1853066131885275 
0.08048826876320464 0.1853066131885275 
0.08048826876320464 0.1853066131885275 
0.08048826876320464 0.1853066131885275 
0.09374385861690199 0.17485496426766475 
0.11507776800002471 0.16639661583712462 
0.10983803522414642 0.16867872912353427 
0.1205079664314373 0.1700934485294522 
0.10328701826774839 0.17107178865027797 
0.10328701826774839 0.17107178865027797 
0.10328701826774839 0.17107178865027797 
0.10681972939051937 0.17341308174751957 
0.10681972939051937 0.17341308174751957 
0.10681972939051937 0.17341308174751957 
0.10681972939051937 0.17341308174751957 
0.10681972939051937 0.17341308174751957 
0.1231860131460415 0.16132385764938453 
0.09926475584701142 0.17963572118930274 
0.10118222008565889 0.17955890564022534 
0.0846553854399025 0.1717440568459942 
0.08680052166061869 0.17174736223029188 
0.06963512952330062 0.16625391047737423 
0.09182681556927738 0.16874203514144973 
0.09182681556927738 0.16874203514144973 
0.0966959677094934 0.17184782976554996 
0.09018821472315516 0.17199507955747917 
0.09018821472315516 0.17199507955747917 
0.09014579603330666 0.171935118039743 
0.09587648108604446 0.17120810546620627 
0.09764885582366507 0.1683476327328888 
0.10235999458425118 0.16877748200664597 
0.08282961855378472 0.16022309948163124 
0.08282961855378472 0.16022309948163124 
0.08282961855378472 0.16022309948163124 
0.08206988212593913 0.15873222199413442 
0.09420819009128967 0.1601670243580694 
0.09420819009128967 0.1601670243580694 
0.09420819009128967 0.1601670243580694 
0.09420819009128967 0.1601670243580694 
0.09420819009128967 0.1601670243580694 
0.09253304273751138 0.1644979320528684 
0.09764747008986188 0.16398140857985602 
0.09764747008986188 0.16398140857985602 
0.09764747008986188 0.16398140857985602 
0.09816048304550279 0.1628995977089655 
0.09816048304550279 0.1628995977089655 
0.1011782705724268 0.17004691322199061 
0.11086834885750046 0.1754317399900039 
0.09726798369901224 0.17578921229467312 
0.07802628520655118 0.17382850905332892 
0.09853383052665467 0.170780970591401 
0.099628281804849 0.1727414501019507 
0.09893812922324045 0.17089936228509334 
0.1047228566725151 0.17080036638066542 
0.1047228566725151 0.17080036638066542 
0.10284186297778514 0.17117224107725892 
0.10317711945437798 0.17102824241329095 
0.08050489990138111 0.17082333332259478 
0.08224220868482518 0.1678421846480151 
0.08224220868482518 0.1678421846480151 
0.08224220868482518 0.1678421846480151 
0.08253177602264206 0.16772548220023903 
0.08253177602264206 0.16772548220023903 
0.09428828375564051 0.17266463039621155 
0.09432043225512743 0.1726869385723395 
0.09432043225512743 0.1726869385723395 
0.09022623347625963 0.1745003926882409 
0.08789909680577557 0.17471752266455198 
0.06741480114530747 0.17777898642514486 
0.06938590644898814 0.18051976804714506 
0.07402421344073833 0.17840086501347613 
0.07402421344073833 0.17840086501347613 
0.07460812886529328 0.18126930237198713 
0.10264654210612817 0.1803164489501806 
0.10264654210612817 0.1803164489501806 
0.09890866174330541 0.17893175612091275 
0.12265667351882933 0.18655837891889 
0.13142683721776227 0.183392184709558 
0.13999109003005122 0.1877230537786722 
0.1399643352543267 0.1878006569189448 
0.18004309155737008 0.19284710249762727 
0.18004309155737008 0.19284710249762727 
0.16215363479201114 0.18621285921570513 
0.1601881617056627 0.18408681298406038 
0.15999026326882898 0.18370358080278149 
0.1731791269036803 0.17789623205168315 
0.1731791269036803 0.17789623205168315 
0.17310786463846267 0.17444948596823365 
0.17310786463846267 0.17444948596823365 
0.17310786463846267 0.17444948596823365 
0.17310786463846267 0.17444948596823365 
0.17310786463846267 0.17444948596823365 
0.16666083091579093 0.17387468423984856 
0.16203206091481093 0.1734289941423312 
0.16203206091481093 0.1734289941423312 
0.16203206091481093 0.1734289941423312 
0.16203206091481093 0.1734289941423312 
0.1252228471057444 0.1744231202770159 
0.09549540817452803 0.17352227374394005 
0.10702029898549911 0.15963156808725937 
0.1285061170268419 0.16686392099690003 
0.1141692485145954 0.1646679445190079 
0.1126522616534543 0.16259936437427883 
0.11563545551605219 0.16278743820508534 
0.11563545551605219 0.16278743820508534 
0.0835648375164045 0.14931687394746654 
0.10132589033245308 0.15347517943513664 
0.10132589033245308 0.15347517943513664 
0.10058571226386456 0.1550006100825351 
0.10058571226386456 0.1550006100825351 
0.10058571226386456 0.1550006100825351 
0.10058571226386456 0.1550006100825351 
0.10058571226386456 0.1550006100825351 
0.10661143961449185 0.157774093486004 
0.09895579448811571 0.15714281294033433 
0.09895579448811571 0.15714281294033433 
0.10385105490984081 0.16262923812183902 
0.10385105490984081 0.16262923812183902 
0.09803713517149565 0.16205781358508342 
0.09774711306687234 0.16334018799253303 
0.09774711306687234 0.16334018799253303 
0.0978415413513951 0.163315877236472 
0.09532228617835829 0.16740350523981093 
0.09532228617835829 0.16740350523981093 
0.09532228617835829 0.16740350523981093 
0.09607390352514805 0.16371942700271438 
0.10166281240777572 0.15496323622832245 
0.1330246625438995 0.16470318598079337 
0.1330246625438995 0.16470318598079337 
0.14636417313044678 0.1616089149887877 
0.14270003336521142 0.1623607648502271 
0.14270003336521142 0.1623607648502271 
0.139050976137585 0.1602896565111686 
0.135893188532549 0.1571308481377344 
0.11498644818436385 0.16509868653452917 
0.1344757034739037 0.16938805045750904 
0.13991245152731854 0.17031781972713617 
0.13991245152731854 0.17031781972713617 
0.13014762465964294 0.16596403272111476 
0.13415202055278797 0.16423398637452732 
0.12222177274911784 0.1698834584668641 
0.12092405669874216 0.16405980430733552 
0.12520116329659567 0.1619576007236644 
0.150930607357322 0.15618956130663914 
0.13893641735285148 0.15937323168901665 
0.1282468708055416 0.16530043765504124 
0.1282468708055416 0.16530043765504124 
0.1282468708055416 0.16530043765504124 
0.11699273824743894 0.15576834045559346 
0.1363620956536251 0.1639733610366902 
0.1363620956536251 0.1639733610366902 
0.1363620956536251 0.1639733610366902 
0.15349585292099271 0.15889120582287805 
0.15349585292099271 0.15889120582287805 
0.15349585292099271 0.15889120582287805 
0.1731712992222204 0.15748909442734535 
0.16792613385122 0.1697776474829106 
0.16792613385122 0.1697776474829106 
0.16792613385122 0.1697776474829106 
0.17673279424741073 0.16978326358881024 
0.16298716618693568 0.1716938295898961 
0.1615092984459506 0.17060327079188645 
0.15794876246099357 0.17048268603346786 
0.15794876246099357 0.17048268603346786 
0.15419586590089246 0.16989286954740732 
0.15423814963995958 0.16671600660584962 
0.13985553307751936 0.16911266632364774 
0.13985553307751936 0.16911266632364774 
0.13985553307751936 0.16911266632364774 
0.11441230923339782 0.17606451640707368 
0.11441230923339782 0.17606451640707368 
0.11441230923339782 0.17606451640707368 
0.11385621849599557 0.18004188054878398 
0.11288977511417093 0.18014296751639167 
0.14107516083403127 0.19141237282703036 
0.13367867486786267 0.188906214586572 
0.13239087390582774 0.1918854269767535 
0.1276752016355956 0.18813759996134694 
0.14056323989626726 0.18292524614505146 
0.1304788088450293 0.17746881456349914 
0.11913561340971549 0.1686624066794039 
0.13737387114280677 0.16410321256813884 
0.14117960259125434 0.15451341398713267 
0.13185584253880545 0.15943050897778957 
0.13185584253880545 0.15943050897778957 
0.1385115735968497 0.1591913460793638 
0.1385115735968497 0.1591913460793638 
0.1404500647627173 0.1642112618441497 
0.1404500647627173 0.1642112618441497 
0.13902078672234136 0.16109451827522162 
0.13871954700266095 0.16158385708649736 
0.13871954700266095 0.16158385708649736 
0.13871954700266095 0.16158385708649736 
0.13871954700266095 0.16158385708649736 
0.14644622220215658 0.16210435563759823 
0.13718431835871622 0.16122589820442257 
0.13718431835871622 0.16122589820442257 
0.12674433388678435 0.16604485635736577 
0.14442600510486484 0.163959468417117 
0.14203352447796228 0.1609343325746901 
0.14203352447796228 0.1609343325746901 
0.15165594046685232 0.16268951700265147 
0.13697250051731483 0.1625085123741318 
0.13857454744699826 0.17536302790640196 
0.11249139165737711 0.180230976767747 
0.09942531692454772 0.18317735562417375 
0.09942531692454772 0.18317735562417375 
0.11576054035332756 0.18420832019352923 
0.15142912131439387 0.19482924439961014 
0.15282398162734284 0.1824011142436326 
0.15246299217487772 0.18261289249102905 
0.16068985660333454 0.17161921023554264 
0.16068985660333454 0.17161921023554264 
0.16068985660333454 0.17161921023554264 
0.16068985660333454 0.17161921023554264 
0.16068985660333454 0.17161921023554264 
0.16257337049870113 0.17895583039421245 
0.15714025746291496 0.17744914732670977 
0.15006550641279193 0.17525696199517554 
0.1449425980875228 0.1761881023772226 
0.12164930282045601 0.17598279516216575 
0.12950393645220926 0.17887955079363627 
0.13440886913258768 0.18201766824109772 
0.1243632561079794 0.1836432535047216 
0.1243632561079794 0.1836432535047216 
0.1289666066503059 0.1822420995744318 
0.1103426204615322 0.18849119201874376 
0.13020180308270485 0.20809694826363834 
0.12946946312073207 0.21027154044477478 
0.12946946312073207 0.21027154044477478 
0.12952286525602041 0.20676439568210897 
0.12810336041224182 0.2136305800027533 
0.12810336041224182 0.2136305800027533 
0.13298230760052268 0.21176763958556236 
0.13298230760052268 0.21176763958556236 
0.13298230760052268 0.21176763958556236 
0.12963987750838848 0.19750152773104673 
0.130803898876757 0.19250451744225533 
0.1296951324143628 0.19332101096700116 
0.13518044034213117 0.19228590334963955 
0.14327801592065564 0.18268096936473394 
0.1334002607986891 0.1809502535485797 
0.13262818848877145 0.18043086361035107 
0.13684159984878616 0.18171123173076262 
0.13684159984878616 0.18171123173076262 
0.14159705641434162 0.18266137761633075 
0.14159705641434162 0.18266137761633075 
0.14159705641434162 0.18266137761633075 
0.14159705641434162 0.18266137761633075 
0.15668788679454237 0.1924484424146443 
0.15668788679454237 0.1924484424146443 
0.16372598902700491 0.20886457248280024 
0.16372598902700491 0.20886457248280024 
0.15201407282204807 0.19753731868279548 
0.12168034965587822 0.18381037580581186 
0.12086368460721504 0.18370255461167917 
0.13278498065953942 0.19766053003495926 
0.13278498065953942 0.19766053003495926 
0.14452521073574517 0.18499840856885677 
0.14037081318576314 0.1841305096120152 
0.14037081318576314 0.1841305096120152 
0.14037081318576314 0.1841305096120152 
0.14037081318576314 0.1841305096120152 
0.14037081318576314 0.1841305096120152 
0.1415673606483994 0.1840879065802384 
0.1421516140635814 0.18524781597014356 
0.14317216901107177 0.18532683924621238 
0.13327853064440415 0.18269945095176882 
0.1275013060943159 0.17530880294212942 
0.14508733235181553 0.17664839872035418 
0.14508733235181553 0.17664839872035418 
0.14152245102108835 0.17562789374525709 
0.14152245102108835 0.17562789374525709 
0.1296243910649169 0.16270317719160354 
0.1371136388087491 0.16501453000383814 
0.1371136388087491 0.16501453000383814 
0.10640587556533633 0.1678187663042121 
0.07248730892484316 0.17018956129489968 
0.07467967222196743 0.16916911567712928 
0.07467967222196743 0.16916911567712928 
0.06747371585886645 0.16885912614892026 
0.06747371585886645 0.16885912614892026 
0.06747371585886645 0.16885912614892026 
0.08256099717980897 0.16887779370575118 
0.08071237321247136 0.17528923792241913 
0.06483167859551926 0.18029250810064296 
0.07058132106355938 0.17626880787591273 
0.09666949408554266 0.17957844792422473 
0.09624719201281395 0.1798734586508075 
0.07106445607780998 0.17409146770404527 
0.07106445607780998 0.17409146770404527 
0.07106445607780998 0.17409146770404527 
0.08846455006184042 0.1777962190417695 
0.09050791382568513 0.17712186371822547 
0.09050791382568513 0.17712186371822547 
0.08777563790428916 0.17771395479500848 
0.08777563790428916 0.17771395479500848 
0.08367324839018274 0.1770893020073231 
0.08708840704527679 0.18519587883647912 
0.08708840704527679 0.18519587883647912 
0.07267187063765665 0.1999982586075339 
0.07267187063765665 0.1999982586075339 
0.07267187063765665 0.1999982586075339 
0.09536272610433286 0.19293049835468903 
0.12752607211575245 0.1898717147306262 
0.14562342499304315 0.19677119703114299 
0.14562342499304315 0.19677119703114299 
0.14562342499304315 0.19677119703114299 
0.13832706012183085 0.19433998979999398 
0.13995597860204217 0.19485648293004776 
0.1491572467286033 0.18929446038473066 
0.15050886057457225 0.19070818935680536 
0.15050886057457225 0.19070818935680536 
0.15050886057457225 0.19070818935680536 
0.15050886057457225 0.19070818935680536 
0.13710905189062286 0.18892041180852095 
0.1332781243762626 0.19938326474442508 
0.14765154815066614 0.18607318744561752 
0.14767180920004955 0.18917674046007213 
0.1611950784820929 0.19010700174266015 
0.1611950784820929 0.19010700174266015 
0.1627409250905557 0.18761677735019403 
0.1627409250905557 0.18761677735019403 
0.17371043437617273 0.19338680689254473 
0.17371043437617273 0.19338680689254473 
0.15964505804472806 0.19038577961329378 
0.15964505804472806 0.19038577961329378 
0.15652169485016623 0.18373371920174603 
0.15497763547564788 0.1819370483095041 
0.1533445017210988 0.18003673027228395 
0.15236772496504858 0.1982146576260437 
0.155457062138714 0.19733243459778269 
0.155457062138714 0.19733243459778269 
0.155457062138714 0.19733243459778269 
0.155457062138714 0.19733243459778269 
0.155457062138714 0.19733243459778269 
0.1658298708797995 0.19801524524045377 
0.1658298708797995 0.19801524524045377 
0.174606222586761 0.20896781430217012 
0.174606222586761 0.20896781430217012 
0.17446093768799834 0.20730532962287082 
0.17446093768799834 0.20730532962287082 
0.1589038748005915 0.2008499835618223 
0.14041092356947213 0.19687983273633208 
0.1471944854951483 0.1982552852208278 
0.14466619354106394 0.18281568079133775 
0.1423455975364275 0.18882325091190982 
0.13287249265293974 0.18775400927366118 
0.12493297948737102 0.19355706664247546 
0.11676255357961865 0.18229522028158648 
0.15631608483901133 0.17939529555112577 
0.14582936746548522 0.1792654846580691 
0.1739180861728885 0.17836345903751746 
0.1739180861728885 0.17836345903751746 
0.1739180861728885 0.17836345903751746 
0.1714680106748888 0.17608849834170337 
0.1607493357441495 0.17502692068747344 
0.1675829646809443 0.1757900544905563 
0.1675829646809443 0.1757900544905563 
0.1675829646809443 0.1757900544905563 
0.18070686802223918 0.17747209380672133 
0.18070686802223918 0.17747209380672133 
0.18070686802223918 0.17747209380672133 
0.18070686802223918 0.17747209380672133 
0.18070686802223918 0.17747209380672133 
0.18070686802223918 0.17747209380672133 
0.18070686802223918 0.17747209380672133 
0.18070686802223918 0.17747209380672133 
0.18070686802223918 0.17747209380672133 
0.17009962960663969 0.17887359026160507 
0.17109946018820266 0.18013639214733523 
0.17491876231404424 0.19068200096211738 
0.17491876231404424 0.19068200096211738 
0.1722543929643588 0.1842417483840951 
0.1722543929643588 0.1842417483840951 
0.15164732934084252 0.1849538069606729 
0.15164732934084252 0.1849538069606729 
0.14262145978147311 0.1914175822794517 
0.14262145978147311 0.1914175822794517 
0.12603514769839316 0.20408457419698672 
0.12603514769839316 0.20408457419698672 
0.12603514769839316 0.20408457419698672 
0.10766021655348715 0.20341122738188236 
0.10766021655348715 0.20341122738188236 
0.10766021655348715 0.20341122738188236 
0.10766021655348715 0.20341122738188236 
0.10443748070380232 0.2084411157655596 
0.10549029257225274 0.20935485541729712 
0.10549029257225274 0.20935485541729712 
0.09863114547830443 0.21489462619470262 
0.09615594667786437 0.21750966655534693 
0.09671387883630977 0.21693996257781245 
0.11605868738074232 0.2023709320646899 
0.11605868738074232 0.2023709320646899 
0.09349771958250983 0.19463020555865743 
0.10387295846070431 0.2042475257629217 
0.10387295846070431 0.2042475257629217 
0.10387295846070431 0.2042475257629217 
0.10387295846070431 0.2042475257629217 
0.10387295846070431 0.2042475257629217 
0.0946521106686371 0.19058532182626275 
0.08175742338648533 0.1883788530535043 
0.08071820023083476 0.18799826201349845 
0.08071820023083476 0.18799826201349845 
0.07299429393780581 0.1917158526019487 
0.06611790218748112 0.2008195839063971 
0.06611790218748112 0.2008195839063971 
0.06611790218748112 0.2008195839063971 
0.06611790218748112 0.2008195839063971 
0.07126689125070154 0.19237222336481774 
0.07287155186383901 0.19182344321914443 
0.07287155186383901 0.19182344321914443 
0.07287155186383901 0.19182344321914443 
0.07378316471853842 0.19256763764076487 
0.08244625110333029 0.18887429483651696 
0.08244625110333029 0.18887429483651696 
0.08244625110333029 0.18887429483651696 
0.08244625110333029 0.18887429483651696 
0.10176863594273484 0.1839177213237024 
0.06399246718295915 0.17607409305513033 
0.06399246718295915 0.17607409305513033 
0.06399246718295915 0.17607409305513033 
0.06399246718295915 0.17607409305513033 
0.0632620241693766 0.17558774469615185 
0.0632620241693766 0.17558774469615185 
0.0632620241693766 0.17558774469615185 
0.0632620241693766 0.17558774469615185 
0.08724080700664301 0.1783886398563711 
0.08593236465732552 0.1788824526777694 
0.07257056381831704 0.17857095633215253 
0.07257056381831704 0.17857095633215253 
0.07991209210892215 0.17807040478672864 
0.09935980024948443 0.17984081289950274 
0.12260899239889997 0.18184571144585912 
0.12260899239889997 0.18184571144585912 
0.1319242622276751 0.1809022633343953 
0.1276279875106311 0.17598615598825262 
0.10435705192137729 0.18332876102802165 
0.12615496002483562 0.19078438407842005 
0.098620928097717 0.17888790198006377 
0.098620928097717 0.17888790198006377 
0.098620928097717 0.17888790198006377 
0.098620928097717 0.17888790198006377 
0.11403317547577049 0.1792532184385658 
0.12407126357996612 0.182122425984288 
0.13341491428793784 0.19092051503019192 
0.13047150557432247 0.18907327491350706 
0.1248108866591082 0.18959881725835714 
0.12218164006946926 0.18519392169548804 
0.11591624749391029 0.18882049330078723 
0.13199779583919627 0.1800694484222549 
0.11766208399247584 0.17950514964214603 
0.11722774414247947 0.17947680393382942 
0.12763540634364445 0.18089862183167446 
0.10823594411581682 0.1829834482474073 
0.09913432575507115 0.18522525078821833 
0.0699117459662019 0.18933152073330348 
0.06365396617317147 0.19207675935698712 
0.06365396617317147 0.19207675935698712 
0.06399298769968426 0.19006257272308005 
0.06731786518280473 0.18620696929445715 
0.07150361305480289 0.1817614385123165 
0.07150361305480289 0.1817614385123165 
0.07150361305480289 0.1817614385123165 
0.07150361305480289 0.1817614385123165 
0.07150361305480289 0.1817614385123165 
0.07150361305480289 0.1817614385123165 
0.07150361305480289 0.1817614385123165 
0.08023979592477633 0.18070016222977361 
0.08023979592477633 0.18070016222977361 
0.08002172076664016 0.18108842955888532 
0.08002172076664016 0.18108842955888532 
0.08002172076664016 0.18108842955888532 
0.07167969772660017 0.17220509007866433 
0.07167969772660017 0.17220509007866433 
0.0852153083090812 0.17209884436026093 
0.0852153083090812 0.17209884436026093 
0.0853603435063442 0.17208457460946386 
0.09091051761697966 0.17110865651352594 
0.06691325174241866 0.17004618910913197 
0.06691325174241866 0.17004618910913197 
0.06691325174241866 0.17004618910913197 
0.07729158998453804 0.17061013899978425 
0.07889430827665667 0.17045831117438884 
0.08274044129053863 0.17071089704855952 
0.08411960560962199 0.17298768359943606 
0.08411960560962199 0.17298768359943606 
0.08411960560962199 0.17298768359943606 
0.08411960560962199 0.17298768359943606 
0.08240739233222089 0.17340345945093102 
0.08240739233222089 0.17340345945093102 
0.08203485006126117 0.16999762550422767 
0.08203485006126117 0.16999762550422767 
0.07302140632114643 0.16437327225657422 
0.07586596282891639 0.1648003572468821 
0.07586596282891639 0.1648003572468821 
0.0799599402714747 0.16941474272329213 
0.0799599402714747 0.16941474272329213 
0.0728973130004791 0.16450917562438933 
0.09063383221852997 0.1766012823225016 
0.09663911775295175 0.16760695873738543 
0.0922497497943397 0.16695288972265823 
0.08318666819305974 0.163696179452202 
0.10136850773770176 0.16691645142798414 
0.1200222071502176 0.1607916194263131 
0.11836028998071553 0.16090088556548865 
0.12374048994804392 0.16066778931606385 
0.12104351525881386 0.15734371786709053 
0.12246020460028019 0.15741803408716065 
0.12246020460028019 0.15741803408716065 
0.11152134723677734 0.1575277311541496 
0.11065932485270602 0.15835936234946568 
0.11065932485270602 0.15835936234946568 
0.09995308379622776 0.1639067310512353 
0.09995308379622776 0.1639067310512353 
0.09995308379622776 0.1639067310512353 
0.09995308379622776 0.1639067310512353 
0.08770298832525113 0.17168524351152262 
0.0900806579584869 0.17154792306105318 
0.08604137267142054 0.17409653742536826 
0.09771531312469044 0.17395018636333606 
0.06067760306119335 0.17236627805174354 
0.06067760306119335 0.17236627805174354 
0.06067760306119335 0.17236627805174354 
0.06067760306119335 0.17236627805174354 
0.06067760306119335 0.17236627805174354 
0.06174486946804864 0.17306171283318086 
0.08563866134269392 0.17253984561404928 
0.08563866134269392 0.17253984561404928 
0.08563866134269392 0.17253984561404928 
0.08562737149774771 0.17281010847225403 
0.06574852125805654 0.17599149635833775 
0.06550450809238628 0.175870483508013 
0.06550450809238628 0.175870483508013 
0.06550450809238628 0.175870483508013 
0.06550450809238628 0.175870483508013 
0.06550450809238628 0.175870483508013 
0.06550450809238628 0.175870483508013 
0.06550450809238628 0.175870483508013 
0.06608347638511511 0.18066502341288243 
0.06608347638511511 0.18066502341288243 
0.0733088970005658 0.18314151328246725 
0.07533732503501189 0.18251321518119284 
0.06238679416680227 0.1919944807715416 
0.06238679416680227 0.1919944807715416 
0.06238679416680227 0.1919944807715416 
0.06238679416680227 0.1919944807715416 
0.06238679416680227 0.1919944807715416 
0.07981885224844792 0.18008850239100907 
0.07981885224844792 0.18008850239100907 
0.11143826864799827 0.1740484990589221 
0.10531268802363004 0.16997841829351656 
0.10531268802363004 0.16997841829351656 
0.09928820842215924 0.17007025715065657 
0.09928820842215924 0.17007025715065657 
0.09914336644078671 0.17241902990241195 
0.10563836450843146 0.1709597041752579 
0.11205627366656967 0.16894893488447968 
0.13183944913585754 0.17620465529449125 
0.14874230883894432 0.16704457398358769 
0.14676231724464836 0.16581398564502844 
0.14704926957932454 0.16603551446869663 
0.14704926957932454 0.16603551446869663 
0.1288376147244503 0.16497049372105724 
0.1277790694395615 0.16565508690540645 
0.13164782772159644 0.164608801175606 
0.1410556485305162 0.16805079557722702 
0.1410556485305162 0.16805079557722702 
0.15432919013853835 0.16801571964862774 
0.146620448834952 0.16123003660153978 
0.146620448834952 0.16123003660153978 
0.146620448834952 0.16123003660153978 
0.146620448834952 0.16123003660153978 
0.146620448834952 0.16123003660153978 
0.146620448834952 0.16123003660153978 
0.14498345015601388 0.16170281138031892 
0.15160740743298035 0.16067534356646374 
0.13859978228062889 0.16278758411232183 
0.13592847532669647 0.1669677917455313 
0.14583463097596147 0.17163520619482764 
0.1518158509008725 0.17193659652187065 
0.1483067739881237 0.17398640038349825 
0.1521513701474345 0.1740007813940536 
0.16842860451394084 0.17805758100790584 
0.13805682562003108 0.17948962573660285 
0.13217865272130203 0.18190250048995638 
0.1275392884995869 0.18538473646020867 
0.12331531679349904 0.18523996562073738 
0.1231741572775951 0.18465489446613972 
0.12541772427533718 0.18540871379329002 
0.14859098413614197 0.16018773783975815 
0.14859098413614197 0.16018773783975815 
0.14859098413614197 0.16018773783975815 
0.14859098413614197 0.16018773783975815 
0.14859098413614197 0.16018773783975815 
0.1201019878434006 0.16441444759547796 
0.12142788368242921 0.164331399524547 
0.1395900368977181 0.16788023233769667 
0.17139757324555743 0.1694573275584092 
0.16490506659389523 0.17009045669998563 
0.16480045975544344 0.17015716177085388 
0.16474620819394978 0.1702703122174581 
0.15835666095833964 0.166007123324014 
0.15997211853896354 0.16738382022390785 
0.15997211853896354 0.16738382022390785 
0.16224546476432022 0.16755956560663646 
0.12650063624372077 0.17410020976077922 
0.12462822214200758 0.17396439224487167 
0.13610041417488283 0.17551419946346208 
0.13523853753174772 0.176244549142553 
0.13565194195657906 0.1829507127060413 
0.14669998391090078 0.18430592972123128 
0.13917353335206667 0.18752333176920732 
0.13660839118898335 0.19006396459219727 
0.13660839118898335 0.19006396459219727 
0.14630984603335945 0.1902721933857456 
0.14630984603335945 0.1902721933857456 
0.1475514331030689 0.18933984630777007 
0.16874541958092756 0.18788121634149813 
0.16874541958092756 0.18788121634149813 
0.17600409623579488 0.2048952581862915 
0.15691723344241276 0.19655432874841658 
0.14845828530610405 0.19746811344699344 
0.14845828530610405 0.19746811344699344 
0.1347685204031592 0.19375269101045867 
0.1347685204031592 0.19375269101045867 
0.10865504585153793 0.18679029793573848 
0.0900339090596606 0.1833643228489141 
0.10304845102133892 0.17962285528034502 
0.10304845102133892 0.17962285528034502 
0.09417106630701558 0.18619162524709956 
0.08401845238262104 0.18464153675653813 
0.08417922794053936 0.18285215512171585 
0.07569011430278819 0.18531635844845773 
0.0783506925574596 0.179689556002328 
0.07837943281223692 0.17952709865726263 
0.07203885277571824 0.1874755335300956 
0.07203885277571824 0.1874755335300956 
0.07087635447058545 0.18224502138215296 
0.07087635447058545 0.18224502138215296 
0.10503846114052343 0.1812797135738807 
0.07607719066460297 0.17415689247229635 
0.07195806699811409 0.17542473755945076 
0.07195806699811409 0.17542473755945076 
0.09819043383193743 0.1800906186326009 
0.09819043383193743 0.1800906186326009 
0.09819043383193743 0.1800906186326009 
0.10535239781416042 0.1788949091946699 
0.09501276593866978 0.18127802894890815 
0.08468957108897623 0.18298195947632434 
0.08468957108897623 0.18298195947632434 
0.08468957108897623 0.18298195947632434 
0.09674825014163292 0.18453899359205236 
0.07335650415810258 0.19131210055860565 
0.07335650415810258 0.19131210055860565 
0.07335650415810258 0.19131210055860565 
0.09608637545209969 0.18370896315929636 
0.09843795861388671 0.18217643289254315 
0.11830521755241377 0.18356129306635008 
0.13975931925333296 0.18063716636718471 
0.11474389037746921 0.1799178836784587 
0.115305412146143 0.1801991749033501 
0.115305412146143 0.1801991749033501 
0.09363611428502709 0.18024276805977035 
0.09131113897813663 0.18442137476251175 
0.08266847271970382 0.17424852941832633 
0.08266847271970382 0.17424852941832633 
0.07435353674337403 0.17533854771826657 
0.07751916401582165 0.17985435134876027 
0.06524731361866831 0.18140571243112025 
0.06524731361866831 0.18140571243112025 
0.09275595134082469 0.1740799925509488 
0.09767048689382508 0.17428632473665692 
0.10021344879668659 0.1744868831186675 
0.10021344879668659 0.1744868831186675 
0.11167985279908843 0.16684981665734305 
0.11703640240454806 0.16237888177099133 
0.11703640240454806 0.16237888177099133 
0.11703640240454806 0.16237888177099133 
0.11746108497911648 0.16624950578516146 
0.11224431150785472 0.16758673787552134 
0.11224431150785472 0.16758673787552134 
0.09128393895213646 0.1645409811982616 
0.09128393895213646 0.1645409811982616 
0.09128393895213646 0.1645409811982616 
0.09742298394466523 0.164869424871087 
0.11117489067199653 0.16639042540881724 
0.11557632157296172 0.1676173134769275 
0.10939874149257758 0.16722434247004536 
0.1130855834322021 0.16655154272097245 
0.1130855834322021 0.16655154272097245 
0.1130855834322021 0.16655154272097245 
0.1316377738729217 0.17186668552425505 
0.14574532064369206 0.16554286176017802 
0.14574532064369206 0.16554286176017802 
0.14499861821242266 0.1658514091412134 
0.1642070398849319 0.16574259709283398 
0.16473276343816823 0.16663977671695965 
0.1592671756714666 0.16837491334419669 
0.1592671756714666 0.16837491334419669 
0.1592671756714666 0.16837491334419669 
0.15657081999586436 0.16527740193450755 
0.1481418661321972 0.16488746278121577 
0.14955125212411005 0.16444168692871394 
0.15565112421615523 0.1644337326501809 
0.15759712473330167 0.16120326186871786 
0.14604042232465564 0.17930246915573148 
0.13202110730395084 0.17671427356545924 
0.1289549150147053 0.17748168329351272 
0.1405599532137784 0.17493409733628199 
0.13652479947913873 0.17843858012076866 
0.1318963199134758 0.17922477953696286 
0.13474783034326215 0.17899855422647762 
0.12742989324304024 0.18369413432154608 
0.14117703790951575 0.18146420589613932 
0.1415248849393525 0.18133947608755963 
0.16293206433927532 0.18171172597441296 
0.17333630462115315 0.1784995875816558 
0.15846270134569065 0.17887017687187762 
0.15961642815981458 0.17970750570326793 
0.1509163402600069 0.17675462012939705 
0.1509163402600069 0.17675462012939705 
0.1729748626070551 0.1879027016778729 
0.17375083390594998 0.1888826225656813 
0.17808528697452664 0.1918597893283321 
0.17808528697452664 0.1918597893283321 
0.16575452510039757 0.18883564305742365 
0.16575452510039757 0.18883564305742365 
0.16575452510039757 0.18883564305742365 
0.16624705661392475 0.1876880152458771 
0.16624705661392475 0.1876880152458771 
0.14221780208442947 0.18366489352114884 
0.14221780208442947 0.18366489352114884 
0.1468269482484693 0.1841449734575272 
0.1468269482484693 0.1841449734575272 
0.1468269482484693 0.1841449734575272 
0.14586873573377954 0.1836781921988973 
0.14586873573377954 0.1836781921988973 
0.14586873573377954 0.1836781921988973 
0.14570292168446158 0.1826690778250007 
0.1203774530288492 0.17332643708147508 
0.11489313566438314 0.17460882718345405 
0.1083350598517402 0.16887143313909078 
0.104493651740923 0.16534876335370674 
0.08262612797039798 0.16384076208979556 
0.09095354742836761 0.15724277044898435 
0.09633491951397963 0.15869106452399187 
0.09633491951397963 0.15869106452399187 
0.09633491951397963 0.15869106452399187 
0.08991425618471795 0.15580330953947577 
0.0895961934417987 0.1541958357710133 
0.0895961934417987 0.1541958357710133 
0.09190968132372651 0.15661779791728164 
0.13116018158629708 0.16807227756906454 
0.13093308450396995 0.1669989640976067 
0.13093308450396995 0.1669989640976067 
0.13093308450396995 0.1669989640976067 
0.13255564959745605 0.16772592983504447 
0.13316058333768838 0.16756446042389952 
0.13250239871104544 0.15887354385497798 
0.13447402986586826 0.15878961069594852 
0.13447402986586826 0.15878961069594852 
0.13441089042664608 0.1587239244046592 
0.11420641154270969 0.1664669197860658 
0.11420641154270969 0.1664669197860658 
0.09232740430473771 0.17033291603552345 
0.09232740430473771 0.17033291603552345 
0.09232740430473771 0.17033291603552345 
0.09223514039616384 0.17021106785019968 
0.0913237372959969 0.1718225440352654 
0.0913237372959969 0.1718225440352654 
0.0913237372959969 0.1718225440352654 
0.09044056225657074 0.16959349520639438 
0.08883109011995767 0.1701173331559485 
0.09159080355200996 0.16452839445174233 
0.09159080355200996 0.16452839445174233 
0.10998443317924243 0.16982368296095135 
0.09604425369480868 0.17045231877943395 
0.09930965027702227 0.17014726488082604 
0.10203513156600486 0.17097552303844274 
0.09396170136186702 0.16975192864875158 
0.10641755157864759 0.1756233997391865 
0.10657313719367832 0.1826201170418982 
0.10263591993223256 0.1804183316355552 
0.12205438170889853 0.18434144419261747 
0.12340582379954229 0.17683524915072044 
0.09795321570020607 0.1692673249356494 
0.09712786418982301 0.16974603442260475 
0.09712786418982301 0.16974603442260475 
0.0848451286566265 0.16848088576338535 
0.09330590594539075 0.16818793239773652 
0.09330590594539075 0.16818793239773652 
0.10958576550726612 0.16856215136270772 
0.10943007716258635 0.16941922897521638 
0.08545790069177188 0.16783180673119683 
0.09875719284620874 0.16437122011892683 
0.09608902144069789 0.16459255468228925 
0.09608902144069789 0.16459255468228925 
0.09608902144069789 0.16459255468228925 
0.09580016242271741 0.16445494089048565 
0.09580016242271741 0.16445494089048565 
0.1083403137164318 0.17017483664969316 
0.07244975711325048 0.16645604257318938 
0.07244975711325048 0.16645604257318938 
0.07244975711325048 0.16645604257318938 
0.07244975711325048 0.16645604257318938 
0.07253003945335133 0.16585690490830302 
0.06113085223861114 0.1616555253216071 
0.11488913241916274 0.17051136299480973 
0.10359732749770403 0.1699822494083625 
0.10359732749770403 0.1699822494083625 
0.10359732749770403 0.1699822494083625 
0.10063321406401886 0.17268762178632027 
0.10165873460067311 0.1756878073572815 
0.08681920930785747 0.17461708740142695 
0.08931444241841947 0.17563275333945258 
0.08931444241841947 0.17563275333945258 
0.08931444241841947 0.17563275333945258 
0.08715342589170452 0.17664609769480452 
0.09324783582049609 0.17237694078405363 
0.11308375787737343 0.17265597015843864 
0.11298161384835104 0.17290732179785195 
0.11223022002343158 0.1721608764190722 
0.12367465745846117 0.1788756170072855 
0.16037528216102756 0.18444889980747906 
0.16154230779227305 0.18421317977125712 
0.16154230779227305 0.18421317977125712 
0.1625232950976103 0.18533829625967352 
0.1625232950976103 0.18533829625967352 
0.1625232950976103 0.18533829625967352 
0.1625232950976103 0.18533829625967352 
0.1625232950976103 0.18533829625967352 
0.16407304643448245 0.18821417847324456 
0.16515215472801476 0.18274717552761227 
0.157128545965328 0.1885124968307908 
0.1728696378028875 0.18954094955466463 
0.1728696378028875 0.18954094955466463 
0.15776986175763913 0.18089456045053057 
0.14096305644100782 0.17859225752926455 
0.14096305644100782 0.17859225752926455 
0.1402188652119637 0.1782383914040451 
0.1496052310247474 0.17184532241663109 
0.15551108669073585 0.17188804227431706 
0.16221160623710956 0.16753090216382635 
0.17317569023595752 0.16687259022833434 
0.17736452685658963 0.16553400584887207 
0.17736452685658963 0.16553400584887207 
0.17736452685658963 0.16553400584887207 
0.17736452685658963 0.16553400584887207 
0.17736452685658963 0.16553400584887207 
0.151119161869171 0.17131653402362607 
0.17152619770069724 0.16422619331518462 
0.17513782005335493 0.16175499461018245 
0.17513782005335493 0.16175499461018245 
0.17513782005335493 0.16175499461018245 
0.17513782005335493 0.16175499461018245 
0.16408169446842924 0.16840210507078157 
0.16415641038036974 0.16831734833906198 
0.15384437595843242 0.16745334914639906 
0.15384437595843242 0.16745334914639906 
0.14003290273098914 0.17066224331366822 
0.13905824479444456 0.17020359460590184 
0.14065349138889494 0.17402264939866996 
0.14065349138889494 0.17402264939866996 
0.12402246092186883 0.17344517482050623 
0.123677866315986 0.17336451126107452 
0.1353777850211645 0.1733728974729511 
0.1353777850211645 0.1733728974729511 
0.14360614213943498 0.1727762405132856 
0.13750003002199457 0.17426967594462114 
0.09900114285490036 0.15660462477394171 
0.09617066091308724 0.15864569426335207 
0.09636981419743001 0.1606959696145588 
0.09593415597859663 0.1587504315624806 
0.09489892091148872 0.16055625359656497 
0.09935234917643862 0.16256657357405915 
0.09935234917643862 0.16256657357405915 
0.09935234917643862 0.16256657357405915 
0.10970706502588949 0.1657418131395939 
0.10403162668839017 0.1623336678877863 
0.1235084192311966 0.16566240148939618 
0.12365202134951435 0.16561532342881682 
0.1246454205290193 0.1654873333662712 
0.12140426885052502 0.16489299474724156 
0.12140426885052502 0.16489299474724156 
0.12140426885052502 0.16489299474724156 
0.11920075774010296 0.161440447328637 
0.11920075774010296 0.161440447328637 
0.11426878071244555 0.16492262644668076 
0.11544144302279952 0.16521747132157058 
0.10574709700779072 0.1678638100358969 
0.10609146491936196 0.1606978842953446 
0.10689958232426611 0.16056971552526192 
0.1060392616327495 0.16258595507411452 
0.10756877116172756 0.1651480081296551 
0.10861064521093051 0.16244633640063405 
0.10413143086272778 0.16302052806150683 
0.10413143086272778 0.16302052806150683 
0.10413143086272778 0.16302052806150683 
0.11015283644318724 0.1716491711372641 
0.11015283644318724 0.1716491711372641 
0.08434956135249916 0.16373827139893654 
0.08589853574387434 0.1620116326066034 
0.062191599870811715 0.160647611796856 
0.062191599870811715 0.160647611796856 
0.062191599870811715 0.160647611796856 
0.06349225614375814 0.16013151176884594 
0.06349225614375814 0.16013151176884594 
0.06349225614375814 0.16013151176884594 
0.06646638171164818 0.16084423075290688 
0.06646638171164818 0.16084423075290688 
0.06646638171164818 0.16084423075290688 
0.06646638171164818 0.16084423075290688 
0.08719455405986504 0.1658578260202327 
0.0798718541495723 0.16538835441432265 
0.09170720745399381 0.16965956531952006 
0.09267673874311652 0.17127820709042682 
0.09267673874311652 0.17127820709042682 
0.11728398638790492 0.17071716042089527 
0.10694385479912732 0.1714278167065778 
0.10594735264257317 0.1725175992269977 
0.09251008147811293 0.16548885375991823 
0.09863127769146648 0.16726803107795105 
0.09863127769146648 0.16726803107795105 
0.12194849412595642 0.16382380280765999 
0.12194849412595642 0.16382380280765999 
0.12042999537786354 0.16567825998564012 
0.1280118318537901 0.16610592437575356 
0.1280118318537901 0.16610592437575356 
0.10766896007811949 0.16631509227394148 
0.10526692974529808 0.16599781744082656 
0.09864945318165343 0.1655888545159758 
0.09864945318165343 0.1655888545159758 
0.0947681075920922 0.16081772076908724 
0.09862403263959502 0.16336384478997149 
0.09552541903788307 0.16166396274985054 
0.10350996186216385 0.15815701072187915 
0.10648016450198881 0.16070884026199658 
0.10648016450198881 0.16070884026199658 
0.10538780464299843 0.16123951497840017 
0.1154821968430399 0.16662383294365526 
0.1154821968430399 0.16662383294365526 
0.09267889720606676 0.1748847496875227 
0.08847268901887738 0.1802016449368399 
0.09555827208606305 0.18018955820670787 
0.09993117584239554 0.18206661882196304 
0.0702622450375178 0.17774315362766308 
0.0702622450375178 0.17774315362766308 
0.06585221954823492 0.17768210197023857 
0.06585221954823492 0.17768210197023857 
0.06585221954823492 0.17768210197023857 
0.06608954850705474 0.178940038031526 
0.06608954850705474 0.178940038031526 
0.06572526494449443 0.17706127431981666 
0.06404539566398203 0.17707413655813084 
0.0643747988115071 0.17321187096040092 
0.0643747988115071 0.17321187096040092 
0.0643747988115071 0.17321187096040092 
0.0643747988115071 0.17321187096040092 
0.0643747988115071 0.17321187096040092 
0.0643747988115071 0.17321187096040092 
0.0643747988115071 0.17321187096040092 
0.08603156926700761 0.1694795748806544 
0.09042578576789556 0.16477429198811036 
0.09042578576789556 0.16477429198811036 
0.08912472913462156 0.16541744082525756 
0.08912472913462156 0.16541744082525756 
0.0893536772886508 0.16966941659376855 
0.0893536772886508 0.16966941659376855 
0.08611989998499325 0.16990003129573644 
0.08611989998499325 0.16990003129573644 
0.08611989998499325 0.16990003129573644 
0.08611989998499325 0.16990003129573644 
0.060814878652776794 0.17034122355923104 
0.06189708930180106 0.1829735304840589 
0.06189708930180106 0.1829735304840589 
0.06189708930180106 0.1829735304840589 
0.06739930426776934 0.18419783870113454 
0.06739930426776934 0.18419783870113454 
0.06739930426776934 0.18419783870113454 
0.06739930426776934 0.18419783870113454 
0.06739930426776934 0.18419783870113454 
0.0675141475762794 0.18304714303199726 
0.0675141475762794 0.18304714303199726 
0.08317255205519361 0.18464368634728875 
0.08499120142703379 0.18347496617378417 
0.08645615461566031 0.17660022989437385 
0.06530197962161137 0.17823530466407317 
0.06530197962161137 0.17823530466407317 
0.07696513553992188 0.17064218829778144 
0.07696513553992188 0.17064218829778144 
0.08018331465129723 0.17442268268205954 
0.08018331465129723 0.17442268268205954 
0.06819294625506184 0.1775428208644246 
0.0720898653840422 0.174928402200106 
0.08161056642664495 0.17581369909024244 
0.0919740655263242 0.16286015441430157 
0.08289614139995992 0.1650636552308805 
0.09312720460071669 0.16753634357443736 
0.07343187407591474 0.1715850669280318 
0.07343187407591474 0.1715850669280318 
0.07428833272795034 0.17403953101728178 
0.07443105172077517 0.17410513696087632 
0.07054045405899026 0.17401605571186507 
0.061848894474633626 0.14885759236688895 
0.061848894474633626 0.14885759236688895 
0.061477847894725914 0.16556682257129002 
0.0880044179131357 0.17323264516448872 
0.0880044179131357 0.17323264516448872 
0.0779408926621751 0.1663035746590185 
0.08364247664341187 0.1696663669041252 
0.07752039382104975 0.16976446403223078 
0.0806171867863506 0.16870437741227157 
0.0806171867863506 0.16870437741227157 
0.0806171867863506 0.16870437741227157 
0.09064170969293454 0.17040046809944256 
0.09410887902897135 0.1721547488336452 
0.09343223062134523 0.17247351377068382 
0.09454177313341192 0.1761865015063432 
0.09454177313341192 0.1761865015063432 
0.08160007963774282 0.16506846579567713 
0.08160007963774282 0.16506846579567713 
0.08181895946707526 0.15485595680634334 
0.08181895946707526 0.15485595680634334 
0.07654760652258397 0.15321135860806095 
0.07654760652258397 0.15321135860806095 
0.07654760652258397 0.15321135860806095 
0.07654760652258397 0.15321135860806095 
0.07654760652258397 0.15321135860806095 
0.07373608143924622 0.16580206982620305 
0.07373608143924622 0.16580206982620305 
0.07373608143924622 0.16580206982620305 
0.07373608143924622 0.16580206982620305 
0.06995168384594767 0.16441014560972364 
0.06995168384594767 0.16441014560972364 
0.0704438004126022 0.16533469894265235 
0.0704438004126022 0.16533469894265235 
0.0702619392982659 0.1666792649571848 
0.07681156078670288 0.1681893015734201 
0.07697636333316313 0.16831804139734452 
0.06240840548732555 0.16213551673023618 
0.07894589338414047 0.16303515926985673 
0.09084753769002478 0.16467701687857847 
0.06082286821883952 0.16775183181876013 
0.06082286821883952 0.16775183181876013 
0.08960645209120253 0.17278121894143628 
0.09067179397511342 0.17293093791454187 
0.09067179397511342 0.17293093791454187 
0.09103102871319192 0.1726868761061463 
0.09103102871319192 0.1726868761061463 
0.08831236494838368 0.16583577831008356 
0.10083210226509423 0.1699108578568553 
0.10083210226509423 0.1699108578568553 
0.09906703435083246 0.16957741164086856 
0.08313811907480768 0.17038997831730793 
0.07384584133452715 0.15629195662856593 
0.08062138475657288 0.1597444264277671 
0.09865704514945686 0.16504638955978188 
0.09649911274060147 0.16476701432968818 
0.09649911274060147 0.16476701432968818 
0.09654996007627842 0.16974688185378 
0.09654996007627842 0.16974688185378 
0.09654996007627842 0.16974688185378 
0.10104471533475935 0.17571322245903062 
0.08308425015158843 0.17415051893229835 
0.08308425015158843 0.17415051893229835 
0.0911491802123719 0.1698698162293984 
0.10178694769355517 0.16774818824602694 
0.10178694769355517 0.16774818824602694 
0.1151049386154695 0.17098155227318546 
0.12658876658642 0.1661047084790024 
0.12658876658642 0.1661047084790024 
0.12463255138364487 0.16563584079945712 
0.15852037528134963 0.17160929067543662 
0.1353354265926024 0.17331085247462633 
0.13528672844325235 0.1733164766266874 
0.15201590025403777 0.16861369067147822 
0.14057554627471236 0.17292147893007276 
0.14084413863835504 0.17518471821195383 
0.13684182010125512 0.17634177398371584 
0.14676087605572863 0.1741736260718679 
0.1567912001144851 0.17518466546259906 
0.12396915425816492 0.17902661448255774 
0.12425915343235124 0.17649897420545554 
0.12936942507812205 0.17703829303691573 
0.1259231655447703 0.17665697698663815 
0.1361057002071247 0.1795242612335059 
0.13560044837148932 0.1793515905124075 
0.11750232338124877 0.18556396004863607 
0.12828737811510743 0.1770330777031831 
0.1305647592608085 0.1788376456368042 
0.13011924313239354 0.1789031847180316 
0.14017041723679552 0.17998930997779686 
0.12868698724405042 0.18175119587287245 
0.16576962968597359 0.1801628734395551 
0.16576962968597359 0.1801628734395551 
0.17237445058310513 0.18182413960419533 
0.17237445058310513 0.18182413960419533 
0.17237445058310513 0.18182413960419533 
0.14455666805471987 0.18527899356129976 
0.1452116715940564 0.18533763190098448 
0.15964237598731806 0.18780059194204665 
0.1454464461749842 0.18895525063755558 
0.13488832775526544 0.18599359147416825 
0.12164780270336972 0.1834881394235343 
0.1324500208449722 0.1848752217183821 
0.13449462212729896 0.18245150018191378 
0.13377802691719956 0.1819359199209032 
0.13139263362259018 0.18673785324676415 
0.1333169682143382 0.1876438671633273 
0.11830443953481755 0.18144905696754274 
0.11741768093519199 0.18248719021736565 
0.11655089729902957 0.18341885182651546 
0.11643258434000635 0.18324237483048336 
0.11323714734288558 0.18672108392787992 
0.11571546942703365 0.18802621834502053 
0.11313367880795296 0.18328111384027918 
0.11313367880795296 0.18328111384027918 
0.11313367880795296 0.18328111384027918 
0.11100458579682446 0.18175192569560997 
0.11655581803821205 0.1832666143059368 
0.11655581803821205 0.1832666143059368 
0.1170461591559488 0.18267252130852527 
0.1170461591559488 0.18267252130852527 
0.12040930682343065 0.18398421235818974 
0.1204671178045424 0.18413587039253956 
0.1204671178045424 0.18413587039253956 
0.12971733421233922 0.1809642513967396 
0.16708786000666942 0.17237353973646014 
0.16708786000666942 0.17237353973646014 
0.1679221734070912 0.1686422444793677 
0.17025741609055123 0.16869331827716952 
0.14346930487184992 0.1663387966791927 
0.14346930487184992 0.1663387966791927 
0.14763502713173782 0.1685165910410639 
0.14763502713173782 0.1685165910410639 
0.1560500346758586 0.16918125027144532 
0.1560500346758586 0.16918125027144532 
0.1560500346758586 0.16918125027144532 
0.1331728923159014 0.16967941247905802 
0.12569942547173907 0.16879085756572998 
0.12569942547173907 0.16879085756572998 
0.09054597792069778 0.1740404210820642 
0.10183640587275802 0.1720022271805851 
0.10698236462419658 0.17318530904746537 
0.104029514099258 0.1678013325410052 
0.08539199766749139 0.167649950133588 
0.07995519247906353 0.16047909942026461 
0.07995519247906353 0.16047909942026461 
0.07995519247906353 0.16047909942026461 
0.0776575138361616 0.16161465713694606 
0.09389169808356682 0.1642708089664822 
0.09389169808356682 0.1642708089664822 
0.09389169808356682 0.1642708089664822 
0.09753117350586984 0.165330630340902 
0.09174451407987534 0.16597825833614652 
0.09174451407987534 0.16597825833614652 
0.09154907399642687 0.16457654554761475 
0.09254855349568795 0.1579278086394684 
0.08360182975042524 0.15580175842925628 
0.08529398478675725 0.15786930494972054 
0.08603071017976743 0.16379885369772834 
0.08603071017976743 0.16379885369772834 
0.08603071017976743 0.16379885369772834 
0.09304437001287155 0.16202331115607757 
0.09825544194442105 0.16455888056850623 
0.10650859723029846 0.1703957398880288 
0.10506463849685757 0.17013026727576594 
0.10506463849685757 0.17013026727576594 
0.09373033748753236 0.16830127061003955 
0.11271394919432587 0.17207173023786523 
0.10027886450849507 0.16782734631427912 
0.0972054814334449 0.16273741827969734 
0.1181231925162001 0.17237797417921394 
0.11826584711898643 0.17134225258896782 
0.11826584711898643 0.17134225258896782 
0.08836643231077368 0.1707703017815755 
0.10274271804101849 0.16984300772420963 
0.10274271804101849 0.16984300772420963 
0.10638958039611537 0.16997799399454805 
0.10638958039611537 0.16997799399454805 
0.12993726568994696 0.16652533639785172 
0.12993726568994696 0.16652533639785172 
0.10973695390411851 0.15839313555497786 
0.1263360449769 0.16243013583206964 
0.12243991009925852 0.16465542070981162 
0.125964741579042 0.1663495109020425 
0.125964741579042 0.1663495109020425 
0.12623776211902624 0.17232391318534224 
0.13355845147169318 0.171381260134108 
0.1385617872216084 0.17144422496581732 
0.12388141912271033 0.17479300806998718 
0.11602912958510622 0.1729457306536134 
0.11653510689207994 0.174850508623475 
0.11644546085590507 0.1767335548044875 
0.11727788308857445 0.17656790703915654 
0.10389547168427524 0.17661582722485078 
0.10152811557947389 0.17481951369258594 
0.11413054636619795 0.17355979953345577 
0.14371551309665803 0.16851022660776424 
0.1807455920653524 0.16314362967161183 
0.1807455920653524 0.16314362967161183 
0.1807455920653524 0.16314362967161183 
0.1807455920653524 0.16314362967161183 
0.1807455920653524 0.16314362967161183 
0.1807455920653524 0.16314362967161183 
0.1807455920653524 0.16314362967161183 
0.17472894594972266 0.1640528695448772 
0.17472894594972266 0.1640528695448772 
0.17562422178877435 0.1768375202198743 
0.17562422178877435 0.1768375202198743 
0.17562422178877435 0.1768375202198743 
0.17562422178877435 0.1768375202198743 
0.1461651008048634 0.1775983573815639 
0.1459920882405344 0.17757946770326163 
0.17993460658092109 0.18468161051527565 
0.16940039995252232 0.1819396266193263 
0.16940039995252232 0.1819396266193263 
0.1605981362118781 0.17856888117746647 
0.17916572587936377 0.17483976306698878 
0.1809047703483819 0.1747223760389053 
0.1809047703483819 0.1747223760389053 
0.1809047703483819 0.1747223760389053 
0.1809047703483819 0.1747223760389053 
0.1809047703483819 0.1747223760389053 
0.1809047703483819 0.1747223760389053 
0.1580135798567296 0.17917874883523655 
0.1582246739064779 0.1746212898743204 
0.1582246739064779 0.1746212898743204 
0.16059489284097775 0.1773188863701252 
0.16059489284097775 0.1773188863701252 
0.16830130792067016 0.18040377029946936 
0.16830130792067016 0.18040377029946936 
0.1649349024210727 0.18037206011329487 
0.1649349024210727 0.18037206011329487 
0.18098161158155676 0.17873713967401605 
0.18098161158155676 0.17873713967401605 
0.17256963119430196 0.17405481584248447 
0.17935536441995165 0.1739681906558675 
0.17935536441995165 0.1739681906558675 
0.17282759281981347 0.1724418592329305 
0.17282759281981347 0.1724418592329305 
0.17282759281981347 0.1724418592329305 
0.17282759281981347 0.1724418592329305 
0.17282759281981347 0.1724418592329305 
0.17354721203868267 0.17355613542773352 
0.17161662175935372 0.17461761009164925 
0.1813777170503322 0.17764409526307146 
0.1813777170503322 0.17764409526307146 
0.12488992918788042 0.1774900333792033 
0.107452740792441 0.1811925346471452 
0.107452740792441 0.1811925346471452 
0.09084359643185796 0.17743566856612225 
0.08592531195169908 0.17742459804083469 
0.08592531195169908 0.17742459804083469 
0.09842646744793648 0.17281067367208683 
0.12495432564275702 0.17298841396875236 
0.12643999564427766 0.1786501862022159 
0.12643999564427766 0.1786501862022159 
0.12643999564427766 0.1786501862022159 
0.12465408584439494 0.17927163990264403 
0.12885440437135015 0.17796807270774345 
0.16009069069378146 0.17922575398706458 
0.15720001006392226 0.17918467916310146 
0.15720001006392226 0.17918467916310146 
0.15661454884421663 0.18746136631581095 
0.15661454884421663 0.18746136631581095 
0.15661454884421663 0.18746136631581095 
0.15661454884421663 0.18746136631581095 
0.15878840119259133 0.18780417548528383 
0.15602134672599904 0.1825106659128003 
0.1321548162288122 0.18132423495111977 
0.13859371462062942 0.18590457179940562 
0.13994752196719895 0.1766485495399515 
0.15120434505867253 0.17540347410291124 
0.1293800343439537 0.17883894458470817 
0.14807681342564813 0.18358930023825587 
0.14854587938029876 0.1836431243997004 
0.13597744982082602 0.17710988512330988 
0.15452700766289512 0.1748369890128996 
0.14652651051713372 0.1729373159426123 
0.15930038063111343 0.17030453192885384 
0.15774289525045157 0.1631702736600029 
0.15774289525045157 0.1631702736600029 
0.1507532178196067 0.164345999727582 
0.12504203434507738 0.16936893388346164 
0.12504203434507738 0.16936893388346164 
0.12504203434507738 0.16936893388346164 
0.1234319457089673 0.1694492454799855 
0.11145665571023904 0.1734641597071741 
0.11849453632532071 0.18033905040843096 
0.1077007413946641 0.18000106602292285 
0.0978172712321533 0.1700447097766382 
0.0978172712321533 0.1700447097766382 
0.10436957632000715 0.16003962897305662 
0.10436957632000715 0.16003962897305662 
0.10436957632000715 0.16003962897305662 
0.10436957632000715 0.16003962897305662 
0.10436957632000715 0.16003962897305662 
0.10436957632000715 0.16003962897305662 
0.10436957632000715 0.16003962897305662 
0.10436957632000715 0.16003962897305662 
0.11353414082061028 0.15349761369468348 
0.11702976400959657 0.15921077601848865 
0.11702976400959657 0.15921077601848865 
0.12451853635616364 0.16661594885892453 
0.12451853635616364 0.16661594885892453 
0.12451970528082987 0.1687209021578688 
0.11185075918398214 0.1693805914854005 
0.1116342517913791 0.16980463175394797 
0.1116342517913791 0.16980463175394797 
0.11715872127419752 0.1679011843482535 
0.09019463377974694 0.16978923881031174 
0.09019463377974694 0.16978923881031174 
0.09019463377974694 0.16978923881031174 
0.09019463377974694 0.16978923881031174 
0.06563676766155899 0.17437646680575278 
0.06563676766155899 0.17437646680575278 
0.06681418266020561 0.17420849195542124 
0.07911792364314058 0.17392893791797265 
0.08472269928513385 0.17505917829739423 
0.09458484036991555 0.1746735021190528 
0.07078781099243561 0.1834858474301239 
0.06712723184838426 0.1812498402912025 
0.06712723184838426 0.1812498402912025 
0.06173355995606837 0.18100282577253046 
0.06173355995606837 0.18100282577253046 
0.07629148283426632 0.18002262503840516 
0.09784153050376357 0.17251466858655565 
0.08750861895802405 0.1717817611816204 
0.08525813159642459 0.17522089791956585 
0.0773214902112189 0.1853301596516249 
0.0773214902112189 0.1853301596516249 
0.10533410959411199 0.17664721797233426 
0.1308899236673451 0.17540257438090412 
0.14189034224195576 0.17265066008728658 
0.14189034224195576 0.17265066008728658 
0.14064881832319054 0.17161193147434997 
0.14064881832319054 0.17161193147434997 
0.1595277305451991 0.16050968873877342 
0.1595277305451991 0.16050968873877342 
0.1595277305451991 0.16050968873877342 
0.1595277305451991 0.16050968873877342 
0.15902982070134228 0.16083050974719187 
0.15902982070134228 0.16083050974719187 
0.15902982070134228 0.16083050974719187 
0.15902982070134228 0.16083050974719187 
0.15902982070134228 0.16083050974719187 
0.15902982070134228 0.16083050974719187 
0.15902982070134228 0.16083050974719187 
0.15902982070134228 0.16083050974719187 
0.17793464613633364 0.15727917434150201 
0.13860922817724908 0.1714451840316363 
0.12389162288505298 0.170145918984359 
0.12705465571198682 0.17373808892501547 
0.10709373636815192 0.17347188832428345 
0.10887086992708139 0.17842454569735505 
0.09551306247184893 0.17724001501565378 
0.09996338497722253 0.17835269435988432 
0.06842439374013497 0.1734359211478211 
0.06842439374013497 0.1734359211478211 
0.06842439374013497 0.1734359211478211 
0.06842439374013497 0.1734359211478211 
0.06842439374013497 0.1734359211478211 
0.06842439374013497 0.1734359211478211 
0.06842439374013497 0.1734359211478211 
0.0789897019133307 0.17070691015433612 
0.0789897019133307 0.17070691015433612 
0.0789897019133307 0.17070691015433612 
0.06651050061334435 0.17142198746461387 
0.06651050061334435 0.17142198746461387 
0.06651050061334435 0.17142198746461387 
0.08112448734234509 0.17293058842163317 
0.08112448734234509 0.17293058842163317 
0.08258407478834084 0.1733933849515816 
0.08258407478834084 0.1733933849515816 
0.08258407478834084 0.1733933849515816 
0.07839758373290832 0.17979327313725849 
0.08314989000636713 0.18044115973867572 
0.08314989000636713 0.18044115973867572 
0.08370794578599176 0.1804002764951266 
0.08370794578599176 0.1804002764951266 
0.10220745775702104 0.1766869363454847 
0.08490957719234506 0.17587372772218723 
0.11739002135077789 0.17623783384470612 
0.11739002135077789 0.17623783384470612 
0.11739002135077789 0.17623783384470612 
0.13760524008141678 0.1806811580992549 
0.1365362791086401 0.17661180419229172 
0.1365362791086401 0.17661180419229172 
0.1365362791086401 0.17661180419229172 
0.10885003629189609 0.1690235797831916 
0.10885003629189609 0.1690235797831916 
0.14497390550648603 0.17101471998969614 
0.1254395799587121 0.1752082326629424 
0.1291846396681755 0.17527006363174225 
0.1361226910923293 0.17626182724777892 
0.15484380674087722 0.17217345247212384 
0.14293773010601626 0.16677692014250997 
0.14455295888720274 0.17390627167531245 
0.12269648601587597 0.17705718165913767 
0.13420279572618132 0.17497525801620845 
0.13281273186613543 0.17414102317934382 
0.13281273186613543 0.17414102317934382 
0.13281273186613543 0.17414102317934382 
0.13274970317208784 0.17416384186598557 
0.1372748623146826 0.17211374600018034 
0.12926599330340868 0.1806223634039407 
0.15953438581104784 0.18517847845257202 
0.15649364890299888 0.17934606201940526 
0.16580552406639734 0.17756426843777603 
0.16580552406639734 0.17756426843777603 
0.16580552406639734 0.17756426843777603 
0.1412945000004699 0.17632446680493596 
0.14120817813978992 0.1806937205852276 
0.1474403980572977 0.18329040201462563 
0.16854541894196512 0.17490882652466203 
0.15252340059525776 0.181660970331822 
0.13667588958488203 0.1792325493251974 
0.13726643741083697 0.17999430249921222 
0.13726643741083697 0.17999430249921222 
0.11271527316491672 0.17571655404872824 
0.11062142681860905 0.17558696927005046 
0.11781945370206695 0.17580954681153627 
0.10963661418344171 0.1836938909837055 
0.09744688983776746 0.17955437249282874 
0.09588198807408976 0.18142947430376197 
0.09652391490770589 0.17471584175902743 
0.08999844995074806 0.1781588276456017 
0.08995058094594438 0.1795325293611794 
0.09346221016175375 0.18169957520566532 
0.08577802564607323 0.18172491350265624 
0.09763457703394261 0.18227030099998603 
0.09763457703394261 0.18227030099998603 
0.094708454772656 0.183869111536006 
0.094708454772656 0.183869111536006 
0.09526330413907785 0.18361894154770803 
0.11583929029054571 0.17747733293940102 
0.12141220976105474 0.17543363668947307 
0.12141220976105474 0.17543363668947307 
0.12141220976105474 0.17543363668947307 
0.12141220976105474 0.17543363668947307 
0.13757187854466107 0.18580118513394403 
0.13765991042292966 0.18597953065009445 
0.14595766423285045 0.18767585682245244 
0.14595766423285045 0.18767585682245244 
0.14675902980394287 0.19127729231806134 
0.14675902980394287 0.19127729231806134 
0.1489542617748268 0.19185729589331824 
0.17770733953887782 0.19582659730563545 
0.17770733953887782 0.19582659730563545 
0.17770733953887782 0.19582659730563545 
0.17770733953887782 0.19582659730563545 
0.17422062533554805 0.19568843065375294 
0.17694532205117267 0.18441278820265233 
0.17694532205117267 0.18441278820265233 
0.17476951041757682 0.184277925630061 
0.17476951041757682 0.184277925630061 
0.17476951041757682 0.184277925630061 
0.17476951041757682 0.184277925630061 
0.17476951041757682 0.184277925630061 
0.17476951041757682 0.184277925630061 
0.1641088157147022 0.18142319085359218 
0.1242540517171292 0.17515950756669538 
0.12314376057730851 0.16833444968500783 
0.12314376057730851 0.16833444968500783 
0.09449277946327389 0.16374141727420558 
0.08105675042986574 0.16333179816582058 
0.08105675042986574 0.16333179816582058 
0.0738082238515165 0.16060853691344834 
0.07303101680442274 0.1644155126857451 
0.07716189297354206 0.16579480976491265 
0.07716189297354206 0.16579480976491265 
0.07716189297354206 0.16579480976491265 
0.07412486047747403 0.16733015131299067 
0.07652128764910975 0.16723895757527824 
0.0748519709467761 0.16753398915119955 
0.0748519709467761 0.16753398915119955 
0.0748519709467761 0.16753398915119955 
0.0748519709467761 0.16753398915119955 
0.07665006831899782 0.16675561187454144 
0.0687798100792385 0.16599752076176885 
0.0687798100792385 0.16599752076176885 
0.074106049946496 0.17204356223331993 
0.10518628910195098 0.1768684332000473 
0.10175235778370688 0.1787728773366402 
0.07149980940925256 0.18240658587996864 
0.07091735922046767 0.18114576190899148 
0.07091735922046767 0.18114576190899148 
0.07400543355954214 0.18110496789269304 
0.07400543355954214 0.18110496789269304 
0.09941129176613336 0.17705178713169098 
0.09028601769461611 0.18650114530114859 
0.10725722318742728 0.17520000191474105 
0.10485777461709206 0.1798977186688913 
0.10485777461709206 0.1798977186688913 
0.06778271545214627 0.1713692827986703 
0.06778271545214627 0.1713692827986703 
0.06778271545214627 0.1713692827986703 
0.07059480311460174 0.17122139260393288 
0.06830570808443798 0.16954626971970113 
0.06830570808443798 0.16954626971970113 
0.06830570808443798 0.16954626971970113 
0.06830570808443798 0.16954626971970113 
0.06830570808443798 0.16954626971970113 
0.06742973409443112 0.1621711598480745 
0.06742973409443112 0.1621711598480745 
0.06841146189976927 0.16185975910064831 
0.0631498986739773 0.16130021505849554 
0.0632775479472059 0.16186325667810614 
0.0632775479472059 0.16186325667810614 
0.07289148277155232 0.16383823880293 
0.07289148277155232 0.16383823880293 
0.07016335496902237 0.1623107007184173 
0.07736238810613293 0.16400573583705202 
0.07783437736368802 0.1642571043568781 
0.12579998606077297 0.18613205631790342 
0.12579998606077297 0.18613205631790342 
0.12819751981329044 0.18643346690690082 
0.10937857657843891 0.18545365461693977 
0.11559767463570517 0.18272219538418646 
0.11708337304673788 0.18030654408930336 
0.1272156417775662 0.18211153574285693 
0.10899461293787979 0.18431393363643012 
0.11600704476890464 0.18492452128853962 
0.11789682894010209 0.18572062633083827 
0.15080807242974326 0.18531963219064054 
0.15451439249132665 0.18622484658482139 
0.13850710184359694 0.19058116454615484 
0.15448678886564715 0.19744455152361914 
0.15448678886564715 0.19744455152361914 
0.18116928897372664 0.20050167136939934 
0.15159713662335522 0.19360651165588902 
0.1573906005568605 0.19711105361342632 
0.15354320573306895 0.2109683665443205 
0.16674720194483506 0.21557069024761416 
0.16674720194483506 0.21557069024761416 
0.16674720194483506 0.21557069024761416 
0.15254216785209285 0.19940889569596346 
0.15254216785209285 0.19940889569596346 
0.15254216785209285 0.19940889569596346 
0.15654631547118303 0.20454130887252842 
0.15792123153323023 0.20581386792244077 
0.16850482266200412 0.2154686807396919 
0.1714676143923242 0.19477612846235443 
0.1679556530688175 0.1934724983734377 
0.17037154319702905 0.19443874553676946 
0.17037154319702905 0.19443874553676946 
0.17037154319702905 0.19443874553676946 
0.17037154319702905 0.19443874553676946 
0.178309456593798 0.19766205262892309 
0.178309456593798 0.19766205262892309 
0.178309456593798 0.19766205262892309 
0.14578988299428108 0.19230798057591134 
0.15558908453972853 0.19497023688789003 
0.15558908453972853 0.19497023688789003 
0.15844574016616647 0.1989232459917409 
0.13292000182805896 0.18985947535813638 
0.11680785097518488 0.1859898880968992 
0.10432184728100821 0.18608950434052526 
0.10432184728100821 0.18608950434052526 
0.10432184728100821 0.18608950434052526 
0.0877606462070313 0.19487743732492518 
0.0877606462070313 0.19487743732492518 
0.08875169807220243 0.18976901880886946 
0.10435219528522602 0.18672172628751438 
0.10435219528522602 0.18672172628751438 
0.10435219528522602 0.18672172628751438 
0.06385874215352538 0.19083065951065342 
0.10433754104269004 0.18569309428306507 
0.07332394584679745 0.19185265222781492 
0.12077295301699556 0.18195584888318417 
0.11918194110904323 0.18639253963191477 
0.12147993308254584 0.18176505970978693 
0.12185741359982448 0.1824090233909037 
0.11819691013358828 0.18835068577063646 
0.1174274532682411 0.1887192248606837 
0.15029363754406452 0.19308824043401024 
0.14787784798621242 0.19301839163286127 
0.1473057621944944 0.1907934454932372 
0.1473057621944944 0.1907934454932372 
0.13265323204308854 0.18500400609829099 
0.1433532902514802 0.18446906084511466 
0.14481576571638027 0.18380202329415007 
0.14481576571638027 0.18380202329415007 
0.14481576571638027 0.18380202329415007 
0.14376956685962422 0.1839142077946312 
0.1404473453305607 0.1826429688546031 
0.15672311570124653 0.18556512245704648 
0.17892679360215913 0.18458653656736607 
0.17892679360215913 0.18458653656736607 
0.17892679360215913 0.18458653656736607 
0.17892679360215913 0.18458653656736607 
0.18059369777758363 0.18795450318670417 
0.1772181064231183 0.18521848208421132 
0.14010283020919412 0.18290520538713897 
0.16433500956628005 0.19111352501185833 
0.14538941608568307 0.1863132338254402 
0.16368372882454857 0.19188105669005553 
0.16368372882454857 0.19188105669005553 
0.1469798273191126 0.1773248460758716 
0.14778057601297875 0.1756233322500877 
0.15029658268835808 0.17602754661399683 
0.15029658268835808 0.17602754661399683 
0.15029658268835808 0.17602754661399683 
0.1502798601314868 0.1755506930042564 
0.1519499283177228 0.1750501399866511 
0.15889835750662393 0.1684020835961613 
0.1547635877292803 0.173878888070068 
0.1457701593589819 0.1775793149338711 
0.14507867172767636 0.18005517140202987 
0.14507867172767636 0.18005517140202987 
0.1453762980887901 0.17445798093442783 
0.13922332126162157 0.16404030049652166 
0.15628424881701852 0.15933220256058067 
0.1311298288556308 0.16181354261948944 
0.1350662437972142 0.16191629209003885 
0.1350662437972142 0.16191629209003885 
0.13733831525032006 0.16386941018735196 
0.12707594270796702 0.16471285433770028 
0.1382816057591071 0.1690431027202701 
0.13333070030448346 0.1601574753995155 
0.13333070030448346 0.1601574753995155 
0.11768029184026985 0.1627032618937071 
0.12206932356063006 0.16845984629496166 
0.13226063641474628 0.1703165654996928 
0.13307082389442665 0.16044730760506987 
0.1346576474688016 0.17080070959977384 
0.1455723453809032 0.16299669413507173 
0.16661479368852367 0.1561116478942035 
0.16661479368852367 0.1561116478942035 
0.16645892331326395 0.1561418106739972 
0.1629398430264351 0.16117965036538476 
0.1629398430264351 0.16117965036538476 
0.1629398430264351 0.16117965036538476 
0.1629398430264351 0.16117965036538476 
0.16442245552129145 0.16350440453062173 
0.13880895006317434 0.16172299841211504 
0.13549349187857748 0.1629953530812525 
0.13549349187857748 0.1629953530812525 
0.1339698391431385 0.16456808029617204 
0.1483416978145909 0.17013090050140153 
0.17169635607031086 0.16867243539650004 
0.1807252474097667 0.1684573486845487 
0.16947085619906968 0.1676255698447385 
0.16245213141776618 0.1754249943665073 
0.16178097925260018 0.1747309318465553 
0.16061352584814031 0.17463134988370826 
0.16221707110372563 0.17395965910809338 
0.17015327863883556 0.17459898009996574 
0.17015327863883556 0.17459898009996574 
0.16906186191742406 0.17359586170707936 
0.15952501929026036 0.17534918536103217 
0.16531809525802282 0.17624881377225732 
0.17201646146283708 0.1758990394772829 
0.17201646146283708 0.1758990394772829 
0.17201646146283708 0.1758990394772829 
0.17201646146283708 0.1758990394772829 
0.1720208208840325 0.17589905468276507 
0.13231209453588055 0.1707830042996774 
0.13742570140917 0.1725697971408899 
0.13101891756014297 0.1529117833195543 
0.14445129542875512 0.16145004343554528 
0.13208289969809028 0.16468426529509658 
0.13208289969809028 0.16468426529509658 
0.13208289969809028 0.16468426529509658 
0.12957756389003905 0.16513215138875947 
0.13133893749719433 0.1651356947723281 
0.12798779738982746 0.16791006211694637 
0.12798779738982746 0.16791006211694637 
0.14215591490205243 0.16578922886246278 
0.1437236957731614 0.16616776590177967 
0.12575344884692574 0.16619207094527955 
0.10808358381572081 0.173770465345861 
0.11042396629932635 0.17325451087657726 
0.1276021152446221 0.16787747147394005 
0.14360713265215935 0.16662854346378977 
