0.04021331481230073 2.500574212034217 10.043922679167164 
0.30090878268443855 1.9318080602476604 11.795313565950687 
0.30090878268443855 1.9318080602476604 11.795313565950687 
0.4893988462626826 1.5491303596620019 10.8698375001148 
0.4893988462626826 1.5491303596620019 10.8698375001148 
0.6368096371378701 1.277034814036187 10.21470902551945 
0.7106324840490119 1.1842386045483928 10.03053785816221 
0.7106324840490119 1.1842386045483928 10.03053785816221 
0.7106324840490119 1.1842386045483928 10.03053785816221 
0.8792220899741227 0.34386594000413484 11.025622524571705 
0.8792220899741227 0.34386594000413484 11.025622524571705 
0.8952585374673049 0.24978012605988176 11.514458710735223 
0.9114437458338693 0.8103746285668647 9.447699646936034 
0.9282365782771631 1.239516978100665 7.754148824274491 
0.9207053301373445 1.2733933878368038 7.656852976234695 
0.9368312612080711 1.5770633984221878 6.441027052413055 
0.9238981120980606 1.6816019911005011 6.0984307054061455 
0.895493835027688 1.752105011060233 5.006797399894178 
0.895493835027688 1.752105011060233 5.006797399894178 
0.895493835027688 1.752105011060233 5.006797399894178 
0.895493835027688 1.752105011060233 5.006797399894178 
0.895493835027688 1.752105011060233 5.006797399894178 
0.895493835027688 1.752105011060233 5.006797399894178 
0.895493835027688 1.752105011060233 5.006797399894178 
0.895493835027688 1.752105011060233 5.006797399894178 
0.9384984437879565 1.7366886597969773 4.906841151272064 
1.1373043514355001 1.825865852232216 7.301749764174306 
1.1804670533494965 1.882972658042534 7.877638540083698 
1.1804670533494965 1.882972658042534 7.877638540083698 
1.1804670533494965 1.882972658042534 7.877638540083698 
1.1861442054604996 1.852872169767812 8.145666136309137 
1.2223405192221952 1.8688058724137369 8.441132683080053 
1.2223405192221952 1.8688058724137369 8.441132683080053 
1.2223405192221952 1.8688058724137369 8.441132683080053 
1.3221844006639591 2.1463211817476244 9.667890712654996 
1.4012633435579724 2.3661205022681235 10.639514879951747 
1.4012633435579724 2.3661205022681235 10.639514879951747 
1.4012633435579724 2.3661205022681235 10.639514879951747 
1.629055288518535 2.0439097768521455 14.256025730784371 
1.629055288518535 2.0439097768521455 14.256025730784371 
1.629055288518535 2.0439097768521455 14.256025730784371 
1.7399934550065428 1.948183684059423 19.188788402601936 
1.741384578511243 1.9452402961460107 19.288454255505872 
1.741384578511243 1.9452402961460107 19.288454255505872 
1.7633113907632403 1.9945371048307514 19.879472545490408 
1.796036725557273 1.4620889073904506 15.302746340629653 
1.796036725557273 1.4620889073904506 15.302746340629653 
1.796036725557273 1.4620889073904506 15.302746340629653 
1.796036725557273 1.4620889073904506 15.302746340629653 
1.796036725557273 1.4620889073904506 15.302746340629653 
1.796036725557273 1.4620889073904506 15.302746340629653 
1.796036725557273 1.4620889073904506 15.302746340629653 
1.796036725557273 1.4620889073904506 15.302746340629653 
1.7965392391940482 1.4610635481533167 15.28040919560506 
1.8063818818728523 1.4586196231441138 15.118758503390733 
1.8063818818728523 1.4586196231441138 15.118758503390733 
1.8063818818728523 1.4586196231441138 15.118758503390733 
1.8073203687887462 1.4692572861645934 15.2784242202229 
1.8176769105040191 1.3181340647207311 14.495501309073468 
1.8765875029868189 0.9233538633558132 10.189632284241688 
1.8932589741841963 1.0564620409107925 9.847120362277941 
1.907461389987634 1.3862305107769803 9.349724850058246 
1.907461389987634 1.3862305107769803 9.349724850058246 
1.907461389987634 1.3862305107769803 9.349724850058246 
1.9101033703213772 1.64538511502419 10.862136193181536 
1.9104677502084284 1.6293886429921274 10.840349472297149 
1.906823327425437 1.7741870420287507 10.570537655310119 
1.9211748609739892 1.1496689050820774 9.88969307677495 
1.9211748609739892 1.1496689050820774 9.88969307677495 
1.9215010817993283 1.2573927220625942 10.354591830826825 
1.9309035396694265 0.9174966323246965 10.324516675111973 
1.9322912247606785 1.3925041750866152 12.189628320202296 
1.9288543627060781 1.2236204786788138 11.075178360925591 
1.920997421935086 0.6265506547466673 8.75790085438409 
1.9170254609505957 0.6346453242471604 7.687215880748592 
1.9170254609505957 0.6346453242471604 7.687215880748592 
1.9347642824542688 0.6959715309451443 11.786317428243558 
1.9347537420702694 0.786543613082606 11.999638851538027 
1.946624064542155 1.5065223468927125 12.501958416902093 
1.9450259823877079 1.64910882952724 12.985352131385449 
1.9429049917327168 1.925869700319443 12.196399931123771 
1.9473161086632202 1.7399262309788377 11.236583095577863 
1.9502121340474707 1.9677842114267943 14.16376358005118 
1.9502121340474707 1.9677842114267943 14.16376358005118 
1.9502121340474707 1.9677842114267943 14.16376358005118 
1.9580031404473355 1.7634200624233254 13.440031689827373 
1.9559092277107977 1.935219472677906 14.152854259490544 
1.9551978020007559 1.8388425002837825 14.18919797211136 
1.9475205117662673 2.0002978728667995 17.56434136446961 
1.9475205117662673 2.0002978728667995 17.56434136446961 
1.9473975210457195 2.2566526447964836 18.627233457113466 
1.9473975210457195 2.2566526447964836 18.627233457113466 
1.9473975210457195 2.2566526447964836 18.627233457113466 
1.946919424291394 1.9503592184366993 17.152242953994108 
1.9536052984221617 1.634008734284267 16.32805741527306 
1.9536052984221617 1.634008734284267 16.32805741527306 
1.9578611568214879 1.323104057854922 15.27312366328361 
1.9578611568214879 1.323104057854922 15.27312366328361 
1.97135011206419 0.9513417038395944 1.3455312936831394 
1.9706174326741543 0.9145224879950348 1.9048781794843102 
