-0.1339305196099541 1.650047317436 
-0.13393601457720214 1.6500478541919952 
-0.134034611575782 1.650346746003882 
-0.13420804627532307 1.6501640428703492 
-0.13430953242863525 1.6503039210568986 
-0.13444246530596585 1.650822047321847 
-0.13495244283894126 1.6516286395047932 
-0.13530460628292923 1.6524294267713646 
-0.13530460628292923 1.6524294267713646 
-0.1349563496595425 1.6518257296752479 
-0.1349563496595425 1.6518257296752479 
-0.1349563496595425 1.6518257296752479 
-0.1349563496595425 1.6518257296752479 
-0.13503405976289595 1.651891373870453 
-0.13526430378494328 1.653045447002453 
-0.1351704980207537 1.6532661631431427 
-0.1350997922468437 1.6540725404523615 
-0.13492113186752341 1.6539721398045326 
-0.13492113186752341 1.6539721398045326 
-0.13461852062810697 1.6538082806063923 
-0.134730403209116 1.6557839741025204 
-0.13464163217733072 1.6563123670730695 
-0.13466557399343915 1.6559074836755485 
-0.13423821170956912 1.6583771922827248 
-0.13453680668375922 1.6606106858808762 
-0.13477531422282188 1.6493619849815373 
-0.13503236175327213 1.650147815002207 
-0.1349392529663629 1.6503964960660338 
-0.13481008355981575 1.6404705501334254 
-0.1343244655860529 1.632115496113152 
-0.1345685377901643 1.6332037017581253 
-0.1345685377901643 1.6332037017581253 
-0.13455911025707928 1.626077501775748 
-0.13471106396905358 1.6072047435658106 
-0.13480499058041395 1.6070577501876568 
-0.13486544588611732 1.6068725641415638 
-0.13499298657188405 1.6301061362057472 
-0.1352698786294279 1.5981628226931714 
-0.13513010792489133 1.610410420335289 
-0.13481654403914353 1.6327895425615753 
-0.1348002437330586 1.6383032565156392 
-0.1348002437330586 1.6383032565156392 
-0.13479291994425616 1.6369925670912673 
-0.13389750112732923 1.6551311352325009 
-0.13416788895034817 1.6449686336381164 
-0.13503504863959823 1.5343632180856561 
-0.13502725599828325 1.5302414662843384 
-0.13501892377845645 1.5309440531688943 
-0.13501892377845645 1.5309440531688943 
-0.13501892377845645 1.5309440531688943 
-0.13501892377845645 1.5309440531688943 
-0.13501892377845645 1.5309440531688943 
-0.13500680183473232 1.5325987436062742 
-0.13800544121356279 1.0790044749838243 
-0.13800544121356279 1.0790044749838243 
-0.13778244792320257 1.0698497771003976 
-0.13778244792320257 1.0698497771003976 
-0.13778244792320257 1.0698497771003976 
-0.13778244792320257 1.0698497771003976 
-0.13829498439622648 0.955463160213893 
-0.13907155858943782 0.7371810383908279 
-0.14012198887066435 0.5539716459480527 
-0.14012198887066435 0.5539716459480527 
-0.13987553340763284 0.6509148955597936 
-0.13959912551294587 0.6952768879155431 
-0.13992046984307252 0.6027512676199882 
-0.13992046984307252 0.6027512676199882 
-0.13991233491413252 0.6063730731536103 
-0.13991233491413252 0.6063730731536103 
-0.13991233491413252 0.6063730731536103 
-0.14005222828465988 0.6161676262155615 
-0.14005222828465988 0.6161676262155615 
-0.14117665428870924 0.5944857031340447 
-0.1414427625268188 0.5572722398505663 
-0.14144777281629617 0.5527455963841461 
-0.14105174472247342 0.5717330084733921 
-0.14105174472247342 0.5717330084733921 
-0.14105174472247342 0.5717330084733921 
-0.14140269098478897 0.531601213607849 
-0.14140269098478897 0.531601213607849 
-0.14140269098478897 0.531601213607849 
-0.14144502559839436 0.5035917672399883 
-0.14144502559839436 0.5035917672399883 
-0.14128532680272138 0.5318292942543493 
-0.14121866742595268 0.5436370058260662 
-0.14142337003687974 0.5233925872242171 
-0.14128496185897288 0.5292729966949846 
-0.14119639710420365 0.5793394406674565 
-0.14111768031255037 0.5860386663205573 
-0.14111768031255037 0.5860386663205573 
-0.141084028523913 0.5705391715890508 
-0.1407113028138468 0.5635287242581425 
-0.1407113028138468 0.5635287242581425 
-0.1407113028138468 0.5635287242581425 
-0.1407113028138468 0.5635287242581425 
-0.14109251419659755 0.452057879843251 
-0.14109251419659755 0.452057879843251 
-0.1406793483786678 0.4722915509818682 
-0.14082203507664245 0.45814314929693334 
-0.140410355060022 0.4449535624758591 
-0.14036022210244878 0.44449397588755296 
-0.14036022210244878 0.44449397588755296 
-0.14036022210244878 0.44449397588755296 
-0.14013934223592106 0.44524360491753456 
-0.1410080220308438 0.46637558612894237 
-0.14100029962808913 0.4007707779989097 
-0.14100029962808913 0.4007707779989097 
-0.14100029962808913 0.4007707779989097 
-0.14100029962808913 0.4007707779989097 
-0.14100029962808913 0.4007707779989097 
-0.1411004027555523 0.4024624113828168 
-0.1411004027555523 0.4024624113828168 
-0.14154561660858236 0.403826815225442 
-0.14154561660858236 0.403826815225442 
-0.1415164102394746 0.4086511589966875 
-0.14151735815744615 0.4122561216145402 
-0.14191223873222836 0.4080996847829878 
-0.1419142798268541 0.40747759387534865 
-0.1419142798268541 0.40747759387534865 
-0.1419142798268541 0.40747759387534865 
-0.1419142798268541 0.40747759387534865 
-0.14188666879807535 0.4115422548587969 
-0.14188666879807535 0.4115422548587969 
-0.14188666879807535 0.4115422548587969 
-0.1414971786161023 0.40743562359635527 
-0.14116790243007285 0.4030475412567516 
-0.14116790243007285 0.4030475412567516 
-0.14116790243007285 0.4030475412567516 
-0.14116790243007285 0.4030475412567516 
-0.14116790243007285 0.4030475412567516 
-0.14116790243007285 0.4030475412567516 
-0.14116313676963826 0.40253162010907767 
-0.14116313676963826 0.40253162010907767 
-0.14105353639739676 0.41003060608985087 
-0.14127247816122698 0.4124192809659464 
-0.14127247816122698 0.4124192809659464 
-0.1411367141152586 0.4162003580613148 
-0.1417129016580514 0.4221063367929383 
-0.14173576334073493 0.4197897701847867 
-0.14173576334073493 0.4197897701847867 
-0.14163301174480486 0.4222391036241501 
-0.14163301174480486 0.4222391036241501 
-0.14163301174480486 0.4222391036241501 
-0.1411753205249845 0.42756601697463903 
-0.14110562788244657 0.4251471554014446 
-0.1408975856511911 0.41631127547577795 
-0.1408975856511911 0.41631127547577795 
-0.1410472261398997 0.41833861989213234 
-0.1407225151904635 0.4004971575629596 
-0.14122795224154214 0.44316370768902796 
-0.14122795224154214 0.44316370768902796 
-0.14124367619387584 0.4448996406254527 
-0.14103441093379532 0.44730019383426095 
-0.14106168950678918 0.4464933787104898 
-0.14099143463765448 0.44920220387888576 
-0.14071979583938513 0.4382119990547117 
-0.14071979583938513 0.4382119990547117 
-0.14070230259032562 0.4549806354551361 
-0.14090148592148677 0.4608220634947076 
-0.14090148592148677 0.4608220634947076 
-0.14090148592148677 0.4608220634947076 
-0.14083954187135905 0.45892109752666144 
-0.14083954187135905 0.45892109752666144 
-0.14083954187135905 0.45892109752666144 
-0.14072567826348945 0.4595315217673879 
-0.14072567826348945 0.4595315217673879 
-0.1404543452931858 0.45933411596684 
-0.14085888252275336 0.4603156225115935 
-0.14110528605410103 0.4575859755335412 
-0.140964351463724 0.4843326542285268 
-0.1409383472427466 0.4696490233522343 
-0.14094170490821584 0.4643535141124638 
-0.14022631187500162 0.48833466031718153 
-0.14022631187500162 0.48833466031718153 
-0.14060820028740434 0.4972609566558134 
-0.1406000863336999 0.49688109052470986 
-0.14060364020653598 0.49661383439436363 
-0.14070266063818873 0.497992922000371 
-0.14108003980151596 0.48464347754106313 
-0.14101462046110408 0.4588657988368163 
-0.14101462046110408 0.4588657988368163 
-0.14157504783979588 0.5025184902921463 
-0.1413926320812468 0.5252553463621562 
-0.14139855485235667 0.5141361881569316 
-0.1411294985620995 0.4963169413017016 
-0.14134712331674426 0.43122999538006773 
-0.14134712331674426 0.43122999538006773 
-0.14135550507041192 0.42632868125371787 
-0.14135550507041192 0.42632868125371787 
-0.1413912386110851 0.44251022401946194 
-0.14059793147013647 0.475087083190629 
-0.1400176426433257 0.5016576180254129 
-0.13975790305633845 0.5244417906933064 
-0.13970311865860494 0.5249102258038086 
-0.13970311865860494 0.5249102258038086 
-0.13970311865860494 0.5249102258038086 
-0.13999665149006854 0.5275396764728942 
-0.14013422383431895 0.5199479192878458 
-0.14013422383431895 0.5199479192878458 
-0.14013422383431895 0.5199479192878458 
-0.14013422383431895 0.5199479192878458 
-0.1404585250865608 0.4917344392476679 
-0.1404585250865608 0.4917344392476679 
-0.14053106120374498 0.4883255538128408 
-0.14039677209995152 0.4946774045198631 
-0.14039677209995152 0.4946774045198631 
-0.14039677209995152 0.4946774045198631 
-0.14039677209995152 0.4946774045198631 
-0.14053270944895682 0.4884783174321041 
-0.1405927876039241 0.4868998664463401 
-0.14034791398824828 0.4912011403839928 
-0.1403809199904794 0.4905144428668374 
-0.14019370859356847 0.4979789997838847 
-0.14077243998473 0.4724984748010293 
-0.14077243998473 0.4724984748010293 
-0.14096013197967774 0.4674484837519275 
-0.14156163690196816 0.4492222444169753 
-0.14156163690196816 0.4492222444169753 
-0.14184609267248585 0.45572979460787966 
-0.14268375209900622 0.43618319241174597 
-0.14268375209900622 0.43618319241174597 
-0.14268375209900622 0.43618319241174597 
-0.14259398734946493 0.4335675674206931 
-0.14259398734946493 0.4335675674206931 
-0.14259398734946493 0.4335675674206931 
-0.14263695065717366 0.42520042192150154 
-0.1423730913764004 0.43177287059391417 
-0.1428540917630796 0.42914042098224564 
-0.14223570909340394 0.42794785588649537 
-0.1431673621061319 0.4311780328746587 
-0.14324600698606973 0.4309594056749338 
-0.14324600698606973 0.4309594056749338 
-0.14335253877298015 0.4299571615411611 
-0.1425488579223616 0.44662794779607884 
-0.14318230072365776 0.45290080139338523 
-0.14318230072365776 0.45290080139338523 
-0.14318230072365776 0.45290080139338523 
-0.14289851262166475 0.45466975011329996 
-0.14244732311822325 0.43826742191260176 
-0.14272301388979533 0.4223560320856669 
-0.14272301388979533 0.4223560320856669 
-0.14277306529279718 0.4160359292580281 
-0.14316422805718224 0.40481444937784816 
-0.14316422805718224 0.40481444937784816 
-0.14316422805718224 0.40481444937784816 
-0.14316422805718224 0.40481444937784816 
-0.14237072874150247 0.422600705820426 
-0.1423001087056522 0.4183962941397965 
-0.1421021061771198 0.41746830565721454 
-0.14206218385885017 0.4172593642784671 
-0.14215205846029608 0.4225651719710481 
-0.14215205846029608 0.4225651719710481 
-0.14215205846029608 0.4225651719710481 
-0.14277086802742017 0.40327373682765544 
-0.14243664759840197 0.4198346992696266 
-0.14243664759840197 0.4198346992696266 
-0.14186165068745252 0.41379620439787457 
-0.14168661721855927 0.42339840518213917 
-0.14168661721855927 0.42339840518213917 
-0.14180524570803035 0.4423745208106922 
-0.1420018061345368 0.44643341848348767 
-0.14237218732913548 0.4212638504516104 
-0.14309211750396733 0.42044424164020605 
-0.14309211750396733 0.42044424164020605 
-0.14309211750396733 0.42044424164020605 
-0.14309211750396733 0.42044424164020605 
-0.14243569862768723 0.43713374185502474 
-0.14243569862768723 0.43713374185502474 
-0.1426305907835298 0.41776201996142076 
-0.14200974634084298 0.4309891467168278 
-0.14178265609709628 0.4348676573384952 
-0.14178468991604146 0.4347573505807533 
-0.14182156731931397 0.4271843874255339 
-0.14182156731931397 0.4271843874255339 
-0.14220031923214213 0.41241943270387504 
-0.1419629030153242 0.41033581027126725 
-0.14191011365730574 0.41262182587621793 
-0.14191011365730574 0.41262182587621793 
-0.1417371712567903 0.4092083109630675 
-0.1417371712567903 0.4092083109630675 
-0.1417435726978255 0.4094773322845674 
-0.14180885818754466 0.40674356640798737 
-0.14182191188947307 0.40646758721395027 
-0.14182191188947307 0.40646758721395027 
-0.14182191188947307 0.40646758721395027 
-0.14182191188947307 0.40646758721395027 
-0.14170967321303876 0.4252563461067403 
-0.14170967321303876 0.4252563461067403 
-0.14207862681639893 0.40626597131360936 
-0.14207862681639893 0.40626597131360936 
-0.14238593535844749 0.40992904885072157 
-0.14260266909209046 0.4019447029261652 
-0.14220126928540253 0.4098712512331372 
-0.14214231121066973 0.40540230814149236 
-0.1421319794529757 0.41446535084194697 
-0.14214072311065887 0.4124684470036119 
-0.14212063657147683 0.4116385531615241 
-0.14212063657147683 0.4116385531615241 
-0.14212063657147683 0.4116385531615241 
-0.14212063657147683 0.4116385531615241 
