-0.13391376225665189 1.6500601860812232 
-0.13391158435296166 1.65005678099614 
-0.13391158435296166 1.65005678099614 
-0.13391158435296166 1.65005678099614 
-0.13397798363918892 1.6499197407818902 
-0.13398606178758302 1.649924367811445 
-0.1339238265601681 1.6499675807977963 
-0.13393126574212116 1.6499736457331973 
-0.13396312124238935 1.6499696611971448 
-0.13399284236839754 1.6499564211082454 
-0.13399284236839754 1.6499564211082454 
-0.13427729810253378 1.6488201953876602 
-0.13432211397766308 1.6481961986182991 
-0.13432529863357115 1.648044395104154 
-0.13443622351300344 1.6483925526908703 
-0.13443622351300344 1.6483925526908703 
-0.13443064597808596 1.6482053791266922 
-0.13443064597808596 1.6482053791266922 
-0.13443064597808596 1.6482053791266922 
-0.13443064597808596 1.6482053791266922 
-0.13452246081776326 1.6485143639973994 
-0.1348410615327027 1.6492643053979432 
-0.134983992344571 1.6489212689963546 
-0.134983992344571 1.6489212689963546 
-0.13549474837422423 1.6496920991973374 
-0.13549474837422423 1.6496920991973374 
-0.13595565308992147 1.649660785238877 
-0.13595565308992147 1.649660785238877 
-0.13595565308992147 1.649660785238877 
-0.13749258850439777 1.6510695919389704 
-0.1378554404681898 1.6499795863637714 
-0.13902391597753702 1.6501544576470268 
-0.13902391597753702 1.6501544576470268 
-0.13951262042044596 1.649057209342216 
-0.14059116464451984 1.6494896207111724 
-0.14153192704615666 1.6388777476718699 
-0.1415569098176632 1.63752930631962 
-0.1415569098176632 1.63752930631962 
-0.1415569098176632 1.63752930631962 
-0.1427045140309133 1.633834413665434 
-0.1427045140309133 1.633834413665434 
-0.1427045140309133 1.633834413665434 
-0.14418182081906078 1.636544766238661 
-0.14418182081906078 1.636544766238661 
-0.14418182081906078 1.636544766238661 
-0.14426103390575767 1.6428130513387387 
-0.14426103390575767 1.6428130513387387 
-0.14392359690147258 1.5967686084545116 
-0.1440409037436616 1.5939869231441413 
-0.1445164205278539 1.5841146898793186 
-0.1445164205278539 1.5841146898793186 
-0.1444914486780678 1.587118480093335 
-0.14488367274985528 1.579626363175868 
-0.14476903903832344 1.5779098975341144 
-0.1449115639059321 1.572092233103807 
-0.14481242082919038 1.5533485051373255 
-0.14461432199490498 1.558299514214281 
-0.14455202654637825 1.559856440746542 
-0.14406763711753776 1.5618172807164707 
-0.14406763711753776 1.5618172807164707 
-0.14411778762750807 1.557129892503938 
-0.1441188223378725 1.5579156918976995 
-0.1441188223378725 1.5579156918976995 
-0.1441188223378725 1.5579156918976995 
-0.1441188223378725 1.5579156918976995 
-0.1441188223378725 1.5579156918976995 
-0.1441188223378725 1.5579156918976995 
-0.14483067830476876 1.4627868232424208 
-0.1445221762118858 1.4560406428213308 
-0.1445221762118858 1.4560406428213308 
-0.1445221762118858 1.4560406428213308 
-0.1445221762118858 1.4560406428213308 
-0.14407520963403 1.465940898391905 
-0.14407520963403 1.465940898391905 
-0.14407520963403 1.465940898391905 
-0.1441147720561852 1.459924646547637 
-0.1463548545638372 1.2347835261661237 
-0.1463548545638372 1.2347835261661237 
-0.14739193798521677 1.0235490074947327 
-0.1485680606457446 0.762100112574956 
-0.14822280073775213 0.7668119139980859 
-0.14822280073775213 0.7668119139980859 
-0.14822280073775213 0.7668119139980859 
-0.14891510708714356 0.8274464680817748 
-0.14891510708714356 0.8274464680817748 
-0.148670737456468 0.800652693060764 
-0.14893078840128685 0.7640503655979092 
-0.14893078840128685 0.7640503655979092 
-0.14893078840128685 0.7640503655979092 
-0.14893078840128685 0.7640503655979092 
-0.14893078840128685 0.7640503655979092 
-0.14925026493528037 0.737840675716149 
-0.14923084871229503 0.7395261504521148 
-0.14923084871229503 0.7395261504521148 
-0.14923084871229503 0.7395261504521148 
-0.15003882053095127 0.6769574008617756 
-0.15003882053095127 0.6769574008617756 
-0.15003882053095127 0.6769574008617756 
-0.15003882053095127 0.6769574008617756 
-0.150126905364248 0.6646304083032726 
-0.150126905364248 0.6646304083032726 
-0.150126905364248 0.6646304083032726 
-0.15172521045381082 0.5584212205623927 
-0.15189556684506839 0.5718236693845291 
-0.15189556684506839 0.5718236693845291 
-0.1521932071140848 0.49992026261660766 
-0.1521932071140848 0.49992026261660766 
-0.15222357060251193 0.48644007360701735 
-0.15222357060251193 0.48644007360701735 
-0.15222357060251193 0.48644007360701735 
-0.15227889372877307 0.47268329491412664 
-0.15227889372877307 0.47268329491412664 
-0.15239312305498948 0.473232310901612 
-0.15239312305498948 0.473232310901612 
-0.15265027920118968 0.45522361656927224 
-0.15265027920118968 0.45522361656927224 
-0.15265027920118968 0.45522361656927224 
-0.15265027920118968 0.45522361656927224 
-0.1526132646416025 0.45291551623754467 
-0.15264776608350114 0.45493846759551704 
-0.15264776608350114 0.45493846759551704 
-0.15264776608350114 0.45493846759551704 
-0.15241443772524807 0.44558358908149726 
-0.15275152271790915 0.4453861416284902 
-0.1526210136085354 0.4431780658262629 
-0.1526210136085354 0.4431780658262629 
-0.15273924794645224 0.46192212509127284 
-0.1525853997839749 0.45422641062773605 
-0.15214020993489527 0.47189974351483055 
-0.15220042711455492 0.4660030759541714 
-0.15220042711455492 0.4660030759541714 
-0.15200932400547354 0.4721857057353752 
-0.15200932400547354 0.4721857057353752 
-0.15200908723962234 0.47224011387977655 
-0.15200908723962234 0.47224011387977655 
-0.15200908723962234 0.47224011387977655 
-0.15200908723962234 0.47224011387977655 
-0.15210142366616727 0.46145843750908744 
-0.15218191912977067 0.4666628594557739 
-0.15218191912977067 0.4666628594557739 
-0.152194673530519 0.4694930068379852 
-0.15225552261697883 0.4565085232276044 
-0.15239660766661056 0.4371235640144683 
-0.15219258544456282 0.4236837183532784 
-0.15185918823929181 0.4316020843235192 
-0.15196686569927434 0.4239016890442946 
-0.15194710298114264 0.4238273101520985 
-0.15183050514526042 0.4098866636179564 
-0.15183050514526042 0.4098866636179564 
-0.15183050514526042 0.4098866636179564 
-0.15183050514526042 0.4098866636179564 
-0.15194986963204185 0.4182596682037266 
-0.15194986963204185 0.4182596682037266 
-0.15185720809730402 0.4263732181211079 
-0.15193439656275157 0.4257306390324125 
-0.15180308028760636 0.4293909893207277 
-0.15180308028760636 0.4293909893207277 
-0.15164524646197383 0.4354427301510389 
-0.15153623944914982 0.44118166380975365 
-0.15158880939262712 0.4247146981330158 
-0.15137545770461489 0.4293132983814032 
-0.15137545770461489 0.4293132983814032 
-0.151843477645185 0.42423930708968294 
-0.151843477645185 0.42423930708968294 
-0.15205999097040387 0.4207349482854013 
-0.15205999097040387 0.4207349482854013 
-0.15205999097040387 0.4207349482854013 
-0.15240257846828875 0.4220947807789483 
-0.1524549491550336 0.4211370848496276 
-0.15249104756104398 0.4243211443263953 
-0.15268453765118337 0.4276259936776011 
-0.15268453765118337 0.4276259936776011 
-0.1529437123824478 0.4243883680587583 
-0.15307289461331938 0.4252834991452604 
-0.15310810207503994 0.42655896999130044 
-0.15310810207503994 0.42655896999130044 
-0.15310680563619566 0.4196294951324723 
-0.15310680563619566 0.4196294951324723 
-0.15310680563619566 0.4196294951324723 
-0.15323152946360039 0.42062368992035076 
-0.15323152946360039 0.42062368992035076 
-0.153211133010218 0.4202504079975128 
-0.15350618886066172 0.4240835747166735 
-0.1527667019383841 0.4383882841144512 
-0.1530019255790422 0.4526048511532032 
-0.1530019255790422 0.4526048511532032 
-0.15257345950447643 0.43833175379079337 
-0.15257122375895646 0.4204934183647799 
-0.1524408249008979 0.41855937541500005 
-0.15244284857985646 0.41865580547001136 
-0.15237373231265372 0.419122106616147 
-0.15249663026829519 0.42803015004289424 
-0.15249663026829519 0.42803015004289424 
-0.15271618497887954 0.4194506390530046 
-0.1527008666114517 0.4212516828449979 
-0.1533952402577694 0.4237896593222497 
-0.1533952402577694 0.4237896593222497 
-0.1533952402577694 0.4237896593222497 
-0.15305754208442973 0.41990282185727323 
-0.15305754208442973 0.41990282185727323 
-0.1533857004284664 0.4236390917074392 
-0.15345377224828705 0.4233557423422122 
-0.15336206550037854 0.4237025920633883 
-0.15314758793852065 0.41580756146720227 
-0.15314758793852065 0.41580756146720227 
-0.15283072248053164 0.41492123665999125 
-0.15270207965602586 0.41289992422815186 
-0.1528663031157313 0.40472789860166103 
-0.1528096645831196 0.4040571330729006 
-0.1528096645831196 0.4040571330729006 
-0.1528096645831196 0.4040571330729006 
-0.1528096645831196 0.4040571330729006 
-0.1528096645831196 0.4040571330729006 
-0.15293556356206597 0.4028796667894631 
-0.15297875646483303 0.40263527657619336 
-0.15318497234769332 0.4033361304380804 
-0.15336988941697444 0.4014514510349247 
-0.15336988941697444 0.4014514510349247 
-0.15336988941697444 0.4014514510349247 
-0.15335276967983028 0.4014646696538019 
-0.15335276967983028 0.4014646696538019 
-0.15335276967983028 0.4014646696538019 
-0.15335276967983028 0.4014646696538019 
-0.15258802548045514 0.40529716817129857 
-0.15242695158927427 0.4063683002656265 
-0.15245765903574196 0.40560792105123405 
-0.15254220170657048 0.40874828643210726 
-0.15249678541446526 0.40140379973802476 
-0.15249678541446526 0.40140379973802476 
-0.15257245936205244 0.40081025290978883 
-0.15257245936205244 0.40081025290978883 
-0.1523546768617944 0.40354368944999597 
-0.15238511352916106 0.4026134817229549 
-0.1520842245721485 0.40380472891493757 
-0.1520842245721485 0.40380472891493757 
-0.15208748831396554 0.4037811005214024 
-0.15208748831396554 0.4037811005214024 
-0.15213337394555182 0.4044878433563782 
-0.15209625177663263 0.40471379583231926 
-0.15209625177663263 0.40471379583231926 
-0.15184650664616564 0.4031805059322273 
-0.15177084227175736 0.4017573318712043 
-0.15181752902536572 0.40361394338247153 
-0.1518190794703186 0.4036415306721216 
-0.15196607381264768 0.403405551653241 
-0.15196607381264768 0.403405551653241 
-0.15196607381264768 0.403405551653241 
-0.15187960996440503 0.4004252972377853 
-0.15186268794590793 0.4027542545013989 
-0.15186268794590793 0.4027542545013989 
-0.15184246824627862 0.40276520853484116 
-0.15179807227090072 0.40202490242829964 
-0.15222836551603017 0.4024119546124448 
-0.15222836551603017 0.4024119546124448 
-0.15222836551603017 0.4024119546124448 
-0.1522449170719321 0.40462943779355365 
-0.15163060288978952 0.4042874000586491 
-0.15208789170782266 0.40700564231476094 
-0.15222956496743506 0.4084801404397159 
-0.15233635254294983 0.40858344998306984 
-0.15240791425097452 0.4003582490302794 
-0.15240791425097452 0.4003582490302794 
-0.15240791425097452 0.4003582490302794 
-0.15224375310243374 0.4014669666327191 
-0.15224375310243374 0.4014669666327191 
-0.15224375310243374 0.4014669666327191 
-0.15224375310243374 0.4014669666327191 
-0.15224375310243374 0.4014669666327191 
-0.15256797860352556 0.40524519214729526 
-0.15256797860352556 0.40524519214729526 
-0.1525945187231727 0.40448376457020335 
-0.1525983054088551 0.4033791292885466 
-0.1526865838313099 0.40422329438325716 
-0.15273926355196543 0.40039192929102535 
-0.15273926355196543 0.40039192929102535 
-0.15262993136207728 0.4014673971701909 
-0.1526669995632903 0.4014042859464705 
-0.1526669995632903 0.4014042859464705 
-0.1526669995632903 0.4014042859464705 
-0.1525730796689803 0.4043684811388145 
-0.1529147128680162 0.402555305124665 
-0.1529147128680162 0.402555305124665 
-0.15265170872318853 0.4029648148422613 
-0.15261553581339185 0.40428302084585405 
-0.15267947012698974 0.40643672785767604 
-0.1527389929900388 0.40797559470766326 
-0.1527389929900388 0.40797559470766326 
-0.15282129070356404 0.4042873103061969 
-0.15290082171269792 0.4037009704765362 
-0.15308099799657254 0.4020251653054823 
-0.15308099799657254 0.4020251653054823 
-0.1530803318286875 0.401941964603519 
-0.1530803318286875 0.401941964603519 
-0.15306314926245285 0.4023304399306434 
-0.15303660821790363 0.40227631550669685 
-0.15282223923134308 0.4023322789630402 
-0.1531993730177635 0.4018297045897245 
-0.1531993730177635 0.4018297045897245 
-0.1531993730177635 0.4018297045897245 
-0.1532697570114992 0.4007038741473175 
