-0.13382867817913707 1.6499269989895866 
-0.13382867817913707 1.6499269989895866 
-0.1339619948683452 1.650041983679696 
-0.1339969722180604 1.65003553452087 
-0.1339969722180604 1.65003553452087 
-0.13405711292200784 1.6499803998181817 
-0.13405711292200784 1.6499803998181817 
-0.13405711292200784 1.6499803998181817 
-0.13405711292200784 1.6499803998181817 
-0.13413200587527102 1.6500556698025974 
-0.1341458597302267 1.6500470051042673 
-0.13416389911407628 1.650004713284923 
-0.13416389911407628 1.650004713284923 
-0.13416389911407628 1.650004713284923 
-0.13416389911407628 1.650004713284923 
-0.13417588513409978 1.6500896589335994 
-0.13417588513409978 1.6500896589335994 
-0.13428636213454115 1.6500829625906246 
-0.13497284650338864 1.650314556635968 
-0.13554369107593434 1.6503855683275723 
-0.13606917374794114 1.6504432777751556 
-0.13606917374794114 1.6504432777751556 
-0.1370404497057948 1.6503398657377717 
-0.13826239919700345 1.6497240004396596 
-0.13826239919700345 1.6497240004396596 
-0.13826239919700345 1.6497240004396596 
-0.13826239919700345 1.6497240004396596 
-0.13845015222614154 1.6497809267525274 
-0.13935857531726922 1.6501255729384738 
-0.13957560349867468 1.6455891907400215 
-0.13957560349867468 1.6455891907400215 
-0.13957560349867468 1.6455891907400215 
-0.14003893251269464 1.6428427520369981 
-0.14005996084638728 1.6381220652080035 
-0.14005996084638728 1.6381220652080035 
-0.14005996084638728 1.6381220652080035 
-0.14005996084638728 1.6381220652080035 
-0.14005996084638728 1.6381220652080035 
-0.14005996084638728 1.6381220652080035 
-0.14010940731749277 1.637544267330982 
-0.1405013642097085 1.637504737099969 
-0.1406500873884218 1.6342734142680386 
-0.14167516593242419 1.640495311490857 
-0.14167516593242419 1.640495311490857 
-0.1423871038089834 1.6204488114625166 
-0.1425912794698992 1.6284590159992705 
-0.1425912794698992 1.6284590159992705 
-0.14320371681047786 1.6237381151023453 
-0.14320371681047786 1.6237381151023453 
-0.14369567210396536 1.6087980532826822 
-0.14369567210396536 1.6087980532826822 
-0.14372524085962216 1.6095866489914903 
-0.1437622651655445 1.6091139177464724 
-0.14329065053808618 1.5904129281779482 
-0.1433400970957019 1.5871782609774507 
-0.14360192517455858 1.5470246752057233 
-0.1443911792982112 1.501853818938504 
-0.14412748870423484 1.4890786433316006 
-0.14412748870423484 1.4890786433316006 
-0.14412748870423484 1.4890786433316006 
-0.14411598107137366 1.490316397993691 
-0.14424465634002173 1.4764761568610136 
-0.14424465634002173 1.4764761568610136 
-0.14646481029154498 1.302652251475316 
-0.1469605615504835 1.2673822912363493 
-0.1469605615504835 1.2673822912363493 
-0.1469605615504835 1.2673822912363493 
-0.1469583497373002 1.267666256811067 
-0.1469583497373002 1.267666256811067 
-0.1469583497373002 1.267666256811067 
-0.1469583497373002 1.267666256811067 
-0.1469583497373002 1.267666256811067 
-0.1469583497373002 1.267666256811067 
-0.14801481589753956 1.1625784793680252 
-0.14801481589753956 1.1625784793680252 
-0.14801481589753956 1.1625784793680252 
-0.14834615172863286 1.1234128008938453 
-0.1483438012773782 1.0956983229596011 
-0.14857684833911614 1.0660699544744952 
-0.14857684833911614 1.0660699544744952 
-0.14857684833911614 1.0660699544744952 
-0.14977743079565506 0.8995674199055275 
-0.1497829521723967 0.8987566661154911 
-0.1497829521723967 0.8987566661154911 
-0.14980009264143734 0.9013309368631472 
-0.14980009264143734 0.9013309368631472 
-0.150420504290315 0.6992369346978222 
-0.1501047738646574 0.6920469096226808 
-0.15027088294373636 0.6513957539023534 
-0.15027088294373636 0.6513957539023534 
-0.15018790442922123 0.6518278463323324 
-0.15018790442922123 0.6518278463323324 
-0.1503201033430556 0.6538622380651092 
-0.1503201033430556 0.6538622380651092 
-0.1503201033430556 0.6538622380651092 
-0.15038268485218953 0.6476295573555296 
-0.15038268485218953 0.6476295573555296 
-0.15038268485218953 0.6476295573555296 
-0.1513239807146896 0.5616220380750006 
-0.15212031627619496 0.5291389911241818 
-0.15212031627619496 0.5291389911241818 
-0.15196843680854996 0.49148475775972983 
-0.15196843680854996 0.49148475775972983 
-0.15196843680854996 0.49148475775972983 
-0.1521811889998145 0.4396498677943529 
-0.15213269125329193 0.44275362714270755 
-0.15209947108065394 0.44145258484523037 
-0.1522049560277888 0.4445003776099184 
-0.15232929492501524 0.4446299681614883 
-0.15232929492501524 0.4446299681614883 
-0.15235776239452387 0.45053037072414004 
-0.15235776239452387 0.45053037072414004 
-0.15242687337419814 0.443203572155091 
-0.15237847548199648 0.4407102745066938 
-0.15243939505787876 0.4389851328310173 
-0.15240936516625145 0.4453295586512968 
-0.15257728239983498 0.43966994151882566 
-0.15257728239983498 0.43966994151882566 
-0.15255661292162187 0.43947365680262573 
-0.15240461159966692 0.4324640830294159 
-0.15239302744126368 0.4294053219154341 
-0.15239302744126368 0.4294053219154341 
-0.15239302744126368 0.4294053219154341 
-0.15239302744126368 0.4294053219154341 
-0.1523155909090008 0.4304160283225834 
-0.1523155909090008 0.4304160283225834 
-0.1523155909090008 0.4304160283225834 
-0.15245217291607388 0.42763538837976545 
-0.152415069466422 0.42248942781541315 
-0.152415069466422 0.42248942781541315 
-0.15225218868046778 0.4182227953437417 
-0.15221863718649198 0.42009362311421156 
-0.15228971921726264 0.40454849647877594 
-0.15228971921726264 0.40454849647877594 
-0.15228971921726264 0.40454849647877594 
-0.15260919968231793 0.4002261268629202 
-0.15260919968231793 0.4002261268629202 
-0.15260919968231793 0.4002261268629202 
-0.15260919968231793 0.4002261268629202 
-0.15260919968231793 0.4002261268629202 
-0.15263724299966575 0.4001862578072177 
-0.15247540127064305 0.40046692982393917 
-0.15247540127064305 0.40046692982393917 
-0.15258397438384663 0.4000384588284828 
-0.15258397438384663 0.4000384588284828 
-0.1525317153169687 0.4001551295542058 
-0.1525317153169687 0.4001551295542058 
-0.1525317153169687 0.4001551295542058 
-0.1525317153169687 0.4001551295542058 
-0.1525317153169687 0.4001551295542058 
-0.1525318965264886 0.4000749892613897 
-0.1525318965264886 0.4000749892613897 
-0.1525318965264886 0.4000749892613897 
-0.1525318965264886 0.4000749892613897 
-0.1525318965264886 0.4000749892613897 
-0.1525318965264886 0.4000749892613897 
-0.1525318965264886 0.4000749892613897 
-0.1525318965264886 0.4000749892613897 
-0.15240637982473898 0.4041906300584454 
-0.15242805289240918 0.4001565832609731 
-0.15242805289240918 0.4001565832609731 
-0.15242805289240918 0.4001565832609731 
-0.15242805289240918 0.4001565832609731 
-0.15242805289240918 0.4001565832609731 
-0.15242805289240918 0.4001565832609731 
-0.15242805289240918 0.4001565832609731 
-0.15245277195763174 0.4005090491411461 
-0.15275118553813613 0.40106879781470967 
-0.1529516246431972 0.4002408035470895 
-0.15293684359207557 0.4012136673595789 
-0.15257349454716485 0.4053298836922274 
-0.152583794145817 0.4093370510415937 
-0.15257302869202846 0.4090145085080601 
-0.15257302869202846 0.4090145085080601 
-0.15206350878036515 0.4144903858379554 
-0.15206804035264102 0.4146459941635059 
-0.152234240734159 0.4139511860290033 
-0.15222950602642957 0.413807977350428 
-0.1521362139822742 0.4221314280523702 
-0.15212335944375144 0.41687018750517135 
-0.15206184092613043 0.41504297315705624 
-0.15192604305515245 0.4154722375122497 
-0.15118467473944033 0.4114319948099536 
-0.15124241763426302 0.41129005428884613 
-0.15124241763426302 0.41129005428884613 
-0.15124241763426302 0.41129005428884613 
-0.15124241763426302 0.41129005428884613 
-0.15124241763426302 0.41129005428884613 
-0.15191229092084482 0.4095967592531202 
-0.15170192943920452 0.40600492648609693 
-0.15215646607050878 0.40392027674057573 
-0.15215646607050878 0.40392027674057573 
-0.15215646607050878 0.40392027674057573 
-0.15225649862018387 0.40488048044372915 
-0.15234415219286973 0.4045645486148818 
-0.1526996194548993 0.4033670165344056 
-0.15293953061128204 0.40354551685594825 
-0.1532826700736478 0.40293577358818716 
-0.15298131909593182 0.4121145984747203 
-0.15311894891899655 0.4149900737322786 
-0.15311894891899655 0.4149900737322786 
-0.1530839893110623 0.41570108435751413 
-0.15355538074902378 0.40027354734852433 
-0.15355538074902378 0.40027354734852433 
-0.15355538074902378 0.40027354734852433 
-0.1535658094054383 0.40011007771992857 
-0.1535658094054383 0.40011007771992857 
-0.1532802181902509 0.4054368467374529 
-0.15328266810235258 0.40530674930853067 
-0.15328266810235258 0.40530674930853067 
-0.15328266810235258 0.40530674930853067 
-0.15328266810235258 0.40530674930853067 
-0.15328266810235258 0.40530674930853067 
-0.15328266810235258 0.40530674930853067 
-0.15344631503439715 0.40422434054445916 
-0.15344631503439715 0.40422434054445916 
-0.15344631503439715 0.40422434054445916 
-0.15289111671382752 0.4058624006455121 
-0.15289111671382752 0.4058624006455121 
-0.1527813447302547 0.4007174249021633 
-0.15275987283937198 0.4014207095949478 
-0.1527149613642334 0.40289702113597853 
-0.15296565371619852 0.40357087127993446 
-0.15296565371619852 0.40357087127993446 
-0.1528113015284046 0.4035800865436133 
-0.15259512271682202 0.40401394326131645 
-0.15259512271682202 0.40401394326131645 
-0.15247562924987282 0.40384050229629065 
-0.15247562924987282 0.40384050229629065 
-0.15247562924987282 0.40384050229629065 
-0.15288489791691584 0.4040693449306811 
-0.15269819244580496 0.4044300368372658 
-0.15269819244580496 0.4044300368372658 
-0.15269819244580496 0.4044300368372658 
-0.15308732438317013 0.4048263560808384 
-0.15308732438317013 0.4048263560808384 
-0.15326017469309197 0.4045217333895152 
-0.15326139880291248 0.4045914019710832 
-0.1526213224055481 0.4036397528609852 
-0.1526213224055481 0.4036397528609852 
-0.15262363007336957 0.4036623567816903 
-0.1527568567594082 0.4020715597445134 
-0.1527568567594082 0.4020715597445134 
-0.15276938591380246 0.4021159455467618 
-0.15275239341343105 0.4030288325830888 
-0.1528055177192785 0.4008688017757239 
-0.1528055177192785 0.4008688017757239 
-0.1528055177192785 0.4008688017757239 
-0.15278309981963856 0.40100147985597195 
-0.15278309981963856 0.40100147985597195 
-0.15278309981963856 0.40100147985597195 
-0.15278309981963856 0.40100147985597195 
-0.1526417399407577 0.40284038244232584 
-0.1526417399407577 0.40284038244232584 
-0.15264349990430648 0.40284261970121654 
-0.15264349990430648 0.40284261970121654 
-0.15264349990430648 0.40284261970121654 
-0.15264349990430648 0.40284261970121654 
-0.15264349990430648 0.40284261970121654 
-0.15292501835290526 0.40058339354314826 
-0.15277462856916688 0.4041921250297754 
-0.15294639647540573 0.40036846740469223 
-0.15294639647540573 0.40036846740469223 
-0.15294639647540573 0.40036846740469223 
-0.15256928360668065 0.4001831050265487 
-0.15256928360668065 0.4001831050265487 
-0.15256928360668065 0.4001831050265487 
-0.15256928360668065 0.4001831050265487 
-0.15256928360668065 0.4001831050265487 
-0.15267291908205677 0.4027352060950823 
-0.15267291908205677 0.4027352060950823 
-0.15267291908205677 0.4027352060950823 
-0.15277697750406458 0.40008503011317664 
-0.15280109588488275 0.4000247342038548 
-0.15280109588488275 0.4000247342038548 
-0.15280109588488275 0.4000247342038548 
-0.15280109588488275 0.4000247342038548 
-0.15280161984635315 0.40006183190443306 
-0.1527369157943826 0.4003443635006104 
-0.1527369157943826 0.4003443635006104 
-0.1527369157943826 0.4003443635006104 
-0.1527369157943826 0.4003443635006104 
-0.15276409567556098 0.40086164742604535 
-0.15276409567556098 0.40086164742604535 
-0.15276409567556098 0.40086164742604535 
-0.15276409567556098 0.40086164742604535 
-0.15276409567556098 0.40086164742604535 
-0.15276409567556098 0.40086164742604535 
-0.15276409567556098 0.40086164742604535 
-0.15276409567556098 0.40086164742604535 
-0.15276879666168716 0.40155573759480384 
-0.15276879666168716 0.40155573759480384 
-0.15276879666168716 0.40155573759480384 
-0.15276066658225373 0.40157564043294375 
-0.1526832578682871 0.4008949329242545 
-0.1526832578682871 0.4008949329242545 
-0.1526832578682871 0.4008949329242545 
-0.1526832578682871 0.4008949329242545 
-0.15270492379958422 0.4013962927315978 
-0.15266683111228282 0.40152935370919074 
