-0.13413068700088843 1.6498644453423197 
-0.1342926963100292 1.6496680578121923 
-0.1342926963100292 1.6496680578121923 
-0.1342926963100292 1.6496680578121923 
-0.13440676164692403 1.6496568024852805 
-0.1348992248020124 1.6494992571752074 
-0.13541725912990307 1.64907524521284 
-0.13564508829703537 1.6489127251721838 
-0.13616851033910554 1.6485701300501814 
-0.13616851033910554 1.6485701300501814 
-0.13656729540342075 1.6482045531283571 
-0.13656729540342075 1.6482045531283571 
-0.13656729540342075 1.6482045531283571 
-0.13656729540342075 1.6482045531283571 
-0.13656729540342075 1.6482045531283571 
-0.13656729540342075 1.6482045531283571 
-0.13730260730901162 1.647789303512127 
-0.1363748433423285 1.6493358851509992 
-0.1363748433423285 1.6493358851509992 
-0.1362594014174084 1.6499090565017067 
-0.1363276095188299 1.6485109912187352 
-0.13724424916317482 1.6477380280809948 
-0.13645399547446052 1.6485389047389625 
-0.13643972512130673 1.648547745246078 
-0.13687585876120573 1.6457638487656991 
-0.13687585876120573 1.6457638487656991 
-0.1369079070491878 1.645927622049335 
-0.13674716721114893 1.6466806104159153 
-0.13674716721114893 1.6466806104159153 
-0.13674716721114893 1.6466806104159153 
-0.13674716721114893 1.6466806104159153 
-0.13656034665479141 1.642423853302253 
-0.13656034665479141 1.642423853302253 
-0.13643412768942273 1.6213494448917032 
-0.13661515693844833 1.6012896515522124 
-0.13661515693844833 1.6012896515522124 
-0.1367101951634007 1.6065501213962297 
-0.13665028542136107 1.5977334139691561 
-0.13665028542136107 1.5977334139691561 
-0.13647007167103556 1.5844077591379337 
-0.136621325051038 1.5636800030764624 
-0.1364579407431552 1.5417580396837463 
-0.13654476823623518 1.5281327140273442 
-0.13680765191678668 1.4834803937215268 
-0.13680765191678668 1.4834803937215268 
-0.13678384544786404 1.4734654475716793 
-0.13709664213840478 1.4112223759273448 
-0.13709664213840478 1.4112223759273448 
-0.13769828400641118 1.318584586283789 
-0.13777022376903436 1.2995714546009536 
-0.13879378550565313 1.0903087836377954 
-0.13879378550565313 1.0903087836377954 
-0.13879378550565313 1.0903087836377954 
-0.13899636757485562 1.0088388943847515 
-0.13969847108012354 0.8299525977908413 
-0.13969847108012354 0.8299525977908413 
-0.13969847108012354 0.8299525977908413 
-0.13969847108012354 0.8299525977908413 
-0.13969847108012354 0.8299525977908413 
-0.13969847108012354 0.8299525977908413 
-0.13969847108012354 0.8299525977908413 
-0.13969847108012354 0.8299525977908413 
-0.13969847108012354 0.8299525977908413 
-0.13955336046960437 0.8877309697614206 
-0.13955336046960437 0.8877309697614206 
-0.13970778095947278 0.868474860757727 
-0.14035342692697442 0.859012104424582 
-0.14035342692697442 0.859012104424582 
-0.14035342692697442 0.859012104424582 
-0.1403365525354058 0.8602508478840919 
-0.1403365525354058 0.8602508478840919 
-0.1403365525354058 0.8602508478840919 
-0.1403365525354058 0.8602508478840919 
-0.1403365525354058 0.8602508478840919 
-0.1403365525354058 0.8602508478840919 
-0.1403365525354058 0.8602508478840919 
-0.1403365525354058 0.8602508478840919 
-0.1403365525354058 0.8602508478840919 
-0.1403365525354058 0.8602508478840919 
-0.14057394425915604 0.8577823590104756 
-0.14057394425915604 0.8577823590104756 
-0.14057394425915604 0.8577823590104756 
-0.14102291346778337 0.8506150898567684 
-0.14102291346778337 0.8506150898567684 
-0.14102291346778337 0.8506150898567684 
-0.14102291346778337 0.8506150898567684 
-0.14102291346778337 0.8506150898567684 
-0.14102291346778337 0.8506150898567684 
-0.14115855777422404 0.8400793779613643 
-0.14145993537702403 0.8460644356047401 
-0.14149431354736589 0.842674505883568 
-0.14157990766408304 0.8502681714985967 
-0.14157990766408304 0.8502681714985967 
-0.14157990766408304 0.8502681714985967 
-0.14157990766408304 0.8502681714985967 
-0.14157451281364447 0.8499521610515527 
-0.14159883630747097 0.8490386571093786 
-0.14169535413250317 0.8541887737536553 
-0.14169651709256098 0.8536352411208022 
-0.14169939303675005 0.8536198637118718 
-0.14168018536678464 0.8534132003811213 
-0.14168018536678464 0.8534132003811213 
-0.14168018536678464 0.8534132003811213 
-0.14158461836907701 0.8481979389946073 
-0.14158461836907701 0.8481979389946073 
-0.14170781730295873 0.8422628055693835 
-0.1419836275734044 0.8504852828313336 
-0.1419887170670963 0.8519456021399541 
-0.14145901765792016 0.8569412130424747 
-0.14145901765792016 0.8569412130424747 
-0.14144271418749277 0.8625148079053783 
-0.14143073488422522 0.8495987598528745 
-0.14143073488422522 0.8495987598528745 
-0.14141569235521784 0.8542280323712166 
-0.14141569235521784 0.8542280323712166 
-0.1413912827140135 0.8606302225657719 
-0.14134840854200093 0.8534835704616457 
-0.14134840854200093 0.8534835704616457 
-0.14136819161642292 0.8526856064936822 
-0.14154012149053205 0.8554210214788723 
-0.14152838817099692 0.8518922650223779 
-0.1416674630172734 0.8571070482040064 
-0.1416674630172734 0.8571070482040064 
-0.14171350980207328 0.8531347814199589 
-0.1415743668401908 0.8686237801617954 
-0.14163159459596175 0.8783963227092693 
-0.14163159459596175 0.8783963227092693 
-0.14173381861146087 0.8688610476270088 
-0.14173381861146087 0.8688610476270088 
-0.14173381861146087 0.8688610476270088 
-0.14173381861146087 0.8688610476270088 
-0.14173381861146087 0.8688610476270088 
-0.1417368607578598 0.8588665128426842 
-0.1418305614716538 0.8568364392192512 
-0.1418305614716538 0.8568364392192512 
-0.142009328530771 0.8613982269009028 
-0.1417858639685822 0.855695845868779 
-0.14177351375697358 0.8822840429151911 
-0.14154781244572412 0.8638744072223814 
-0.14157114868248244 0.8551699072703166 
-0.14157114868248244 0.8551699072703166 
-0.1414499213234304 0.8739747482782373 
-0.141444483037415 0.8738570408489827 
-0.14145050926707686 0.8724875327873209 
-0.14142353372721536 0.8643079714208622 
-0.1413932809136558 0.8546157792490439 
-0.1413932809136558 0.8546157792490439 
-0.14091605904191523 0.8685288936559207 
-0.14124599596180462 0.8579918339361113 
-0.1411793261615858 0.8615270713455633 
-0.14117588030363645 0.8604017618659008 
-0.1411865742039784 0.8606583189174655 
-0.1414841712000426 0.8431928776535087 
-0.1414657365509722 0.8435793890391218 
-0.14134056352913316 0.8495501474668601 
-0.14128765534859367 0.8516294987836754 
-0.1413284429419397 0.8474701114419293 
-0.14165575221691085 0.8405346052763701 
-0.1420649852227252 0.8441954022432098 
-0.1420649852227252 0.8441954022432098 
-0.1420848118127705 0.8400467758446151 
-0.1420848118127705 0.8400467758446151 
-0.1422323508963944 0.836398943173055 
-0.14206756718386948 0.8371942912514593 
-0.14204814146387 0.8382790879668497 
-0.14222086485247604 0.830768377152796 
-0.14222086485247604 0.830768377152796 
-0.14198029787951508 0.8320261497613877 
-0.14192663485836293 0.8399891917516427 
-0.14220666210015875 0.8430402157760124 
-0.14220666210015875 0.8430402157760124 
-0.14231048867675605 0.8396040313216947 
-0.14259445290377112 0.8431959068917044 
-0.14271647107610883 0.8389382551517656 
-0.14234182569655357 0.8562162552607556 
-0.14252820355699444 0.8563015004642077 
-0.14252820355699444 0.8563015004642077 
-0.1424058636519607 0.8479934507514489 
-0.14210154682070827 0.850325454386622 
-0.14206982293875475 0.8491625717933016 
-0.14207706544130552 0.8492959503626162 
-0.1421634568700969 0.8476542157025835 
-0.14218573436784165 0.8487695672774022 
-0.14222763942513378 0.8496898676725313 
-0.14246663796803 0.8526567492443039 
-0.1423257177392127 0.8507642282819026 
-0.14234884738674963 0.8508628089724782 
-0.14227961220983348 0.8444032386469755 
-0.14236284566843804 0.8486856428408167 
-0.14236284566843804 0.8486856428408167 
-0.14236284566843804 0.8486856428408167 
-0.14236284566843804 0.8486856428408167 
-0.14236284566843804 0.8486856428408167 
-0.14207429493210222 0.8448457727154971 
-0.14208376189607747 0.8435087516408305 
-0.14211509500199238 0.8459402823651246 
-0.14211509500199238 0.8459402823651246 
-0.14214880154177437 0.8464190592755886 
-0.14214880154177437 0.8464190592755886 
-0.14214880154177437 0.8464190592755886 
