0.17912010155909236 0.1069886536673399 
0.1670822179512982 0.1096811316651995 
0.15276301371796794 0.1408842055304928 
0.15276301371796794 0.1408842055304928 
0.15276301371796794 0.1408842055304928 
0.17007273204085316 0.13567058352848738 
0.17007273204085316 0.13567058352848738 
0.16998145290292252 0.13406979164299143 
0.17529687201119482 0.13137134736382072 
0.17529687201119482 0.13137134736382072 
0.17529687201119482 0.13137134736382072 
0.18130717578972497 0.12982529068488668 
0.16775800104390048 0.14981198911047783 
0.09648212075700591 0.20741150064224284 
0.09648212075700591 0.20741150064224284 
0.09648212075700591 0.20741150064224284 
0.06626157752637343 0.16005538093336902 
0.0670478939872155 0.19158606924899954 
0.0670478939872155 0.19158606924899954 
0.12260764021047296 0.18723945694307154 
0.1539819275713926 0.19669974707924023 
0.17015251604789483 0.17405137684506283 
0.15286184722308577 0.1532963807158866 
0.15299114502538413 0.15430998259489848 
0.17680047593534426 0.14333427003965848 
0.17766245370325845 0.13642283938743582 
0.17766245370325845 0.13642283938743582 
0.17766245370325845 0.13642283938743582 
0.17436333318194958 0.1353476003041573 
0.17436333318194958 0.1353476003041573 
0.17436333318194958 0.1353476003041573 
0.17436333318194958 0.1353476003041573 
0.1652311851731022 0.13439320302935623 
0.1652311851731022 0.13439320302935623 
0.14856756984904174 0.15094641315803708 
0.17260636155887785 0.15481545414181022 
0.16464184921788869 0.16928799575703718 
0.08191846274696728 0.18959918181463462 
0.1395815915736489 0.1821727415344307 
0.10967196310293362 0.20178653342435926 
0.10967196310293362 0.20178653342435926 
0.11147688433421701 0.20588631628632884 
0.08277504449840642 0.17992246976971893 
0.11096247860834223 0.18411621613215912 
0.16173459020253259 0.18285131657237375 
0.1052717839037051 0.19144963328535483 
0.0978362102809153 0.21044406647307518 
0.0958176227539004 0.21303364715163498 
0.11184470935280143 0.2307262501799744 
0.11677051264071346 0.23958777829155248 
0.11934961827559262 0.23759271257331574 
0.11934961827559262 0.23759271257331574 
0.11584210349196353 0.23472714289001675 
0.11584210349196353 0.23472714289001675 
0.11324461829157344 0.22773834517914357 
0.11324461829157344 0.22773834517914357 
0.117733257086961 0.22391087244322003 
0.1044662759424676 0.21533557521814395 
0.13655124820170966 0.17763191128927977 
0.11445849436110947 0.19101850506706594 
0.12000368197967817 0.2009123769811515 
0.17059538904110882 0.17058020343404398 
0.11504772315936156 0.16838765466977038 
0.10677622679597668 0.15576289660045367 
0.17306106757135573 0.20786602263320925 
0.17306106757135573 0.20786602263320925 
0.17362933538403463 0.20484943725092208 
0.1681153837676176 0.16585663704480383 
0.07153526934013066 0.1974987200455668 
0.1038223103312855 0.16661146951960107 
0.1719280356844145 0.17808048798772882 
0.14528795028146135 0.19703289178080205 
0.07500770568739774 0.15412750915568607 
0.08647170473951621 0.19330439737513433 
0.06509764778087203 0.16157051384741164 
0.06059167707858201 0.1502584793548498 
0.1664733271973222 0.18349315212545125 
0.14625644409559266 0.17382646401666182 
0.06360224253424512 0.1772637198472106 
0.06670952307605447 0.22304147302640842 
0.06670952307605447 0.22304147302640842 
0.07048522615462409 0.20255716168942767 
0.07018329071814397 0.20147749886199612 
0.0696298644585738 0.2017470672765758 
0.11031321924720579 0.16649465138723205 
0.13569670974547937 0.16171607005525618 
0.13206694871594782 0.12556559490859628 
0.14170110397400326 0.11626469727732117 
0.08357056601668257 0.1875988638705971 
0.16517412698079262 0.16036776257479762 
0.16118096001563603 0.2197312508860405 
0.16118096001563603 0.2197312508860405 
0.1785702111523987 0.19743769832220073 
0.1785702111523987 0.19743769832220073 
0.12931444024768543 0.16922275606319928 
0.06398762262450508 0.22882844902922203 
0.06398762262450508 0.22882844902922203 
0.06398762262450508 0.22882844902922203 
0.06355301763736901 0.22870718865989959 
0.06355301763736901 0.22870718865989959 
0.06480071642408256 0.22893663568152867 
0.06465752897016691 0.2538325856230243 
0.06465752897016691 0.2538325856230243 
0.06465752897016691 0.2538325856230243 
0.06465752897016691 0.2538325856230243 
0.06465752897016691 0.2538325856230243 
0.06465752897016691 0.2538325856230243 
0.06465752897016691 0.2538325856230243 
0.06465752897016691 0.2538325856230243 
0.06465752897016691 0.2538325856230243 
0.08368227895096302 0.2233119400142112 
0.07241322602505394 0.20242706356245813 
0.14288690333100948 0.14866172417849077 
0.13299963886410732 0.14206902780085728 
0.13299963886410732 0.14206902780085728 
0.1452740072784901 0.14346884439435886 
0.1452740072784901 0.14346884439435886 
0.1452740072784901 0.14346884439435886 
0.14912955810617393 0.1155255524982278 
0.13568333793371973 0.13958450913332612 
0.1686048165903014 0.19170459491741526 
0.10923855528125023 0.17082819887203096 
0.16506526847552386 0.19240042826397338 
0.08390332059388868 0.17909210991228458 
0.13929988980189173 0.17065767174857843 
0.08471168916146263 0.17511140002614473 
0.060538909786332605 0.1813889566563314 
0.16809342976677782 0.19916118960150145 
0.14281833749120665 0.14131541305324358 
0.11660243432884214 0.12680297031490456 
0.11660243432884214 0.12680297031490456 
0.11660243432884214 0.12680297031490456 
0.11660243432884214 0.12680297031490456 
0.11911398514342482 0.1203208170307554 
0.11911398514342482 0.1203208170307554 
0.11911398514342482 0.1203208170307554 
0.12462961789929093 0.13410732163319358 
0.12956392027092317 0.11586330587024686 
0.12956392027092317 0.11586330587024686 
0.13214945462142613 0.09946054277873163 
0.14866740430769537 0.11468641557052503 
0.14866740430769537 0.11468641557052503 
0.14866740430769537 0.11468641557052503 
0.15218807022445027 0.12255254315594105 
0.15636128120397716 0.12744309626075082 
0.15636128120397716 0.12744309626075082 
0.15813208331118384 0.10573231255677307 
0.14247582069325584 0.12362928001220924 
0.13599999099533644 0.09876964755727885 
0.13599999099533644 0.09876964755727885 
0.138135352846673 0.09442911354836402 
0.138135352846673 0.09442911354836402 
0.11498600314455279 0.18097202915875177 
0.07994962843271765 0.17172035393336324 
0.16887024170172682 0.1919543004089667 
0.11260640100805876 0.18242542897089015 
0.15145551761061068 0.17886540015195002 
0.16925782610713447 0.18186839531664414 
0.08658563058856748 0.159805318653978 
0.08594421386159785 0.1479011560020139 
0.08421193221926046 0.14608460855081265 
0.08421193221926046 0.14608460855081265 
0.06317925223900116 0.14051457776010973 
0.06329425566489688 0.1404474374334489 
0.06361567089095235 0.14079131112225401 
0.06361567089095235 0.14079131112225401 
0.06210993943258221 0.13603948587256975 
0.06210993943258221 0.13603948587256975 
0.06738489737528633 0.14463058657866884 
0.06738489737528633 0.14463058657866884 
0.06756276000060238 0.14086131211867323 
0.06756276000060238 0.14086131211867323 
0.06756276000060238 0.14086131211867323 
0.06756276000060238 0.14086131211867323 
0.06756276000060238 0.14086131211867323 
0.06756276000060238 0.14086131211867323 
0.07340803779428258 0.15393644158329864 
0.07372369155052277 0.1540086592760547 
0.09960070110600219 0.1855877633462198 
0.16164639586733764 0.19253526326984924 
0.06274357939241514 0.19103408363310045 
0.07820741232622576 0.2153119812229415 
0.0820690109664237 0.2098845423812123 
0.06815011284966514 0.15003305278909382 
0.06815011284966514 0.15003305278909382 
0.07162735180434604 0.14699012464325625 
0.07162735180434604 0.14699012464325625 
0.06356381239920719 0.1887046614714353 
0.10259971159499179 0.2113683528971837 
0.10021127552739967 0.21160083020161724 
0.0986109557769072 0.20862547495490785 
0.11294538709973795 0.2018181488230499 
0.16132929505207205 0.1840194043284026 
0.14521409964015897 0.18354587654010907 
0.17391282777297998 0.160074392424416 
0.10867547543052715 0.19064620886266456 
0.07311432292052514 0.181905837433176 
0.1706207590101514 0.21296444863443284 
0.17873458934328385 0.2216284421434915 
0.1804918400916734 0.22318293682854534 
0.1804918400916734 0.22318293682854534 
0.17360872845544623 0.21053365557256276 
0.17360872845544623 0.21053365557256276 
0.17360872845544623 0.21053365557256276 
0.07111058170809548 0.20204958736215278 
0.1426853985612812 0.17631258060871657 
0.0708512950273987 0.18229968957099524 
0.1228546981687394 0.2049635006741533 
0.10125822213903221 0.20056877133193668 
0.10099693397152507 0.200705305432846 
0.10926859231011551 0.24332594607026833 
0.11523306012538315 0.21705185622367118 
0.1341971038746498 0.16056480234514434 
0.14267110653044257 0.13492431467965782 
0.13643377578705204 0.14069086870294 
0.13643377578705204 0.14069086870294 
0.13464807477713017 0.13582081251783118 
0.13609050095465006 0.13841745411778486 
0.12169693426223786 0.13680711307370907 
0.12274960517766464 0.1346140463223715 
0.12274960517766464 0.1346140463223715 
0.13564640124572003 0.12824875577315237 
0.13564640124572003 0.12824875577315237 
0.13117419889997403 0.1386167986798155 
0.1489068994300032 0.17127038448947207 
0.11964612283275829 0.1801649002332822 
0.1283579230107444 0.19666532220025545 
0.1545705364083729 0.1630953028117909 
0.14687912686581642 0.1919704054121691 
0.16955640392459287 0.15273918877017115 
0.1751369449261845 0.13379776263331822 
0.17090994262789422 0.13809895275175568 
0.174209644723532 0.13599791896803498 
0.11066387944436204 0.15127276400629017 
0.12047968454280149 0.15014563113499066 
0.13152062093202405 0.14374035381682287 
0.13152062093202405 0.14374035381682287 
0.11158454123635449 0.19970081831908723 
0.1301684933471114 0.2042034941394793 
0.16342907030094778 0.18645252689774508 
0.0872446306299744 0.18208729080289743 
0.11038148251761892 0.23806739426327972 
0.08366640037244964 0.20419016329699907 
0.08366640037244964 0.20419016329699907 
0.1773352600985109 0.17782182747720277 
0.08819464195122606 0.1925093951301975 
0.14714638073773184 0.17752278303468583 
0.1542736646160068 0.17763355361462485 
0.11176998126856026 0.15483905614276533 
0.17483788815486187 0.2008792450843832 
0.17483788815486187 0.2008792450843832 
0.17483788815486187 0.2008792450843832 
0.17483788815486187 0.2008792450843832 
0.1770196578065702 0.2027980705903873 
0.18001389801823828 0.2489917939527869 
0.18001389801823828 0.2489917939527869 
0.18001389801823828 0.2489917939527869 
0.18001389801823828 0.2489917939527869 
0.18001389801823828 0.2489917939527869 
0.18001389801823828 0.2489917939527869 
0.18001389801823828 0.2489917939527869 
0.18001389801823828 0.2489917939527869 
0.16252293748747798 0.23294546201911268 
0.16252293748747798 0.23294546201911268 
0.15605863013974255 0.22873370907503543 
0.15605863013974255 0.22873370907503543 
0.16612892469409984 0.23791584491795867 
0.16612892469409984 0.23791584491795867 
0.16612240702199718 0.23789748047494064 
0.16612240702199718 0.23789748047494064 
0.17234759157150026 0.23650265450656746 
0.179224293436047 0.24661088646780283 
0.16446999685180236 0.245805447830143 
0.16446999685180236 0.245805447830143 
0.17201091843912375 0.2465206518697022 
0.17356110151223275 0.24632578914876355 
0.17364247613217162 0.2457287169558757 
0.17364247613217162 0.2457287169558757 
0.17364247613217162 0.2457287169558757 
0.17364247613217162 0.2457287169558757 
0.1744009916486666 0.24910377208299606 
0.1744009916486666 0.24910377208299606 
0.1744009916486666 0.24910377208299606 
0.1744009916486666 0.24910377208299606 
0.17401634986219697 0.24237184348068386 
0.17198719466564505 0.2253666322551781 
0.17366229902408115 0.2265382284681239 
0.17366229902408115 0.2265382284681239 
0.17366229902408115 0.2265382284681239 
0.17366229902408115 0.2265382284681239 
0.0649768406741714 0.21112715300932342 
0.10048997791224658 0.214725607934781 
0.10233624189592666 0.22872758513497485 
0.0885452531862786 0.23588954997664574 
0.1123524808308689 0.23218484654361973 
0.13024766610515232 0.25498793253033103 
0.12090061065868202 0.23476973781936314 
0.12090061065868202 0.23476973781936314 
0.12090061065868202 0.23476973781936314 
0.12090061065868202 0.23476973781936314 
0.12090061065868202 0.23476973781936314 
0.11278723307511436 0.24681643923081809 
0.11278723307511436 0.24681643923081809 
0.11278723307511436 0.24681643923081809 
0.11278723307511436 0.24681643923081809 
0.1177844020573166 0.24803946540222385 
0.11881326495291597 0.23982627060363929 
0.11881326495291597 0.23982627060363929 
0.1190171452406899 0.24119508836999698 
0.12864605923965083 0.24023949227556093 
0.122904139393534 0.21872226745926876 
0.12271690765213454 0.21627777277111626 
0.12271690765213454 0.21627777277111626 
0.08701521444365375 0.16058611957928215 
0.06990706706499011 0.15673440016050083 
0.11818271461503047 0.19835828078771664 
0.15810191448525945 0.23076816010919698 
0.15999501327828144 0.24347310692451668 
0.17287471983964983 0.25624031135448133 
0.17287471983964983 0.25624031135448133 
0.17287471983964983 0.25624031135448133 
0.14794421791162277 0.16963109128511325 
0.1527863205832335 0.18749153621820183 
0.12025944286705954 0.16918742887419164 
0.14432491138641332 0.16109109032904576 
0.12978114767995066 0.18806288927717535 
0.14870238105437855 0.17633452235103322 
0.1761259531672385 0.1923459689925968 
0.16911045966365928 0.20359156980098042 
0.14438981674637993 0.1831651604179164 
0.12500926084968103 0.14189658794098092 
0.12500926084968103 0.14189658794098092 
0.12500926084968103 0.14189658794098092 
0.12500926084968103 0.14189658794098092 
0.12500926084968103 0.14189658794098092 
0.12529798992095892 0.14181213769920784 
0.12529798992095892 0.14181213769920784 
0.12529798992095892 0.14181213769920784 
0.12529798992095892 0.14181213769920784 
0.10131177017113266 0.11655313312117652 
0.10164616572612004 0.11890092401475716 
0.10346941861179577 0.1272569408891519 
0.11804958024493598 0.12740853086116768 
0.11576906086370176 0.1291263943998053 
0.11467504541061768 0.13355198764777293 
0.11467504541061768 0.13355198764777293 
0.09228565761569357 0.18891135344035762 
0.10506066491534463 0.199951653314751 
0.08436810689885316 0.17794586787999275 
0.1583736376778554 0.1574858534862908 
0.11288167054141865 0.1974824317369264 
0.08666738618090239 0.21089919054462986 
0.12349752801796533 0.17423550037438887 
0.14188299206316926 0.21136302328656958 
0.1730384587623348 0.23933487473789022 
0.1730384587623348 0.23933487473789022 
0.1730384587623348 0.23933487473789022 
0.1730384587623348 0.23933487473789022 
0.17591710559901752 0.24281106375381079 
0.17591710559901752 0.24281106375381079 
0.17591710559901752 0.24281106375381079 
0.17591710559901752 0.24281106375381079 
0.17591710559901752 0.24281106375381079 
0.17591710559901752 0.24281106375381079 
0.17591710559901752 0.24281106375381079 
0.17549721223289613 0.2508351949222361 
0.13098441029177268 0.20650112436551635 
0.1399837639124438 0.20883506093448062 
0.15401943482815925 0.21504703643537704 
0.07695664619131186 0.20930038892720151 
0.15798679705822588 0.20403210345349337 
0.15798679705822588 0.20403210345349337 
0.15798679705822588 0.20403210345349337 
0.1673835189027057 0.15302910953429957 
0.16082554031377067 0.1531078650765472 
0.06165835738919864 0.1985512163524728 
0.08461183807552364 0.1581240752442253 
0.1758435016398276 0.18578144692619414 
0.06803049462108035 0.17627090479428745 
0.1330970654878931 0.1690630543074038 
0.15321058304061663 0.19643031994773302 
0.15321058304061663 0.19643031994773302 
0.10136504248241189 0.20310257669118315 
0.10330383195064512 0.20091569339758267 
0.11978767454129792 0.17375209209014544 
0.1280845552995893 0.20031091469236145 
0.12121079465850795 0.2465946657066581 
0.12121079465850795 0.2465946657066581 
0.12002108122435555 0.24918159936234402 
0.12897964351353092 0.24436699408101306 
0.1139562528226121 0.20457041841422838 
0.08243369296805793 0.22410010436423716 
0.10080708945482461 0.17358892161377043 
0.14279168174547474 0.16657515164312275 
0.138786712283346 0.18006495457874877 
0.16890742459319663 0.1799948246904873 
0.15261931810930407 0.16331010481477762 
0.10705419484820525 0.22941729087954751 
0.10705419484820525 0.22941729087954751 
0.09147670770070773 0.20246406559773697 
0.1184656734872448 0.1936590424861638 
0.08574168245926495 0.19550007427429075 
0.06418788079770066 0.20041292782397277 
0.06974382488172876 0.19783699343032907 
0.07467795491812171 0.18150256810465046 
0.1404248814943007 0.19057196122676162 
0.086543537060265 0.198355260115384 
0.086543537060265 0.198355260115384 
0.08691758764640786 0.15555980078401627 
0.13674564223287503 0.190601348990511 
0.07753574238044182 0.15610781279987668 
0.09539507208447837 0.17172231258898046 
0.15864043131115851 0.1993757196223132 
0.1743770911222401 0.24310696552591954 
0.1743770911222401 0.24310696552591954 
0.1414398980838745 0.23837374401549946 
0.14086046263072452 0.2475555739066365 
0.14086046263072452 0.2475555739066365 
0.17584277111724173 0.16819706277881805 
0.1764063265051464 0.15131530102197505 
0.1764063265051464 0.15131530102197505 
0.10823121196139114 0.16759888703564943 
0.13970228483745434 0.1616349877526238 
0.06433716783507365 0.19392591850504926 
0.17372743386554174 0.19141234838521895 
0.15096742682681968 0.16192024500605168 
0.1206168634637764 0.14904296796860064 
0.10460283200101383 0.10794736071892945 
0.10486703324650586 0.10843097955553474 
0.11518921523843294 0.14861402208946867 
0.11518921523843294 0.14861402208946867 
0.1317312198586021 0.11321421768696997 
0.1317312198586021 0.11321421768696997 
0.1317312198586021 0.11321421768696997 
0.12047089245157684 0.15932683481072518 
0.12817890764759038 0.16389285675872034 
0.110357125391025 0.15702096379334224 
0.1328332285834832 0.19335814992910866 
0.08172589713382086 0.17978809404462232 
0.11179348630558963 0.15874332149469975 
0.11179348630558963 0.15874332149469975 
0.11179348630558963 0.15874332149469975 
0.12867117276050843 0.1917076262968889 
0.07455191399114322 0.1785115369653601 
0.10651939475749295 0.17245837229445377 
0.1607046310742129 0.19524959162555425 
0.14757834931888178 0.2087245712211791 
0.1715125742143153 0.17803393435491155 
0.17309051426891878 0.16320560693756778 
0.1795522021198405 0.19752529675037397 
0.1035624634817161 0.19353128550387397 
0.13345426953917633 0.17016450662141097 
0.1716014445257616 0.22114997072735443 
0.1615787092428909 0.22622136588764383 
0.16701198847888277 0.2450554660650137 
0.16741431773872878 0.2436174685964094 
0.16624887641764138 0.20931836426243133 
0.1328270988800442 0.20679288796665451 
0.1279948488735002 0.20998696400071118 
0.1273782062818953 0.21078974168131417 
0.14839342013918697 0.24849605302773248 
0.14839342013918697 0.24849605302773248 
0.14980838998866647 0.24955816479787402 
0.14980838998866647 0.24955816479787402 
0.14980838998866647 0.24955816479787402 
0.14980838998866647 0.24955816479787402 
0.14980838998866647 0.24955816479787402 
0.14383707071174678 0.24912219088802412 
0.14383707071174678 0.24912219088802412 
0.14383707071174678 0.24912219088802412 
0.1522632581361112 0.2380949557739547 
0.14823857764280682 0.23691237449654662 
0.14865717678309293 0.23441240853488884 
0.14865717678309293 0.23441240853488884 
0.14865717678309293 0.23441240853488884 
0.1376139234673124 0.21785973788991692 
0.060747300944954744 0.18814884828825765 
0.09801281738751402 0.20132761139746014 
0.10318970689719878 0.15668882644709076 
0.10942055227370091 0.17308604600662073 
0.10816264450332688 0.14544797318990416 
0.10816264450332688 0.14544797318990416 
0.1236400061555506 0.15284849337288184 
0.13282409504529333 0.11553711172430334 
0.13282409504529333 0.11553711172430334 
0.13282409504529333 0.11553711172430334 
0.14444157267914448 0.14995137620790083 
0.1684894599377844 0.15392154676629038 
0.12102278280434828 0.15117878771019672 
0.11799655567210113 0.13752169662029332 
0.11805361522807206 0.15308781125410892 
0.100065684911642 0.13541115989987437 
0.1110011264179393 0.14023141587608146 
0.11764879440115258 0.1245736618888416 
0.12320310617653084 0.10423838221726811 
0.1115152560355065 0.09929331998041954 
0.1115152560355065 0.09929331998041954 
0.1115152560355065 0.09929331998041954 
0.1115152560355065 0.09929331998041954 
0.1115152560355065 0.09929331998041954 
0.12805530886322047 0.12572110194838867 
0.164405354488027 0.13402578059761017 
0.164405354488027 0.13402578059761017 
0.164405354488027 0.13402578059761017 
0.16288219680731109 0.13488797606122852 
0.16763055352926975 0.14734001004414074 
0.16763055352926975 0.14734001004414074 
0.17086116892599895 0.14949778378541834 
0.17026072009328547 0.14979023741379774 
0.17026072009328547 0.14979023741379774 
0.1774863931099646 0.15521957042613072 
0.13213291401963462 0.19273205552240333 
0.11942488986968605 0.21199241206597538 
0.11942488986968605 0.21199241206597538 
0.11978871702152083 0.21269720919099075 
0.11463107971896361 0.21809826575205918 
0.06780981418683517 0.15499158822966005 
0.16591402208321018 0.20474846040177458 
0.06642198200963832 0.15015689200177199 
0.1580712706917105 0.20625447182654963 
0.15275893651755895 0.22214094351850422 
0.10421224010319845 0.23034665267466026 
0.09651285942301852 0.2505790248259966 
0.09651285942301852 0.2505790248259966 
0.09651285942301852 0.2505790248259966 
0.10245865973013996 0.24881999659419887 
0.1188220487465172 0.24756795334655313 
0.1794876273442137 0.2424144475997942 
0.1794876273442137 0.2424144475997942 
0.1794876273442137 0.2424144475997942 
0.1794876273442137 0.2424144475997942 
0.1794876273442137 0.2424144475997942 
0.17513335818979212 0.2338780838722459 
0.17732129529615484 0.23625988067716275 
0.17732129529615484 0.23625988067716275 
0.17732129529615484 0.23625988067716275 
0.17732129529615484 0.23625988067716275 
0.17732129529615484 0.23625988067716275 
0.15979279848567568 0.23891017547536209 
0.15979279848567568 0.23891017547536209 
0.1424863252335583 0.2340073919265176 
0.1424863252335583 0.2340073919265176 
0.14264001515266278 0.23392484070776148 
0.08475111164352027 0.1824703916596138 
0.1645243639192224 0.1837438370917372 
0.1417861803116534 0.18989702705699174 
0.12089420005540091 0.22107982291898806 
0.1306299551956195 0.22191433540974806 
0.1306299551956195 0.22191433540974806 
0.13172202748751988 0.21881808584925647 
0.17406672157611275 0.24260760131912015 
0.06820769495753087 0.16915456741338827 
0.1293567102337068 0.18685146289199545 
0.10844885624740896 0.16274105074977102 
0.11858721576215897 0.22181993374945988 
0.12369686239259774 0.23262443319475112 
0.12369686239259774 0.23262443319475112 
0.12369686239259774 0.23262443319475112 
0.12369686239259774 0.23262443319475112 
0.12369686239259774 0.23262443319475112 
0.12369686239259774 0.23262443319475112 
0.1273163965514994 0.15799965277843656 
0.11821712066478658 0.15167786793074423 
0.1186054045193066 0.15153584570354403 
0.1186054045193066 0.15153584570354403 
0.16013041740953618 0.1751591132214698 
0.14995894295559653 0.17745819298498838 
0.1524290797976978 0.16164004308998856 
0.1535112898702278 0.13034652981739497 
0.1535112898702278 0.13034652981739497 
0.14438108655767767 0.11127128645747013 
0.1458654646600097 0.12358540387094055 
0.1668380409254112 0.11904890873192546 
0.16121708121242853 0.1425600957324148 
0.17857055444924413 0.12809841316062792 
0.17624971112142418 0.13362429552780378 
0.17624971112142418 0.13362429552780378 
0.17624971112142418 0.13362429552780378 
0.17624971112142418 0.13362429552780378 
0.17624971112142418 0.13362429552780378 
0.17672565607825638 0.11799689094047514 
0.17672565607825638 0.11799689094047514 
0.17847228227487472 0.11686516270226537 
0.17847228227487472 0.11686516270226537 
0.17847228227487472 0.11686516270226537 
0.1785885257057787 0.12397087267907281 
0.09291303033251623 0.16227862805984042 
0.11737728368446534 0.17160952272295463 
0.12360607421350955 0.15208633506940641 
0.12912025873050426 0.2354079108454559 
0.12170412094102728 0.21482701532386927 
0.11485496455687674 0.22243609750722398 
0.12221904142166704 0.23065347716179652 
0.12221904142166704 0.23065347716179652 
0.10937077519825375 0.1991211816104187 
0.09747118701022961 0.20440563758001287 
0.06529294167532364 0.23442819332499265 
0.09446623849934753 0.16366305702094028 
0.16101908124186795 0.16352041653471505 
0.06524048894113509 0.16773340743128157 
0.08913186579076057 0.1949221190760118 
0.11348103939276315 0.1603107734201836 
0.11760040095144136 0.16294424311680972 
0.09690447863622384 0.17850366826325595 
0.07581839042736394 0.17089292066912068 
0.12338920735940859 0.19235809770506374 
0.17335029559241916 0.17234691400567156 
0.09619057274065983 0.18238457146641143 
0.1750280272678451 0.20339771893439348 
0.15440547833280713 0.18254690408711285 
0.09141940399966383 0.19244556972709342 
0.08511926720785021 0.16037575436520146 
0.08511926720785021 0.16037575436520146 
0.09373579429025936 0.2006841489704026 
0.09373579429025936 0.2006841489704026 
0.08052940081994044 0.19861076527933236 
0.09493321240382697 0.19918725555476186 
0.09493321240382697 0.19918725555476186 
0.12890688241902945 0.18705355657484837 
0.15344346027654207 0.18876325994604523 
0.17851213199868615 0.1961094824446627 
0.17851213199868615 0.1961094824446627 
0.12581602967333372 0.16160564065127303 
0.09764755390248056 0.18807807789027617 
0.07609425201592727 0.22126122479063254 
0.06406705424749523 0.24950005256303928 
0.06406705424749523 0.24950005256303928 
0.06406705424749523 0.24950005256303928 
0.06406705424749523 0.24950005256303928 
0.06406705424749523 0.24950005256303928 
0.0643500717985107 0.24932824718112911 
0.0643500717985107 0.24932824718112911 
0.0643500717985107 0.24932824718112911 
0.0643500717985107 0.24932824718112911 
0.0643500717985107 0.24932824718112911 
0.0643500717985107 0.24932824718112911 
0.0643500717985107 0.24932824718112911 
0.06486830492771406 0.2477851880896286 
0.06453957635745841 0.24807601151099481 
0.06453957635745841 0.24807601151099481 
0.10488727576498683 0.20692385239073596 
0.18142198816675467 0.17905439096596074 
0.06810567383199917 0.17144120086984493 
0.15154707352571917 0.16579545946300067 
0.06300391897994295 0.16518065484328828 
0.15614661243285233 0.163416103782969 
0.13064183930955114 0.17276065126137313 
0.07694765712373582 0.2137408531755856 
0.07826748247298272 0.21566974018729534 
0.07826748247298272 0.21566974018729534 
0.07148863196894671 0.21080714535121406 
0.07895779206918283 0.21115118614248227 
0.08508888942798236 0.2149120742599387 
0.08279334873392852 0.2330302602107879 
0.10797645382869187 0.17433059864376935 
0.13521432468145425 0.2160596840946097 
0.13411928987498453 0.22908678830766033 
0.13709479394447596 0.22734762474885317 
0.13946526325723932 0.2328966193597805 
0.16019168761432123 0.23736549125642808 
0.15678180210236128 0.2399042268730898 
0.1559501221953175 0.23925972606609816 
0.175498976352902 0.25384279350507677 
0.175498976352902 0.25384279350507677 
0.09026990320084656 0.15498207828350852 
0.09026990320084656 0.15498207828350852 
0.09026990320084656 0.15498207828350852 
0.09026990320084656 0.15498207828350852 
0.09413670512849238 0.1972482159817585 
0.15821538609556662 0.1610382286737443 
0.16390570683417957 0.15645646136062624 
0.11211217635461788 0.196856152052028 
0.07926829456573684 0.20066424524951304 
0.08763174922493513 0.180941595612934 
0.07772493283282786 0.19984290942578087 
0.07772493283282786 0.19984290942578087 
0.07772493283282786 0.19984290942578087 
0.07772493283282786 0.19984290942578087 
0.10409433702623208 0.20669762188586202 
0.17215854042254108 0.16534892915921032 
0.1511559947552302 0.16357576816127747 
0.15080628384316105 0.1310723023664912 
0.1701724391374526 0.11559857100949664 
0.1701724391374526 0.11559857100949664 
0.1701724391374526 0.11559857100949664 
0.17647329437625664 0.09793454758489306 
0.1807871724568324 0.09555976893337279 
0.17338123210809103 0.09740408741995533 
0.17714414024255332 0.16542219668331803 
0.10017728172287382 0.19423655026382713 
0.08521631269993432 0.1586948401235296 
0.10861499924462198 0.21445290053167793 
0.11123428643645725 0.2100497674465228 
0.1346822250247546 0.15733805747961271 
0.13602172988197206 0.15504736503408048 
0.08473077033590566 0.17718374931743117 
0.13420547702597424 0.15425424640059862 
0.16623454313507846 0.164319964875458 
0.13764457677190334 0.16369382703609428 
0.0741065025832344 0.16334851062456507 
0.12502003979102122 0.15861143919349602 
0.08332896679275446 0.15674782307486515 
0.13839676368005654 0.18845382933249247 
0.06863798283702387 0.16020124061783633 
0.15120950005748468 0.1542135581641129 
0.15120950005748468 0.1542135581641129 
0.1469404403766812 0.11394206990760698 
0.1469404403766812 0.11394206990760698 
0.14962611998301525 0.1283280687997045 
0.14962611998301525 0.1283280687997045 
0.14962611998301525 0.1283280687997045 
0.1511015086833678 0.1335311936723928 
0.15571471231686013 0.12702012886684305 
0.14727528253986716 0.13903689526582266 
0.13746594261952705 0.14679871584206008 
0.13746594261952705 0.14679871584206008 
0.13746594261952705 0.14679871584206008 
0.13690737930117772 0.15316581787515052 
0.14803365256387316 0.21340138954561896 
0.16929560075845784 0.23942131438638758 
0.16929560075845784 0.23942131438638758 
0.16929560075845784 0.23942131438638758 
0.16928195531517393 0.2394386135609293 
0.08504393115068705 0.20381605000661523 
0.08504393115068705 0.20381605000661523 
0.08345983817818527 0.18773749810690268 
0.14390380903218314 0.17159816394878416 
0.07999118773819547 0.1560586255824166 
0.07906657940825407 0.16449893131586837 
0.14212207404664642 0.16894482265170416 
0.0914687222445913 0.21739634632061866 
0.09820162539170893 0.2351638548109099 
0.09820162539170893 0.2351638548109099 
0.09820162539170893 0.2351638548109099 
0.09155209176820919 0.23512973248890892 
0.09488141460696381 0.18489906701483658 
0.06775583994325769 0.2111482171458785 
0.06775583994325769 0.2111482171458785 
0.0692078599580442 0.20629075306043854 
0.1690468511032241 0.1618493697695478 
0.11889153268594187 0.22228955706792114 
0.1682903624829372 0.1713950787017024 
0.1511688579674885 0.19533378811694313 
0.1709419252102916 0.17934476688015916 
0.17861165163233952 0.1513069280861481 
0.18051657006284938 0.1502848004156852 
0.18051657006284938 0.1502848004156852 
0.18051657006284938 0.1502848004156852 
0.18051657006284938 0.1502848004156852 
0.09128556944404735 0.163230590951929 
0.09727591574310303 0.15731879958246225 
0.15567937259549341 0.175698488312858 
0.12347754242078313 0.17861420211945933 
0.09946277056502481 0.17668918459871935 
0.17123049143167876 0.1678567466006162 
0.1704776371307504 0.17261671876491066 
0.11631802157137308 0.18281684828958425 
0.1777184901550442 0.17907745577973894 
0.1090999161285009 0.17878227438368205 
0.13497658949012847 0.12986528611881382 
0.1348888619578541 0.13008041775756796 
0.1334496634492929 0.1242134019383401 
0.1334496634492929 0.1242134019383401 
0.13805190982488633 0.11496778147711847 
0.13569304922938225 0.11481279308377426 
0.13569304922938225 0.11481279308377426 
0.13569304922938225 0.11481279308377426 
0.13569304922938225 0.11481279308377426 
0.1341118913227255 0.1176510816557336 
0.11619049282256719 0.12448834928694263 
0.1105886275935779 0.09670355418379548 
0.1201983882909286 0.1365796091694907 
0.11761369821837056 0.14446212581300982 
0.07297135784830466 0.21240309139943736 
0.07297135784830466 0.21240309139943736 
0.09480864374736872 0.20173964405245562 
0.16064538363344202 0.17066246326296036 
0.10798956405964533 0.17623670590452215 
0.11989130694055365 0.17222168170726315 
0.14715726594049572 0.15893384060828322 
0.11508556447638527 0.1893519379959269 
0.11786108609539314 0.16232087901931977 
0.15776865384944622 0.10939700674328853 
0.15776865384944622 0.10939700674328853 
0.16084999707097145 0.12531676512110987 
0.16084999707097145 0.12531676512110987 
0.16084999707097145 0.12531676512110987 
0.17347606778045294 0.20714988694588593 
0.17347606778045294 0.20714988694588593 
0.06246904842595198 0.2007687185337021 
0.14799791888092723 0.1563515599673198 
0.1499121248427327 0.15342464938770828 
0.17710458818717595 0.1987112298275885 
0.1781320338947775 0.20391294214901556 
0.1781320338947775 0.20391294214901556 
0.10394031724872868 0.1951492457694586 
0.10333354282560514 0.19539508221686475 
0.18116419368474815 0.16376977326897552 
0.15338648274274802 0.16901521282028514 
0.12642934407232984 0.17271875795907957 
0.15039361532587225 0.13187105186456144 
0.15039361532587225 0.13187105186456144 
0.15240405768250884 0.13211503533291724 
0.15240405768250884 0.13211503533291724 
0.11718648871475355 0.17398531596669123 
0.1449109253462409 0.18503528745000716 
0.16428358188640102 0.16105162591806513 
0.13356588749026946 0.15333985121121668 
0.09504864806600465 0.18500535961007009 
0.11848208165878162 0.24617716361129036 
0.11848208165878162 0.24617716361129036 
0.11848208165878162 0.24617716361129036 
0.11227026467000888 0.22276773526397659 
0.12116272344717285 0.24789025462482617 
0.12400805451847242 0.25592873832410595 
0.12400805451847242 0.25592873832410595 
0.12400805451847242 0.25592873832410595 
0.12400805451847242 0.25592873832410595 
0.12400805451847242 0.25592873832410595 
0.12400805451847242 0.25592873832410595 
0.12400805451847242 0.25592873832410595 
0.12238102470685037 0.21847393340885596 
0.13252361606121832 0.21620791858419744 
0.13252361606121832 0.21620791858419744 
0.136578401218283 0.20128984047927012 
0.14780209936428151 0.1612059876425356 
0.09024949324090296 0.1543919098355113 
0.09024949324090296 0.1543919098355113 
0.08138191706225648 0.1490039215090699 
0.07524101315314703 0.14280601643285123 
0.09046111363921075 0.15276781244100165 
0.08805391519583416 0.15201284145354835 
0.15470070519574847 0.2088543486330403 
0.15317838207954393 0.20714312811227414 
0.15153114425070627 0.2072787709615544 
0.15153114425070627 0.2072787709615544 
0.15153114425070627 0.2072787709615544 
0.15153114425070627 0.2072787709615544 
0.1688723950696617 0.21801305448856906 
0.10750232176570985 0.16718600854664695 
0.0844534084679736 0.127919208819612 
0.08052710434781014 0.12498030803580525 
0.08052710434781014 0.12498030803580525 
0.06879218097617087 0.09813055795236468 
0.06879218097617087 0.09813055795236468 
0.06401627949035765 0.09455996950596886 
0.06520775800338635 0.09891501495318013 
0.09643777284562442 0.14244475467925563 
0.10717395075447972 0.13848086584258634 
0.10717395075447972 0.13848086584258634 
0.15512255064396505 0.1613572788797541 
0.07915499926513528 0.20900217685600433 
0.07915499926513528 0.20900217685600433 
0.07887635357853018 0.22010795528991212 
0.13684232844801172 0.17198338602627777 
0.1429251373565326 0.16353113744816283 
0.15722978531252468 0.18886607773629532 
0.1419192094393222 0.18847814387507017 
0.13662087357929983 0.20322851507190087 
0.11676884291942495 0.1569324300308516 
0.09566692241266575 0.14202057912169475 
0.08990549800354636 0.1372501697002006 
0.08994714716897452 0.1372180168301017 
0.09097209893414483 0.14167578990590868 
0.1144625036550716 0.22093496429421514 
0.15235313112604515 0.20796012936753142 
0.15235313112604515 0.20796012936753142 
0.15235313112604515 0.20796012936753142 
0.11848149503802005 0.15676382691108426 
0.11816862198122748 0.1440070856085881 
0.11816862198122748 0.1440070856085881 
0.09450071599605406 0.1443964547217681 
0.16675253307647586 0.15944852498632295 
0.16919396295272382 0.19179247167577984 
0.14983504913271073 0.20004177308034302 
0.15306311353266527 0.20862066138504876 
0.15892344736513853 0.21235996690988293 
0.15892344736513853 0.21235996690988293 
0.17828257505624134 0.2162470362775135 
0.17828257505624134 0.2162470362775135 
0.17828257505624134 0.2162470362775135 
0.17828257505624134 0.2162470362775135 
0.17828257505624134 0.2162470362775135 
0.17799363949316396 0.23591205336452056 
0.14821863910459027 0.22597936274640393 
0.15470316664382586 0.23957573187480963 
0.13660428149579612 0.22964408970247313 
0.13660428149579612 0.22964408970247313 
0.13660428149579612 0.22964408970247313 
0.126972095102559 0.2255531221204855 
0.15097607769991161 0.2507712396691297 
0.15789104716595406 0.18168284975236823 
0.17325360300349987 0.20164487471037995 
0.15968701164820914 0.20347876089575057 
0.10471379141080475 0.18076488203096036 
0.07060291352981493 0.19051483750082984 
0.08559172909805395 0.20445210661746202 
0.08559172909805395 0.20445210661746202 
0.13322171730065108 0.14210454686890087 
0.13967030926233223 0.1346846847024859 
0.13967030926233223 0.1346846847024859 
0.14817394736870482 0.12242555004179899 
0.1526187457293775 0.13042985351537673 
0.1526187457293775 0.13042985351537673 
0.1526187457293775 0.13042985351537673 
0.1526187457293775 0.13042985351537673 
0.16003533468837966 0.1252221400354579 
0.10293170491441653 0.2156265776324448 
0.12162296714846069 0.20269912693338663 
0.10472480423607589 0.16851251798257255 
0.1442279556881279 0.21267107890737408 
0.09340400446309174 0.17507317729389282 
0.10120265340912245 0.15434068971747658 
0.09773339626882178 0.161322764343177 
0.1661478887036168 0.19386664703778944 
0.16045226157523892 0.16688607253364293 
0.06491163027687134 0.15751515558740478 
0.07148983366056447 0.16254730886081808 
0.08240187526088073 0.19586017837788008 
0.08240187526088073 0.19586017837788008 
0.08068215596535137 0.16220693218599522 
0.11809668725455595 0.19470089235153765 
0.13515998890226755 0.2022526514735817 
0.11902337726827733 0.22106394747348385 
0.09983466710091345 0.23014521739344215 
0.10832456440621101 0.2536623110118644 
0.11114927698021913 0.22485779829511393 
0.06491959524280903 0.23170646705416661 
0.08188629896269964 0.20310002976350217 
0.09501402807492554 0.19394500900071582 
0.17568703737376504 0.1840939655352401 
0.17276886086102944 0.1813115534546611 
0.1783072422595488 0.2004852976797305 
0.06110427746025345 0.15471382347066956 
0.17808047265176385 0.15745351342868313 
0.15364884552810099 0.15599382533208656 
0.15620159382212231 0.10156367348960813 
0.06499922702811453 0.15569538487267456 
0.1371894022977517 0.19670244172420093 
0.1462397805511706 0.1718676066965289 
0.1662137520467862 0.18311654263679275 
0.12177936290012348 0.20477859158930548 
0.13202930347404604 0.16317905958356166 
0.13845050320776353 0.15768973002152195 
0.09060521856856135 0.19228583874487046 
0.06560081220876864 0.17528030700169733 
0.08227524804848226 0.20952190975644266 
0.08689091329868798 0.20460815304281305 
0.06964600404787738 0.21541670662614304 
0.07443101415998304 0.2097386783713113 
0.07032735623321112 0.21612974243925756 
0.1204382723210931 0.14629702192291344 
0.1072426140898349 0.16679351610821744 
0.0811113917403815 0.16764666396054878 
0.1812880317926101 0.1917640757826775 
0.10488055926904079 0.1775103631916322 
0.117260176641211 0.17616815401172106 
0.1251536689276676 0.18246564729511072 
0.09581360602643836 0.174354454421865 
0.11123885951241023 0.18091603343833593 
0.07826595399795709 0.20336674076286637 
0.11816959573074651 0.1862209313021965 
0.1772143658557838 0.1614080708097178 
0.15942624325139262 0.1798342008069128 
0.06531079374879886 0.16731639772891554 
0.0677412491388934 0.12131400757939054 
0.0677412491388934 0.12131400757939054 
0.0677412491388934 0.12131400757939054 
0.0687559997954352 0.12317003879692355 
0.0687559997954352 0.12317003879692355 
0.07169123134945048 0.12265591015855369 
0.07169123134945048 0.12265591015855369 
0.07374929175011935 0.11282152027373488 
0.06732756271682608 0.08773125609117555 
0.07946649017241744 0.1181332751851185 
0.07946649017241744 0.1181332751851185 
0.09564843308904786 0.14122237724505785 
0.06313446384009533 0.17212148312337644 
0.13045430591448026 0.17226027888275086 
0.0730810829200247 0.1909866548715195 
0.08140653351734517 0.16814274153207318 
0.1358012571227844 0.1773138399095159 
0.1766220001621398 0.2061876863589071 
0.17419334540543485 0.19837841277445956 
0.15270899979852806 0.18888180456276948 
0.06835865535841176 0.19841506491500377 
0.06835865535841176 0.19841506491500377 
0.18000735491633013 0.15639934073778164 
0.15247961629317144 0.15487555251578083 
0.09128796413446429 0.17741673717969905 
0.13761404908033456 0.16072781616236875 
0.07038217493528419 0.1619232210902138 
0.10698423760256676 0.1873510762338178 
0.15137179391930014 0.20380211226931738 
0.15723221155349396 0.22098196814425752 
0.15998354865586684 0.23510454470396863 
0.157049338545652 0.2305116449788639 
0.16041592967564147 0.23772133386971936 
0.14283512401313303 0.20855750954891644 
0.17015282549075658 0.19750043006901183 
0.17015282549075658 0.19750043006901183 
0.17045258007645775 0.20024207735200508 
0.06872686235468244 0.1708251898224273 
0.11179313431872717 0.1701462755978561 
0.14970543533966735 0.13211797372310968 
0.15284759657054456 0.12690746120937396 
0.15157653163911572 0.12234342064780397 
0.15157653163911572 0.12234342064780397 
0.15157653163911572 0.12234342064780397 
0.15157653163911572 0.12234342064780397 
0.15154151120636117 0.12522158558654273 
0.15154151120636117 0.12522158558654273 
0.15154151120636117 0.12522158558654273 
0.12178916303085917 0.13139270075965592 
0.12178916303085917 0.13139270075965592 
0.12340132552353283 0.13130511865994657 
0.12360227357633055 0.15746637090720156 
0.08782063531423621 0.11063551938275291 
0.08782063531423621 0.11063551938275291 
0.09817703202527117 0.13475481522262145 
0.0976809943076008 0.13294863497385762 
0.11186483144730855 0.15237475655846125 
0.0750741358078321 0.13076869097969968 
0.0706749235860926 0.15718853641437955 
0.13113794998216705 0.2031633698880572 
0.12065513662362604 0.2151120685842293 
0.07020393902730326 0.21987244528556066 
0.07020393902730326 0.21987244528556066 
0.07020393902730326 0.21987244528556066 
0.07020393902730326 0.21987244528556066 
0.08072861232400244 0.21032367426295315 
0.12992580020047645 0.16336353079356464 
0.11790579305804362 0.19875633854065597 
0.1674626544768174 0.15362077652242168 
0.10636925267214047 0.22901928422636908 
0.10636925267214047 0.22901928422636908 
0.09103414560849671 0.2361809647996197 
0.08394169728633674 0.23398613873717894 
0.09682526171871414 0.21590211435002213 
0.08630883777345671 0.22165884255570753 
0.16647215779612867 0.18091332676143304 
0.16647215779612867 0.18091332676143304 
0.13125102420521428 0.16328342257166506 
0.13364215790317155 0.18285453941287722 
0.1083864188474645 0.1682395059363612 
0.104051080753361 0.19819114781946282 
0.14551715402199625 0.17825779758537313 
0.1580586258509159 0.19628331461108547 
0.1580586258509159 0.19628331461108547 
0.1580586258509159 0.19628331461108547 
0.18079416384838431 0.1593770285974075 
0.17653475804427568 0.18419469235601924 
0.09238286751057583 0.19577962859843415 
0.11282881791256974 0.2006055865534942 
0.13645888942612405 0.18031753249712054 
0.14924707694541958 0.1909352023622627 
0.16032209255259772 0.1635236779516981 
0.12986453797700545 0.1775765471074401 
0.10339222632922193 0.15877224230146655 
0.08808739836780913 0.16626831517665086 
0.17353328221025527 0.16803774195185597 
0.14975998895934692 0.2080126399233513 
0.08589545035977154 0.14687215271284115 
0.08593422670792472 0.14766078684697065 
0.08224553698414587 0.13976714791003098 
0.06875664980721824 0.14070377448390814 
0.06875664980721824 0.14070377448390814 
0.06875664980721824 0.14070377448390814 
0.06875664980721824 0.14070377448390814 
0.06884070222782707 0.1408665544309058 
0.16513931643565968 0.18903284817630178 
0.15811892902901076 0.16264146657170114 
0.15811892902901076 0.16264146657170114 
0.170202145309981 0.1946212527016277 
0.16194900834087486 0.17708489090337795 
0.12432630309412154 0.1684297082536147 
0.14822542714073608 0.1687836666931728 
0.15876325044525907 0.17152191715002327 
0.12948950919955043 0.17950892756123807 
0.11378846725669986 0.18984227046403324 
0.06164373671382195 0.21192175661031892 
0.06134709399511059 0.21266979721244755 
0.17432036168101595 0.181719880750911 
0.15926975266193705 0.1987014997523213 
0.15926975266193705 0.1987014997523213 
0.17712614418064096 0.1908133573262414 
0.10559195024992013 0.19368038915485686 
0.06453722699338685 0.17153672822135352 
0.18014692838305862 0.16909637447534015 
0.08724073880564902 0.16312953693746282 
0.08333081915718307 0.1965970671462581 
0.12665962600709774 0.16599653847547374 
0.1409647033966959 0.15854858013139128 
0.09005327679357361 0.16476736138661705 
0.13548456619937507 0.20103979579399223 
0.0850947881414185 0.1614055648067487 
0.11061383279594308 0.15742095992715976 
0.1632449959680661 0.20429323946238792 
0.15965802774599877 0.17689804289818373 
0.07042706979850777 0.19422417132117925 
0.12680288082494162 0.1756671461660839 
0.10728662477118978 0.2438807833306788 
0.10728662477118978 0.2438807833306788 
0.10728662477118978 0.2438807833306788 
0.09464196100854601 0.2252234855096551 
0.09486823693256731 0.22296481962840156 
0.11464105035191768 0.24974965292879484 
0.1220323530898578 0.23937451024481415 
0.12393411895500833 0.2411496733985321 
0.11388373626943529 0.24811502500395372 
0.13119209064207837 0.2273670589120255 
0.1291497120710274 0.22220541188814463 
0.0857032120806785 0.16687478233946804 
0.15135088327114754 0.17298595422730398 
0.160160758157732 0.14108501510957067 
0.160160758157732 0.14108501510957067 
0.160160758157732 0.14108501510957067 
0.15427095318912679 0.13282401790100157 
0.15427095318912679 0.13282401790100157 
0.16179006544932306 0.12479518149536961 
0.16179006544932306 0.12479518149536961 
0.1634382077948862 0.12468084716483434 
0.121490248907095 0.21461082212055735 
0.13961406185041328 0.17329217933065882 
0.1495415180790841 0.1737124192729305 
0.07554372487191756 0.19845370018349887 
0.0923365640955313 0.17650528005856445 
0.07856755705068141 0.19505502853006504 
0.17938346777947306 0.16261831239454122 
0.08499355660242369 0.17653278088396987 
0.07648777335149583 0.16620635345201704 
0.15801561077693485 0.17176218873408694 
0.09380063731869939 0.19262969451826473 
0.07032851596215224 0.16725608639966505 
0.08343476326793686 0.17993558833280787 
0.1807578801435133 0.16526632053277582 
0.10864722324769857 0.15567672086377352 
0.0767013831766438 0.1411923067101522 
0.0767013831766438 0.1411923067101522 
0.0767013831766438 0.1411923067101522 
0.09468288836726019 0.19945651953706997 
0.09468288836726019 0.19945651953706997 
0.12713229518000121 0.2134102700049908 
0.11166388998548128 0.21485399695663138 
0.1386821055277367 0.24277004721821838 
0.13050414951531947 0.2386774767808021 
0.13040271360134326 0.23869082440530992 
0.13040271360134326 0.23869082440530992 
0.1380765042940525 0.2344970587097095 
0.1391299891186758 0.2302960935444121 
0.1391299891186758 0.2302960935444121 
0.1391299891186758 0.2302960935444121 
0.14164404551083049 0.20738160299382352 
0.1387728349418867 0.2095646049432224 
0.1387728349418867 0.2095646049432224 
0.14133785888492903 0.2109176153211871 
0.07806836717335043 0.17270305233167318 
0.07551391063058152 0.19804582505197293 
0.11932065712753301 0.17007667746524147 
0.0657462898094998 0.15373569625672662 
0.0657462898094998 0.15373569625672662 
0.0657462898094998 0.15373569625672662 
0.0657462898094998 0.15373569625672662 
0.0657462898094998 0.15373569625672662 
0.0657462898094998 0.15373569625672662 
0.0657462898094998 0.15373569625672662 
0.0657462898094998 0.15373569625672662 
0.0657462898094998 0.15373569625672662 
0.1446741118276004 0.18849146514259071 
0.16403517000866144 0.18133377085805544 
0.16403517000866144 0.18133377085805544 
0.1574982484430716 0.17386584871090308 
0.06148040606649775 0.172423192562253 
0.0677722074357889 0.18489389007646143 
0.07984089201818989 0.22333035992995473 
0.07922381902197244 0.22845066225964578 
0.08138481130339324 0.2289173612245272 
0.09179206796042821 0.22864482059301616 
0.15714219694251208 0.18814822842993895 
0.15486168174310316 0.20151966503265775 
0.15486168174310316 0.20151966503265775 
0.16624730288535264 0.16349841752498873 
0.14102748404056129 0.18708305646086057 
0.16212900095253124 0.16199299009963938 
0.13562283245589712 0.16814371850333984 
0.1165330749369948 0.18481493503041704 
0.10099649860074542 0.17167494957231594 
0.09094042799211857 0.23003764891017042 
0.09094042799211857 0.23003764891017042 
0.09467452620824618 0.24542086450573755 
0.09232962928959475 0.24846009713053913 
0.09232962928959475 0.24846009713053913 
0.09247849194161004 0.248568012911463 
0.09247849194161004 0.248568012911463 
0.14779709470149074 0.23907920704489402 
0.1656737698688998 0.250942922049772 
0.1656737698688998 0.250942922049772 
0.16397874141998864 0.2393210496728346 
0.16397874141998864 0.2393210496728346 
0.15740850768110684 0.24616126759279075 
0.15740850768110684 0.24616126759279075 
0.15740850768110684 0.24616126759279075 
0.15740850768110684 0.24616126759279075 
0.1579537129988722 0.24799281144896246 
0.1579537129988722 0.24799281144896246 
0.1579537129988722 0.24799281144896246 
0.1579537129988722 0.24799281144896246 
0.1579537129988722 0.24799281144896246 
0.1579537129988722 0.24799281144896246 
0.1579537129988722 0.24799281144896246 
0.1579537129988722 0.24799281144896246 
0.1579537129988722 0.24799281144896246 
0.14251630024549128 0.18287412367695882 
0.07689600949397553 0.16438643871952455 
0.1298136157121806 0.19820133817185137 
0.10162289007048178 0.18850068986198654 
0.10964143543825097 0.21011078375718464 
0.08342068084497814 0.24859873176078465 
0.10073906214167754 0.23730659744640734 
0.14927612732636886 0.1557903116250642 
0.14795274492739688 0.18542410691050135 
0.17724961288054808 0.21937580863233527 
0.17724961288054808 0.21937580863233527 
0.13335971446360753 0.21747211513415193 
0.11118349353851024 0.2124357537078177 
0.08536087759864708 0.22473876707313592 
0.08536087759864708 0.22473876707313592 
0.09240898967622954 0.23441555585383123 
0.09147742250893287 0.2438730147558884 
0.09554043993180203 0.2440586262012745 
0.08407742787823581 0.1718249179323864 
0.0794584501548503 0.15827698357094622 
0.1791658515656004 0.1952360988986119 
0.11646621028277507 0.15071722628600975 
0.13431087162760041 0.20918423507306308 
0.11310181694573747 0.2315262653498023 
0.11310181694573747 0.2315262653498023 
0.10236942842624687 0.23101703673021626 
0.10242051474189749 0.24499069118000558 
0.10242051474189749 0.24499069118000558 
0.0991209677571912 0.24884935810866693 
0.0991209677571912 0.24884935810866693 
0.0991209677571912 0.24884935810866693 
0.0991209677571912 0.24884935810866693 
0.0991209677571912 0.24884935810866693 
0.1373499505318237 0.19952900837104676 
0.11448460219449634 0.16548969362109742 
0.15729429770091452 0.16209842512893105 
0.1612206147473656 0.18666514178082427 
0.10458112623708214 0.21082204916660705 
0.10421255093974054 0.23433875414965177 
0.10890468517964438 0.2299091374099902 
0.07849765593157115 0.1939987088820898 
0.10300120502335286 0.21117886598158073 
0.10734173182673475 0.20609483164418277 
0.12978033096215452 0.1643542083130125 
0.1269785410232459 0.14358433533158776 
0.17107925621018935 0.18560089519582243 
0.08816961025337862 0.19128437857980912 
0.15264608455641004 0.16663026085604118 
0.08524780057868933 0.17861477200796522 
0.1380239124397385 0.1612302559787024 
0.13663886425328292 0.15349469714777925 
0.08117672428333872 0.15333767893695344 
0.06312817671238737 0.1688322612667029 
0.11016252354016708 0.1934266639779774 
0.10525289742984331 0.19017751692258655 
0.08297222311734549 0.1720158017131417 
0.09359544802997344 0.20417268288667598 
0.15534802934230157 0.2042879122294017 
0.11814384619842525 0.17608501092469256 
0.17205195420674 0.18055367861577074 
0.1016628379946803 0.17375057535455285 
0.17333603135349906 0.17706188229947875 
0.09760152363089662 0.15424940523700706 
0.07760123590449985 0.17981301685479695 
0.12033173171402084 0.16765187689958994 
0.11347809129985537 0.18456231210335874 
0.17244974992120204 0.192719786113722 
0.17244974992120204 0.192719786113722 
0.09561765233337961 0.2025416976091659 
0.07800887251171065 0.19205447222262934 
0.10472354488986899 0.1565662162644393 
0.10472354488986899 0.1565662162644393 
0.10472354488986899 0.1565662162644393 
0.0726211183352394 0.19055833169050815 
0.07187511347698906 0.1543578459400475 
0.07187511347698906 0.1543578459400475 
0.07187511347698906 0.1543578459400475 
0.15013715913998615 0.22799617994315574 
0.13874386508770595 0.2100066127364154 
0.13874386508770595 0.2100066127364154 
0.11351508502272437 0.1858255006824271 
0.10430862948057087 0.1965873611983312 
0.06825552408672192 0.20559977437094476 
0.06825552408672192 0.20559977437094476 
0.09425007793154004 0.16636328144637172 
0.10179692201097734 0.15519219327772837 
0.06978310320088424 0.2287103474765847 
0.06900052061753453 0.23388499785744532 
0.08095522452366322 0.15182640236818923 
0.12265239849755535 0.18166061806895042 
0.08883009603264042 0.1913956123299726 
0.09497774689003945 0.20805728881705182 
0.08817856869508163 0.1523556694900291 
0.11730831500990896 0.1686702034332322 
0.0773978132848426 0.17089807575937063 
0.06625720976160909 0.18023096761327995 
0.14479811862078795 0.1701596525234537 
0.13417577372255307 0.16210192827613729 
0.12373454124451849 0.15545538000958978 
0.12334144375655848 0.1723258793341781 
0.1691953512978147 0.19647085746552634 
0.1303692857561448 0.21821146999031138 
0.128839645696325 0.21790551195337046 
0.1193779422804166 0.20257565934792154 
0.1506842160969152 0.16472307658087995 
0.15175023417316455 0.15993133132969128 
0.1269327412077819 0.14721945716563328 
0.12830817132436817 0.11300443175350108 
0.12830817132436817 0.11300443175350108 
0.12928752568555135 0.11268465106227486 
0.13597309284359516 0.10470941989383467 
0.13597309284359516 0.10470941989383467 
0.13597309284359516 0.10470941989383467 
0.13597309284359516 0.10470941989383467 
0.13597309284359516 0.10470941989383467 
0.11348143305693034 0.14257706285338445 
0.11549682093202973 0.13614284341082983 
0.11356601669301697 0.13138318113681563 
0.11356601669301697 0.13138318113681563 
0.11356601669301697 0.13138318113681563 
0.11356601669301697 0.13138318113681563 
0.06969496089030121 0.1570997618674551 
0.07006810798312586 0.15901334675614492 
0.06395085088172264 0.16654099157993552 
0.10074556118882562 0.16448162535126565 
0.09994325806854287 0.14604817246609664 
0.07434128165541942 0.09538751233787643 
0.07434128165541942 0.09538751233787643 
0.07434128165541942 0.09538751233787643 
0.07780588621747031 0.10938916904220439 
0.10923583588911488 0.1640782543253186 
0.09075029792412508 0.16469550034249317 
0.07477491833226307 0.16224890868389114 
0.14633556724041027 0.20555794794193566 
0.0831128301111226 0.1812327333384657 
0.1200271178079938 0.18291725072094675 
0.17608428732889397 0.20605613041627735 
0.1657753305609549 0.18501871157473834 
0.15458434142210054 0.18879857961798688 
0.15458434142210054 0.18879857961798688 
0.1726663910007707 0.2005756398396828 
0.13213642475870035 0.19323278346668898 
0.15960681339481672 0.1982445167068522 
0.09503063588058845 0.17985175458101252 
0.092330181066202 0.1967434945322468 
0.092330181066202 0.1967434945322468 
0.11804904164500948 0.18054262681613134 
0.07357941436122817 0.21397078886917076 
0.12147407329336435 0.19031975537322404 
0.12849045572420958 0.22551354240162808 
0.12415789796112693 0.22267795890596187 
0.1172053120689828 0.21378904306543853 
0.1172053120689828 0.21378904306543853 
0.10355928334156364 0.25423796468860516 
0.11169723638369247 0.2522640904173883 
0.11169723638369247 0.2522640904173883 
0.11169723638369247 0.2522640904173883 
0.11169723638369247 0.2522640904173883 
0.11169723638369247 0.2522640904173883 
0.11095165947468053 0.25498593687043053 
0.11095165947468053 0.25498593687043053 
0.11095165947468053 0.25498593687043053 
0.11095165947468053 0.25498593687043053 
0.11095165947468053 0.25498593687043053 
0.11445141559527426 0.25575944371808845 
0.11445141559527426 0.25575944371808845 
0.085215567277461 0.19172877520000714 
0.1070627608805571 0.1658401959408969 
0.09504684985097249 0.15483906084891377 
0.09430256338967535 0.15372314429581363 
0.09545751054752227 0.15445187138260752 
0.09545751054752227 0.15445187138260752 
0.10001407200165956 0.15328617588449908 
0.1331564306177644 0.16220916545490735 
0.17783397835925702 0.17609122703813881 
0.16902207618072618 0.18446163321596215 
0.17901794506662205 0.18026596699241018 
0.0844485582511827 0.17706353015701393 
0.11668760259450325 0.20277942251445769 
0.16349674528669628 0.18253920985396666 
0.16989022903446654 0.16005576936537091 
0.17407121264618738 0.1951837442362168 
0.16090768165530328 0.16354762678021312 
0.11404505657172237 0.18659639753276475 
0.10248884677710673 0.1833406108801531 
0.16417182653129814 0.18604139130613023 
0.17377086039758602 0.18761603638293106 
0.1196961765978391 0.20944958857269047 
0.1572283598166638 0.17006147872240168 
0.15156576531880725 0.15874941926774674 
0.17586779884182757 0.13194955195722158 
0.16194973246821082 0.13355224626927267 
0.16194973246821082 0.13355224626927267 
0.1776273796358791 0.1286072854993369 
0.16847646777370795 0.13856283881574022 
0.16888313365345936 0.13850237567961413 
0.17269463061858237 0.18484029793934206 
0.07734113893292631 0.18860547633955357 
0.07734113893292631 0.18860547633955357 
0.11893407304786939 0.14963706216970832 
0.17455901965111764 0.20556892139070201 
0.16396271158938194 0.1976045021207849 
0.16069097546746475 0.19593403946962112 
0.1627391773370368 0.19540397842502513 
0.1616284329616094 0.2211542877897852 
0.1616284329616094 0.2211542877897852 
0.1616284329616094 0.2211542877897852 
0.12111994486013428 0.1680971955128822 
0.07357492820244738 0.11437376431361147 
0.0825705955575928 0.11997971924812566 
0.0825705955575928 0.11997971924812566 
0.08210230537977892 0.11921564666737831 
0.08210230537977892 0.11921564666737831 
0.08210230537977892 0.11921564666737831 
0.08210230537977892 0.11921564666737831 
0.08210230537977892 0.11921564666737831 
0.07583443011233318 0.1128056801952015 
0.07583443011233318 0.1128056801952015 
0.07368204830373776 0.22993743979171657 
0.07414269512439797 0.21685139565754183 
0.06399259543762847 0.22096630227437836 
0.06399259543762847 0.22096630227437836 
0.06399259543762847 0.22096630227437836 
0.07381894431860335 0.21626626444382294 
0.08073992231451464 0.22786338371933537 
0.06899658041687297 0.2258992255259951 
0.06899658041687297 0.2258992255259951 
0.0685288984618058 0.20910475160017244 
0.08364263292082608 0.22226671590180613 
0.07996183036169338 0.2352344380345432 
0.07996183036169338 0.2352344380345432 
0.07996183036169338 0.2352344380345432 
0.07996183036169338 0.2352344380345432 
0.07996183036169338 0.2352344380345432 
0.07996183036169338 0.2352344380345432 
0.07996183036169338 0.2352344380345432 
0.07996183036169338 0.2352344380345432 
0.07996183036169338 0.2352344380345432 
0.06981944996150793 0.23979943845214888 
0.06968996334449908 0.23998392247960032 
0.06968996334449908 0.23998392247960032 
0.09511755431623646 0.2171045736753266 
0.07809461931692407 0.24860125819432688 
0.07809461931692407 0.24860125819432688 
0.0777891394570355 0.24863401170066973 
0.0777891394570355 0.24863401170066973 
0.0777891394570355 0.24863401170066973 
0.0777891394570355 0.24863401170066973 
0.06323877089516017 0.25165947904936975 
0.0635460811694632 0.25114736414065675 
0.06797554036869058 0.24208344774663082 
0.06797554036869058 0.24208344774663082 
0.06687256300913998 0.22538578274022425 
0.06687256300913998 0.22538578274022425 
0.06687459650092592 0.22145085197065453 
0.061147657081009395 0.2300500184544032 
0.07028751061605211 0.22159052661779655 
0.07028751061605211 0.22159052661779655 
0.07028751061605211 0.22159052661779655 
0.07028751061605211 0.22159052661779655 
0.07028751061605211 0.22159052661779655 
0.06357461124941796 0.22778618062899753 
0.06357461124941796 0.22778618062899753 
0.07544012985813069 0.21965309987054818 
0.07544012985813069 0.21965309987054818 
0.07943986024372643 0.21309795008641907 
0.165410360380844 0.2027204048494177 
0.12343707230518007 0.15271170878793364 
0.12343707230518007 0.15271170878793364 
0.10428469384043469 0.09918482736722428 
0.10473563804247364 0.09609280049203846 
0.10473563804247364 0.09609280049203846 
0.10415970498955521 0.09563325649386972 
0.10870364223534396 0.12159813615469695 
0.10870364223534396 0.12159813615469695 
0.11702265313156351 0.10146349324844382 
0.11702265313156351 0.10146349324844382 
0.134083296422567 0.11378962337865191 
0.13592549499282572 0.11848452497038436 
0.13592549499282572 0.11848452497038436 
0.1362323591928432 0.11750761082829614 
0.13451509830659752 0.12811427982809168 
0.13041413150370446 0.11845854601190695 
0.13042362217773212 0.11717868249754781 
0.13042362217773212 0.11717868249754781 
0.13011838790375124 0.1256006689177906 
0.14184245798259035 0.12299059325468613 
0.14184245798259035 0.12299059325468613 
0.14184245798259035 0.12299059325468613 
0.14184245798259035 0.12299059325468613 
0.1402910382090833 0.11240701123114531 
0.1402910382090833 0.11240701123114531 
0.1402910382090833 0.11240701123114531 
0.1402910382090833 0.11240701123114531 
0.1402910382090833 0.11240701123114531 
0.1402910382090833 0.11240701123114531 
0.14177215954584382 0.10620602972701852 
0.1317769779794163 0.13950632237389982 
0.1317769779794163 0.13950632237389982 
0.1317769779794163 0.13950632237389982 
0.13321929820531253 0.14498208082971772 
0.1737237994798256 0.17807873743425334 
0.16159538053057468 0.18601149296037053 
0.11785430761748775 0.1664767733864102 
0.12007243853573382 0.16660410801113576 
0.08131045162625367 0.17715457404996476 
0.1809528934608584 0.14832234189340568 
0.1809528934608584 0.14832234189340568 
0.1740239348924615 0.1467221153662599 
0.11301205344679296 0.16205844061032829 
0.1035836543491076 0.21359370296593497 
0.10290171549885686 0.2068469840793224 
0.12960069926109888 0.19318905273392004 
0.12817296357580668 0.14525236798563573 
0.11895593414396748 0.12403857513235358 
0.11936484155212747 0.14827277335062888 
0.08877230803303857 0.18584516200205342 
0.17646719277878556 0.16312172455629984 
0.08802871812465198 0.1837589714668371 
0.13487606192267018 0.21578976245059064 
0.13487606192267018 0.21578976245059064 
0.13219383476666358 0.20361107552899807 
0.1319316344562201 0.20265206195828397 
0.13349263784208015 0.17765996241934529 
0.12573771928067054 0.1811233067354293 
0.08840476712120285 0.17372572674129708 
0.06444147334590335 0.17668473940571383 
0.12010448629677109 0.18137206272843112 
0.14512278008529086 0.20379218858628728 
0.1779489859441193 0.18813647590728957 
0.09869214655459063 0.17385813848494358 
0.13141476224110055 0.18470063431561018 
0.09286705791975348 0.1733819606481604 
0.1524104313746948 0.16755530466141083 
0.08399368992101108 0.19063891752999973 
0.16625979016580011 0.2027158763288021 
0.13393971759073897 0.19090357505285588 
0.15392844257244775 0.1761255841536517 
0.1727120842208607 0.1817494816689487 
0.07509230195329139 0.18452121344907724 
0.07384417189421046 0.1518040204996669 
0.06853570032278612 0.12798001583093455 
0.07040399728752653 0.13645463816020242 
0.06499623299557537 0.1305973478472719 
0.06719887318786179 0.13525724792338104 
0.06725563339750378 0.13539210531965415 
0.06725563339750378 0.13539210531965415 
0.06725563339750378 0.13539210531965415 
0.06725563339750378 0.13539210531965415 
0.06725563339750378 0.13539210531965415 
0.06708927781155763 0.1527281449851579 
0.0681095248871878 0.15224365229505904 
0.06688341384201149 0.15269465571740204 
0.06688341384201149 0.15269465571740204 
0.06688341384201149 0.15269465571740204 
0.06386773255207844 0.14912481897056276 
0.06386773255207844 0.14912481897056276 
0.06386773255207844 0.14912481897056276 
0.07600841593435337 0.22142137543047002 
0.07918811263720019 0.21475210633487188 
0.07446608964431371 0.21898046978829327 
0.07501291874174826 0.2144167042202509 
0.07944963561154306 0.21384567141577357 
0.07597289222604865 0.21521661522687663 
0.06309790450010716 0.22143051067532898 
0.06309790450010716 0.22143051067532898 
0.1205693318457235 0.16480199678496235 
0.12484213043633735 0.1704561157225645 
0.13770133581032962 0.1833455558602476 
0.12045990726141588 0.15935221392441673 
0.1756765494482003 0.17055546232230312 
0.1049805784017961 0.18601068842665883 
0.1427121031891967 0.18272089142233486 
0.13698561716079488 0.168645781449552 
0.09119693466711534 0.1988614557306315 
0.15166897256134593 0.20743893519800086 
0.15166897256134593 0.20743893519800086 
0.15420706241881188 0.21581080716390535 
0.15420706241881188 0.21581080716390535 
0.15420706241881188 0.21581080716390535 
0.06894918169898653 0.15843661845576257 
0.07912860978511567 0.17741487083421356 
0.09578406948655968 0.16752380243824117 
0.11422387145109514 0.19274160746955812 
0.10647923242320846 0.19699848113118804 
0.13161900172889918 0.22209132652516062 
0.13041156468487033 0.2206178356799497 
0.13041156468487033 0.2206178356799497 
0.13856961817581281 0.21959815528530924 
0.13856961817581281 0.21959815528530924 
0.17998119828792963 0.25654758563551305 
0.16245098267134445 0.23429874237085488 
0.16245098267134445 0.23429874237085488 
0.06576166813674372 0.18177855322838737 
0.119895338854594 0.16109058667275528 
0.17746665615068974 0.20751736980397015 
0.17746665615068974 0.20751736980397015 
0.17746665615068974 0.20751736980397015 
0.17746665615068974 0.20751736980397015 
0.0746053914724846 0.16816838141526338 
0.1316111403326577 0.16524036786531401 
0.10526853730865436 0.1957823779186113 
0.12062705491358991 0.15547631922488792 
0.11986126452661344 0.1609905717006634 
0.11670780401649918 0.132460825757473 
0.11670780401649918 0.132460825757473 
0.11670780401649918 0.132460825757473 
0.09121671551257043 0.14691709418929066 
0.09121671551257043 0.14691709418929066 
0.09121671551257043 0.14691709418929066 
0.08644036044132968 0.14720629139753183 
0.16043516322614335 0.14420823843442626 
0.1613484931547805 0.13625306487032215 
0.1613484931547805 0.13625306487032215 
0.1613484931547805 0.13625306487032215 
0.1613484931547805 0.13625306487032215 
0.1613484931547805 0.13625306487032215 
0.1632868205905847 0.15066932175706138 
0.1632868205905847 0.15066932175706138 
0.1632868205905847 0.15066932175706138 
0.10463877937637912 0.2312390971265512 
0.11860883067737299 0.2457534499665444 
0.11857190110634759 0.24022638930527893 
0.11857190110634759 0.24022638930527893 
0.11680482877734066 0.23900009975420933 
0.12007207612793723 0.24486678913882737 
0.129324391509488 0.21236453815658776 
0.129324391509488 0.21236453815658776 
0.15473831529296753 0.25318300026846363 
0.15473831529296753 0.25318300026846363 
0.15473831529296753 0.25318300026846363 
0.15473831529296753 0.25318300026846363 
0.15473831529296753 0.25318300026846363 
0.16295643540967336 0.19157148650787054 
0.07687637823951114 0.1834529292853289 
0.08538647156833921 0.16708829787783955 
0.14286266472875464 0.16810942482023417 
0.1082811929258248 0.18219768442539933 
0.11266045171580888 0.14951210573633322 
0.11266045171580888 0.14951210573633322 
0.09563491518510624 0.09587643977695617 
0.09341432132447207 0.08977748781332079 
0.09341432132447207 0.08977748781332079 
0.09341432132447207 0.08977748781332079 
0.08546007472573702 0.12319834207997676 
0.08546007472573702 0.12319834207997676 
0.08546007472573702 0.12319834207997676 
0.08546007472573702 0.12319834207997676 
0.06759285723896069 0.11369980883606629 
0.08264751022129473 0.14982047134980503 
0.10517613235483822 0.15942585444444324 
0.1412160369452839 0.16746357908897264 
0.12478418846199535 0.15679233612689722 
0.15816684405527984 0.1790032888498497 
0.11251154747641036 0.20204835974724897 
0.1715578049960917 0.19491629479753503 
0.1452479869661221 0.19498956541182133 
0.1452479869661221 0.19498956541182133 
0.15428332894581515 0.2029577038040048 
0.15428332894581515 0.2029577038040048 
0.1517425195507772 0.22083559254162852 
0.15062649367587658 0.21868737645861114 
0.15062649367587658 0.21868737645861114 
0.16962096450321598 0.17867108473956 
0.11233773877898895 0.169073482452514 
0.10305861566402899 0.14454042518342225 
0.10305861566402899 0.14454042518342225 
0.10309209755835089 0.14504284892431207 
0.09764419239815968 0.14794190653629885 
0.09764419239815968 0.14794190653629885 
0.09764419239815968 0.14794190653629885 
0.11064797666497081 0.12518826408326023 
0.10836982604045507 0.0907543951998625 
0.10836982604045507 0.0907543951998625 
0.10836982604045507 0.0907543951998625 
0.10725326700196852 0.09583535262248212 
0.10005479894431923 0.1221314856579623 
0.16120624941438624 0.197652465325853 
0.15188546550218926 0.15671700723548385 
0.17017608792428185 0.13085009338437564 
0.17017608792428185 0.13085009338437564 
0.17017608792428185 0.13085009338437564 
0.17017608792428185 0.13085009338437564 
0.17017608792428185 0.13085009338437564 
0.17456554494856324 0.12438509311701737 
0.17456554494856324 0.12438509311701737 
0.15512686241379686 0.14714440752339536 
0.14066313622688636 0.12675184480036789 
0.14066313622688636 0.12675184480036789 
0.14066313622688636 0.12675184480036789 
0.14066313622688636 0.12675184480036789 
0.14066313622688636 0.12675184480036789 
0.14066313622688636 0.12675184480036789 
0.14066313622688636 0.12675184480036789 
0.15166381210819158 0.13444981300430203 
0.15166381210819158 0.13444981300430203 
0.15166381210819158 0.13444981300430203 
0.15358029510408777 0.15247084509061626 
0.10980606706638352 0.157426950654032 
0.13469956984004064 0.12920115977380175 
0.11606830231228576 0.14401837460757677 
0.11438913169637953 0.14926136532102374 
0.07073269770005551 0.17032031318752247 
0.10670401391700052 0.19222936276263433 
0.09528044563143302 0.1918039706966264 
0.16228504930055562 0.15924654649007133 
0.17551542832896877 0.19286701335943396 
0.16043855559474932 0.2090664886645232 
0.1571312606981682 0.2011463587816783 
0.1571312606981682 0.2011463587816783 
0.16128186091992097 0.20295623021813153 
0.16128186091992097 0.20295623021813153 
0.15815037449878397 0.20028421694096327 
0.15405881309911051 0.18837596862636055 
0.15446914484450083 0.240975762870015 
0.15446914484450083 0.240975762870015 
0.15446914484450083 0.240975762870015 
0.15446914484450083 0.240975762870015 
0.15446914484450083 0.240975762870015 
0.15446914484450083 0.240975762870015 
0.1746126850072603 0.2540481898997171 
0.1746126850072603 0.2540481898997171 
0.1508531665329507 0.23358775925947534 
0.1454078124830907 0.23545025808701533 
0.1454078124830907 0.23545025808701533 
0.11629881722782709 0.2268670693407495 
0.11954938319698782 0.2304848297528456 
0.11328091305098632 0.23380552615108763 
0.08959600015341355 0.24523445666629926 
0.08959600015341355 0.24523445666629926 
0.08959600015341355 0.24523445666629926 
0.07477617928064695 0.1425715096856973 
0.07080730014534772 0.18901634167219275 
0.07082125582826448 0.18907648557296658 
0.07082125582826448 0.18907648557296658 
0.06412942078950931 0.17270566438107526 
0.10675848423994645 0.2097404763423425 
0.1260057083498835 0.2012265029509113 
0.12663077322198135 0.20125665138487203 
0.17894881791019737 0.19463536165511205 
0.08139640690003858 0.18739446090772088 
0.0934741973228054 0.1587740812896738 
0.06172696239990293 0.18825663755430405 
0.1313484876128863 0.21313146625303672 
0.11293058926069144 0.24519147789253806 
0.11293058926069144 0.24519147789253806 
0.13707375459940607 0.2072410818690178 
0.13707375459940607 0.2072410818690178 
0.11944103652046502 0.163221687896143 
0.06864297051921933 0.1922218260073594 
0.10573451776700453 0.17626147401592052 
0.13889940811678506 0.19658291758655716 
0.13250289635774642 0.17976259562300104 
0.13518824932224205 0.14280303117710752 
0.1749127404745266 0.1470697875563925 
0.1749127404745266 0.1470697875563925 
0.1749127404745266 0.1470697875563925 
0.17586970668397636 0.14747276196914264 
0.17586970668397636 0.14747276196914264 
0.17692302338728028 0.14622958938928637 
0.17692302338728028 0.14622958938928637 
0.17692302338728028 0.14622958938928637 
0.17692302338728028 0.14622958938928637 
0.17751154600880853 0.14576806416920782 
0.17104622778751088 0.1484697559106381 
0.17324080802743674 0.1457829763459301 
0.1766097474004021 0.114227650235587 
0.1766097474004021 0.114227650235587 
0.1766097474004021 0.114227650235587 
0.13303635544469142 0.17599386599415415 
0.08226698927791597 0.16894204343815725 
0.130953361096107 0.19148907748144395 
0.11766420006307059 0.17385661423844453 
0.156927347266271 0.17564663977331502 
0.17422464547439087 0.16993059469327557 
0.1458557432178502 0.17155542337917623 
0.16407605970198938 0.186708292316333 
0.09772865270818341 0.1926940773621375 
0.1449165976095842 0.2003398855960444 
0.1298700713596555 0.2052399961486686 
0.1298700713596555 0.2052399961486686 
0.15046989798783245 0.20765154048367312 
0.15046989798783245 0.20765154048367312 
0.15046989798783245 0.20765154048367312 
0.14829432050112512 0.21184200467779493 
0.1468580808851653 0.22924130319722918 
0.15543045928654373 0.23980005874324753 
0.15543045928654373 0.23980005874324753 
0.15543045928654373 0.23980005874324753 
0.15543045928654373 0.23980005874324753 
0.1726202663365523 0.242265235695105 
0.1482493686079058 0.24447903215468744 
0.1458399928456621 0.25317274280215474 
0.13950545664581188 0.22906968112275583 
0.13950545664581188 0.22906968112275583 
0.14151729916285524 0.23036759096757092 
0.07801600376033314 0.1445921369539188 
0.07801600376033314 0.1445921369539188 
0.1359300227144885 0.18806184218256722 
0.10767746522558375 0.17635210251115094 
0.16098228712338103 0.16369110872399445 
0.1592901386853248 0.1863043066799824 
0.15643799380926027 0.19753889402014585 
0.06567715436850094 0.1641915801819109 
0.15801511066155094 0.16006253325546832 
0.10386562220860815 0.1730507319155476 
0.11401679116379262 0.19139832756281377 
0.12702198287193417 0.17035108261707446 
0.1376102606877352 0.2091498266221892 
0.11156772872445353 0.17327000360621378 
0.08840821698477808 0.16077387727037062 
0.06359588183315536 0.14352374570254714 
0.06359588183315536 0.14352374570254714 
0.07349001473698813 0.14036232840721857 
0.07349001473698813 0.14036232840721857 
0.07421543796057031 0.14158016145515712 
0.07421543796057031 0.14158016145515712 
0.07421543796057031 0.14158016145515712 
0.07421543796057031 0.14158016145515712 
0.07582497449376704 0.13803222146750005 
0.0720804232524699 0.14919584613739564 
0.0720804232524699 0.14919584613739564 
0.12959847358212986 0.19547592107991812 
0.12959847358212986 0.19547592107991812 
0.061492746303627326 0.1685704844076551 
0.10324457893170871 0.17747988319156738 
0.06174188309430188 0.18879693719164348 
0.09677402897288821 0.2158618326246213 
0.16997767404328223 0.16554724760196504 
0.12283056221177854 0.1644060758756056 
0.08935613852056334 0.17015497607554694 
0.11206175480939887 0.1731141216889392 
0.15170995673742257 0.16404058637419483 
0.16963577361457075 0.12484355494233199 
0.16963577361457075 0.12484355494233199 
0.1691576755279313 0.12306401903402718 
0.15373487172266542 0.1476802821139812 
0.15373487172266542 0.1476802821139812 
0.15688708734285156 0.1403211793165604 
0.0759353478593573 0.15675149490922963 
0.07471602923227977 0.15236166546261662 
0.06688940924235802 0.1703473750867435 
0.09194190837521138 0.18612829862227823 
0.17943627535073198 0.17002651246785488 
0.16293128945638122 0.18175068464265234 
0.10838618915362838 0.1725302966718178 
0.1453975716548041 0.16739701162430515 
0.0621947339749013 0.1612173751363821 
0.0643884299306555 0.16396509786916244 
0.09865516477905388 0.19839145767983307 
0.14105615695853344 0.1848796273244841 
0.07916749334268063 0.19010570366052765 
0.10561344508096575 0.1873366673463477 
0.15093758104453786 0.19195034551747536 
0.180211808832885 0.2228736254146698 
0.180211808832885 0.2228736254146698 
0.180211808832885 0.2228736254146698 
0.180211808832885 0.2228736254146698 
0.180211808832885 0.2228736254146698 
0.180211808832885 0.2228736254146698 
0.17822998487774733 0.15049749633211643 
0.17822998487774733 0.15049749633211643 
0.1568817394551827 0.18661707662328317 
0.17761850796496145 0.21682382421150193 
0.1762381549924359 0.21543832930133588 
0.09553398015821996 0.23320245466917972 
0.17938530057759977 0.21815038606518813 
0.15744209411989146 0.18608384882738252 
0.15073579187540603 0.18745853119474568 
0.16522813170939205 0.19876892813302602 
0.0607511376987353 0.17716771419250246 
0.164262125501353 0.18543002871116354 
0.0630937482002072 0.17628919931310666 
0.09180429763927941 0.20207679050908767 
0.09195215125935591 0.20322210181659178 
0.09193257668268373 0.20327895979360927 
0.1290875472346684 0.19765629733540538 
0.070990928812531 0.1789920726826121 
0.06682499135891418 0.18292594883930813 
0.0761861357406172 0.1875055179376748 
0.15910301482552724 0.15413884316068882 
0.15910301482552724 0.15413884316068882 
0.15652469217041617 0.15046699352313014 
0.17104006086917503 0.15848697522274818 
0.17104006086917503 0.15848697522274818 
0.16366478957274738 0.1342916808789584 
0.16366478957274738 0.1342916808789584 
0.15602260697837633 0.14241771774305398 
0.15587948075396005 0.14299545312175246 
0.18032771021572802 0.20537595223566424 
0.17583774667498187 0.20454651733513143 
0.16092413717326975 0.20168058256581428 
0.16092413717326975 0.20168058256581428 
0.16080678421263714 0.20134324735807863 
0.17610569593928008 0.20829153911239442 
0.17610569593928008 0.20829153911239442 
0.07398679619546933 0.17828297717759578 
0.08850359891778992 0.17735203213434592 
0.08634519231759162 0.1510891202555471 
0.0992018376706513 0.14607117737859515 
0.0829515005835319 0.1765848390685294 
0.07805994426869173 0.18909724857619206 
0.0759901463208633 0.21070381904044888 
0.1293740736315916 0.1764273016474417 
0.06302029966235526 0.17273949207853634 
0.14818728991427804 0.1682630412821072 
0.08026725966223933 0.18902850840482777 
0.06614242474329259 0.21021289288098452 
0.06614242474329259 0.21021289288098452 
0.10239431556765512 0.16140426174945913 
0.13995881065002452 0.19797341827004425 
0.09207361389762249 0.19553542887811726 
0.09814369544501753 0.19728750213934532 
0.09869860100690359 0.16068114969342678 
0.08662672867669895 0.16671301180732676 
0.06309107659167948 0.14959580189387456 
0.07233617995177738 0.15233426214699336 
0.0927180684669008 0.21719728745524813 
0.12358303542103222 0.18950008371419208 
0.12213039135462737 0.20290220234059672 
0.10932412004972755 0.2032185420308648 
0.1797650889585321 0.1532014954330954 
0.16244366787593348 0.15241686731581203 
0.16920729044237132 0.16500925833410882 
0.07748859489080087 0.18375532645730863 
0.07208330950698881 0.1935376285623592 
0.061228213608589516 0.21311336938300912 
0.09759554283446119 0.16563657967910564 
0.06589119238153485 0.18670375544093207 
0.0807764606306802 0.18761404341917745 
0.0730492201377618 0.12326161786957898 
0.07186650323965117 0.1382405671607309 
0.07186650323965117 0.1382405671607309 
0.07186650323965117 0.1382405671607309 
0.07186650323965117 0.1382405671607309 
0.17358137963192932 0.15656054928933308 
0.17358137963192932 0.15656054928933308 
0.14820077823555053 0.16166803651080416 
0.12903659774126358 0.17278340899173633 
0.09796205031086604 0.1714409140166349 
0.1519398509525654 0.18374421092903084 
0.07162977006029553 0.1994817376442572 
0.07162977006029553 0.1994817376442572 
0.06270743666822695 0.23225450563281233 
0.06270743666822695 0.23225450563281233 
0.08366148065408605 0.23377051443700136 
0.08366148065408605 0.23377051443700136 
0.08366148065408605 0.23377051443700136 
0.08366148065408605 0.23377051443700136 
0.09110758007882908 0.22573983662357266 
0.1218645828424505 0.1717910108596131 
0.16612929672668914 0.17454500933624814 
0.09394771416431481 0.1657516950746684 
0.17927413367307507 0.21495192570895869 
0.1396170735108187 0.1832122193824149 
0.16033929199110217 0.17161984037053 
0.14731406517677517 0.2070263871467451 
0.1498801904805075 0.24752185156493117 
0.1498801904805075 0.24752185156493117 
0.1498801904805075 0.24752185156493117 
0.1498801904805075 0.24752185156493117 
0.1498801904805075 0.24752185156493117 
0.13943515242990331 0.213956274127021 
0.12552974956510776 0.17139294968516658 
0.06177021969050278 0.17869257270548466 
0.12724888628307052 0.2042680261319008 
0.12329783793645421 0.20794767803633668 
0.14599799883532164 0.16683660837302092 
0.08445346512582598 0.19108357929456443 
0.16210057091071337 0.1939414907773498 
0.14521150137941916 0.2120175884243945 
0.14521150137941916 0.2120175884243945 
0.1488090435997789 0.20468606457202884 
0.10856040491915554 0.1810660610663889 
0.13798962827797243 0.19624416237402462 
0.0779800428628144 0.2002943017543507 
0.0779800428628144 0.2002943017543507 
0.14885182297950983 0.1728485084099238 
0.06750572730036392 0.17290296147603107 
0.10030107479106024 0.19880415502148777 
0.09130862256054337 0.2038383784914446 
0.17158902009057125 0.20183657737173796 
0.17158902009057125 0.20183657737173796 
0.17158902009057125 0.20183657737173796 
0.17158902009057125 0.20183657737173796 
0.1747456791909217 0.19992477045147983 
0.1747456791909217 0.19992477045147983 
0.1747456791909217 0.19992477045147983 
