0.08603464678377044 0.14545600060144176 
0.14674206376784 0.1170817449578036 
0.139366646847561 0.11562639123755751 
0.1310672755250203 0.12009532822167156 
0.14566223287779023 0.12795491387608401 
0.14582382138268546 0.12748267219124368 
0.1453760222874915 0.13234435814466075 
0.14291090210255056 0.1330168749836458 
0.1391372888962247 0.1325678836365557 
0.1391372888962247 0.1325678836365557 
0.12325609127894781 0.11341114689753162 
0.12325609127894781 0.11341114689753162 
0.12196959680933601 0.09491570434160157 
0.12196959680933601 0.09491570434160157 
0.12196959680933601 0.09491570434160157 
0.11544350498470138 0.1373605196285559 
0.1215589780624144 0.12582075399081258 
0.1215589780624144 0.12582075399081258 
0.13387403075206286 0.1241027058884939 
0.14466120009262948 0.09277023382897422 
0.14466120009262948 0.09277023382897422 
0.14134027092238538 0.10269186590498415 
0.11750784736795272 0.1269843127432086 
0.11750784736795272 0.1269843127432086 
0.12264219441824023 0.1308743703468845 
0.12196422027055709 0.12938935791336997 
0.11702970877703528 0.12908034428472415 
0.1186211763012624 0.1588042194995068 
0.1370220025105119 0.20389566959939306 
0.1486590466146137 0.24092140165595854 
0.17821636942306923 0.22302572744694993 
0.1776381547689675 0.21965412533439277 
0.1776381547689675 0.21965412533439277 
0.07872738965621907 0.1653502965293327 
0.08228613725192152 0.16324973254205735 
0.12239691101538838 0.187020484139113 
0.17561967323954938 0.1808815239454422 
0.12366390024788254 0.17230308287681234 
0.1774473346189805 0.17616369727503148 
0.10196590916543785 0.17818733244983018 
0.06776905706972715 0.1535935775362314 
0.06776905706972715 0.1535935775362314 
0.06809932179501206 0.1318763768706523 
0.06809932179501206 0.1318763768706523 
0.06809932179501206 0.1318763768706523 
0.06153938888671018 0.12865459587246508 
0.06153938888671018 0.12865459587246508 
0.06153938888671018 0.12865459587246508 
0.06153938888671018 0.12865459587246508 
0.0740917437312926 0.13831324285382152 
0.0740917437312926 0.13831324285382152 
0.0740917437312926 0.13831324285382152 
0.08046208257389185 0.14172995497496504 
0.08046208257389185 0.14172995497496504 
0.08046208257389185 0.14172995497496504 
0.08046208257389185 0.14172995497496504 
0.07081401378696084 0.13750399887863782 
0.07081401378696084 0.13750399887863782 
0.07081401378696084 0.13750399887863782 
0.07081401378696084 0.13750399887863782 
0.07091493421859241 0.13774595595380723 
0.06600943062315072 0.1366315344804186 
0.06600943062315072 0.1366315344804186 
0.062186820913683216 0.12535117524471784 
0.062186820913683216 0.12535117524471784 
0.06206559281987387 0.14002699407883054 
0.06206559281987387 0.14002699407883054 
0.08099479455039695 0.14829346378647687 
0.07236379969686761 0.1459631785257316 
0.07236379969686761 0.1459631785257316 
0.085972645339449 0.15295943131945902 
0.08803214535125103 0.15434372001167943 
0.06432709029215808 0.1602673370364176 
0.1569485877472572 0.1558848849292147 
0.1569485877472572 0.1558848849292147 
0.15965833596451182 0.14469360151796287 
0.16329709962818018 0.14905070549127789 
0.16329709962818018 0.14905070549127789 
0.16183062691380362 0.15120672741006613 
0.16086052238700035 0.14806265373059926 
0.16086052238700035 0.14806265373059926 
0.12333678381711216 0.18777026585944756 
0.1205284023874359 0.16173038115524793 
0.10640588373982404 0.1706896841719538 
0.07664461580527376 0.19150113834035606 
0.10940068872719438 0.19350715916851735 
0.14950507790402615 0.17072709154528373 
0.13250663547521568 0.18661277200112356 
0.12132831714845552 0.22102602458215104 
0.12622290367041772 0.22257752894524846 
0.09910884750635422 0.22235649329289991 
0.09910884750635422 0.22235649329289991 
0.09910884750635422 0.22235649329289991 
0.134439612008469 0.18096951534424774 
0.16908920498584012 0.16650043414260715 
0.15830692249967673 0.19688973623712755 
0.17996165620970606 0.19041969589821076 
0.15189069528334342 0.20762326177713789 
0.15573851675622533 0.20697846195310204 
0.17328309418467586 0.23805549558646388 
0.17328309418467586 0.23805549558646388 
0.17328309418467586 0.23805549558646388 
0.06588332464345847 0.16562561032947937 
0.06356127169177879 0.11582014834858557 
0.06356127169177879 0.11582014834858557 
0.06359758375354528 0.11598789638650131 
0.06359758375354528 0.11598789638650131 
0.06359758375354528 0.11598789638650131 
0.06143336954612554 0.11109949482055802 
0.07057609052998183 0.14095081769826856 
0.07057609052998183 0.14095081769826856 
0.07300489747937407 0.14575291982576188 
0.07845029369478722 0.1665152433648059 
0.06860475457258033 0.18977924305747712 
0.14727083795016904 0.1857520430216557 
0.09562466506799062 0.1664095537714427 
0.1526663579764957 0.15570224762416623 
0.11785861064500824 0.16788421608792592 
0.11662932105333865 0.1749282609153364 
0.11450065372852666 0.21186274444969241 
0.11242195636126653 0.2179684914839316 
0.13092046782381198 0.18716536139141154 
0.13120479227042908 0.17376175337981173 
0.12161169173530459 0.18294619228116302 
0.11299550517127982 0.1925701886559689 
0.134846427644812 0.15285032583681554 
0.1390458429081168 0.14254024615968824 
0.13690245102703882 0.12995008515250897 
0.17749249558093666 0.19176926667496264 
0.14348570156312918 0.16881316804890065 
0.066003112448623 0.17850585232375302 
0.14816706353143252 0.18497675946972306 
0.1332393432825974 0.22750920724734308 
0.13787681340664842 0.19413136007905846 
0.11703243002339976 0.1706998764694154 
0.13457302514599878 0.16383137975734546 
0.12493848390886801 0.20793721358176048 
0.11947570988369469 0.24437563768571713 
0.11395708072467718 0.24909527995812264 
0.11395708072467718 0.24909527995812264 
0.11395708072467718 0.24909527995812264 
0.11395708072467718 0.24909527995812264 
0.12225412986749848 0.24737257645236643 
0.12253613868526789 0.23584947868010805 
0.12253613868526789 0.23584947868010805 
0.09788288440988988 0.24004720261190227 
0.09788288440988988 0.24004720261190227 
0.09788288440988988 0.24004720261190227 
0.09696629415008846 0.24403544209863787 
0.09613692348034113 0.24550761104957186 
0.12135305241306008 0.23691699261338411 
0.1345331473213297 0.25231066687199233 
0.1345331473213297 0.25231066687199233 
0.1345331473213297 0.25231066687199233 
0.1345331473213297 0.25231066687199233 
0.13657502134323485 0.253103912702695 
0.12812182406169068 0.24599386271754628 
0.13865815470983286 0.20946076412037812 
0.15834878891789841 0.2278668302570222 
0.14577216703323492 0.18364444312159367 
0.11832085597483613 0.16569397643896522 
0.06802441421340613 0.17689544709428043 
0.08802612917361147 0.16049998999023868 
0.06391121238599767 0.10520894880344919 
0.07106187482213439 0.10503468656706416 
0.07106187482213439 0.10503468656706416 
0.14650384435642436 0.19565549280429087 
0.14650384435642436 0.19565549280429087 
0.12690755550012237 0.20761208638056586 
0.11712781810968041 0.2309737508128693 
0.13533442595632195 0.16400718621589616 
0.09616926031195423 0.1546461105160329 
0.09688370391061352 0.19105063638600067 
0.1602555391043529 0.18628313657109993 
0.17231551806489154 0.19684460512907334 
0.17476412644583944 0.19084113492295948 
0.06877552733731812 0.20069834745632179 
0.10472944774073424 0.1657325791416548 
0.08088294371478183 0.12728617995043007 
0.08547038562763436 0.15325942364234998 
0.09141338374436178 0.15440307179650672 
0.10958658761628581 0.16414538980716264 
0.07573240505740214 0.19921661874069815 
0.16787097451051408 0.1735917510011708 
0.1563149183057709 0.1641203983645906 
0.12320007222698118 0.17472691948122962 
0.12895762007315878 0.2152014038958784 
0.12895762007315878 0.2152014038958784 
0.12318695426812773 0.20159793529000541 
0.1353900619938235 0.177431697866131 
0.09748449460268503 0.17382486435763056 
0.14365479915919438 0.1588470398386085 
0.1307198855991898 0.17835457081905434 
0.07845016005433743 0.1822274889179487 
0.16892287339057183 0.17903480842937985 
0.16950636878925715 0.1916477987195705 
0.16950636878925715 0.1916477987195705 
0.18009171298700827 0.21920058067697634 
0.18009171298700827 0.21920058067697634 
0.18009171298700827 0.21920058067697634 
0.1496917012839047 0.19368576723996167 
0.10479144416641012 0.17621828782398863 
0.14659128682176648 0.19196636852302176 
0.146853643675617 0.18913318869975468 
0.0682443327924004 0.16823703495796732 
0.07622629073732456 0.21319936704707293 
0.10803756020646232 0.22867658275401723 
0.10803756020646232 0.22867658275401723 
0.11536176996170855 0.2339578623856723 
0.11536176996170855 0.2339578623856723 
0.13233469772784323 0.2556009479117033 
0.13233469772784323 0.2556009479117033 
0.13233469772784323 0.2556009479117033 
0.13233469772784323 0.2556009479117033 
0.13233469772784323 0.2556009479117033 
0.13233469772784323 0.2556009479117033 
0.13233469772784323 0.2556009479117033 
0.13233469772784323 0.2556009479117033 
0.13971764745714657 0.2332973714977217 
0.1359990026889655 0.24656785796783443 
0.1359990026889655 0.24656785796783443 
0.1575953628986539 0.24818270663406095 
0.1575953628986539 0.24818270663406095 
0.1575953628986539 0.24818270663406095 
0.1575953628986539 0.24818270663406095 
0.1292273913481912 0.2511865486163744 
0.1292273913481912 0.2511865486163744 
0.1292273913481912 0.2511865486163744 
0.11572970626576888 0.25345338467860584 
0.11572970626576888 0.25345338467860584 
0.11806651658023819 0.25333734220637116 
0.08944395549569353 0.21153095997770427 
0.09855378892366332 0.2554717701007464 
0.09855378892366332 0.2554717701007464 
0.10112729664253543 0.2223721605406303 
0.09850968411667443 0.23053148155948638 
0.12785209920520735 0.20076801790493976 
0.12785209920520735 0.20076801790493976 
0.08430150279997907 0.16144040212356625 
0.14327168969315718 0.1744476635290242 
0.10538665221775713 0.17237605041537493 
0.07417708095310985 0.17656450789836356 
0.061253721462506294 0.1789866906861347 
0.16040895883065945 0.17835198925917453 
0.12031748130441013 0.18174946227603342 
0.06380362694618669 0.1867476333813104 
0.11771201880668822 0.1760149855672345 
0.1107565320326149 0.18202668584404147 
0.16804594159378547 0.16837713867212173 
0.14197491461745695 0.19192254884584542 
0.14197491461745695 0.19192254884584542 
0.10430372936340156 0.19779620651563207 
0.10564722157561963 0.19062716776483654 
0.1426014415350256 0.16510256055986966 
0.06903609436539165 0.16476924527560283 
0.10909558842227915 0.19134319699451263 
0.11569505264564954 0.17491265853290192 
0.12302002547870122 0.16946422173734269 
0.07177222876586388 0.19514845098568664 
0.16685231928774685 0.19033390738444242 
0.17192813472568103 0.20292344374128635 
0.17192813472568103 0.20292344374128635 
0.061562707479811116 0.17697688932268277 
0.10373173896719153 0.17909156189003586 
0.14286808589005884 0.17304556932859083 
0.13126001876752036 0.2147967589649716 
0.15872045072345545 0.15387644643386697 
0.13477301428360394 0.19547113116846482 
0.1347168041954771 0.19552713539505812 
0.09011574954107543 0.20814768349216692 
0.09360265548255488 0.22768447046224588 
0.09394864118025659 0.22560689702065306 
0.09350127026541871 0.226029863511521 
0.08631106425850849 0.24266065447389462 
0.08704485894910574 0.2562267293876857 
0.08704485894910574 0.2562267293876857 
0.09375645488929589 0.24757539736367845 
0.09375645488929589 0.24757539736367845 
0.09873795719619116 0.24073946199564256 
0.0918924703035728 0.1625969204030894 
0.18006533524014037 0.17187771192963602 
0.1433902878736871 0.1806784677969085 
0.06810256474032861 0.17348281350722145 
0.09083827133549723 0.17819161152392582 
0.15564754390402102 0.19610668680317872 
0.08491009761130908 0.2209619236748241 
0.06959069574223131 0.2376966044176323 
0.06980561921343903 0.23766733571598855 
0.13340829875643642 0.1986015676816886 
0.14104668191004527 0.15770514406616787 
0.14104668191004527 0.15770514406616787 
0.16336597678480763 0.11249516458403197 
0.16336597678480763 0.11249516458403197 
0.16336597678480763 0.11249516458403197 
0.1573478601579193 0.12132384825924614 
0.1573478601579193 0.12132384825924614 
0.1573478601579193 0.12132384825924614 
0.1573478601579193 0.12132384825924614 
0.1573478601579193 0.12132384825924614 
0.17831631089860545 0.1049605971069204 
0.17738334154311025 0.12190849137853904 
0.17738334154311025 0.12190849137853904 
0.17738334154311025 0.12190849137853904 
0.1748997711236545 0.1266280533353172 
0.17497530310800058 0.14379318306067415 
0.17497530310800058 0.14379318306067415 
0.17497530310800058 0.14379318306067415 
0.06905963089317783 0.17866278004158673 
0.17613492357135307 0.16792094333041335 
0.14267878026695252 0.16731540035647274 
0.09236770948071502 0.17264799491123667 
0.16768617932642882 0.1807829628971081 
0.12521842430357955 0.18383747608127987 
0.13456465822750924 0.20492544574197594 
0.12862111207185625 0.18149738277456598 
0.07036609966229633 0.18508656266852164 
0.15050755742044641 0.17615788276525818 
0.16456061270323077 0.1760676395840812 
0.15488032106392652 0.21533954607460565 
0.17812622454022858 0.20573145309611304 
0.17812622454022858 0.20573145309611304 
0.13857935950732278 0.1767864391468833 
0.10335535226860952 0.18263121525224732 
0.11215981157554314 0.20601120054628594 
0.11215981157554314 0.20601120054628594 
0.1694668730354247 0.1737357934459604 
0.14876739579146073 0.1553777729365602 
0.09054688061880756 0.16330944414996246 
0.07565064286815629 0.14043632250283256 
0.11374737270923352 0.1565509872135114 
0.14383848169343505 0.1920588715903849 
0.08959893701414931 0.21604575865874548 
0.07903996882296738 0.23868832518390984 
0.13348551039379455 0.199305205879999 
0.13348551039379455 0.199305205879999 
0.1306985775293658 0.2049794676808969 
0.12287183118043259 0.20817665280022707 
0.07312709352639887 0.16823553229620664 
0.06151466752542424 0.16662965672766888 
0.18083467153337038 0.1743134108112351 
0.09972346961247311 0.20434995457507688 
0.14355183241193423 0.2000071341968476 
0.15729110462279253 0.14819411354516931 
0.15729110462279253 0.14819411354516931 
0.06645820046081657 0.14603121040016268 
0.08166238172345587 0.15033650855277048 
0.10164022370567408 0.16164204216514155 
0.16146991824018808 0.16046139937576243 
0.14919474255773996 0.1586242310018155 
0.17721344944607925 0.1276515842405187 
0.149286597193737 0.1342187731129371 
0.13150533351940574 0.11023447404663708 
0.13150533351940574 0.11023447404663708 
0.10978851302085482 0.11219958405219564 
0.12614553010433366 0.12370123233298641 
0.10595749154874165 0.22338621506790804 
0.0871682842315348 0.14227287196867072 
0.08687200972812423 0.14060000706946693 
0.10879417597086694 0.14422506702972263 
0.11035972712635465 0.12275435726042012 
0.09758604217676377 0.11113315191346534 
0.09758604217676377 0.11113315191346534 
0.09758604217676377 0.11113315191346534 
0.09391366683778507 0.10390425503073325 
0.09718353308673233 0.1254332682264142 
0.11096841776053112 0.1296957872516215 
0.11096841776053112 0.1296957872516215 
0.11533807062651863 0.14202948365161577 
0.1329175433378401 0.18437582127414395 
0.11750336745633774 0.17808509405059644 
0.1354764860967159 0.11177422436434042 
0.10755636073186665 0.17625518818096142 
0.11716980767538898 0.20929865234717296 
0.09388049897336881 0.2556013239103428 
0.11975723110014817 0.21705022414399977 
0.12641250779673477 0.2153454027773081 
0.12641250779673477 0.2153454027773081 
0.10871136816064698 0.1641587464190109 
0.08078568269498457 0.16077647035368658 
0.08078568269498457 0.16077647035368658 
0.07752389506132694 0.13357647603880657 
0.07798340833937907 0.12773360121841126 
0.10358724757247685 0.14629697871303193 
0.14325541122857785 0.16998994922498792 
0.11078282499189707 0.16942943192110782 
0.0726378618750682 0.17532915812812847 
0.08159191995786887 0.1500273886757785 
0.11608480395902201 0.18845163620710115 
0.11532815658599214 0.18868240532699027 
0.13883712553047037 0.18169866958688888 
0.1361037235983393 0.19407041073153505 
0.17676009145763583 0.16395754807636856 
0.12561636939001725 0.16095085693895456 
0.10396738095808813 0.18080148223846088 
0.11299105296482984 0.20038581578242973 
0.1099025462620972 0.2066844950019174 
0.15712250032013458 0.19001582893201044 
0.08445350643299952 0.21949185602823687 
0.08392758343543 0.22208175497412364 
0.08385202210593048 0.22227673319914948 
0.0724864400349037 0.22719146976396212 
0.0724864400349037 0.22719146976396212 
0.0724864400349037 0.22719146976396212 
0.0724864400349037 0.22719146976396212 
0.0724864400349037 0.22719146976396212 
0.0724864400349037 0.22719146976396212 
0.0724864400349037 0.22719146976396212 
0.07366684041740104 0.22671859652411203 
0.06515362243107234 0.23068063124309893 
0.06515362243107234 0.23068063124309893 
0.06515362243107234 0.23068063124309893 
0.06515362243107234 0.23068063124309893 
0.17752491403422976 0.18924076205717716 
0.1204101486500932 0.19556981273740387 
0.11623682700208021 0.19088099859687324 
0.159940667352472 0.1625088999023473 
0.07121825944982954 0.163971453883931 
0.0976363447832629 0.1930334521249695 
0.13908494014972375 0.18445254101202851 
0.06839694540498281 0.1808952191121494 
0.16390139967510203 0.22272886743852524 
0.16390139967510203 0.22272886743852524 
0.16645779173287353 0.2259525290448518 
0.13664486406213255 0.1959353050186888 
0.13411159855516747 0.1960123001741924 
0.12294529497606366 0.16116097880936858 
0.17954585084897492 0.18036950726109427 
0.08108356490885568 0.18637447006537233 
0.0717825535549338 0.14954792769308453 
0.12095697130740356 0.20072874022795922 
0.10714426964482748 0.2390022750252716 
0.10714426964482748 0.2390022750252716 
0.07395913012391632 0.17094255351268228 
0.10285664422956563 0.21110792447372462 
0.11092882709058426 0.17456555685300423 
0.14416592436336007 0.15824313641668492 
0.14416592436336007 0.15824313641668492 
0.08622753372065982 0.19965708686967248 
0.11489462809643176 0.19031033678287085 
0.08470417068916766 0.17279006510552872 
0.1520805206357453 0.19809194230164623 
0.14816593304974648 0.20778630343674867 
0.14280846820013657 0.21030429248241153 
0.12107302951169448 0.24819205395264274 
0.12523921228283208 0.23822755810293206 
0.12523921228283208 0.23822755810293206 
0.11414811457451626 0.24735205685135025 
0.10015714710198476 0.25015017627183 
0.10015714710198476 0.25015017627183 
0.10031642744962803 0.22022912061980426 
0.10167575227536747 0.2243196031860209 
0.10167575227536747 0.2243196031860209 
0.10167575227536747 0.2243196031860209 
0.10372449041309902 0.22688788060346118 
0.0997286904456561 0.2490540767291852 
0.08323416374746195 0.25509491916239546 
0.08849917135290408 0.22098611249220795 
0.08714082756697478 0.23547354372965534 
0.08714082756697478 0.23547354372965534 
0.08714082756697478 0.23547354372965534 
0.07556616984250346 0.2448950399073836 
0.07556616984250346 0.2448950399073836 
0.11882635647960753 0.21034933080473106 
0.11621666507812256 0.1647357284084938 
0.083360408574443 0.17412683166992318 
0.14263583125350773 0.17981432809694078 
0.08933912195795335 0.17354758309559765 
0.11701653089470962 0.16250759452536906 
0.12132976705660442 0.19140473712477268 
0.11139477475941709 0.21840292663276595 
0.11367041425680402 0.22663077286480368 
0.11367041425680402 0.22663077286480368 
0.11247038221914331 0.23226652664697522 
0.11247038221914331 0.23226652664697522 
0.11990056594877813 0.22380187630063164 
0.10688133555150262 0.22510795744742154 
0.10611877610221787 0.227266327925692 
0.10484237370676186 0.2273273250247406 
0.10484237370676186 0.2273273250247406 
0.10355641549192722 0.22878999767916813 
0.08184212506264804 0.1686394392623938 
0.17507466413964173 0.2149835340263634 
0.1792510195263652 0.22206510165961335 
0.16058099934909856 0.20861215999719515 
0.16058099934909856 0.20861215999719515 
0.16058099934909856 0.20861215999719515 
0.16058099934909856 0.20861215999719515 
0.1247861012290493 0.18889230763289885 
0.13387882551553087 0.15033269760456214 
0.13387882551553087 0.15033269760456214 
0.13818361237813942 0.12596009338174335 
0.14592489242130324 0.15749338570594276 
0.1543757033033903 0.15060022317894403 
0.1657993071984315 0.1325288182389483 
0.1657993071984315 0.1325288182389483 
0.1715874837682753 0.1182630954057822 
0.1715874837682753 0.1182630954057822 
0.16516288088315828 0.12384240049723921 
0.16636622296299805 0.10893535358816919 
0.16761604129843666 0.10740175693541583 
0.17106624457133968 0.0988735914086891 
0.17106624457133968 0.0988735914086891 
0.17106624457133968 0.0988735914086891 
0.17106624457133968 0.0988735914086891 
0.17106624457133968 0.0988735914086891 
0.16652504182486205 0.1008095103622085 
0.16652504182486205 0.1008095103622085 
0.12322790648663731 0.15421393543504117 
0.17073970891930995 0.1794194727754566 
0.13760196438271807 0.19594139459727947 
0.06917015405636551 0.1700209770597182 
0.07797374637261272 0.17054968014178995 
0.13908295894972533 0.2261668756389357 
0.13936022537135637 0.20769719778588408 
0.15512337131077722 0.24041197517783755 
0.15512337131077722 0.24041197517783755 
0.15512337131077722 0.24041197517783755 
0.15250804060020368 0.24852952871678807 
0.15250804060020368 0.24852952871678807 
0.16860103849024574 0.2127568499069829 
0.16860103849024574 0.2127568499069829 
0.1685201922007173 0.20665868931233924 
0.08932516312520247 0.17203270147599928 
0.09841513143148473 0.18581472617119824 
0.1071096827132362 0.16882927511627582 
0.13455476678084458 0.1968044640934262 
0.14360300015686153 0.16838863709829055 
0.1377989082103619 0.1501751162740979 
0.14386686133930277 0.15506674052593208 
0.1358596762954014 0.1431031085882354 
0.174124610850962 0.14254950899454502 
0.174124610850962 0.14254950899454502 
0.13084165899198597 0.1565643326594148 
0.06927145507654275 0.1499356312367441 
0.16580530538288588 0.15934609428681445 
0.10688695579724708 0.18033965957874937 
0.10382991618904147 0.16123350461769892 
0.08522667931583194 0.14851270491386767 
0.08522667931583194 0.14851270491386767 
0.12437856428274727 0.18483433739468305 
0.08933658214533623 0.22764721633143234 
0.08640843487505905 0.21957820908662717 
0.08607377414694496 0.22453087246893352 
0.09342064551369297 0.1700397162884136 
0.07759797226747983 0.19672263063254863 
0.07281905361952026 0.1956361716742675 
0.18019363229911958 0.2040731865185108 
0.06323879907304583 0.1884326705347777 
0.08127666368197686 0.18239142251257304 
0.17694403485806365 0.17626114867483492 
0.11693031619114151 0.16681514248955515 
0.06705145116239478 0.18905031217040205 
0.1478717151142279 0.1652735296702021 
0.08769089484266758 0.204185076684935 
0.09764214475084816 0.14512550966981805 
0.09140418831130029 0.1739797057377383 
0.15234110113464128 0.18770087126225826 
0.16748744412521913 0.15696980435566008 
0.16748744412521913 0.15696980435566008 
0.18141962940000625 0.15592678106307944 
0.10588065974075787 0.1657096502326818 
0.08228589911078577 0.18182301873943701 
0.13275334559025856 0.19021514802976347 
0.12858384833619763 0.23371507048014212 
0.13147132130212552 0.2324594236482587 
0.13054922807044436 0.2313137608247154 
0.13054922807044436 0.2313137608247154 
0.16430652343906393 0.22222985741066859 
0.1236518772228502 0.18762237606382226 
0.08758466750380563 0.19975530557116214 
0.1799604266110567 0.18496265498691802 
0.18012863774495183 0.1833388725990822 
0.10912004988034352 0.18198088581313845 
0.11928246122110908 0.20715680602660158 
0.13060957899502443 0.2247633419589005 
0.13060957899502443 0.2247633419589005 
0.130713380477251 0.2243443456875139 
0.130713380477251 0.2243443456875139 
0.15010128711175547 0.2098226565191687 
0.1375783604370278 0.2062665732735976 
0.13716712393311994 0.20701132963104585 
0.11983607183905738 0.22887319454484129 
0.11983607183905738 0.22887319454484129 
0.140811018568373 0.2035551800300276 
0.13225681322335506 0.16920109385945842 
0.15029100135075973 0.19328646993408075 
0.09646906321336352 0.16326845705416357 
0.09032273587118969 0.15520500841070317 
0.09032273587118969 0.15520500841070317 
0.11109568962569391 0.1349746771704603 
0.11474506588969577 0.12670202936369784 
0.11452670611860465 0.11846337359234488 
0.11452466008087465 0.12182643025373069 
0.11534481074768252 0.11962520628373023 
0.13194583980476482 0.12942045418071899 
0.12855723614610473 0.14110352995855546 
0.12212720995259461 0.14184697443233427 
0.11860980921065079 0.1423870052650543 
0.07974395204059531 0.12088226133921699 
0.07974395204059531 0.12088226133921699 
0.07820243500479573 0.10645774241326374 
0.07808543682124447 0.10837273491915 
0.07808543682124447 0.10837273491915 
0.07808543682124447 0.10837273491915 
0.07808543682124447 0.10837273491915 
0.07808543682124447 0.10837273491915 
0.07808543682124447 0.10837273491915 
0.08119558065903079 0.14001420452828534 
0.08119558065903079 0.14001420452828534 
0.08119558065903079 0.14001420452828534 
0.08119558065903079 0.14001420452828534 
0.10330093635041795 0.12492330341010126 
0.10764523509105373 0.14278167920362209 
0.11115586477822739 0.15433863813928483 
0.08961182570962566 0.13998842009500462 
0.09367711249888248 0.14462629930811155 
0.09367711249888248 0.14462629930811155 
0.09367711249888248 0.14462629930811155 
0.09440454673148693 0.14684599877492435 
0.14384578222663486 0.16466604963193346 
0.08693018467812211 0.1648460651022994 
0.15745138393949237 0.16333375457640595 
0.15307157249602918 0.14322227436715396 
0.14810169667769985 0.14814008834378017 
0.1490714778548037 0.10847528418544528 
0.1490714778548037 0.10847528418544528 
0.1300215132968261 0.14210907091625052 
0.12347553173892487 0.10606720401260294 
0.1388564161334509 0.1151287169984308 
0.13167161207040928 0.10146181798035107 
0.13167161207040928 0.10146181798035107 
0.13167161207040928 0.10146181798035107 
0.13167161207040928 0.10146181798035107 
0.13167161207040928 0.10146181798035107 
0.11222858552018536 0.11957589851609855 
0.11593804542860221 0.10948891545327932 
0.11593804542860221 0.10948891545327932 
0.11677806632806961 0.10866790149509106 
0.11787027142025418 0.12128345494534087 
0.10297023827622108 0.12581301164651854 
0.09602672641917849 0.0985090816746476 
0.09602672641917849 0.0985090816746476 
0.09485875490012201 0.10086716400108063 
0.09485875490012201 0.10086716400108063 
0.10871694576473956 0.12130946918903548 
0.1028487093150414 0.1126335400246964 
0.06540457807011994 0.17704608577851788 
0.07847685517938498 0.17256051519068696 
0.14182483540998458 0.18166438209974003 
0.13333596681826826 0.18423901585174876 
0.13088664302522826 0.19623820518532203 
0.08359824990067771 0.16110548864768864 
0.10301134673562891 0.19329321233279553 
0.12065989934196965 0.20546099141351742 
0.11874367972158313 0.20043963800305703 
0.11930828516123598 0.1971068434330325 
0.1449905263375705 0.1848305895884677 
0.169500066672353 0.18031767453355632 
0.1677606262046388 0.19631529748527726 
0.1671085940807052 0.19466539943045286 
0.0755755082085539 0.2200539860538036 
0.0755755082085539 0.2200539860538036 
0.18065513847890363 0.1788426179971814 
0.08883345613840253 0.20319701388131636 
0.09692434111130101 0.22404711108507502 
0.09692434111130101 0.22404711108507502 
0.09386449361533362 0.2259438421086963 
0.06205877573256714 0.2137909761203789 
0.06205877573256714 0.2137909761203789 
0.08803094366200316 0.17650136451609774 
0.07379196981597408 0.1485950527330036 
0.07774337778617091 0.15241482054461278 
0.1192652744111602 0.16931540937470235 
0.13833139796982818 0.2012688495164004 
0.13794036043487676 0.19748500809596634 
0.1359922651763777 0.2031769912758068 
0.14986374899557658 0.16813846883394395 
0.12247604660173497 0.11183525089322806 
0.12247604660173497 0.11183525089322806 
0.15503382352686546 0.09645128311346474 
0.1293872490541951 0.13874630909009705 
0.12337431234906025 0.129447569222864 
0.15207370943036003 0.16329227417557696 
0.1744614141603481 0.1514192199386818 
0.1744614141603481 0.1514192199386818 
0.1744614141603481 0.1514192199386818 
0.1744720062436478 0.1503236814281152 
0.1561306477172755 0.1953747690486597 
0.11523388268304717 0.15349390389902995 
0.08860519321549828 0.11599995562255097 
0.08921435705608406 0.11759956501581158 
0.09861200022227488 0.20323850524256507 
0.11338290622256389 0.2099909551775296 
0.11209574172597186 0.20553034752401814 
0.1490587836185795 0.21318368558905135 
0.14266584101886592 0.25345954128150433 
0.14266584101886592 0.25345954128150433 
0.14266584101886592 0.25345954128150433 
0.14491100081861025 0.25656781763990727 
0.14491100081861025 0.25656781763990727 
0.12454468825067594 0.2295398882194787 
0.13987111723197 0.2251209076830947 
0.13987111723197 0.2251209076830947 
0.1700512963977298 0.23865612211814166 
0.1700512963977298 0.23865612211814166 
0.1700512963977298 0.23865612211814166 
0.1700512963977298 0.23865612211814166 
0.1700512963977298 0.23865612211814166 
0.1700512963977298 0.23865612211814166 
0.18005420958508267 0.16040630923256602 
0.18005420958508267 0.16040630923256602 
0.14495487385769992 0.16869469059612768 
0.14567103217942268 0.17614180860993914 
0.10988443160916721 0.2069986128999184 
0.12891787532630866 0.20396776223958313 
0.11032356144596145 0.20891815772764807 
0.12822964203929482 0.16500563289469894 
0.07198279995003679 0.1954695904391989 
0.11535145850914483 0.16541811511156285 
0.07876519692235463 0.21325125983460042 
0.15264157020469304 0.21521178401193533 
0.15124829296349468 0.21397146524826627 
0.15124829296349468 0.21397146524826627 
0.15057420935617485 0.16718923414213463 
0.11553433944538145 0.16659983963126299 
0.06177708947639121 0.1851699741119238 
0.16701968689216978 0.17535692972632388 
0.0691616630960693 0.19198421876939548 
0.11362111302876904 0.17255049888240065 
0.08016958716433623 0.16412073391433277 
0.1697689403082858 0.18265451503526509 
0.10059173964436685 0.15538936735878148 
0.1705319099557715 0.20684913873769836 
0.1679111547367249 0.20408715354239404 
0.1679111547367249 0.20408715354239404 
0.10585452695543868 0.17755684040469674 
0.11818160484098836 0.14343977123925228 
0.10763400019772434 0.17447731093020297 
0.06956447282997019 0.16441164040455203 
0.07730922295613105 0.1480048249360902 
0.06924305276699085 0.14226120489218766 
0.06924305276699085 0.14226120489218766 
0.07502618465102073 0.1801927000023488 
0.08359699379337776 0.166742637907727 
0.08432434914206083 0.1428618600959944 
0.08432434914206083 0.1428618600959944 
0.08587283693668765 0.14335075161696967 
0.08587283693668765 0.14335075161696967 
0.08587283693668765 0.14335075161696967 
0.08727593432032404 0.1418591934203391 
0.08727593432032404 0.1418591934203391 
0.08727593432032404 0.1418591934203391 
0.08727593432032404 0.1418591934203391 
0.08487568676152638 0.1409248507483037 
0.08729020750381374 0.144883198554224 
0.13288077378570928 0.16442780930221312 
0.1104473682305449 0.16638522142362705 
0.07257242826891586 0.19370360964260586 
0.11435888510273336 0.1970536414989607 
0.139812226249081 0.16881803665510495 
0.17878093027648512 0.1505343843700519 
0.17509713047609723 0.14763270647992782 
0.11910162683632078 0.21089607869201657 
0.1341543629888667 0.20433459108854857 
0.06803265725085664 0.2000768306663069 
0.07505910719193523 0.20022901441317684 
0.0724130338623602 0.19599432697387245 
0.1596260961064393 0.1695744219744884 
0.15640947337283634 0.18969643445785536 
0.16079753442054995 0.15947180482504675 
0.1566108766380045 0.13858660980015078 
0.1566108766380045 0.13858660980015078 
0.1566108766380045 0.13858660980015078 
0.1555780429002729 0.13231754654218952 
0.14478261923580021 0.12790842640268626 
0.14478261923580021 0.12790842640268626 
0.13570530340601564 0.15008093671070005 
0.16040473206310707 0.10363529915172956 
0.1605117143148338 0.10339299387524259 
0.1428667034918506 0.10241305426094958 
0.14077613153610277 0.10910066335384991 
0.14077613153610277 0.10910066335384991 
0.13196262394541297 0.08942850321120856 
0.13092565951562263 0.09133174725779378 
0.12197738531251502 0.12391305451778414 
0.12036664715291179 0.10501977694065244 
0.12392553311916545 0.1036399771497159 
0.12360631727071297 0.10230936941838216 
0.06915358127369793 0.1972428947268291 
0.072810056345298 0.19295117153921007 
0.15737385785808944 0.1757718478602919 
0.14921947801557203 0.18971436377657708 
0.11799103867063129 0.20521929233513472 
0.12622633287915147 0.21211204019521274 
0.1709948648891536 0.16244512723168095 
0.07600668409680415 0.16777056815711397 
0.16229332561715062 0.20071271420603146 
0.16229332561715062 0.20071271420603146 
0.16804064725662773 0.20411772767656325 
0.11376361533343993 0.22535641812140206 
0.12377710338440441 0.19919587931699073 
0.09180051569004279 0.18750888140721977 
0.1792734372317924 0.16728059341324675 
0.16794011855650803 0.1613250650151479 
0.10972401089634526 0.19364264290113145 
0.10804258236641479 0.17397203573690906 
0.18031197727718823 0.19415326302360675 
0.17400782791858496 0.19790115181049348 
0.17400782791858496 0.19790115181049348 
0.1675774559420055 0.20282374320524 
0.17563361207623301 0.24804967931874983 
0.17563361207623301 0.24804967931874983 
0.17563361207623301 0.24804967931874983 
0.17563361207623301 0.24804967931874983 
0.17563361207623301 0.24804967931874983 
0.17563361207623301 0.24804967931874983 
0.17563361207623301 0.24804967931874983 
0.17563361207623301 0.24804967931874983 
0.17563361207623301 0.24804967931874983 
0.17563361207623301 0.24804967931874983 
0.17563361207623301 0.24804967931874983 
0.17563361207623301 0.24804967931874983 
0.16456717646429006 0.2305677106146722 
0.13235846824536013 0.2202238176043193 
0.11080467653985704 0.16121414274056373 
0.09572462783725222 0.15595835006062098 
0.09572462783725222 0.15595835006062098 
0.0768594786731023 0.13071366062856893 
0.0768594786731023 0.13071366062856893 
0.0768594786731023 0.13071366062856893 
0.07575766618214426 0.14144676784253535 
0.07575766618214426 0.14144676784253535 
0.07575766618214426 0.14144676784253535 
0.07575766618214426 0.14144676784253535 
0.07575766618214426 0.14144676784253535 
0.1607608689803855 0.1741723415637716 
0.13948166952891958 0.19608052208919652 
0.1483919653556896 0.1999690430569624 
0.14919444484955074 0.2002389435215597 
0.1556684748170788 0.16324184905418015 
0.1220611248907858 0.19694987588412616 
0.1563302216816876 0.1850068536723501 
0.1292098350945597 0.18788718239726834 
0.1221393018935385 0.17413242048885316 
0.1586710838165648 0.10927824312368745 
0.145784139444941 0.1278860239974766 
0.13164361785138823 0.16253752941401817 
0.16146201695012047 0.17421944582504592 
0.13859175405564372 0.20134155212152088 
0.11581481896004081 0.16769320704438428 
0.1804334117604547 0.17859899913047989 
0.08682630162077254 0.20162262072536463 
0.08935838086179476 0.19524859335078923 
0.1437494665848508 0.17491599553795092 
0.07872512997294172 0.18040904559590254 
0.0799094609947828 0.19604406670569455 
0.15043046526564716 0.18399722579960623 
0.14875052874517936 0.1319464548060526 
0.17016276906528988 0.11072671568004247 
0.17016276906528988 0.11072671568004247 
0.17016276906528988 0.11072671568004247 
0.17016276906528988 0.11072671568004247 
0.17016276906528988 0.11072671568004247 
0.17016276906528988 0.11072671568004247 
0.14677696993150607 0.13089367582889522 
0.14677696993150607 0.13089367582889522 
0.14412733145714912 0.12959092230299818 
0.1535436041397784 0.1331359835348343 
0.1635815060899111 0.12896688873244644 
0.17219976447036772 0.099879880845089 
0.17219976447036772 0.099879880845089 
0.17219976447036772 0.099879880845089 
0.15221029519236623 0.1129270289158241 
0.15221029519236623 0.1129270289158241 
0.15221029519236623 0.1129270289158241 
0.15777677725404843 0.11815416410997331 
0.15777677725404843 0.11815416410997331 
0.15777677725404843 0.11815416410997331 
0.1197953998652697 0.1851009013116931 
0.13088429715695216 0.18714547943663273 
0.1353618356361648 0.19023781868900777 
0.10227908977204556 0.17813595478343128 
0.09030614637719718 0.16558778454407933 
0.133972145126239 0.17363362221041026 
0.12371854209364598 0.14415018099335167 
0.12371854209364598 0.14415018099335167 
0.12371854209364598 0.14415018099335167 
0.11227337408063073 0.10604560508685335 
0.11227337408063073 0.10604560508685335 
0.10559368108281979 0.10269214681969675 
0.10559368108281979 0.10269214681969675 
0.10559368108281979 0.10269214681969675 
0.11577254393543984 0.11969267860910958 
0.11577254393543984 0.11969267860910958 
0.11688639962441921 0.12011400024868797 
0.11684116744797945 0.11790982052550002 
0.1130413199192304 0.12840735405918058 
0.1130413199192304 0.12840735405918058 
0.149347605426919 0.19089247201945395 
0.14941346412513942 0.2022811792673139 
0.17780365378051757 0.17031917367461263 
0.17523594937424403 0.19148416013369968 
0.15584490090891373 0.18648106236553458 
0.13894525711759534 0.15937756470224151 
0.13894525711759534 0.15937756470224151 
0.17360850056595578 0.10819518524928176 
0.17360850056595578 0.10819518524928176 
0.17313624935952854 0.10823473158038041 
0.17313624935952854 0.10823473158038041 
0.1702340745569868 0.11693095412140028 
0.12459321837936818 0.17412168958515328 
0.13269782207246866 0.19955292501079755 
0.12194349748790853 0.2248812377365386 
0.11781008375795221 0.2312029799157218 
0.11781008375795221 0.2312029799157218 
0.11781008375795221 0.2312029799157218 
0.11601508896282788 0.2318760929645109 
0.11601508896282788 0.2318760929645109 
0.11601508896282788 0.2318760929645109 
0.0932758932204377 0.20487888877825328 
0.09479997371531089 0.20102397822661833 
0.1452054958429255 0.1693269642784567 
0.1417415094608576 0.18740401432852938 
0.1345007790285903 0.18169852766258632 
0.11737248836939532 0.2019071860242934 
0.08593208334533994 0.16143684610369236 
0.0897030825616296 0.16026533533196927 
0.13731310547253844 0.16699197286648018 
0.14119742850608397 0.22561502216298052 
0.14119742850608397 0.22561502216298052 
0.17805932943298267 0.17521792861687335 
0.09603955866012397 0.17809934425418306 
0.16614726261202759 0.16742851062359998 
0.16206288729844015 0.16735599151395741 
0.13710938956977384 0.18811842705495435 
0.07424253586067353 0.17240406235831698 
0.1367717344320099 0.1615678213590287 
0.1568428366723414 0.13990583033552856 
0.1568428366723414 0.13990583033552856 
0.1591664410076978 0.13419188164234971 
0.15428171461850354 0.13509648930088944 
0.15428171461850354 0.13509648930088944 
0.15293859497621848 0.12699271841395063 
0.153025874397032 0.12813653331399025 
0.153025874397032 0.12813653331399025 
0.06747083794179551 0.21374970210220987 
0.09168497919794506 0.18882595526487145 
0.11033883837507993 0.16265493947003087 
0.1693480971296815 0.18314821410613316 
0.15808671303311278 0.2373256961848566 
0.16220348085447403 0.24286921910929074 
0.16220348085447403 0.24286921910929074 
0.16220348085447403 0.24286921910929074 
0.16220348085447403 0.24286921910929074 
0.16220348085447403 0.24286921910929074 
0.16464915491049678 0.23763514410274061 
0.16464915491049678 0.23763514410274061 
0.16449723410111736 0.23566221733921877 
0.16839077820368578 0.19600994658004436 
0.16839077820368578 0.19600994658004436 
0.16839077820368578 0.19600994658004436 
0.15703083825773967 0.19012340809345155 
0.09965640168120342 0.1648019592577456 
0.0743679491267158 0.1830837524313433 
0.12275655503013277 0.16331673610103994 
0.08977497970755474 0.19293555938993467 
0.155137327236859 0.17142352905238686 
0.10358746156282377 0.1810746269078931 
0.09180781037204794 0.1799290915286524 
0.12578520114635114 0.1574097052765915 
0.13937839744750516 0.13135476727122716 
0.13937839744750516 0.13135476727122716 
0.13937839744750516 0.13135476727122716 
0.1446436928250843 0.12465530727333365 
0.1378186469346922 0.1239574729419361 
0.16337421135416286 0.09974094783444878 
0.16337421135416286 0.09974094783444878 
0.15834127917910767 0.13890930632650528 
0.154980100052808 0.15284693511121808 
0.154980100052808 0.15284693511121808 
0.1751466638089944 0.1567576781365246 
0.14693594246422417 0.1926064623553303 
0.1749448518407656 0.14479267235856721 
0.08201414611713109 0.1747069390691047 
0.0870556896858313 0.19002400796756932 
0.0879657329167525 0.1883397265684082 
0.10879072103055751 0.22659670538867752 
0.11529136431679246 0.24752886099655397 
0.11719605811237957 0.24116873446176812 
0.11719605811237957 0.24116873446176812 
0.11719605811237957 0.24116873446176812 
0.12039684502408621 0.24692163729980202 
0.12039684502408621 0.24692163729980202 
0.12039684502408621 0.24692163729980202 
0.1161862552032426 0.23636985472547606 
0.1161862552032426 0.23636985472547606 
0.11288687064457104 0.2223057044628379 
0.11288687064457104 0.2223057044628379 
0.17530383094330443 0.2250987784301885 
0.17530383094330443 0.2250987784301885 
0.16253011477908158 0.21378136552098898 
0.1636811782547365 0.2144967952391923 
0.15410803005560952 0.21410939813872812 
0.15659716061957016 0.21419418135644946 
0.15659716061957016 0.21419418135644946 
0.16099028711030183 0.21194484643077197 
0.17943666913886144 0.23687512865119553 
0.17943666913886144 0.23687512865119553 
0.17943666913886144 0.23687512865119553 
0.14539806375560543 0.15075628482442308 
0.11510878363460707 0.186705265154723 
0.15558728097893454 0.19711811501246923 
0.08467061514661597 0.21032038761560876 
0.09381452298543949 0.21112947588390835 
0.10190028003307887 0.20531113714503552 
0.0663318754999615 0.19947956081369758 
0.10624283165095075 0.1840966495264458 
0.13798223319430739 0.15540145148736761 
0.132835456355067 0.15312780738696186 
0.12849775038228306 0.15363320012810766 
0.1544039597511823 0.1194712793100078 
0.153775308553007 0.11929934698764624 
0.15185464804474838 0.14036135015445342 
0.15352469866122362 0.14160126074094173 
0.1601827837506969 0.0905708959457278 
0.16147521391039593 0.12378980542502462 
0.162136397673307 0.123677371978431 
0.162136397673307 0.123677371978431 
0.162136397673307 0.123677371978431 
0.12961701895451913 0.12974095292424268 
0.11710822468430654 0.14632953656061742 
0.11355067508117742 0.14192265210341518 
0.11355067508117742 0.14192265210341518 
0.11355067508117742 0.14192265210341518 
0.11677267508128737 0.13870547905774702 
0.11773828806024347 0.13312823816297448 
0.11773828806024347 0.13312823816297448 
0.12779722119607823 0.10752169485002117 
0.12779722119607823 0.10752169485002117 
0.12779722119607823 0.10752169485002117 
0.12328197907634081 0.11086506514435242 
0.12328197907634081 0.11086506514435242 
0.12477189353844992 0.09994790990369924 
0.10431183598101934 0.09322945117471912 
0.09088326283947365 0.1067941235936253 
0.10716686955061522 0.14332689462001955 
0.10716686955061522 0.14332689462001955 
0.08778734414594218 0.15167305824493846 
0.06284143637582448 0.22022037626343643 
0.10025730440847574 0.18487068471133555 
0.0821167126537137 0.17781239242414795 
0.1710098248032025 0.20205357638520052 
0.06898342362578254 0.1730065198577718 
0.16074499219006871 0.16094224912723315 
0.07983289718263933 0.1539928168955746 
0.16639398542708173 0.15798722538743326 
0.09221281604474542 0.18436476355089923 
0.08619309649425337 0.1968527515142903 
0.13197373799172504 0.15742382227842544 
0.06294804238749863 0.19678711674391758 
0.06255506959920827 0.19639447750888256 
0.06255506959920827 0.19639447750888256 
0.08554963976420524 0.20386319832161 
0.09994954447431713 0.22864260773776934 
0.17361326060649923 0.16486586760718625 
0.07297816281339134 0.190318419732821 
0.0653209982964169 0.19752876037489941 
0.10959628314211951 0.17711075544765711 
0.11954674608843291 0.18585430460296598 
0.13466569148390092 0.23803209402900577 
0.15296613690004382 0.2498571530296564 
0.15296613690004382 0.2498571530296564 
0.15296319343119477 0.24914371361207116 
0.15296319343119477 0.24914371361207116 
0.15296319343119477 0.24914371361207116 
0.14962834600187255 0.24519519243506577 
0.15416451825665312 0.22212166926715585 
0.10295155431692853 0.19214375099287467 
0.10859751914627262 0.19256085674030696 
0.06110527575991199 0.1744922630996491 
0.08259140823005169 0.1657944220067101 
0.10926421288682546 0.1702325731782769 
0.07192984231406538 0.15419328355190118 
0.06421956452077884 0.11583314142074627 
0.06421956452077884 0.11583314142074627 
0.06421956452077884 0.11583314142074627 
0.06565056484225149 0.14742277838489848 
0.1206722421687993 0.14970600409423518 
0.1206722421687993 0.14970600409423518 
0.12059869494908826 0.14985899351961032 
0.12440071703856018 0.13145043093801392 
0.1185596379687742 0.1313059236675927 
0.11765802827232513 0.1249476563437684 
0.11250551802984513 0.10765265569685548 
0.11250551802984513 0.10765265569685548 
0.11250551802984513 0.10765265569685548 
0.128969163706679 0.1367312155318353 
0.128969163706679 0.1367312155318353 
0.12323025023065051 0.12240044618101344 
0.12131144806879395 0.13154885524140553 
0.11503253364276678 0.10669680631363307 
0.11503253364276678 0.10669680631363307 
0.10851386226665377 0.09253945438375537 
0.10769683443214592 0.10276342404197372 
0.11020514712485932 0.10273906453129057 
0.10734467424424962 0.10845379208725345 
0.10503576358401609 0.12664903109048242 
0.10503576358401609 0.12664903109048242 
0.10489968735486312 0.1238194962986697 
0.11338064257961342 0.12292597008153487 
0.11348637322550938 0.13851468743623607 
0.11344649089202749 0.1386400577650552 
0.11247260845336396 0.13382517415948192 
0.12128802886878745 0.14838596074699079 
0.16527623693768786 0.13171615659363384 
0.16527623693768786 0.13171615659363384 
0.16527623693768786 0.13171615659363384 
0.16527623693768786 0.13171615659363384 
0.16527623693768786 0.13171615659363384 
0.18137152021441602 0.11640127303578193 
0.18137152021441602 0.11640127303578193 
0.17856135552102725 0.13351555103613622 
0.17856135552102725 0.13351555103613622 
0.17856135552102725 0.13351555103613622 
0.17856135552102725 0.13351555103613622 
0.17856135552102725 0.13351555103613622 
0.17856135552102725 0.13351555103613622 
0.17856135552102725 0.13351555103613622 
0.1581972306407419 0.13176978061778866 
0.07999109694737967 0.16165351158493885 
0.0694094981768053 0.15700111314675888 
0.1391815083531248 0.20197894566450297 
0.14361264026203308 0.2100411699104603 
0.17137578691792768 0.24250439661231915 
0.17137578691792768 0.24250439661231915 
0.1698603225054843 0.2408551059857294 
0.1698603225054843 0.2408551059857294 
0.12748467546998443 0.21783119582306243 
0.15992562555353118 0.1782905899731088 
0.1646762299832126 0.1398483308392306 
0.1646762299832126 0.1398483308392306 
0.16759911575996955 0.1250948054312946 
0.17725605761069657 0.0947742839642562 
0.17633194293893265 0.09888385657776567 
0.17633194293893265 0.09888385657776567 
0.17658720315220036 0.09859966113060359 
0.1802324152885793 0.09350501917740839 
0.1802324152885793 0.09350501917740839 
0.1802324152885793 0.09350501917740839 
0.1802324152885793 0.09350501917740839 
0.1802324152885793 0.09350501917740839 
0.1802324152885793 0.09350501917740839 
0.1772363505433849 0.11481020185453868 
0.1772363505433849 0.11481020185453868 
0.1627810544938098 0.13971347899581615 
0.16589818063225087 0.13995932603342623 
0.16589818063225087 0.13995932603342623 
0.17414865923976477 0.12583668228054978 
0.17414865923976477 0.12583668228054978 
0.17673929847173958 0.12028312171975701 
0.17673929847173958 0.12028312171975701 
0.13371163439959113 0.16934438780271044 
0.16768262019362948 0.1667082062578442 
0.17763636281712508 0.18545310847823782 
0.13983399264580681 0.20327822760142117 
0.15064190955379866 0.234746927560689 
0.15064190955379866 0.234746927560689 
0.15370011579887324 0.23329556238534357 
0.15370011579887324 0.23329556238534357 
0.15370011579887324 0.23329556238534357 
0.15455058660311935 0.2562943199186936 
0.15455058660311935 0.2562943199186936 
0.15455058660311935 0.2562943199186936 
0.15455058660311935 0.2562943199186936 
0.15455058660311935 0.2562943199186936 
0.15455058660311935 0.2562943199186936 
0.15455058660311935 0.2562943199186936 
0.14039201743630095 0.24807289898887303 
0.14177591035882575 0.25108326484178045 
0.14177591035882575 0.25108326484178045 
0.14187233576167507 0.25279616331508614 
0.1331838248742222 0.23671135777652347 
0.1331838248742222 0.23671135777652347 
0.1331838248742222 0.23671135777652347 
0.13718201768186444 0.22321321601433897 
0.1059854407519884 0.2090509198536469 
0.10936902482817673 0.19788879147605476 
0.1066016693520785 0.1953795530054991 
0.17972531001488765 0.19045095687109864 
0.11586204537239861 0.16750978452344675 
0.0768144434977667 0.17121234533053467 
0.062142628402100684 0.1647693234098502 
0.13367363898666496 0.1620845379589122 
0.160234764684478 0.1316851174981889 
0.16495591844732094 0.12944382057241832 
0.16573076194491837 0.128313806549963 
0.16640282166885306 0.12857042270699673 
0.16863076392861068 0.11132061856868264 
0.16863076392861068 0.11132061856868264 
0.16863076392861068 0.11132061856868264 
0.1681343352821232 0.11195308420490604 
0.1681343352821232 0.11195308420490604 
0.1663862623580091 0.13845011256807366 
0.152807483413748 0.14843561011868756 
0.08479804751717493 0.19629435603216613 
0.09462084519089849 0.23978338331202098 
0.06758965257209154 0.17872636339421133 
0.06556523063705487 0.19693188140583467 
0.11031395515607116 0.1955677373453465 
0.10280156712563043 0.2231043470420943 
0.09979794205704115 0.23138822786205912 
0.09988153582576442 0.23142989549522144 
0.08879057939577213 0.22462598435384667 
0.08714843487074928 0.2366176804671324 
0.08714843487074928 0.2366176804671324 
0.14379129500935264 0.17858114774049227 
0.12984552846156924 0.19173799599894034 
0.1756707476174233 0.15612103944926067 
0.07486606236780545 0.19696902647494172 
0.0736929614452547 0.19256509026275975 
0.15114967098299803 0.1706768697323496 
0.12172714034961563 0.17530834161035175 
0.10712714936784307 0.19336789558736633 
0.10712714936784307 0.19336789558736633 
0.12261030917924841 0.2045026262330256 
0.15371669469773896 0.21642671110438427 
0.15371669469773896 0.21642671110438427 
0.10877634120470941 0.16607582069559557 
0.10031040016446563 0.1774663107878158 
0.07073873442146325 0.20233883948886777 
0.07177984475450908 0.21094844064007764 
0.09244059843012167 0.20093736397479323 
0.07703467444068034 0.2051100685967331 
0.08685387591785171 0.20035812818225135 
0.08685387591785171 0.20035812818225135 
0.0855653615195865 0.16691444476492273 
0.06946035270133717 0.147293636612282 
0.06946035270133717 0.147293636612282 
0.06919469766489796 0.10595685804389579 
0.07277017661898239 0.11888941621115659 
0.07277017661898239 0.11888941621115659 
0.07277017661898239 0.11888941621115659 
0.06911432734890999 0.11701483229709554 
0.06911432734890999 0.11701483229709554 
0.07678123633437671 0.14144100205304766 
0.07678123633437671 0.14144100205304766 
0.07678123633437671 0.14144100205304766 
0.07678123633437671 0.14144100205304766 
0.0953840778394574 0.23435249710442288 
0.10913011092261296 0.2373048864819469 
0.09642832023059428 0.2482662071882713 
0.09642832023059428 0.2482662071882713 
0.09386969031195151 0.21797754739769346 
0.09386969031195151 0.21797754739769346 
0.13461681246440324 0.1703504935482395 
0.16667155662073765 0.18743824699956413 
0.06905190656329774 0.16303393115430834 
0.12101790870097044 0.18566926208454837 
0.11042256553400184 0.15659676814842174 
0.16214743507782028 0.18006990513940435 
0.1642641885697551 0.18174595373839275 
0.11331280183749545 0.17875710962294067 
0.07244390805044931 0.13497634341213172 
0.06671011823302522 0.13908833476548332 
0.06394282181954225 0.13682970005763267 
0.06394282181954225 0.13682970005763267 
0.06394282181954225 0.13682970005763267 
0.0931165855570521 0.1627604263669357 
0.07770932629950383 0.14378872783551128 
0.07770932629950383 0.14378872783551128 
0.061510219672219056 0.13370693571123374 
0.061510219672219056 0.13370693571123374 
0.06948973089005105 0.13632494208288962 
0.06948973089005105 0.13632494208288962 
0.06948973089005105 0.13632494208288962 
0.09180764713357745 0.130348369046763 
0.08396379052828798 0.17374189180870714 
0.08945377733267128 0.17508041289097537 
0.16005376212587966 0.20678402500120824 
0.08289162207526996 0.15313009446501968 
0.09286757615281133 0.1897056365045316 
0.173772474243211 0.19360936752145913 
0.15380003573057252 0.18924955023799578 
0.13506052128743845 0.1675912371635149 
0.06855472363700904 0.19250751730241503 
0.13205466461916732 0.1835091691080114 
0.09283001080340018 0.2458707224805874 
0.09266493569219188 0.24562846026931776 
0.09261271619778264 0.24585192649004267 
0.10598946221354469 0.2201364449422386 
0.1046899105144013 0.21503766550988454 
0.1178137775341023 0.250236681401629 
0.1178137775341023 0.250236681401629 
0.11580515296570676 0.24963739704204058 
0.11535977592685366 0.2489247519982965 
0.11535977592685366 0.2489247519982965 
0.11535977592685366 0.2489247519982965 
0.11535977592685366 0.2489247519982965 
0.11535977592685366 0.2489247519982965 
0.11745233857755503 0.24184800417442667 
0.11745233857755503 0.24184800417442667 
0.13246257129141906 0.22566737903517434 
0.13246257129141906 0.22566737903517434 
0.13979184793134722 0.2351329096761244 
0.13979184793134722 0.2351329096761244 
0.13979184793134722 0.2351329096761244 
0.13874480053091626 0.23234545938037315 
0.13816534648067677 0.22863801429206354 
0.13816534648067677 0.22863801429206354 
0.13816534648067677 0.22863801429206354 
0.13816534648067677 0.22863801429206354 
0.1255592239221185 0.22910472254842443 
0.1036816249279861 0.2416591234143198 
0.10111697542807604 0.2325149629155523 
0.1055411305313012 0.22743474202442004 
0.1055411305313012 0.22743474202442004 
0.0814661259902175 0.220538191934274 
0.12936096795357893 0.18464421439223333 
0.12108561286790048 0.17967772664852835 
0.12661090033484415 0.20818667379135158 
0.14048968129136946 0.23817133587618244 
0.12785422188947432 0.2408945074736503 
0.12785422188947432 0.2408945074736503 
0.12785422188947432 0.2408945074736503 
0.12785422188947432 0.2408945074736503 
0.12785422188947432 0.2408945074736503 
0.12785422188947432 0.2408945074736503 
0.12785422188947432 0.2408945074736503 
0.12785422188947432 0.2408945074736503 
0.12949999298416107 0.24642231297123168 
0.12949999298416107 0.24642231297123168 
0.1290614094611985 0.24792987223460736 
0.12961417834405928 0.24611304469905043 
0.12961417834405928 0.24611304469905043 
0.12961417834405928 0.24611304469905043 
0.12961417834405928 0.24611304469905043 
0.14020200017222045 0.22578675946643728 
0.14020200017222045 0.22578675946643728 
0.14020200017222045 0.22578675946643728 
0.14020200017222045 0.22578675946643728 
0.07755876299148359 0.17488739167553408 
0.12909634154029903 0.1721863184219649 
0.10122649735988498 0.169927235938748 
0.10075420077875595 0.16969737625916542 
0.07624532455693458 0.1785204078511844 
0.10784091927090271 0.18356044664262958 
0.17801787294832452 0.17994737701006167 
0.0740461169818901 0.17274543709595416 
0.09904078257154333 0.16868567289493408 
0.12429841810320953 0.1625709088705005 
0.12650334377243322 0.1587307118041766 
0.14721735796792657 0.14687304524250044 
0.14721735796792657 0.14687304524250044 
0.18040502672071773 0.1189709560849652 
0.18040502672071773 0.1189709560849652 
0.18040502672071773 0.1189709560849652 
0.18040502672071773 0.1189709560849652 
0.18040502672071773 0.1189709560849652 
0.17093270301897823 0.12276248076091552 
0.1595071466683792 0.1344653547969123 
0.16597245567833177 0.13617683081431772 
0.15613408044281965 0.13754942478121152 
0.15613408044281965 0.13754942478121152 
0.16922706385812394 0.13491380661299007 
0.16922706385812394 0.13491380661299007 
0.11885272461100618 0.1734119624082539 
0.12251758101428525 0.20207731636038093 
0.12411184387415977 0.20371787564089763 
0.12411184387415977 0.20371787564089763 
0.12420637917673333 0.21158635858109828 
0.10526016766386093 0.20940673891998843 
0.11192088767181721 0.24787346907102897 
0.11192088767181721 0.24787346907102897 
0.11192088767181721 0.24787346907102897 
0.11650029908818449 0.2474516614073862 
0.07943507587671082 0.24315100104214118 
0.07872475253030262 0.24185015970477133 
0.07872475253030262 0.24185015970477133 
0.07872475253030262 0.24185015970477133 
0.07872475253030262 0.24185015970477133 
0.07872475253030262 0.24185015970477133 
0.07872475253030262 0.24185015970477133 
0.07872475253030262 0.24185015970477133 
0.07872475253030262 0.24185015970477133 
0.09599602444004421 0.24229154144192652 
0.12662942792868556 0.1811802832230493 
0.09095242834038282 0.18186004839538372 
0.1429826500175687 0.19443498483932303 
0.1521012195449975 0.1888155737581694 
0.06592432443197976 0.16195088030023638 
0.08057207050044835 0.18794758339218695 
0.17193720789907707 0.1791150271893161 
0.08501442376152078 0.1762351930276093 
0.08063586968361486 0.1573136927972947 
0.1005546515568768 0.17045137236986946 
0.09188226112004963 0.19258593411458869 
0.12647428849371323 0.17519169735290469 
0.10194680839740394 0.15502150124331174 
0.10682584100167654 0.17115991610576956 
0.11909810208702565 0.1810968777125623 
0.06403605480932983 0.17030210860879869 
0.15902276103088864 0.1905865661970756 
0.09537445176347849 0.16681535494193686 
0.1462746301967869 0.16021314900179262 
0.11797203578550258 0.17673054667148425 
0.09594429147474401 0.14710737869604953 
0.11766489923081395 0.17211141030318464 
0.1617663604280585 0.17684684061225817 
0.07192780338295235 0.17755478944082234 
0.1105085556369699 0.1692591585089664 
0.12727817287324933 0.1750517725354374 
0.0663453109339376 0.1655448662899276 
0.1595113962402367 0.14473601364413155 
0.1573124674859966 0.1582308520211603 
0.15426758962117978 0.1658534405056384 
0.07198742764315663 0.1626986542743439 
0.06726556408867906 0.12211445579869419 
0.06726556408867906 0.12211445579869419 
0.07247192424033325 0.12239242835248662 
0.06282721136087076 0.10629771424702435 
0.06282721136087076 0.10629771424702435 
0.06282721136087076 0.10629771424702435 
0.06282721136087076 0.10629771424702435 
0.06282721136087076 0.10629771424702435 
0.06282721136087076 0.10629771424702435 
0.06282721136087076 0.10629771424702435 
0.08310546797423926 0.14546322821553476 
0.08310546797423926 0.14546322821553476 
0.060893449170638256 0.171261789667371 
0.12212085260643418 0.19531006649222674 
0.09996604218379442 0.22000031681256207 
0.09996604218379442 0.22000031681256207 
0.10957446413498416 0.20481734343668453 
0.12325462616593762 0.247822687850972 
0.12325462616593762 0.247822687850972 
0.12325462616593762 0.247822687850972 
0.12325462616593762 0.247822687850972 
0.12325462616593762 0.247822687850972 
0.07678562242757714 0.2295052988249649 
0.07606054593242896 0.2296279411649628 
0.07606054593242896 0.2296279411649628 
0.07606054593242896 0.2296279411649628 
0.07606054593242896 0.2296279411649628 
0.07606054593242896 0.2296279411649628 
0.07606054593242896 0.2296279411649628 
0.07606054593242896 0.2296279411649628 
0.07606054593242896 0.2296279411649628 
0.06735200338234763 0.21996106117818692 
0.06176586025233919 0.24738085335105314 
0.06176586025233919 0.24738085335105314 
0.06176586025233919 0.24738085335105314 
0.06176586025233919 0.24738085335105314 
0.06176586025233919 0.24738085335105314 
0.06176586025233919 0.24738085335105314 
0.13813906017465064 0.17679120541960505 
0.11160919326299434 0.17502660016842744 
0.11758415941837186 0.17916251878805148 
0.15032250652126591 0.16623779370748967 
0.062072111829897955 0.17337950730023188 
0.12821891659524662 0.16280614386996836 
0.13062647597627025 0.16169805031334508 
0.14600544332530127 0.11943367154365261 
0.13056656967267227 0.13711541505266697 
0.13056656967267227 0.13711541505266697 
0.13056656967267227 0.13711541505266697 
0.10253857884596698 0.20373099555293178 
0.13048125538914454 0.1764747746269585 
0.06353596740607836 0.17088796893878683 
0.1745675035281364 0.20581854382516518 
0.17162003604281437 0.20526870310364778 
0.17162003604281437 0.20526870310364778 
0.08127149227122485 0.16873266993260516 
0.15545980157831177 0.17971862245124132 
0.16459252374758443 0.15030829858390565 
0.16459252374758443 0.15030829858390565 
0.17270527766231397 0.13449239872957452 
0.17270527766231397 0.13449239872957452 
0.17270527766231397 0.13449239872957452 
0.133409628918366 0.14156640607205684 
0.1423784250989001 0.13237043715007438 
0.1423784250989001 0.13237043715007438 
0.16385528014986692 0.10910314931163671 
0.16385528014986692 0.10910314931163671 
0.16385528014986692 0.10910314931163671 
0.16352357804228915 0.1378898710068573 
0.16420135342364506 0.13894611169395696 
0.16619425628366036 0.1338341692248424 
0.10285422463350509 0.1459695089609559 
0.10174871293818041 0.14987642451692368 
0.09059302858198132 0.2068212737608207 
0.11193607047973173 0.1537336603662098 
0.11266508272657437 0.14356754951597095 
0.10375336714445899 0.1357380072529118 
0.09838555927682142 0.11060946935554392 
0.11313292286018278 0.11882394274430802 
0.1100895598127567 0.1061359232152638 
0.09875834928730948 0.12001110765258442 
0.11342886663176929 0.14142600854164056 
0.10715034733613196 0.1337594887627431 
0.16527381366097332 0.1586710300834731 
0.16884118775418666 0.16658366026680144 
0.09603695901459046 0.19733639655291219 
0.07820323169407087 0.16877482902250135 
0.14796782956371105 0.1975216981415396 
0.16182566254087566 0.18310134923719665 
0.17774212232398606 0.21216347834730576 
0.08535189114650359 0.2241461774103828 
0.16626681413951405 0.15562752966744775 
0.16455159120534296 0.15513359297407228 
0.166233317869232 0.15252580994964504 
0.17922885791696358 0.14640126078005028 
0.17727302084930316 0.14678680672211325 
0.17727302084930316 0.14678680672211325 
0.17727302084930316 0.14678680672211325 
0.17727302084930316 0.14678680672211325 
0.16522029157724497 0.2213270971951364 
0.10186021233130627 0.19317773433201205 
0.08765442735807177 0.1743886165509402 
0.0937619880562356 0.137347685172014 
0.0937619880562356 0.137347685172014 
0.10331862836723227 0.1453965698517771 
0.10331862836723227 0.1453965698517771 
0.10331862836723227 0.1453965698517771 
0.12507418390093591 0.13500622996811373 
0.12458363172628674 0.13341382129863583 
0.1225593908260115 0.13045868316635403 
0.1225593908260115 0.13045868316635403 
0.10387863588093277 0.11115801597258454 
0.10028519770744716 0.10569951789560657 
0.08636408337230037 0.12861048830136118 
0.07295358940332734 0.12355338896048298 
0.08268580290291688 0.15276984741901645 
0.07851302303969206 0.17824378636036697 
0.1491364717728939 0.1660538955439833 
0.126487036965916 0.16579281854654251 
0.08495706067761362 0.15277379024946008 
0.08495706067761362 0.15277379024946008 
0.08495706067761362 0.15277379024946008 
0.08495706067761362 0.15277379024946008 
0.0838856853699042 0.1575679335627524 
0.16499877522875844 0.18488867338966644 
0.13369303497367502 0.18375427728209215 
0.06294636851057919 0.19692090057666484 
0.18057945301825187 0.1956215041946496 
0.17325999686477023 0.18125506008469627 
0.1258688098499126 0.1882666539507451 
0.1258688098499126 0.1882666539507451 
0.14102903333233677 0.20520022390593526 
0.14102903333233677 0.20520022390593526 
0.15183256602539702 0.15718801479550698 
0.17352674766266263 0.19143068322049517 
0.1172698223997915 0.1550454713368966 
0.1172698223997915 0.1550454713368966 
0.12523295898981412 0.14476194417745047 
0.14810752069589733 0.11402910458699277 
0.15846504477924692 0.0981540358513569 
0.15846504477924692 0.0981540358513569 
0.15846504477924692 0.0981540358513569 
0.14232968799123363 0.12366729098301377 
0.14232968799123363 0.12366729098301377 
0.1385267734934395 0.12485416554336097 
0.1385267734934395 0.12485416554336097 
0.1385267734934395 0.12485416554336097 
0.12706268344331892 0.1127298239323608 
0.11158062671593007 0.13140684451472426 
0.11755796551324442 0.136255206845703 
0.11755796551324442 0.136255206845703 
0.14264478130339356 0.1283777503771636 
0.14687208123934756 0.1176860333008458 
0.14687208123934756 0.1176860333008458 
0.14687208123934756 0.1176860333008458 
0.13561659644790902 0.1271115818389346 
0.13848075158187623 0.14224276068836314 
0.14154707708972294 0.13975642734570964 
0.142952285189355 0.14919743008712674 
0.14404810135189158 0.15931839858571684 
0.1404399651406683 0.15390907169396953 
0.1404399651406683 0.15390907169396953 
0.1404399651406683 0.15390907169396953 
0.1003082871090496 0.16855034457399526 
0.09435978572545485 0.18380991702091337 
0.11561385700515489 0.17093250050241954 
0.15914538887617888 0.19104741303813644 
0.16463025597653083 0.18343020571502244 
0.13423148289562323 0.1584040285940584 
0.15358850256544598 0.19996324619920477 
0.15986367404166502 0.1935652586422758 
0.12834276681044224 0.17953476058669357 
0.06174380042534565 0.17078418548860802 
0.17663618192393338 0.17801283033280155 
0.09655009800596631 0.19816540464451238 
0.0935214889572227 0.22316008443898155 
0.0935214889572227 0.22316008443898155 
0.07237216862259926 0.23310744276941797 
0.06069765008603123 0.18205343470199914 
0.12521938567878355 0.1664841394561798 
0.11339893980039073 0.1851210773985505 
0.14417444934543344 0.2153208327698008 
0.12007616237559918 0.21596944544519225 
0.13641543181282725 0.17123785134596933 
0.14885873136826316 0.14604995029849122 
0.13976318450689318 0.1500411017767504 
0.16967302602194445 0.14788674341072647 
0.16967302602194445 0.14788674341072647 
0.16967302602194445 0.14788674341072647 
0.1286156870738689 0.19621816874142106 
0.12782937164842295 0.19686872877284406 
0.15897367694895925 0.19710296038946648 
0.15626977186513236 0.21484164533871597 
0.15626977186513236 0.21484164533871597 
0.15626977186513236 0.21484164533871597 
0.1372290891950642 0.1962754217101339 
0.16363682440007868 0.16497487883462347 
0.14241736137634126 0.17690771725742518 
0.09409164213975311 0.17171552356843905 
0.17779554019486793 0.17885080212909996 
0.17801765020038032 0.1787458008799558 
0.06537978796289068 0.15074090815031058 
0.1473316115437755 0.1544877668281972 
0.1473316115437755 0.1544877668281972 
0.09513391912080017 0.15289775601471248 
0.09417105953489899 0.14471782299273514 
0.09417105953489899 0.14471782299273514 
0.0908035405066746 0.12790355214230303 
0.0908035405066746 0.12790355214230303 
0.08289355490192188 0.1222493891459552 
0.08596760577969112 0.13134742745198186 
0.08410971967755072 0.18568560997905403 
0.1669705936661167 0.2131138367776866 
0.1639548743461313 0.21399076773881276 
0.1639548743461313 0.21399076773881276 
0.1639548743461313 0.21399076773881276 
0.15649556614768173 0.2099439831936321 
0.15596270691765568 0.20442172703068226 
0.15596270691765568 0.20442172703068226 
0.1653123033077454 0.20362055735427206 
0.1707760285580864 0.19287419703799533 
0.1686934480964131 0.237999911652478 
0.16781641788871696 0.2472693906476226 
0.16781641788871696 0.2472693906476226 
0.1671281763591061 0.23473468863934607 
0.16729221172780795 0.2183223232171932 
0.16940438478652578 0.19009789353019096 
0.08789493740377258 0.16704862218504155 
0.10999505051368388 0.19718314668128115 
0.08764954302335468 0.21809762351530268 
0.10750117749362992 0.21002352222314233 
0.13036000396069364 0.15091908373580062 
0.06682031840787075 0.15184574612358948 
0.06682031840787075 0.15184574612358948 
0.06359305205612656 0.148094009514703 
0.06359305205612656 0.148094009514703 
0.06359305205612656 0.148094009514703 
0.06359305205612656 0.148094009514703 
0.06359305205612656 0.148094009514703 
0.06359305205612656 0.148094009514703 
0.10100721360368481 0.1745981186896455 
0.10056735245616676 0.22279612758095874 
0.10030629001417066 0.24423816674991417 
0.10567384984163851 0.23796456219666254 
0.1106034311663688 0.24818802849832683 
0.1106034311663688 0.24818802849832683 
0.11021408428732116 0.24862143914184875 
0.12571218608769988 0.2170064676477336 
0.12571218608769988 0.2170064676477336 
0.12571218608769988 0.2170064676477336 
0.1256616971266857 0.23291093946933766 
0.12410935025953254 0.23047511853469385 
0.12547542099037226 0.2334402397980055 
0.12547542099037226 0.2334402397980055 
0.07295568770925312 0.20865110694826314 
0.08731386409071407 0.19690604309181486 
0.08746785399030375 0.19891133374982783 
0.1190967585816593 0.15241443528787044 
0.08640292117465252 0.17571030190968145 
0.1243858342938762 0.2029309946164397 
0.10741346592477141 0.22472166448018416 
0.09139842457910126 0.2211484571050794 
0.10306449202082947 0.2091986040320427 
0.0638868377830569 0.18184565397147323 
0.16339863727592868 0.18376473938328491 
0.1585298100475098 0.20230870549918273 
0.1679311221431103 0.198010489262843 
0.16565779612662085 0.21478223089582588 
0.08878689480860005 0.1836091399402949 
0.09130160074691365 0.185918689963655 
0.12901976575085922 0.188530393894944 
0.13596258494520413 0.14892521631958427 
0.13596258494520413 0.14892521631958427 
0.13189628227664496 0.14032422472683603 
0.12770276533949967 0.14061958925498863 
0.12770276533949967 0.14061958925498863 
0.12770276533949967 0.14061958925498863 
0.12770276533949967 0.14061958925498863 
0.1285056732721142 0.14079601005055875 
0.11279221106430318 0.1373401157995611 
0.11186101528661732 0.1368758237107714 
0.10828636368891692 0.13787651236101045 
0.09817777188904453 0.12604121260655102 
0.09817777188904453 0.12604121260655102 
0.09817777188904453 0.12604121260655102 
0.09610845837825702 0.1247039934646112 
0.09502457764812136 0.13100233597871128 
0.0941367883591827 0.13072816715338328 
0.09833390471386748 0.135849332279387 
0.10257649149949719 0.11508164394953208 
0.11565691894275082 0.12256174243027965 
0.11501521291184574 0.12200548009021123 
0.12076290158324621 0.14227721465992593 
0.16580610085001588 0.15189005159201904 
0.15666931596833675 0.1481509500910981 
0.15666931596833675 0.1481509500910981 
0.07016947143358243 0.17380878935294106 
0.066741167426032 0.16082988597283693 
0.15487082608123706 0.15993238194312265 
0.10833025412197049 0.1823177623109934 
0.07099917555978921 0.1517456604459452 
0.0708740498538573 0.14628425061520586 
0.09295211623888594 0.20082577090719367 
0.17982738072860327 0.19317891023405606 
0.17982738072860327 0.19317891023405606 
0.11284727456844107 0.17107948317289737 
0.16850593112350856 0.19052777636686777 
0.1691802842309769 0.19052869715891665 
0.07277005695971143 0.18649975136856536 
0.061506730307691715 0.15418346182630202 
0.061506730307691715 0.15418346182630202 
0.061506730307691715 0.15418346182630202 
0.061506730307691715 0.15418346182630202 
0.1712636388230442 0.20929521483373414 
0.15501272400999866 0.19138702449945197 
0.0772475310468484 0.15676786647789104 
0.0772475310468484 0.15676786647789104 
0.12406268129388168 0.17162337979896553 
0.1274978273571165 0.15952899186695255 
0.16800010798174309 0.16323736625872715 
0.13897474145533725 0.17505748144151573 
0.146953843740493 0.14538807702685336 
0.14173784779831067 0.13376893200017512 
0.14535125355110806 0.13175471127194335 
0.1509312503630801 0.1390485233044314 
0.1509312503630801 0.1390485233044314 
0.1760878141470044 0.1276415009301378 
0.1513534455510291 0.12528514844866265 
0.13399401857925367 0.15529089053563175 
0.14454675743846152 0.15099182332407074 
0.13563361323539236 0.10461127875167743 
0.13563361323539236 0.10461127875167743 
0.13563361323539236 0.10461127875167743 
0.11661357164644681 0.12608118895690235 
0.11111035873831993 0.12487459076147102 
0.11111035873831993 0.12487459076147102 
0.116869018364097 0.12997074275260606 
0.11750382733126424 0.1257029972955111 
0.11750382733126424 0.1257029972955111 
0.11723495635171208 0.12527304749757706 
0.12152993270977017 0.11855928090482995 
0.11136573133336575 0.11009350131252346 
0.11136573133336575 0.11009350131252346 
0.11136573133336575 0.11009350131252346 
0.11136573133336575 0.11009350131252346 
0.11651173748137468 0.12857942767229197 
0.12731597355044896 0.11138637956969782 
0.1255283698361644 0.1143991231399557 
0.12445928365417017 0.11199344958072613 
0.12445928365417017 0.11199344958072613 
0.12619449919275358 0.1332738453275225 
0.12619449919275358 0.1332738453275225 
0.13082056905922482 0.11931576301040135 
0.12205470859207704 0.17046644199556032 
0.130505313622431 0.19187610191310073 
0.17227329204500805 0.17028024145594867 
0.1429251985663307 0.15313035209769715 
0.15970572080969184 0.1650825466951791 
0.15404223168187922 0.16646627031233424 
0.11835631984834631 0.1859417211699889 
0.11269439859392474 0.20067640042760446 
0.11269439859392474 0.20067640042760446 
0.08883895711891818 0.19516424928969398 
0.10232946819242018 0.20979421551252098 
0.07289368124935333 0.24216538646283786 
0.07289368124935333 0.24216538646283786 
0.08254036807337412 0.22065362116846576 
0.08254036807337412 0.22065362116846576 
0.08254036807337412 0.22065362116846576 
0.18076324696585416 0.15339710800356116 
0.18076324696585416 0.15339710800356116 
0.18076324696585416 0.15339710800356116 
0.18076324696585416 0.15339710800356116 
0.18076324696585416 0.15339710800356116 
0.08688872315838553 0.17991008656461382 
0.08771040422972186 0.18719234121585698 
0.10958095842751789 0.16812645372883447 
0.14467872848723268 0.1820056899643215 
0.1462698627261203 0.22734738186794579 
0.14974489546949069 0.21455221208757383 
0.14236384213422393 0.21506067871357562 
0.14236384213422393 0.21506067871357562 
0.14369816645036307 0.20500325702589145 
0.07312886974911872 0.1607132120834056 
0.06278440767461714 0.18839633763592617 
0.10547832278723526 0.15566646593053993 
0.12884241752069053 0.17774051066803997 
0.16341213044120642 0.13871139068310467 
0.16341213044120642 0.13871139068310467 
0.16341213044120642 0.13871139068310467 
0.16341213044120642 0.13871139068310467 
0.15567633551429705 0.14616924229667627 
0.15567633551429705 0.14616924229667627 
0.15758300949696438 0.14395819308296046 
0.15758300949696438 0.14395819308296046 
0.15758300949696438 0.14395819308296046 
0.16627650032080138 0.1252236243258978 
0.16627650032080138 0.1252236243258978 
0.1554317375801794 0.13412201086765635 
0.15362811094685028 0.13503285516564684 
0.1554603202872463 0.1497232205209253 
0.08022049827979585 0.21336984083387772 
0.0914488501353186 0.2026319151693892 
0.12026133166206324 0.19606129294325841 
0.13161007691444615 0.21395398746706779 
0.13161007691444615 0.21395398746706779 
0.13161007691444615 0.21395398746706779 
0.11882195589255427 0.1877667003915124 
0.11935353637879086 0.18673261278842962 
0.14024816289714281 0.169241362359758 
0.0962526207561547 0.18820256456596043 
0.08927424990768738 0.1662987613325373 
0.08190777881520735 0.17797550457099706 
0.08979225549373948 0.15189822274543974 
0.1443755132195303 0.15567411401386538 
0.1443755132195303 0.15567411401386538 
0.15646336743957312 0.17892559780788933 
0.06311206474246268 0.18679039966766806 
0.17721444175426712 0.18737446899574037 
0.06432335633285571 0.17611007138154072 
0.11489442158486671 0.19369653474577836 
0.13507740901611767 0.18971036986448656 
0.09022750136013728 0.19223632062485288 
0.12400746226733891 0.19492056658004078 
0.07335683350950616 0.2503865068915557 
0.07335683350950616 0.2503865068915557 
0.07335683350950616 0.2503865068915557 
0.07335683350950616 0.2503865068915557 
0.07335683350950616 0.2503865068915557 
0.13876719562328477 0.15619866965612708 
0.14961617074266997 0.14546074459019687 
0.1537824073592231 0.13941954670096418 
0.1537824073592231 0.13941954670096418 
0.1537824073592231 0.13941954670096418 
0.16882265230577756 0.08726968870110012 
0.16882265230577756 0.08726968870110012 
0.1412232453212932 0.1380546609847426 
0.14250741711726922 0.14502290720802483 
0.14250741711726922 0.14502290720802483 
0.14686764052400547 0.10888906401988421 
0.14686764052400547 0.10888906401988421 
0.14686764052400547 0.10888906401988421 
0.13951843613963633 0.1117972231976096 
0.13951843613963633 0.1117972231976096 
0.13951843613963633 0.1117972231976096 
0.12064597243824346 0.14193509567611357 
0.14572036385436338 0.1483193056137325 
0.13034181596490252 0.1405196333846379 
0.13034181596490252 0.1405196333846379 
0.13034181596490252 0.1405196333846379 
0.13211820145667433 0.11580567191225229 
0.142729220023674 0.11490038277699997 
0.14852688826489574 0.13279439778236715 
0.14840422714195112 0.1309706658858286 
0.0648424509489908 0.17586229796950403 
0.10311023192160583 0.16044515098804446 
0.11223914938380754 0.15072539728191792 
0.11192107177161378 0.1506714747462915 
0.10956674826729017 0.14594876490727648 
0.1096746620382971 0.13911093721122506 
0.1096746620382971 0.13911093721122506 
0.10522955288631741 0.13287856513386603 
0.10522955288631741 0.13287856513386603 
0.10528774860971202 0.13316448597018393 
0.11811866606045736 0.1279567715885937 
0.11811866606045736 0.1279567715885937 
0.11811866606045736 0.1279567715885937 
0.11811866606045736 0.1279567715885937 
0.11811866606045736 0.1279567715885937 
0.10522813196107704 0.15688427248843215 
0.123024458918813 0.20315286020801862 
0.123024458918813 0.20315286020801862 
0.12896116800608212 0.18190566069259143 
0.16030000409420028 0.19521731174111087 
0.16030000409420028 0.19521731174111087 
0.09069622608305344 0.15991486049040235 
0.09069622608305344 0.15991486049040235 
0.06837678049426499 0.17753865726814327 
0.1697781518792933 0.16660032296408206 
0.12467375926964773 0.1759834803078358 
0.07785861524563509 0.19463398953273986 
0.10317482466192379 0.20822787635870763 
0.10633097980932621 0.19844633823991165 
0.13971992059209076 0.18139613540972252 
0.12211812440438696 0.21804928879652888 
0.12041694195648459 0.24010031654899816 
0.12512057598297263 0.2510993465438956 
0.13813841643329383 0.25333144262515156 
0.1803041463411702 0.25354307163239553 
0.1803041463411702 0.25354307163239553 
0.1803041463411702 0.25354307163239553 
0.1803041463411702 0.25354307163239553 
0.16019165581720846 0.21510725484605955 
0.16062388459604593 0.21598377181121176 
0.16120325647913086 0.1960554756978263 
0.06463760571490769 0.19776491296188864 
0.10592039540974085 0.17143783638859214 
0.16419546159532192 0.20964937784069224 
0.1668715889902092 0.2106711896695426 
0.08910625306730732 0.1726212001427008 
0.17578740487149958 0.17828083491058577 
0.06916016335912642 0.16411215289917944 
0.09116082953346549 0.17008584338054492 
0.0648686379296359 0.20233912451199051 
0.09127013238805574 0.20425358969382046 
0.09756544104509408 0.20622229181542398 
0.09154143457184677 0.21409752983213426 
0.09154143457184677 0.21409752983213426 
0.13403663476557476 0.20049907478912501 
0.18035480575091298 0.16209147506008817 
0.06317402824034986 0.1805093718314411 
0.15014465915045042 0.1827290304551353 
0.12492423390949707 0.1628664143518163 
0.14782397903226543 0.19235327790934234 
0.14782397903226543 0.19235327790934234 
0.13948580807032307 0.18009696760461594 
0.13455509044218372 0.21465053154837632 
0.13694587821782722 0.21469435741274967 
0.13609103714136891 0.2103855688189952 
0.1413651309811153 0.1862066433389968 
0.1413651309811153 0.1862066433389968 
0.15681165531525382 0.20401072675712345 
0.18100595930440952 0.21261388764251504 
0.18100595930440952 0.21261388764251504 
0.17344418621308305 0.25264304748577415 
0.17564790380517256 0.2562358190939298 
0.17533309133055092 0.2460250640277175 
0.17533309133055092 0.2460250640277175 
0.1565283476953075 0.2384612287286023 
0.15012247739748796 0.22044743895334654 
0.15031603756675216 0.22039688337450167 
0.10327929684382622 0.15764288145524813 
0.10327929684382622 0.15764288145524813 
0.11799294132188884 0.19375608494906293 
0.14204732698843628 0.23978090334500446 
0.14204732698843628 0.23978090334500446 
0.14276132473244824 0.24059617093720376 
0.1482685172446974 0.2400144251808793 
0.1482685172446974 0.2400144251808793 
0.14829047838533613 0.23961742058606925 
0.13719492628301913 0.22516915576508487 
0.13719492628301913 0.22516915576508487 
0.13437439167733384 0.23829355160056725 
0.13437439167733384 0.23829355160056725 
0.13437439167733384 0.23829355160056725 
0.13439451807527947 0.2382826587561629 
0.1469983401292237 0.24607443629139814 
0.1469983401292237 0.24607443629139814 
0.1469983401292237 0.24607443629139814 
0.1469983401292237 0.24607443629139814 
0.14770313796186174 0.24625664162535257 
0.14770313796186174 0.24625664162535257 
0.14770313796186174 0.24625664162535257 
0.14770313796186174 0.24625664162535257 
0.13557066419883046 0.23849683830791465 
0.14903495175798265 0.25355357504313797 
0.14903495175798265 0.25355357504313797 
0.14903495175798265 0.25355357504313797 
0.14903495175798265 0.25355357504313797 
0.14903495175798265 0.25355357504313797 
0.14883705225040783 0.2502159502193264 
0.14573027251888923 0.24298297323078474 
0.14482524524128418 0.24156338584368975 
0.14349431213074326 0.19741184989059368 
0.1746316856454716 0.2023075857262248 
0.1358267554234821 0.16910392881886438 
0.11760381843150061 0.17002352370612997 
0.11300319130004376 0.16290039433662426 
0.15712791611363291 0.1648326232024666 
0.06499535816487176 0.15897147742918238 
0.06499535816487176 0.15897147742918238 
0.06499535816487176 0.15897147742918238 
0.06451416861335217 0.16243509993001753 
0.10823959135522729 0.18220309500709206 
0.13101871972136003 0.1580987913326251 
0.13424897364456373 0.19299655938644408 
0.13436320983278183 0.21397056161881955 
0.13378530631282357 0.2127715954618627 
0.1465004512543063 0.21818861063231115 
0.15119339068681134 0.22561070738092961 
0.15119339068681134 0.22561070738092961 
0.15119339068681134 0.22561070738092961 
0.15119339068681134 0.22561070738092961 
0.15670345531964128 0.22493910146794424 
