0.09339689777014928 0.13354176512690757 
0.1608337038976314 0.11836601011716033 
0.1608337038976314 0.11836601011716033 
0.1608337038976314 0.11836601011716033 
0.18089089704227002 0.11302230885004344 
0.18089089704227002 0.11302230885004344 
0.1484428909512023 0.13418590893281102 
0.1484428909512023 0.13418590893281102 
0.1484428909512023 0.13418590893281102 
0.14839898503280427 0.13338638422190144 
0.17867188700760495 0.1371062989324983 
0.17678346736974565 0.13785338817005272 
0.17678346736974565 0.13785338817005272 
0.17678346736974565 0.13785338817005272 
0.17678346736974565 0.13785338817005272 
0.1673546965620681 0.13520893034301926 
0.1673546965620681 0.13520893034301926 
0.07904895923549946 0.19355208412895925 
0.06406785681445673 0.21532746534923733 
0.06406785681445673 0.21532746534923733 
0.06406596982035212 0.2471357273850397 
0.0675082656109379 0.2371297889777072 
0.17711484078397324 0.22770047078787292 
0.16735662566908077 0.22633470344395987 
0.16623965779387312 0.22483961861900928 
0.16623965779387312 0.22483961861900928 
0.16623965779387312 0.22483961861900928 
0.17537082572465632 0.25431926556367457 
0.17537082572465632 0.25431926556367457 
0.17537082572465632 0.25431926556367457 
0.17537082572465632 0.25431926556367457 
0.17537082572465632 0.25431926556367457 
0.17294883070968123 0.2524160036666271 
0.17294883070968123 0.2524160036666271 
0.17294883070968123 0.2524160036666271 
0.17294883070968123 0.2524160036666271 
0.17294883070968123 0.2524160036666271 
0.17294883070968123 0.2524160036666271 
0.17201099333293968 0.25191879268493705 
0.13519036504051332 0.219143292808527 
0.13519036504051332 0.219143292808527 
0.16732126711545947 0.1824562878661783 
0.17041290684910007 0.1882623133176106 
0.1322815334892326 0.16093134277558246 
0.1306967432920367 0.1724032008241873 
0.1589022883552077 0.15908711093848674 
0.1293402405546725 0.18181428294471474 
0.09086775670177127 0.18135796930571177 
0.09086775670177127 0.18135796930571177 
0.08178664241650639 0.19313125921877866 
0.1104090754418406 0.17427317555513797 
0.08887308184162165 0.18341855414261587 
0.06740436373843646 0.2305389262868704 
0.06740436373843646 0.2305389262868704 
0.06740436373843646 0.2305389262868704 
0.06740436373843646 0.2305389262868704 
0.06740436373843646 0.2305389262868704 
0.07082777638407843 0.23077245591692586 
0.07082777638407843 0.23077245591692586 
0.07082777638407843 0.23077245591692586 
0.07072738701428886 0.2281004113902913 
0.0639077524280023 0.24163305896239132 
0.06445749100850443 0.2411476440487086 
0.06445749100850443 0.2411476440487086 
0.06445749100850443 0.2411476440487086 
0.06445749100850443 0.2411476440487086 
0.12009840859987748 0.2154461930481972 
0.12244856277000755 0.23633462020681006 
0.12244856277000755 0.23633462020681006 
0.1070628651284661 0.2026174104523954 
0.10343701084887388 0.19207919396771964 
0.0998042236105603 0.22822409433744362 
0.0998042236105603 0.22822409433744362 
0.10121478106843743 0.238834298753345 
0.09990783628791085 0.2246995964821769 
0.09867584610590648 0.2237660334546008 
0.08708827023711826 0.2368972724837114 
0.0900858665915227 0.2455009615688122 
0.0900858665915227 0.2455009615688122 
0.08801491380969195 0.21356700473013862 
0.1118430362883518 0.20808890596779234 
0.17386326851225936 0.1671822207127291 
0.14185932472801766 0.16715604958810865 
0.08705636927186777 0.18435969975569771 
0.14027086088949373 0.15245077410184474 
0.1717868144858192 0.1876921931739909 
0.1591102871112976 0.17185930750096165 
0.11331487730523401 0.16881822643492517 
0.16022285376497053 0.19728512193864245 
0.13573867851557805 0.18086041995901145 
0.10030665158023612 0.1681244387498565 
0.08605056888013096 0.16853773354529997 
0.08656535992981287 0.11954397145321279 
0.0865937107081735 0.11897605848502624 
0.0865937107081735 0.11897605848502624 
0.08421132848791629 0.11595468570035665 
0.15894730163911938 0.15769378448453522 
0.09468500664509451 0.20325562268983294 
0.09609732391793785 0.20277001570521566 
0.09609732391793785 0.20277001570521566 
0.09103211912944396 0.20685309946395505 
0.08397123570362791 0.20547153881246955 
0.08745501971910327 0.20320927452672213 
0.16416986478683882 0.1925523039471115 
0.16416986478683882 0.1925523039471115 
0.16416986478683882 0.1925523039471115 
0.12664803958147133 0.16062959521028783 
0.1351484563370544 0.13489579208888142 
0.1329519573161731 0.13582482387245556 
0.13715145333586834 0.13110693144646446 
0.14845009841449747 0.13190002662551714 
0.14845009841449747 0.13190002662551714 
0.13663668636025125 0.14809727419426494 
0.13663668636025125 0.14809727419426494 
0.1399712527500352 0.14354507147891143 
0.1399712527500352 0.14354507147891143 
0.1736218335278484 0.09530082559939311 
0.15159555632044147 0.10972040242384613 
0.15214652338186715 0.10877051366378733 
0.1443340067361092 0.11108759882685498 
0.15068864782145325 0.22463615653952052 
0.12463593021796182 0.17185832784771196 
0.09846247968305642 0.17351476211907765 
0.17655825527090857 0.17166137321177394 
0.1706243466478225 0.19838808804174957 
0.1706863472603824 0.19713762442096028 
0.16954677976236787 0.19700762583467776 
0.16954677976236787 0.19700762583467776 
0.13272205805399895 0.14637742045883498 
0.13272205805399895 0.14637742045883498 
0.13272205805399895 0.14637742045883498 
0.13272205805399895 0.14637742045883498 
0.13027356216273545 0.19255609156117062 
0.08841944398027352 0.16015325643627087 
0.07023471027992874 0.18380620495273117 
0.1371203671422303 0.164867802255582 
0.10246015350465536 0.16746391068404634 
0.09555282502208473 0.16559347445725697 
0.1286008737525877 0.17016593960810078 
0.08688298968313835 0.17237330584248997 
0.14723829309733266 0.18344050265827944 
0.13691878879523023 0.16454565162623427 
0.14719799442961184 0.2145982497841211 
0.1366233561460025 0.231875661020821 
0.1555194388090942 0.25136481091941326 
0.1555194388090942 0.25136481091941326 
0.1526021524574444 0.23197089808963875 
0.15290591497608694 0.22964571892750613 
0.14113011729613323 0.2361910680925528 
0.13790021790353843 0.22929097341539678 
0.14164196326195413 0.24037007536854466 
0.14164196326195413 0.24037007536854466 
0.14164196326195413 0.24037007536854466 
0.1629948143148302 0.24587129053100368 
0.1629948143148302 0.24587129053100368 
0.1629948143148302 0.24587129053100368 
0.1629948143148302 0.24587129053100368 
0.17597216980516014 0.24300902462835178 
0.16215579292295768 0.23494595665395127 
0.14816618153531247 0.22885158072002115 
0.09558836846462256 0.1548141946954427 
0.09558836846462256 0.1548141946954427 
0.09558836846462256 0.1548141946954427 
0.0803811603849759 0.13782315699479034 
0.06535101575142246 0.14388832167842847 
0.06535101575142246 0.14388832167842847 
0.18084121458224942 0.16561455822321403 
0.172965312696091 0.1714719738999112 
0.16761924050416185 0.18750393799234968 
0.18084121458224942 0.16561455822321403 
0.13915531509621468 0.15621340090010238 
0.15948499488528647 0.18574010678381675 
0.09919161741291285 0.2152959871385183 
0.09919161741291285 0.2152959871385183 
0.06567066105153685 0.19098834531549413 
0.0662572476827774 0.20024650268164734 
0.0662572476827774 0.20024650268164734 
0.176236973426591 0.15635094746033662 
0.18033245533909384 0.12736295524446847 
0.18034000178109916 0.1286420292521199 
0.1804627936417117 0.11174588745831983 
0.1804627936417117 0.11174588745831983 
0.1804627936417117 0.11174588745831983 
0.1804627936417117 0.11174588745831983 
0.1804627936417117 0.11174588745831983 
0.1798058541844898 0.1142166274799938 
0.17498198161928133 0.11874216852570113 
0.10072082230842022 0.15743100533028143 
0.08990588757855626 0.15034597844230693 
0.08990588757855626 0.15034597844230693 
0.08990588757855626 0.15034597844230693 
0.1471040991457837 0.20356855022408693 
0.16724463156978225 0.20200629933807837 
0.07344171849266018 0.19217154554621468 
0.07344171849266018 0.19217154554621468 
0.14156156213457702 0.20021714516847125 
0.12855489538753892 0.19850166527517507 
0.11357373471479904 0.20858343004528718 
0.11084553832730663 0.24612799856206286 
0.11084553832730663 0.24612799856206286 
0.11084553832730663 0.24612799856206286 
0.11084553832730663 0.24612799856206286 
0.11084553832730663 0.24612799856206286 
0.11030161056101866 0.24656187446011635 
0.11030161056101866 0.24656187446011635 
0.11030161056101866 0.24656187446011635 
0.11030161056101866 0.24656187446011635 
0.10742075951173236 0.24577698632895625 
0.10742075951173236 0.24577698632895625 
0.10742075951173236 0.24577698632895625 
0.08843739146987162 0.25599561861027664 
0.08843739146987162 0.25599561861027664 
0.08843739146987162 0.25599561861027664 
0.08843739146987162 0.25599561861027664 
0.08843739146987162 0.25599561861027664 
0.08843739146987162 0.25599561861027664 
0.08843739146987162 0.25599561861027664 
0.08843739146987162 0.25599561861027664 
0.08889417585036155 0.25530780925019997 
0.08889417585036155 0.25530780925019997 
0.10834250346882413 0.22965627945018618 
0.10834250346882413 0.22965627945018618 
0.10834250346882413 0.22965627945018618 
0.098374264572435 0.22905665179213852 
0.09840128066729589 0.2359195394969007 
0.09681739982239551 0.20653219263585132 
0.11940449180353502 0.21072843351786824 
0.15328089508483486 0.19493128209307994 
0.16714338003125995 0.17188247816274577 
0.12556770610393367 0.16135806248990298 
0.17488353526141004 0.20147571134989511 
0.06244413758103862 0.16745054161146378 
0.17763620394376006 0.2565662983469569 
0.17763620394376006 0.2565662983469569 
0.16988371584491985 0.25434751531513683 
0.15102637059696888 0.18755319870191314 
0.10766224123260572 0.1604062333308669 
0.10581724038921232 0.15175707822513151 
0.11568695800719178 0.14854953591786346 
0.07607140456014855 0.1503199929697155 
0.07340993432058232 0.13944272396293367 
0.08167876117328178 0.1500561529569885 
0.08341035521258014 0.1926937670901312 
0.15104396102064482 0.16598415106690464 
0.10007899978393443 0.18670105676314236 
0.148725858494357 0.16179571086535818 
0.0989599906681128 0.16273634334439874 
0.1123974325474442 0.21854249684617355 
0.1123974325474442 0.21854249684617355 
0.10271973249578287 0.23510590105632828 
0.07798613675730917 0.17576640923828707 
0.13957903876691713 0.18478908256656165 
0.062397351203690915 0.16836348069329987 
0.1296803298370872 0.17098441934142156 
0.150047597433537 0.14921558046950115 
0.09494707915431702 0.17293436360878492 
0.08750897627110986 0.19623084819354664 
0.09820934138668205 0.19104278343220565 
0.12248331734123513 0.17697317769963028 
0.08759201342035285 0.1555459966559706 
0.10831445365338183 0.1502114340940028 
0.1283373291472942 0.15132466381441737 
0.11825693519986451 0.18023245976289326 
0.07274515051631658 0.15860002983565197 
0.07274515051631658 0.15860002983565197 
0.064578538744896 0.1444575745651147 
0.064578538744896 0.1444575745651147 
0.14785243951449883 0.17688474532202836 
0.07421579895838804 0.1691918167019865 
0.1336079030925211 0.16446048015696457 
0.06153421652362767 0.19118445834560568 
0.1373888219339694 0.18132983162405317 
0.10795630631426745 0.17543103832514118 
0.11627331593495391 0.1782945400235391 
0.1467253951776942 0.16377119916296684 
0.176127441800136 0.15057059680588822 
0.176127441800136 0.15057059680588822 
0.176127441800136 0.15057059680588822 
0.17576789602225193 0.1585141583833024 
0.130007812250848 0.17005640886933884 
0.1722538797915334 0.18804932054965376 
0.1722538797915334 0.18804932054965376 
0.13721393624511097 0.18021254379205226 
0.15490500529550863 0.21165032975876083 
0.15490500529550863 0.21165032975876083 
0.06818933333004766 0.14820682429300608 
0.1398530955026031 0.22203819190712204 
0.1177711774554289 0.24972202909231153 
0.1177711774554289 0.24972202909231153 
0.11220612590664303 0.21680939147310288 
0.07988023196173 0.21169203162208478 
0.1290815074729887 0.18989934671197695 
0.13287165354572106 0.19797848756701736 
0.10530317812236946 0.14908181136815596 
0.10524177478521232 0.14912348761980682 
0.10524177478521232 0.14912348761980682 
0.0980855546277458 0.12799609077992335 
0.0955093999842 0.1268432247687151 
0.0955093999842 0.1268432247687151 
0.0955093999842 0.1268432247687151 
0.10406629836006273 0.13784521391550303 
0.1163451241936829 0.1182230670247623 
0.13448642236052594 0.12501699722407483 
0.13448642236052594 0.12501699722407483 
0.13448642236052594 0.12501699722407483 
0.12969513209498523 0.10088276717712205 
0.12969513209498523 0.10088276717712205 
0.12969513209498523 0.10088276717712205 
0.12969513209498523 0.10088276717712205 
0.1399722441878919 0.1334455411519526 
0.1448984739939343 0.14302994100121852 
0.14755791429721893 0.21013320636246063 
0.1472519248378532 0.2109075813581841 
0.11939990322912475 0.21056183729698225 
0.1463700719161442 0.20220376109504895 
0.16349215599684816 0.17516049559341004 
0.14838202203595474 0.1646535447882359 
0.07207108765496814 0.194005295297309 
0.0721856487518786 0.19400950785262236 
0.1697809059146997 0.22060925620842736 
0.17903832601445574 0.22206485269662954 
0.1733634645515747 0.21650073167352374 
0.1733634645515747 0.21650073167352374 
0.1733634645515747 0.21650073167352374 
0.1741961165011049 0.19570398570375797 
0.15999673383396024 0.19867220133109872 
0.15999673383396024 0.19867220133109872 
0.1437546340184449 0.2530938011524639 
0.14522376399766823 0.24720380592058402 
0.14522376399766823 0.24720380592058402 
0.14522376399766823 0.24720380592058402 
0.14135388602134194 0.24862248120226052 
0.11127999196740809 0.2515830183921595 
0.11559223824501946 0.2505257482658409 
0.11559223824501946 0.2505257482658409 
0.11573008429318839 0.25309115229327434 
0.11573008429318839 0.25309115229327434 
0.11573008429318839 0.25309115229327434 
0.11573008429318839 0.25309115229327434 
0.11573008429318839 0.25309115229327434 
0.11573008429318839 0.25309115229327434 
0.11573008429318839 0.25309115229327434 
0.11573008429318839 0.25309115229327434 
0.1160495568464051 0.24606317290801 
0.14170242255970433 0.20999801114592986 
0.12616777917230837 0.23858111763195938 
0.12616777917230837 0.23858111763195938 
0.12616777917230837 0.23858111763195938 
0.12161116805467902 0.24865809518157264 
0.12161116805467902 0.24865809518157264 
0.12161116805467902 0.24865809518157264 
0.12161116805467902 0.24865809518157264 
0.12161116805467902 0.24865809518157264 
0.12501679112715577 0.254838298430191 
0.12501679112715577 0.254838298430191 
0.12501679112715577 0.254838298430191 
0.12501679112715577 0.254838298430191 
0.12501679112715577 0.254838298430191 
0.12501679112715577 0.254838298430191 
0.12501679112715577 0.254838298430191 
0.12501679112715577 0.254838298430191 
0.11938068769761559 0.25642919705294304 
0.11938068769761559 0.25642919705294304 
0.11938068769761559 0.25642919705294304 
0.11908340476752496 0.2564785793206871 
0.11908340476752496 0.2564785793206871 
0.11908340476752496 0.2564785793206871 
0.13392043088323982 0.23521051154379413 
0.13392043088323982 0.23521051154379413 
0.12894931575297947 0.2364566151309076 
0.12869242336370992 0.23703065267052678 
0.12869242336370992 0.23703065267052678 
0.1427133680546045 0.20588853431116722 
0.1427133680546045 0.20588853431116722 
0.1427133680546045 0.20588853431116722 
0.11289672314352714 0.1714917552906868 
0.1323464594595091 0.1704143788443932 
0.11769191536965029 0.14447923183491632 
0.11681428572750144 0.14248908409468897 
0.11681428572750144 0.14248908409468897 
0.06572828192724328 0.16586331408505284 
0.08491679602104374 0.20612569230737204 
0.08050019119084337 0.21507246518807135 
0.07120926021070309 0.24274980470691526 
0.07120926021070309 0.24274980470691526 
0.07340581242382437 0.24644328237541913 
0.08093380831916572 0.24186335456091282 
0.08093380831916572 0.24186335456091282 
0.08769468436137634 0.18461211677603515 
0.1241411822907233 0.18208289203493186 
0.12974096503545213 0.16801985149100332 
0.06841553233120735 0.1951085580182162 
0.15939040106015837 0.1869858137246964 
0.11161412466801932 0.16466704501039553 
0.1594843806396443 0.20563472538303018 
0.1594843806396443 0.20563472538303018 
0.1594843806396443 0.20563472538303018 
0.06631324334864923 0.17749826175531133 
0.14494181785524538 0.1715074105988429 
0.12244085777206744 0.17085170982097123 
0.15573391129585876 0.1395337925957553 
0.15573391129585876 0.1395337925957553 
0.15601793016259144 0.14128488454863672 
0.1491038217697312 0.14503715034923134 
0.12808934622485213 0.1092802152530777 
0.10804968588729025 0.09322986402488843 
0.10804968588729025 0.09322986402488843 
0.12259945790790958 0.12437578864104232 
0.12446717927711944 0.13468055706834386 
0.12446717927711944 0.13468055706834386 
0.13225303095943258 0.12604669634854115 
0.13225303095943258 0.12604669634854115 
0.13225303095943258 0.12604669634854115 
0.13225303095943258 0.12604669634854115 
0.13225303095943258 0.12604669634854115 
0.11403481435882815 0.10956679252459103 
0.11403481435882815 0.10956679252459103 
0.12513519370587656 0.12722574179583204 
0.12513519370587656 0.12722574179583204 
0.12001477867684751 0.11697075761349998 
0.12001477867684751 0.11697075761349998 
0.12001477867684751 0.11697075761349998 
0.12202273039852224 0.11517272320590918 
0.12235888822571107 0.11841684643071396 
0.12373108809562981 0.12435518376261252 
0.12373108809562981 0.12435518376261252 
0.1158078414825071 0.1274324445903853 
0.1158078414825071 0.1274324445903853 
0.1608055142622899 0.16777177098114315 
0.12369005468646131 0.18686505215042354 
0.15586488700632106 0.17393095528445826 
0.062303763401877654 0.1976034942527851 
0.1281624036256754 0.19073736493757715 
0.11247003804522286 0.19219989806919366 
0.09780461148354673 0.20144338370583464 
0.10167397017166907 0.19802433419575588 
0.10167397017166907 0.19802433419575588 
0.07792007637299794 0.20762768704411977 
0.14421612298668815 0.1809790178846602 
0.14695397499393256 0.18766845290540746 
0.12774201651861083 0.21606990167042933 
0.1277052555720167 0.21782222574139037 
0.11916633297764855 0.19092633945867707 
0.11521790598855387 0.22573629305298407 
0.11521790598855387 0.22573629305298407 
0.11521790598855387 0.22573629305298407 
0.10642848780060254 0.1894185801253205 
0.10083650565493599 0.1634710492168032 
0.16036460633762922 0.19456266024654345 
0.1608030149231418 0.19582257618378462 
0.15056015169327458 0.16570878657149296 
0.11215280979559267 0.17788741634146737 
0.12781411294772924 0.14293928163138492 
0.12781411294772924 0.14293928163138492 
0.1753447246674735 0.20374395475326915 
0.1753447246674735 0.20374395475326915 
0.15572952752760388 0.17543404836661447 
0.16182265928134207 0.146142036735429 
0.16239249460224395 0.15267663914040736 
0.088005802212729 0.19079831809521433 
0.14787316684798654 0.19028288590048723 
0.10420734618292198 0.2024304135706777 
0.1525595862568491 0.15605586903148091 
0.14875583259790084 0.13460804509321309 
0.14875583259790084 0.13460804509321309 
0.14569687043968574 0.1286586500511928 
0.13758739315175167 0.14072315083618828 
0.15165702319300495 0.140202025338909 
0.17504306469412884 0.14730834862370484 
0.1763896613569388 0.14743202338472913 
0.176846522546672 0.15054688770089258 
0.176846522546672 0.15054688770089258 
0.176846522546672 0.15054688770089258 
0.176846522546672 0.15054688770089258 
0.11126056394678147 0.18752250634003845 
0.12862443517397804 0.20055744416896593 
0.11885346857571252 0.1941544980874363 
0.1368295269515123 0.21021538219823552 
0.14172158288306066 0.18868760190179945 
0.14978137642751838 0.1650432518739315 
0.08286881859737144 0.15849735135176352 
0.0726578125811645 0.21990159020893052 
0.07457024652456214 0.21850067617803734 
0.07457024652456214 0.21850067617803734 
0.08721647643544635 0.21461413308620367 
0.08721647643544635 0.21461413308620367 
0.0871412139085053 0.18883289171830325 
0.10447956716912554 0.16583621946016347 
0.15688554211830347 0.17508591732169831 
0.09539388674342406 0.1833743808215216 
0.08443980065157397 0.13330456952880154 
0.08443980065157397 0.13330456952880154 
0.08811873140262967 0.1290497463085037 
0.08291827531139376 0.12871824550029856 
0.08291827531139376 0.12871824550029856 
0.09183648957662766 0.13823898333158657 
0.12153180486910484 0.19262983517240306 
0.15220693536522603 0.15226434239968106 
0.1265611768916179 0.15897534354417753 
0.14072883267373393 0.13734664423168927 
0.13979257553150987 0.13716050320027862 
0.13979257553150987 0.13716050320027862 
0.1446037833536538 0.14424736850263906 
0.1446037833536538 0.14424736850263906 
0.15196825968595237 0.10701508012383754 
0.15196825968595237 0.10701508012383754 
0.15196825968595237 0.10701508012383754 
0.1443457081049154 0.14080625285341908 
0.1443457081049154 0.14080625285341908 
0.1443457081049154 0.14080625285341908 
0.1443457081049154 0.14080625285341908 
0.1443457081049154 0.14080625285341908 
0.1443457081049154 0.14080625285341908 
0.169339614096616 0.2025140192805154 
0.16058967818237357 0.20853602933530824 
0.16613826568922707 0.20620525694141764 
0.1578133948535409 0.20562776739568733 
0.1427498823479343 0.2026235807906194 
0.1355995382622982 0.22077064707869745 
0.13224116254926369 0.23093855233098368 
0.13224116254926369 0.23093855233098368 
0.14094268388114572 0.23903243149007014 
0.13928229647587453 0.2281891457056223 
0.13928229647587453 0.2281891457056223 
0.15679548755937245 0.18559528902830597 
0.08912191288017222 0.15139984797777253 
0.08912191288017222 0.15139984797777253 
0.16225727824797426 0.17768408871906316 
0.10582356966357649 0.17451291595127943 
0.1133193992039896 0.148987938310804 
0.1025344797690524 0.13979658771838457 
0.1025344797690524 0.13979658771838457 
0.10002828904957607 0.13495729226632497 
0.10002828904957607 0.13495729226632497 
0.10002828904957607 0.13495729226632497 
0.06948119209130332 0.12396526257645413 
0.06948119209130332 0.12396526257645413 
0.06948119209130332 0.12396526257645413 
0.06948119209130332 0.12396526257645413 
0.08071987893046456 0.12343907558719645 
0.0761092189252198 0.12365494327186197 
0.07772956004935654 0.12245528066567539 
0.07759709845648723 0.12085931793095969 
0.07734294836488831 0.12269068392937299 
0.11045393418337061 0.14131525389829822 
0.11075598684325247 0.1413797433236218 
0.09663575046491735 0.10661123371184779 
0.09769825833071728 0.09931983400973987 
0.09769825833071728 0.09931983400973987 
0.09769825833071728 0.09931983400973987 
0.1142662913431499 0.11090364677961487 
0.10177825657266673 0.13772125361129714 
0.10099720997193641 0.13999747302534518 
0.10099720997193641 0.13999747302534518 
0.10530637209908413 0.13915624069303262 
0.11677937608089936 0.15885169248795766 
0.0992816272605783 0.14243334062691876 
0.0992816272605783 0.14243334062691876 
0.1007518465424242 0.13882582205275795 
0.10371320657371094 0.146132737007466 
0.11027443036914591 0.18929087340531578 
0.13947934100579293 0.16498013063464517 
0.17864134797599743 0.17066901264288395 
0.09864840677497892 0.16456005217790093 
0.10726098838878592 0.15522675699204008 
0.10247823383102125 0.14985354426964353 
0.06950887859110202 0.0986955645681804 
0.06950887859110202 0.0986955645681804 
0.06950887859110202 0.0986955645681804 
0.07646738924380579 0.12115128752031827 
0.08538882270405856 0.12987789085395884 
0.1739424637367514 0.17741560921041408 
0.12891459686774337 0.16953735454215263 
0.12166690988200754 0.18862028918398235 
0.12329653035284713 0.16125119039537075 
0.15095352207048268 0.1960439052563901 
0.14863502928143296 0.19657334659607073 
0.13152301008288286 0.22291408481079816 
0.147228112295459 0.2320033614519447 
0.147228112295459 0.2320033614519447 
0.15538854016674084 0.21434164245361437 
0.15538854016674084 0.21434164245361437 
0.18052084005594518 0.20714538060624527 
0.06191481724197189 0.2053498993414924 
0.06191481724197189 0.2053498993414924 
0.06191481724197189 0.2053498993414924 
0.08698090395340191 0.1609273309329184 
0.09721656330066189 0.14531274771159264 
0.09806295957086843 0.14121050397176385 
0.10235523245897232 0.13515833884619677 
0.10235523245897232 0.13515833884619677 
0.10235523245897232 0.13515833884619677 
0.0998581013707224 0.11603540251698002 
0.0901470173501164 0.1152539498726726 
0.10050296250785154 0.10660325724781894 
0.1022338395878696 0.14603923485641673 
0.12241115425561676 0.14922011937642357 
0.12262965134714342 0.15489380505541517 
0.08939642737747612 0.19870944387423284 
0.08939642737747612 0.19870944387423284 
0.14931685319990273 0.17563525708339578 
0.1519473042397493 0.1837293134477612 
0.1598821496967381 0.19499907649259499 
0.08642310508447684 0.1887062198268689 
0.07261571754258775 0.19439441832353438 
0.06383442465451898 0.20708116095121265 
0.06460505524145639 0.19748840451794533 
0.08630951653894649 0.18394050460126657 
0.1391492136954429 0.19885279281666965 
0.17114013166535968 0.16630064882668133 
0.13102252544175377 0.15063302437702622 
0.13254511184394052 0.15558856931828002 
0.13180514927365014 0.15308766986196898 
0.1639772809833479 0.1792160675682682 
0.14750995297659114 0.16835253146224585 
0.06172409504335038 0.15541550059656883 
0.14920726178774824 0.16769135652441128 
0.09695704538486394 0.17977932812483036 
0.0949141326761474 0.17617141983742987 
0.1704270973204859 0.1930713956837896 
0.13068353862196908 0.20503164002376145 
0.11456411263713576 0.23999743384239386 
0.11456411263713576 0.23999743384239386 
0.11456411263713576 0.23999743384239386 
0.11456411263713576 0.23999743384239386 
0.14152426837118454 0.23439676771223017 
0.14005860136895987 0.23906017948085645 
0.1809524660412889 0.23069339214943568 
0.1809524660412889 0.23069339214943568 
0.1809524660412889 0.23069339214943568 
0.1809524660412889 0.23069339214943568 
0.1809524660412889 0.23069339214943568 
0.1809524660412889 0.23069339214943568 
0.16799176752272152 0.23276471100674934 
0.1728998586499589 0.23139589015457515 
0.1728998586499589 0.23139589015457515 
0.1808459342412617 0.239026393927547 
0.1808459342412617 0.239026393927547 
0.1808459342412617 0.239026393927547 
0.1808459342412617 0.239026393927547 
0.1808459342412617 0.239026393927547 
0.17712959246811677 0.2386907538085482 
0.17712959246811677 0.2386907538085482 
0.17712959246811677 0.2386907538085482 
0.17712959246811677 0.2386907538085482 
0.17712959246811677 0.2386907538085482 
0.1756046954604949 0.24196656186691082 
0.1756046954604949 0.24196656186691082 
0.1756046954604949 0.24196656186691082 
0.1756046954604949 0.24196656186691082 
0.1756046954604949 0.24196656186691082 
0.1756046954604949 0.24196656186691082 
0.1756046954604949 0.24196656186691082 
0.1756046954604949 0.24196656186691082 
0.1756046954604949 0.24196656186691082 
0.1754596069294942 0.24738121157546933 
0.15944768505718832 0.234054375991809 
0.15944768505718832 0.234054375991809 
0.15944768505718832 0.234054375991809 
0.15640970751190764 0.1932447381462399 
0.13517684858876552 0.20929186493731056 
0.13517684858876552 0.20929186493731056 
0.17464807600228766 0.22133753675220721 
0.17464807600228766 0.22133753675220721 
0.17464807600228766 0.22133753675220721 
0.1803367192417885 0.21574020784257555 
0.0932497374277689 0.18483911796430172 
0.09932254030644208 0.1763745552001797 
0.10676877245822072 0.1915995171603689 
0.14516386931000483 0.20399446281772582 
0.13515083750269008 0.19462455246073587 
0.08199639123187677 0.1686579758501732 
0.07498979600712032 0.17796831744168737 
0.12324283013794766 0.16991327637567133 
0.14961311536686137 0.2161388131992294 
0.14961311536686137 0.2161388131992294 
0.1618026929269946 0.20953190993714974 
0.1642125362595153 0.212606772271758 
0.1642125362595153 0.212606772271758 
0.17839052367418604 0.2173654565224398 
0.17839052367418604 0.2173654565224398 
0.17950198144654178 0.2128307621096911 
0.17950198144654178 0.2128307621096911 
0.1814057207460555 0.21401742746836225 
0.1814057207460555 0.21401742746836225 
0.1384137020319239 0.17067903438820792 
0.10182281662591787 0.15224690497981092 
0.11731012053529137 0.1685332397144603 
0.175842269247732 0.16290550302277312 
0.0703567712739478 0.1671739117993608 
0.06676636103769071 0.16480779698932635 
0.09048249053070427 0.17636527705459848 
0.08241850738333151 0.18821660901172674 
0.10987117836100564 0.17141878665091292 
0.07244765389916369 0.1651388361808184 
0.13954360640490143 0.18971734717067665 
0.13681849814178862 0.2071814237008857 
0.16422460283798446 0.23223535629923336 
0.17978439909178778 0.23290386972980623 
0.17978439909178778 0.23290386972980623 
0.17978439909178778 0.23290386972980623 
0.17978439909178778 0.23290386972980623 
0.17978439909178778 0.23290386972980623 
0.17978439909178778 0.23290386972980623 
0.18056618641638061 0.23424446969862556 
0.17671582324578386 0.2306785048382246 
0.17883316894905077 0.23083587719254345 
0.11484012040875709 0.15201591091287378 
0.11211481517917912 0.148044780204431 
0.11211481517917912 0.148044780204431 
0.09782814808224861 0.13728806641619684 
0.09782814808224861 0.13728806641619684 
0.09903898568963708 0.14227162524911097 
0.09903898568963708 0.14227162524911097 
0.09526479354652931 0.1197467710336842 
0.09520267786345436 0.11946004452515907 
0.09520267786345436 0.11946004452515907 
0.09520267786345436 0.11946004452515907 
0.09520267786345436 0.11946004452515907 
0.08806931056343914 0.12515686180127034 
0.08806931056343914 0.12515686180127034 
0.08244810662095559 0.11627613836189515 
0.08244810662095559 0.11627613836189515 
0.08244810662095559 0.11627613836189515 
0.08244810662095559 0.11627613836189515 
0.0954161845438814 0.13188255481987465 
0.10359593811043205 0.13546455257906964 
0.1007371408788525 0.1323686589371369 
0.1007371408788525 0.1323686589371369 
0.1007371408788525 0.1323686589371369 
0.09304785828642019 0.11506442807674358 
0.09304785828642019 0.11506442807674358 
0.1245423378967678 0.12975244484113363 
0.12453848192188649 0.12937770419843442 
0.16559086805890755 0.11882448178496938 
0.14760812999649842 0.14795012498823457 
0.14534962717732597 0.12788654771931807 
0.14534962717732597 0.12788654771931807 
0.14534962717732597 0.12788654771931807 
0.1487087930309198 0.11863193721567805 
0.13628642436108226 0.14908413722625818 
0.1476164317760727 0.1484644905121684 
0.1597774766138805 0.14445619638655233 
0.1597774766138805 0.14445619638655233 
0.1597774766138805 0.14445619638655233 
0.1451692344959093 0.16086909636233465 
0.13822738437982385 0.18229214859194534 
0.09272149283551609 0.1807057865513717 
0.10386480551868293 0.21052978053631474 
0.10386480551868293 0.21052978053631474 
0.11562655036142425 0.23440427715666917 
0.11562655036142425 0.23440427715666917 
0.11562655036142425 0.23440427715666917 
0.11562655036142425 0.23440427715666917 
0.11562655036142425 0.23440427715666917 
0.10897464817556066 0.23561146236532252 
0.10897464817556066 0.23561146236532252 
0.10897464817556066 0.23561146236532252 
0.10897464817556066 0.23561146236532252 
0.11110956410213575 0.24031452293979835 
0.11110956410213575 0.24031452293979835 
0.11110956410213575 0.24031452293979835 
0.11110956410213575 0.24031452293979835 
0.11110956410213575 0.24031452293979835 
0.11110956410213575 0.24031452293979835 
0.11110956410213575 0.24031452293979835 
0.11110956410213575 0.24031452293979835 
0.11110956410213575 0.24031452293979835 
0.12030142266956123 0.2563424999856869 
0.12030142266956123 0.2563424999856869 
0.12037469144978835 0.2562120837487646 
0.12037469144978835 0.2562120837487646 
0.12037469144978835 0.2562120837487646 
0.12037469144978835 0.2562120837487646 
0.13691065162248348 0.24996736446933307 
0.13691065162248348 0.24996736446933307 
0.13625201746759807 0.2490870828050561 
0.12374146808015807 0.2473360876065748 
0.16259237771511792 0.19847676619728882 
0.17934092816697955 0.20221692333280802 
0.08755438659980445 0.1936215234788755 
0.08755438659980445 0.1936215234788755 
0.07098477478650006 0.1750090586398006 
0.1798935915597642 0.2120043467126779 
0.17365910558658798 0.21067472603009327 
0.16234707012793184 0.2202333565432457 
0.16234707012793184 0.2202333565432457 
0.14672187775452772 0.19866343091935917 
0.1792315124175425 0.23112418780158767 
0.17697279086108464 0.2318367957143875 
0.17697279086108464 0.2318367957143875 
0.17697279086108464 0.2318367957143875 
0.16738230220469996 0.22856875475095265 
0.16738230220469996 0.22856875475095265 
0.16738230220469996 0.22856875475095265 
0.1647631921212942 0.2262844450831737 
0.1647631921212942 0.2262844450831737 
0.12832312936655918 0.21320831661076373 
0.06622763045303622 0.1767482954746974 
0.16292922018547418 0.2223109198274529 
0.175463441775794 0.15045816371716558 
0.175463441775794 0.15045816371716558 
0.12386203464799336 0.16491062195743794 
0.10280890623972974 0.1138846677762724 
0.09223662649706237 0.14771354848467333 
0.09187564003721935 0.15085540100265432 
0.09187564003721935 0.15085540100265432 
0.11630293586300815 0.15943919561162678 
0.08954129833243342 0.17733336542787603 
0.16705845329250707 0.16902885492412958 
0.13709873402710365 0.1574758186562535 
0.11522931448797892 0.19801642381708345 
0.1113029047474155 0.20017482357219873 
0.1101197000392993 0.19862911546775744 
0.13463047287731764 0.20232348698129024 
0.1334445665741634 0.1849962271897685 
0.1334445665741634 0.1849962271897685 
0.13234766471410278 0.18491610202077313 
0.17035397543388545 0.1826370718213195 
0.07334181589222982 0.18215656390518759 
0.14104749595510516 0.18522937356801156 
0.145614121902769 0.13315801319082915 
0.1622404789412524 0.11452111610125087 
0.1622404789412524 0.11452111610125087 
0.14715710708275864 0.1236140320811961 
0.13844589690190784 0.12024333148387863 
0.13706046074320427 0.12280854120992513 
0.1363908249689481 0.12341924699683418 
0.1363908249689481 0.12341924699683418 
0.1363908249689481 0.12341924699683418 
0.13623965745507194 0.0966398070852854 
0.1274545921686022 0.11748289275476897 
0.12593255171425338 0.11266347843894545 
0.12593255171425338 0.11266347843894545 
0.12633845919946857 0.11051640747737576 
0.12603178171842908 0.10294462769853532 
0.0690451596159809 0.1730808791770304 
0.06167213306212514 0.1586196082733657 
0.13322011069820533 0.162008052516039 
0.09396913947359174 0.1988118988230348 
0.14731093939153006 0.17023006429385823 
0.11353529723856598 0.16861264269675297 
0.10391930300724195 0.19887679413570242 
0.09524899721775851 0.2043342354920616 
0.0657762690391519 0.16305650982473222 
0.16553190272710477 0.1738246607372699 
0.12024682976612151 0.17796318607819445 
0.08487395131891588 0.18785842723629648 
0.09916243367477902 0.17802632246362127 
0.08429774580851564 0.18216911484825862 
0.15762663290656279 0.16782750968153312 
0.17345679457053223 0.17064930067131764 
0.11474512183141664 0.17992465607099348 
0.18021064299742368 0.19652922175255727 
0.16671786262632066 0.158358553237394 
0.12299032174431454 0.16674803393016424 
0.08899942190984629 0.13630030364900347 
0.08899942190984629 0.13630030364900347 
0.08911626152556763 0.13599023143213412 
0.07876005916315641 0.11240715358548599 
0.07904397885933817 0.09401441230465932 
0.10818030972107893 0.12789135232297943 
0.08241863272066564 0.19657436894708594 
0.16272058066600273 0.18800023563960835 
0.11040655035219935 0.18211474930440683 
0.150481843876399 0.19620497382662222 
0.148348911412763 0.19157839981299812 
0.14409456055455602 0.19495456177838366 
0.1006018858462821 0.1839761348473727 
0.16999776392665547 0.1769534781966418 
0.11865049904142853 0.16695516947466965 
0.15264825338817656 0.1557097134637867 
0.15264825338817656 0.1557097134637867 
0.15517756788494008 0.1558111942953069 
0.1729504678082951 0.20329290522640694 
0.1729504678082951 0.20329290522640694 
0.1430824431552026 0.153685520405393 
0.13193151842883905 0.13754521649261356 
0.1249126020245225 0.14306622270533542 
0.1503914136151038 0.1778323723588836 
0.06813319592128275 0.1584794607909242 
0.15769001635694854 0.1938210732404246 
0.13395391553908959 0.1590876780939179 
0.08033619606752428 0.16263952648858046 
0.16862110246883114 0.159427206195558 
0.16862110246883114 0.159427206195558 
0.06623312542022287 0.15547328988908615 
0.06421342668726218 0.19389735632853985 
0.15661637616530968 0.16326498231467132 
0.06335214701597139 0.17226632099691286 
0.12279463479222269 0.19147332072633974 
0.12853501318847904 0.18001318418323922 
0.12646771743765683 0.1829946283413489 
0.11772597231924439 0.1815897863124421 
0.1136350163879741 0.2025833723141824 
0.10035262368895743 0.23033973839235666 
0.10035262368895743 0.23033973839235666 
0.10035262368895743 0.23033973839235666 
0.09475663795670203 0.23885095145968907 
0.07374306756813165 0.24067847632519665 
0.07374306756813165 0.24067847632519665 
0.07374306756813165 0.24067847632519665 
0.07374306756813165 0.24067847632519665 
0.07374306756813165 0.24067847632519665 
0.07424283678516536 0.24008841557388838 
0.15110000854592284 0.1881477524268736 
0.1543726852816619 0.19490748486658604 
0.1543726852816619 0.19490748486658604 
0.17737844364466057 0.16453704931861746 
0.10109113285743879 0.17054104208336235 
0.10404188189703775 0.18638390104460817 
0.10367770194069487 0.16021705573632225 
0.18093673291427181 0.20000274766479023 
0.18093673291427181 0.20000274766479023 
0.18093673291427181 0.20000274766479023 
0.10282365887061407 0.15846568127744495 
0.13597059168570358 0.1425886419868055 
0.089855165496764 0.15732480708971425 
0.0876794649972936 0.171618938904367 
0.11288240042427936 0.19482977248372338 
0.13636245920252255 0.19716225132222587 
0.07928178780502851 0.16572951277660794 
0.10153428562891084 0.16531858450455478 
0.099734731231767 0.14834760066918581 
0.10663185438310585 0.14539322349872205 
0.10663185438310585 0.14539322349872205 
0.12893046959727705 0.16978589058649168 
0.14060107910090852 0.12332758263615705 
0.14060107910090852 0.12332758263615705 
0.1377565234651076 0.12628778297958404 
0.14405803094643255 0.11949905450572573 
0.14405803094643255 0.11949905450572573 
0.14405803094643255 0.11949905450572573 
0.16341582851432074 0.09641360542649445 
0.14717953283094704 0.12087307265207131 
0.14717953283094704 0.12087307265207131 
0.14717953283094704 0.12087307265207131 
0.14829256686020725 0.13903944696419135 
0.14829256686020725 0.13903944696419135 
0.18003283185247787 0.1779305785037306 
0.1054465658459362 0.175294165961807 
0.08913561947815359 0.20277010637897674 
0.17285297908261688 0.1843779341974497 
0.1516651099240297 0.16661308649155226 
0.1428060761284706 0.15964039930435914 
0.1346169859159858 0.17253664621755418 
0.13081426118737036 0.1644835407528535 
0.10216866377465061 0.16561372778627342 
0.07613137039732948 0.166177698725443 
0.1129016934913616 0.22491324020094455 
0.11781989816293208 0.21540745008109938 
0.1051121648489757 0.19586777394921512 
0.15328936984198202 0.16597846795028465 
0.13588216497089095 0.18990939215579145 
0.18082028200671318 0.19874688340604954 
0.15323270267325395 0.24129510898077217 
0.15323270267325395 0.24129510898077217 
0.15323270267325395 0.24129510898077217 
0.15666199907019232 0.24569284514893183 
0.15666199907019232 0.24569284514893183 
0.16719794249140027 0.18817967001910213 
0.16375312618474672 0.17901395025175953 
0.17897630867436332 0.16472225265422527 
0.07087783642890222 0.17661060224304448 
0.10467922767972318 0.1820119569836843 
0.10101589477965026 0.19156415890568226 
0.06364659653752922 0.23137567943082832 
0.06364659653752922 0.23137567943082832 
0.06364659653752922 0.23137567943082832 
0.06846831491246824 0.22698969806723296 
0.06846831491246824 0.22698969806723296 
0.10336817485290295 0.2271032014461131 
0.08861361202176209 0.238046692634436 
0.08861361202176209 0.238046692634436 
0.08861361202176209 0.238046692634436 
0.08612567320373656 0.25327107037932906 
0.08869133808934687 0.2510124825748775 
0.08869133808934687 0.2510124825748775 
0.09346374066900306 0.247227055520407 
0.09346374066900306 0.247227055520407 
0.09076553522814723 0.2518973637154836 
0.09076553522814723 0.2518973637154836 
0.09076553522814723 0.2518973637154836 
0.1054155712429608 0.2356475143107181 
0.1054155712429608 0.2356475143107181 
0.1054155712429608 0.2356475143107181 
0.1054155712429608 0.2356475143107181 
0.1054155712429608 0.2356475143107181 
0.1054155712429608 0.2356475143107181 
0.1054155712429608 0.2356475143107181 
0.10626299876861531 0.23755449778815704 
0.1203289513124809 0.22360687214542455 
0.12051638094691637 0.22242466968710398 
0.11218974792809396 0.21447754956317291 
0.1479318973848001 0.16638069182009219 
0.12640004922279113 0.17707520960116765 
0.12014438918717091 0.20194347375383478 
0.14404453473277695 0.15795867324084745 
0.1686562426656236 0.1617795871049761 
0.1704182897893731 0.15974339151924796 
0.1638044022961507 0.1961823492400918 
0.1298042276722548 0.16971916230438677 
0.17451668509791052 0.11327120388866879 
0.17451668509791052 0.11327120388866879 
0.17390976638995698 0.11309994481027377 
0.17390976638995698 0.11309994481027377 
0.15825104679810165 0.14316597339711615 
0.15825104679810165 0.14316597339711615 
0.15825104679810165 0.14316597339711615 
0.15825104679810165 0.14316597339711615 
0.15825104679810165 0.14316597339711615 
0.15825104679810165 0.14316597339711615 
0.16711972556039534 0.1310876324034333 
0.1671936355744786 0.13337147152930934 
0.12367337618922594 0.17024513276242714 
0.1490432029520309 0.10667308594846994 
0.1490432029520309 0.10667308594846994 
0.15164912239901399 0.14224288230171464 
0.15164912239901399 0.14224288230171464 
0.15164912239901399 0.14224288230171464 
0.15164912239901399 0.14224288230171464 
0.1492602005011548 0.13635316334034991 
0.1492602005011548 0.13635316334034991 
0.1492602005011548 0.13635316334034991 
0.119431133708235 0.1710084515566215 
0.1803837053289653 0.1650316146777942 
0.08829152970276927 0.1784577930553762 
0.10344508265918811 0.2137910983885632 
0.1261060739189248 0.24002625416763304 
0.1261060739189248 0.24002625416763304 
0.12041683826942648 0.2486495220419545 
0.1274383918144691 0.2257458583654791 
0.17053406235450166 0.19161744293853372 
0.06996175827626547 0.1565782928824673 
0.0772556518661924 0.20325445201381562 
0.11126964979694631 0.22207106060424803 
0.11126964979694631 0.22207106060424803 
0.1254360065874443 0.25231885274443655 
0.1254360065874443 0.25231885274443655 
0.1254360065874443 0.25231885274443655 
0.1254360065874443 0.25231885274443655 
0.1254360065874443 0.25231885274443655 
0.1192231053549476 0.2397558370805928 
0.1192231053549476 0.2397558370805928 
0.12580462852520596 0.24138827419497347 
0.12580462852520596 0.24138827419497347 
0.14430686656463831 0.21147918925284317 
0.15087439886690907 0.20512744566757302 
0.15973954332731802 0.2213022641197641 
0.172776484810924 0.25363810362851125 
0.172776484810924 0.25363810362851125 
0.172776484810924 0.25363810362851125 
0.16264658412419902 0.24426813689936594 
0.16264658412419902 0.24426813689936594 
0.15555906308281542 0.2338250222571656 
0.15092928547228596 0.22487686176314536 
0.15456427582810225 0.23108207991760668 
0.14420528344812378 0.23153154074560367 
0.13484624525550679 0.23589985832019467 
0.0961584825041077 0.1569395746445011 
0.12815855438168658 0.22901214575583612 
0.12815855438168658 0.22901214575583612 
0.152955051113782 0.21889713108340147 
0.152955051113782 0.21889713108340147 
0.1426153270686825 0.24128149791557335 
0.15272096151087872 0.23558496598322248 
0.1522810529662272 0.23548716121707822 
0.1522810529662272 0.23548716121707822 
0.14753846857348973 0.2382388733347511 
0.14753846857348973 0.2382388733347511 
0.13892276045101717 0.2217829999477155 
0.16753868077244008 0.16886187845790454 
0.11742657327924408 0.18301807930072264 
0.17024452118340014 0.1554525819954103 
0.16725789092877175 0.15455145296625872 
0.08744206940244198 0.16283697315639623 
0.13231455488805455 0.1696307557931797 
0.16749761188254433 0.16638107258544213 
0.16438375152102366 0.16770780100694077 
0.1463708255024062 0.2126889444388049 
0.144081137562266 0.2075703482343536 
0.144081137562266 0.2075703482343536 
0.13867892715242736 0.15366765196543425 
0.09499619180208246 0.19310736930656283 
0.06705549219593461 0.19708869194990136 
0.10905524035842035 0.177414846393404 
0.16235586647706482 0.17460404448983396 
0.1441043684255518 0.18665666588022004 
0.13227080054034795 0.1681782366532754 
0.16866323671072128 0.1906653052996021 
0.1266538713255812 0.19146108807706963 
0.10277706028903921 0.17446219781155728 
0.13576245053276195 0.20073443025581042 
0.12110741739109185 0.17359841911874338 
0.14225657306963282 0.13171265479712996 
0.15439245088398879 0.12536916878090548 
0.15214065086499767 0.1387775063302218 
0.15214065086499767 0.1387775063302218 
0.14246315240723512 0.12777526329042313 
0.14246315240723512 0.12777526329042313 
0.16925354435099316 0.17210792566658947 
0.16992563052624116 0.13970884367552422 
0.16992563052624116 0.13970884367552422 
0.16992563052624116 0.13970884367552422 
0.07864428892556194 0.1813518493412343 
0.08323446889179602 0.18757777733298164 
0.1361083244360762 0.19980786371375137 
0.10009922396289397 0.1528208700487589 
0.0864170152072237 0.17406227143362143 
0.145768579893303 0.15621837605852495 
0.15558812900694563 0.15494962675534424 
0.15068168603073662 0.1570220005426635 
0.11071041202522561 0.15940163128601323 
0.07789142696216488 0.18150414975765777 
0.10883941275294483 0.19691610450638738 
0.09764179433942624 0.19443658855329404 
0.1021164838861629 0.19572671301966696 
0.1804889971364731 0.21112275571583028 
0.13248131929330467 0.21789004710820506 
0.14503357494753583 0.21033538028911267 
0.13597037991907 0.20156732015659773 
0.12114645632179279 0.21113948840453597 
0.13666548395949335 0.19876748887111428 
0.11392231455173704 0.19013576159895013 
0.120304688650015 0.16727519713918826 
0.15530791948888317 0.18209346376342062 
0.15090481613452453 0.2056968303418346 
0.15616683778846221 0.23006631084753876 
0.15616683778846221 0.23006631084753876 
0.15616683778846221 0.23006631084753876 
0.15616683778846221 0.23006631084753876 
0.15797104643734922 0.22910075027268195 
0.13346011842377967 0.225038186179617 
0.1338343712411702 0.17153414250998109 
0.08455127846324002 0.17025113234026265 
0.07810762691605652 0.16734769218496062 
0.14462087467667595 0.16622609149083237 
0.17230439728931377 0.18303548884865228 
0.08621252227705896 0.18505121799649207 
0.08714221308925073 0.2078725985958827 
0.08714221308925073 0.2078725985958827 
0.15196802310120236 0.20770712193868218 
0.11173101920275597 0.1678875231718967 
0.07178825647190606 0.20511712566255522 
0.07178825647190606 0.20511712566255522 
0.08405460402542564 0.2089364720851378 
0.0611868510408726 0.1895810423951601 
0.08379441837350471 0.19397294154706618 
0.0619128304166634 0.16114825219564102 
0.11896138535466427 0.17657636947698505 
0.12579358414124395 0.15962119323497764 
0.14009763663521538 0.15921659329384089 
0.13016189434512815 0.14007505196776454 
0.18142811984443316 0.19475618479621556 
0.16760198269686363 0.19918883750174343 
0.16760198269686363 0.19918883750174343 
0.1610277426775631 0.2095549437922192 
0.15606645834543315 0.15009162828453593 
0.15606645834543315 0.15009162828453593 
0.15915321414577763 0.1506317762906011 
0.1605472656248274 0.21037867944478672 
0.1744463085417319 0.21993200689911274 
0.17656344388411704 0.2246852077513266 
0.16613995763765027 0.22695452762330887 
0.12761883382147535 0.22110581713171107 
0.16357760825547935 0.25141969932939123 
0.14993998312070922 0.22555544675553704 
0.14993998312070922 0.22555544675553704 
0.1523697109658595 0.22332455290095574 
0.16774235577572696 0.23538805194115747 
0.16774235577572696 0.23538805194115747 
0.16774235577572696 0.23538805194115747 
0.16547667887526465 0.24975306198740516 
0.16547667887526465 0.24975306198740516 
0.16534924152899938 0.2496702471457741 
0.16534924152899938 0.2496702471457741 
0.16534924152899938 0.2496702471457741 
0.16534924152899938 0.2496702471457741 
0.16534924152899938 0.2496702471457741 
0.16534924152899938 0.2496702471457741 
0.16534924152899938 0.2496702471457741 
0.16566645018502657 0.2547128623906696 
0.16566645018502657 0.2547128623906696 
0.16566645018502657 0.2547128623906696 
0.16566645018502657 0.2547128623906696 
0.16566645018502657 0.2547128623906696 
0.16566645018502657 0.2547128623906696 
0.16566645018502657 0.2547128623906696 
0.16566645018502657 0.2547128623906696 
0.16566645018502657 0.2547128623906696 
0.16566645018502657 0.2547128623906696 
0.16566645018502657 0.2547128623906696 
0.16566645018502657 0.2547128623906696 
0.16566645018502657 0.2547128623906696 
0.15695953554109904 0.24177554450785477 
0.15695953554109904 0.24177554450785477 
0.16199116259185917 0.24568098818470335 
0.16199116259185917 0.24568098818470335 
0.16666649822084578 0.24942085780850032 
0.16666649822084578 0.24942085780850032 
0.1331086277249332 0.2502531788949845 
0.1337515841032211 0.21319662593736494 
0.1337515841032211 0.21319662593736494 
0.1317269354088148 0.20764467530380395 
0.1596319303665715 0.16483702357869312 
0.17086457888663364 0.19430703166873914 
0.17086457888663364 0.19430703166873914 
0.12099217919496721 0.14920068325741012 
0.1206576897668219 0.15472301324858062 
0.1206576897668219 0.15472301324858062 
0.1206576897668219 0.15472301324858062 
0.0994775235217985 0.12763651070663515 
0.0994775235217985 0.12763651070663515 
0.09184006664873026 0.11509880914089547 
0.08756218749316415 0.10979595034360655 
0.09021854699890343 0.10998525601701421 
0.09932391575674915 0.11211423647223248 
0.09932391575674915 0.11211423647223248 
0.09772769041115752 0.11255560091821139 
0.0986925875384433 0.10938882142981089 
0.0986925875384433 0.10938882142981089 
0.09830643457751057 0.10562242820066287 
0.09830643457751057 0.10562242820066287 
0.09830643457751057 0.10562242820066287 
0.10652732496626913 0.1149272337851196 
0.10645501157109966 0.11270535116633291 
0.10559462678938551 0.11285667112561529 
0.08791271187680845 0.09442270980811446 
0.11572446272285258 0.18393008789560117 
0.07582419269071745 0.19434807241592808 
0.11902315141872523 0.1530231863080916 
0.1044338910000358 0.1922486961861678 
0.1736697550892656 0.18955303392338588 
0.09260666200414404 0.14172756802296496 
0.0906599226652815 0.11426030227675714 
0.0906599226652815 0.11426030227675714 
0.0906599226652815 0.11426030227675714 
0.09790367254524895 0.12523275728424388 
0.09790367254524895 0.12523275728424388 
0.09790367254524895 0.12523275728424388 
0.10066821147998521 0.12944629759311477 
0.10070607965144064 0.12927174296286126 
0.09845428430054567 0.1326340532495714 
0.09845428430054567 0.1326340532495714 
0.09816955211370414 0.12652240629431014 
0.09816955211370414 0.12652240629431014 
0.09774511320654342 0.10989940369966107 
0.09774511320654342 0.10989940369966107 
0.09465997744200597 0.12418700853055303 
0.12120357287701149 0.14061592603149553 
0.1475622247704152 0.1558263466949719 
0.06744711167799178 0.18145531691446778 
0.1445602521216236 0.17399621057045783 
0.09698743843390195 0.17906139544013738 
0.09547755994112284 0.18029804457374923 
0.13777601664298864 0.18352313690407823 
0.14156912019904444 0.2517453619661546 
0.14156912019904444 0.2517453619661546 
0.14156912019904444 0.2517453619661546 
0.14324224069178287 0.25607029618906396 
0.14324224069178287 0.25607029618906396 
0.14164487809390378 0.2532655390072438 
0.14164487809390378 0.2532655390072438 
0.13739116263524176 0.2553573316830717 
0.1340544521917279 0.24886268218253194 
0.1340544521917279 0.24886268218253194 
0.13066368139433765 0.2222762022953097 
0.13328470898275924 0.21927121744607905 
0.13328470898275924 0.21927121744607905 
0.13328470898275924 0.21927121744607905 
0.12246788802285803 0.23682271232655464 
0.12246788802285803 0.23682271232655464 
0.12246788802285803 0.23682271232655464 
0.12246788802285803 0.23682271232655464 
0.1222028204672005 0.20085879275834512 
0.15052657900882943 0.16829320382472823 
0.15242380419453327 0.1580056666557123 
0.14034205883906328 0.16079866886947752 
0.17149966886691698 0.1334880307172648 
0.17149966886691698 0.1334880307172648 
0.16301329438430834 0.1291274121731531 
0.16301329438430834 0.1291274121731531 
0.14580017986220156 0.15083071343028057 
0.14580017986220156 0.15083071343028057 
0.1609521291295805 0.10064256790439435 
0.1609521291295805 0.10064256790439435 
0.1647115403229259 0.09950975535037916 
0.15742223158282884 0.1182172169727142 
0.164334122072284 0.11843983381717253 
0.164334122072284 0.11843983381717253 
0.07928856021117073 0.21705241478977755 
0.0865196035843006 0.21228784063788944 
0.0865196035843006 0.21228784063788944 
0.0865196035843006 0.21228784063788944 
0.08569794309671858 0.2335496044564065 
0.08569794309671858 0.2335496044564065 
0.08553688417115736 0.22947614764408716 
0.0875201347147994 0.2288756144228393 
0.09267258764091987 0.23390532615591392 
0.09267258764091987 0.23390532615591392 
0.09267258764091987 0.23390532615591392 
0.09267258764091987 0.23390532615591392 
0.09267258764091987 0.23390532615591392 
0.09200555215746146 0.23244367617832873 
0.09858813132803884 0.2354171950723214 
0.09858813132803884 0.2354171950723214 
0.12003140642380083 0.17651745259873675 
0.11102868720265148 0.1635166799681395 
0.0760949379862382 0.17189234988677232 
0.1619329803786219 0.18519848150617202 
0.16504720036414117 0.1291162716936388 
0.15437004549508762 0.15136579070778333 
0.088690970074832 0.19401300894422513 
0.08489889042809903 0.17865771697803975 
0.11506795967531414 0.1789762571023065 
0.11217341173366138 0.1891625086241458 
0.11451315549400712 0.1692750756963636 
0.07376082424416788 0.1528546140928607 
0.07432962937416193 0.13745945944750382 
0.07432962937416193 0.13745945944750382 
0.07375723308423071 0.13796805459573372 
0.07375723308423071 0.13796805459573372 
0.07375723308423071 0.13796805459573372 
0.07442522783072024 0.10989647295322268 
0.07442522783072024 0.10989647295322268 
0.07442522783072024 0.10989647295322268 
0.10254519401662654 0.12894858708547352 
0.10426590799757723 0.1272349014805042 
0.10426590799757723 0.1272349014805042 
0.10426590799757723 0.1272349014805042 
0.10426590799757723 0.1272349014805042 
0.102258373722939 0.1286180643023196 
0.102258373722939 0.1286180643023196 
0.102258373722939 0.1286180643023196 
0.11181867799566539 0.11553429219390057 
0.12139093025119094 0.11395089369345114 
0.1250918706498689 0.12783369443181836 
0.10039817572491277 0.1367498423621677 
0.10710779324258081 0.14296060054821239 
0.09523570968997676 0.13472340932968022 
0.07843171567468778 0.11685889196330362 
0.08198841144619101 0.1262921896787274 
0.08198841144619101 0.1262921896787274 
0.08198841144619101 0.1262921896787274 
0.08198841144619101 0.1262921896787274 
0.08867411498410094 0.1338626460875149 
0.09761089076335648 0.13193677561673445 
0.12515308218550006 0.1698754910810913 
0.0859001896256912 0.19151595929180196 
0.09674013684378069 0.1706783819018805 
0.08859249502521296 0.17551353810621376 
0.1472050073796366 0.19667969575172584 
0.16355210474985732 0.2362990170899868 
0.16355210474985732 0.2362990170899868 
0.16355210474985732 0.2362990170899868 
0.16355210474985732 0.2362990170899868 
0.08525027084398731 0.19986202597962383 
0.06488152612949344 0.17068698439909485 
0.08273391489496186 0.1793979493987009 
0.08099597242171508 0.2225364470174341 
0.08720075648419731 0.20851372947926997 
0.0811487097685094 0.2221199805987179 
0.0811487097685094 0.2221199805987179 
0.10370582597388302 0.2207050261761554 
0.07863565861305204 0.24851483987054757 
0.07863565861305204 0.24851483987054757 
0.07869762533223305 0.24336404233751885 
0.07959566521732109 0.21938941504565013 
0.07959566521732109 0.21938941504565013 
0.16917281347404076 0.18641782120610106 
0.09749839845111186 0.19325294184830738 
0.10648815446785029 0.16618503177365768 
0.07131455766211597 0.1881640610931525 
0.16581175523508646 0.18515758412445377 
0.12756511127895925 0.2107253391664347 
0.16352127768688957 0.22537171128691463 
0.0921860884724828 0.17219450928626626 
0.12304556024529276 0.17060838392666725 
0.06704309471829017 0.22567700563978138 
0.07300987398691491 0.22647943940952525 
0.07300987398691491 0.22647943940952525 
0.0777048148786881 0.2270908146830653 
0.17082441381994165 0.20328484842583996 
0.17082441381994165 0.20328484842583996 
0.17082441381994165 0.20328484842583996 
0.17239434357166677 0.21496440520172652 
0.16989809924786115 0.22640012444404006 
0.16033213179829067 0.2286901459759238 
0.15987181868357567 0.23498802693165793 
0.15987181868357567 0.23498802693165793 
0.15932360123011574 0.23503121869315707 
0.14827471706610862 0.22408802412537218 
0.152815366403994 0.23289463465155952 
0.152815366403994 0.23289463465155952 
0.162328815197845 0.21482036638052537 
0.162328815197845 0.21482036638052537 
0.17415223659327583 0.21570380138634257 
0.17415223659327583 0.21570380138634257 
0.17415223659327583 0.21570380138634257 
0.14581173597181998 0.17382284119528219 
0.10880688076905354 0.15806800833026932 
0.17614139001634627 0.19605344338701497 
0.08935841878141207 0.19672303074207417 
0.1314472204939306 0.22386872539106906 
0.13337061859428276 0.22748126877036723 
0.13304479517571444 0.22647886655286897 
0.13304479517571444 0.22647886655286897 
0.13304479517571444 0.22647886655286897 
0.13273917340800978 0.22630891615907792 
0.11504497573024006 0.21434335713494296 
0.12562679733996857 0.23295619640359308 
0.12930865520268198 0.21930345493904918 
0.12930865520268198 0.21930345493904918 
0.12930865520268198 0.21930345493904918 
0.16408316181490076 0.20517844252810963 
0.16408316181490076 0.20517844252810963 
0.16361890586493943 0.17278062330622435 
0.11401549047072837 0.15474508613692362 
0.11360208885690794 0.12035717552158617 
0.1251487200451522 0.15773596184841107 
0.1251487200451522 0.15773596184841107 
0.07343134875357274 0.16822226899878923 
0.11648260639844535 0.1842781447678648 
0.14433580635428067 0.17981155142696081 
0.16513642321433414 0.2224341610135031 
0.16731524647664278 0.22592276409817186 
0.16731524647664278 0.22592276409817186 
0.16731524647664278 0.22592276409817186 
0.15077831517576415 0.24951164530778985 
0.15077831517576415 0.24951164530778985 
0.15077831517576415 0.24951164530778985 
0.13985255414085024 0.22326360507948423 
0.14567788913437824 0.2259908464658082 
0.14812822149805205 0.22919784222494385 
0.14812822149805205 0.22919784222494385 
0.14946370006643722 0.2452108314807103 
0.14946370006643722 0.2452108314807103 
0.1486726440430336 0.2493360292621167 
0.12170272631363034 0.22353804877313824 
0.14331510201879416 0.22256983836388158 
0.15011374613715583 0.21752766417153196 
0.15011374613715583 0.21752766417153196 
0.15011374613715583 0.21752766417153196 
0.1503230072782566 0.21775357772866688 
0.1010814644847176 0.2074362641186438 
0.09013402633083166 0.20337816984984822 
0.09430393837078976 0.22567020091655318 
0.10120101736347456 0.2388831704161653 
0.08743330634780372 0.23407294138469115 
0.08512401155890902 0.251775153158994 
0.08512401155890902 0.251775153158994 
0.08512401155890902 0.251775153158994 
0.08512401155890902 0.251775153158994 
0.08512401155890902 0.251775153158994 
0.10145411600229587 0.21888412144356273 
0.16107133412186722 0.18387163299058573 
0.12181742616979283 0.18964478138531113 
0.15473388895766493 0.15273846960872073 
0.15473388895766493 0.15273846960872073 
0.15473388895766493 0.15273846960872073 
0.11392749287118728 0.15789232776815273 
0.1167239534458959 0.1561705467891341 
0.14420128992552222 0.18522637243058132 
0.15751708711167312 0.15647686229399005 
0.17118632807202958 0.20157529056985637 
0.17116221425249198 0.20347453367251117 
0.0714411844130008 0.20676136937222403 
0.0714411844130008 0.20676136937222403 
0.0714411844130008 0.20676136937222403 
0.06944888446443943 0.20551165439778146 
0.06944888446443943 0.20551165439778146 
0.06944888446443943 0.20551165439778146 
0.17322302520732585 0.20241464338611032 
0.10546555852615414 0.20821970763137174 
0.10538216234809558 0.22780719187983633 
0.10538216234809558 0.22780719187983633 
0.11781999167620884 0.22507943300136082 
0.11781999167620884 0.22507943300136082 
0.11781999167620884 0.22507943300136082 
0.11781999167620884 0.22507943300136082 
0.11781999167620884 0.22507943300136082 
0.11781999167620884 0.22507943300136082 
0.12681991378020172 0.24018025825935135 
0.12681991378020172 0.24018025825935135 
0.12601358894720394 0.23928689040828455 
0.13157189592257518 0.2266409428766805 
0.16230421286238184 0.16684988253532207 
0.1074089453904124 0.1894821494259318 
0.07886171543685612 0.18404612660072928 
0.07332070868093324 0.1539603945158524 
0.07332070868093324 0.1539603945158524 
0.1135120250107373 0.18960281194716638 
0.11608017476423832 0.19344399451350183 
0.1658703821379941 0.2019403527905212 
0.08783386647817504 0.16765616884901252 
0.1571924660426487 0.20530876890566138 
0.1571924660426487 0.20530876890566138 
0.1571924660426487 0.20530876890566138 
0.15326761678736756 0.15922527008715323 
0.11418300304020235 0.16494871451203513 
0.11108551748696271 0.15624444653088282 
0.12230683302246088 0.13182432906294594 
0.12230683302246088 0.13182432906294594 
0.11440648051527025 0.14035423928269217 
0.11237916139397659 0.13232928452744924 
0.11237916139397659 0.13232928452744924 
0.1159991669825135 0.11861350056376617 
0.11358108145547374 0.11832443757854741 
0.12745360661408583 0.16919065928828922 
0.09846032629893728 0.18799106365213927 
0.10774715880631168 0.188819744503909 
0.06870093752596793 0.15354061392003945 
0.06870093752596793 0.15354061392003945 
0.16079840497788794 0.1889212682036685 
0.10846225958083382 0.18608602998261797 
0.1363211470251484 0.1751943892825435 
0.13471771172726033 0.19898494340465728 
0.13282707732979454 0.19812914720991523 
0.13282707732979454 0.19812914720991523 
0.06370756298894388 0.1966255300857566 
0.1056077228341946 0.20128172796710345 
0.0782129181994635 0.2231281570981667 
0.0782129181994635 0.2231281570981667 
0.07754839126707284 0.22023336866241894 
0.10094332967085438 0.16254525358261562 
0.09423866654702379 0.15558721585267352 
0.10113896689715304 0.14654522243949658 
0.09355963824888619 0.12088627092698877 
0.09355963824888619 0.12088627092698877 
0.09355963824888619 0.12088627092698877 
0.09256779846314694 0.11929979338950329 
0.09256779846314694 0.11929979338950329 
0.09180468312746828 0.13485368937818823 
0.09180468312746828 0.13485368937818823 
0.09180468312746828 0.13485368937818823 
0.09180468312746828 0.13485368937818823 
0.09180468312746828 0.13485368937818823 
0.09289802777259085 0.13576894017612154 
0.09289802777259085 0.13576894017612154 
0.09289802777259085 0.13576894017612154 
0.08964020968925135 0.11564817791037164 
0.08994155585373584 0.11225743146445644 
0.08773220315416744 0.10432963097049798 
0.10209663531621163 0.13428838902013512 
0.10384734216591383 0.13696491955090073 
0.10384734216591383 0.13696491955090073 
0.10355157205756685 0.1399532607255208 
0.15367958000487095 0.2180421146327212 
0.15367958000487095 0.2180421146327212 
0.1524605852623682 0.21631384263482176 
0.17484395805737288 0.20333211563528572 
0.11274816534233598 0.17779296396517438 
0.09605920025119759 0.15278894081664363 
0.09605920025119759 0.15278894081664363 
0.10824811602008814 0.14957326249683167 
0.12381765464928103 0.15320869733681325 
0.1258581091986268 0.1534556601254391 
0.14765599003583005 0.2015690767312455 
0.0901364510767951 0.17109496365880758 
0.10451501974037361 0.13412764009523598 
0.1136437511560467 0.14099680760314365 
0.09930359743094799 0.1305659732212362 
0.1298035849178158 0.18497229601443912 
0.08652401394230554 0.1716010990516537 
0.17282361180099476 0.19188685161834826 
0.15393588022785698 0.15814127189919958 
0.12070224620432721 0.1915467739463269 
0.08990092773294439 0.18788757527143454 
0.061650097338262225 0.14907929576181306 
0.08502354418945839 0.15485538502302057 
0.10450526600692708 0.22552018021181386 
0.10450526600692708 0.22552018021181386 
0.10450526600692708 0.22552018021181386 
0.089488497986436 0.2078204447942806 
0.0738753286066601 0.2152260591345877 
0.0738753286066601 0.2152260591345877 
0.0738753286066601 0.2152260591345877 
0.06791491849145341 0.1682099715767599 
0.06237586962837091 0.1850830498402476 
0.06237586962837091 0.1850830498402476 
0.10695548864498258 0.18500474338271397 
0.10713426579527278 0.15792797939446845 
0.07390868904097087 0.14984589391853353 
0.07390868904097087 0.14984589391853353 
0.13307278151915497 0.20042177044112758 
0.12467860709464638 0.2033301220113217 
0.1328010407034596 0.20988605171957658 
0.1328010407034596 0.20988605171957658 
0.16904160729433704 0.19438595160212307 
0.06163632483929259 0.18822879272789905 
0.10057163776746855 0.16938923773656206 
0.06947495067432026 0.1838968467548419 
0.16713291781640727 0.18005725625395083 
0.15881812292509612 0.16438014252488886 
0.1729101828170642 0.1273410898789063 
0.07674333115872752 0.23165036552617044 
0.07674333115872752 0.23165036552617044 
0.07674333115872752 0.23165036552617044 
0.07674333115872752 0.23165036552617044 
0.08122381757207069 0.22227590379609682 
0.08122381757207069 0.22227590379609682 
0.08122381757207069 0.22227590379609682 
0.06568051025730806 0.22267444535071576 
0.06219053249557818 0.23333534998298922 
0.06219053249557818 0.23333534998298922 
0.14908784841816317 0.20453636632967442 
0.14908784841816317 0.20453636632967442 
0.1601758081650524 0.21984381220719657 
0.1612108923957658 0.22971032609539765 
0.1612108923957658 0.22971032609539765 
0.15283106117943374 0.22555440701228774 
0.10803372534378969 0.15204345528880894 
0.1330475716700575 0.23452946913151934 
0.1330475716700575 0.23452946913151934 
0.1330475716700575 0.23452946913151934 
0.1378532517503139 0.19908417474310958 
0.09184878977522573 0.21453609974292265 
0.09022673377497355 0.23134577813328092 
0.09295666795860694 0.2354330432339729 
0.09295666795860694 0.2354330432339729 
0.09295666795860694 0.2354330432339729 
0.09295666795860694 0.2354330432339729 
0.09295666795860694 0.2354330432339729 
0.09295666795860694 0.2354330432339729 
0.09355637007457472 0.2169416239838213 
0.095706553466751 0.21998444629811206 
0.09459594170216744 0.2216702969522433 
0.09347150109517116 0.1688975640276696 
0.10946322070295793 0.15441298671980264 
0.1489675447722033 0.17211146645954542 
0.08121164769127384 0.14425588013517787 
0.08121164769127384 0.14425588013517787 
0.08121164769127384 0.14425588013517787 
0.08121164769127384 0.14425588013517787 
0.06795933649245642 0.09961121443387723 
0.06795933649245642 0.09961121443387723 
0.06080791664952247 0.09123640737296626 
0.06080791664952247 0.09123640737296626 
0.06603322349675225 0.09588501982946686 
0.06603322349675225 0.09588501982946686 
0.06587922120247125 0.09466545699374708 
0.06587922120247125 0.09466545699374708 
0.06587922120247125 0.09466545699374708 
0.08180468866545251 0.11594177655456359 
0.07891264425737451 0.10289862493760402 
0.06444284983791666 0.20598907266018948 
0.06444284983791666 0.20598907266018948 
0.062160340721358794 0.2046131540599235 
0.1809367255133161 0.17609696193618074 
0.11743788453025694 0.1749350671261172 
0.1284263081052398 0.16776626326636135 
0.16660785578294435 0.15602761544169053 
0.06052179735489515 0.18032290837378812 
0.07249786256374004 0.20815805278507876 
0.11416800999577036 0.1989806761326181 
0.11966393862240444 0.2032924473395798 
0.0730064845435012 0.17505298859218743 
0.09545391055279269 0.17928415040694806 
0.09741813415833746 0.20430285234076212 
0.09741813415833746 0.20430285234076212 
0.12729877493683958 0.21799631898375318 
0.1273999442309213 0.21798110686299246 
0.13517073936653612 0.2389985790786322 
0.13178205049082817 0.23354691047498585 
0.06339432929077009 0.16254162867126992 
0.06339432929077009 0.16254162867126992 
0.06339432929077009 0.16254162867126992 
0.07697536322963577 0.1928325244848861 
0.1747966919674432 0.164591375594737 
0.06877405753991807 0.17248112379865888 
0.08095482490884087 0.17510481268226166 
0.08324518146085196 0.17898336063842474 
0.12443635064479847 0.19960096622048876 
0.1053906729512861 0.21618334903227976 
0.09190295953296679 0.2311878523368463 
0.0921400319637071 0.22995371761703093 
0.0921400319637071 0.22995371761703093 
0.0921400319637071 0.22995371761703093 
0.0921400319637071 0.22995371761703093 
0.08624196480510332 0.2313559004534801 
0.089684983199846 0.23224660525050736 
0.08914972167745504 0.22984352608326658 
0.08914972167745504 0.22984352608326658 
0.08914972167745504 0.22984352608326658 
0.08887248010751013 0.2539186426815955 
0.08887248010751013 0.2539186426815955 
0.08887248010751013 0.2539186426815955 
0.08887248010751013 0.2539186426815955 
0.07298505420452878 0.1965302932477504 
0.09336281558820222 0.16475757597376542 
0.1214801263748831 0.18292135759537456 
0.08358334680925403 0.18095974974198015 
0.18069207365270148 0.1646873324205354 
0.09045139560426671 0.16726409194357 
0.115726678785451 0.15439045842332716 
0.115726678785451 0.15439045842332716 
0.07902844840940058 0.20476244043032332 
0.09755006625316667 0.16369660908925324 
0.09452414330053402 0.15513001477973348 
0.08806466811500344 0.20446550960342796 
0.08820301210664994 0.2033926905628019 
0.08486341202724322 0.2140260718061422 
0.08387093073677361 0.21496341233603092 
0.08387093073677361 0.21496341233603092 
0.07898584467310532 0.22837259116071512 
0.07898584467310532 0.22837259116071512 
0.08817685204162669 0.20453896840456132 
0.13502538829233968 0.1866234180177413 
0.15692967641630107 0.15566595130649238 
0.15692967641630107 0.15566595130649238 
0.09771942725232702 0.1607596723526547 
0.07032788621824228 0.1966574780585772 
0.1608335402750869 0.1890612427646158 
0.1608335402750869 0.1890612427646158 
0.11905979098379128 0.1732310078450967 
0.08250873268791059 0.19132837627466553 
0.07645375266441733 0.19820299426971447 
0.12956157572258467 0.17495920272754975 
0.13558415163617787 0.20340576207393088 
0.13586082144717587 0.23727584448951894 
0.17583079509525104 0.22991352963295467 
0.17583079509525104 0.22991352963295467 
0.17583079509525104 0.22991352963295467 
0.17579046707297524 0.231492911644764 
0.17579046707297524 0.231492911644764 
0.17556073808840877 0.22915765356488033 
0.17556073808840877 0.22915765356488033 
0.17284965181195389 0.22248837775621894 
0.17284965181195389 0.22248837775621894 
0.17284965181195389 0.22248837775621894 
0.17284965181195389 0.22248837775621894 
0.17284965181195389 0.22248837775621894 
0.15026818803555814 0.1775812364688108 
0.07122562560123967 0.20270852550977836 
0.07122562560123967 0.20270852550977836 
0.07122562560123967 0.20270852550977836 
0.14951893846060801 0.22850876466094333 
0.15818185300597512 0.23407805157838718 
0.15818185300597512 0.23407805157838718 
0.15568965484873876 0.2128261052414331 
0.11738984553927673 0.21188485606230484 
0.11028440576699718 0.20105230037976612 
0.1285336813350016 0.21170050403030616 
0.12917770386861868 0.22104166576517115 
0.15454602476363025 0.2228565571321631 
0.06111425635580395 0.17286746083617416 
0.06894289851056633 0.1826174650723566 
0.06147656688666043 0.19799610349163588 
0.10496049965586071 0.1864702986232273 
0.1687977437668758 0.18306719995629156 
0.10107334414115074 0.17198641056904596 
0.1130738493753504 0.1520652930813225 
0.1130738493753504 0.1520652930813225 
0.1431408528707007 0.19519516850906224 
0.12026522642328107 0.19401349673715837 
0.12026522642328107 0.19401349673715837 
0.11142593957510921 0.173209954006279 
0.16271617298337926 0.16528701898552944 
0.11282514472919207 0.15764567715455385 
0.11503563562607069 0.158678099910549 
0.13326526784081671 0.17706847289091798 
0.15648765849773752 0.17940555097956673 
0.1041355485228179 0.20817650837963714 
0.15038489092754298 0.23378274418450828 
0.15038489092754298 0.23378274418450828 
0.1551161973381464 0.23844676941037565 
0.1551161973381464 0.23844676941037565 
0.17712125832820416 0.24563677185060231 
0.17712125832820416 0.24563677185060231 
0.17712125832820416 0.24563677185060231 
0.16828798909184858 0.24443175130759592 
0.16828798909184858 0.24443175130759592 
0.16828798909184858 0.24443175130759592 
0.16828798909184858 0.24443175130759592 
0.16828798909184858 0.24443175130759592 
0.16828798909184858 0.24443175130759592 
0.16828798909184858 0.24443175130759592 
0.16828798909184858 0.24443175130759592 
0.16725910914604358 0.2436452425739592 
0.16836560636267206 0.2461798357965685 
0.16113456544756116 0.21374574199903204 
0.16113456544756116 0.21374574199903204 
0.11929120987295672 0.1786867009638967 
0.07272389955527495 0.1862666869250694 
0.10417599718171386 0.15561787702479535 
0.08871599740514818 0.15895620476451394 
0.16987620290704838 0.1832757898340106 
0.16704210307226186 0.18425060801166326 
0.15800411474397238 0.2311332387758478 
0.17938130102323227 0.22444903419012224 
0.17934606391856808 0.21278566013316008 
0.13267623401562567 0.2198958739134755 
0.13267623401562567 0.2198958739134755 
0.13267623401562567 0.2198958739134755 
0.12601116487074865 0.20745277990198474 
0.16823764811571035 0.17085519233323074 
0.08639362359506918 0.1614508457652187 
0.12896031755492207 0.1878383375833305 
0.09001978252821323 0.1696515543230086 
0.1470533338985739 0.17238437054639538 
0.16661204387544415 0.17557129654800185 
0.15319893213009847 0.15966310946551313 
0.0985311316214156 0.1831691318194839 
0.12077471829972891 0.18341710640858352 
0.11619612666308185 0.16644942847896738 
0.11037157816695667 0.15292798819585435 
0.11522296558682112 0.15329925559888916 
0.11855855670315527 0.15459509585455797 
0.12000883109470195 0.15551888338764355 
0.12552407105021762 0.14067543506925503 
0.12552407105021762 0.14067543506925503 
0.10826445765803779 0.1516998631411442 
0.08125055376782105 0.14980459525038536 
0.08125055376782105 0.14980459525038536 
0.08125055376782105 0.14980459525038536 
0.1525496151289535 0.1901994931862593 
0.1525496151289535 0.1901994931862593 
0.07730668066390481 0.1907956696204474 
0.07730668066390481 0.1907956696204474 
0.07704084759901667 0.19039822946693444 
0.16221675680520375 0.2323499940502386 
0.16443453634265986 0.23807219251729478 
0.1540194830264308 0.23883359403016874 
0.1540194830264308 0.23883359403016874 
0.1540194830264308 0.23883359403016874 
0.17621421622770306 0.245402705809637 
0.17186407632637726 0.24437974437513418 
0.17186407632637726 0.24437974437513418 
0.17186407632637726 0.24437974437513418 
0.17177210235677798 0.24425822668238445 
0.17177210235677798 0.24425822668238445 
0.1526117381101586 0.2280125729814506 
0.1526117381101586 0.2280125729814506 
0.15498378538262547 0.2324789651722514 
0.16700669466464285 0.24074542046916877 
0.16700669466464285 0.24074542046916877 
0.16002595027612748 0.24291656542511358 
0.16002595027612748 0.24291656542511358 
0.16002595027612748 0.24291656542511358 
0.16002595027612748 0.24291656542511358 
0.15586616970026126 0.24271395707199525 
0.15854536131143576 0.24538921114657564 
0.17677264963864597 0.23866355122200533 
0.17829599356291012 0.23920317550138598 
0.15427063108131028 0.21380934261631038 
0.1549576586836861 0.21544910574331935 
0.12487760880941591 0.20420465506879099 
0.11864309913083199 0.15456110279698587 
0.07290348222190686 0.23385520012686642 
0.07290348222190686 0.23385520012686642 
0.07290348222190686 0.23385520012686642 
0.07290348222190686 0.23385520012686642 
0.08049051142716862 0.2218950353333053 
0.08071150558055054 0.22196469794483076 
0.0853298594923319 0.21088901441832936 
0.08739184911083342 0.215133565633481 
0.12168367927699533 0.23263471120652773 
0.12168367927699533 0.23263471120652773 
0.1422494899056209 0.2237687429721652 
0.1422494899056209 0.2237687429721652 
0.1422494899056209 0.2237687429721652 
0.1422494899056209 0.2237687429721652 
0.1422494899056209 0.2237687429721652 
0.1422494899056209 0.2237687429721652 
0.17784462888529737 0.16102260999847928 
0.1003877088687643 0.20127261206015312 
0.1003877088687643 0.20127261206015312 
0.07819163408106469 0.23803540191176098 
0.07819163408106469 0.23803540191176098 
0.0639681608892359 0.246288654539217 
0.0639681608892359 0.246288654539217 
0.062201667339450144 0.24314312561542223 
0.062201667339450144 0.24314312561542223 
0.062201667339450144 0.24314312561542223 
0.1479509510489136 0.1617421422084866 
0.11678502241943933 0.20813858297840823 
0.08714252954819955 0.16321241085528146 
0.08898609221084325 0.1759688064049772 
0.14448338533716046 0.15337522917841695 
0.14448338533716046 0.15337522917841695 
0.13617988552299365 0.11414046242418092 
0.1423729842129342 0.10666367653969948 
0.13405660403351707 0.1356744650923471 
0.13222020101276777 0.14006281156519532 
0.06467930052532245 0.17724094666538495 
0.16943919231821483 0.1582206749687504 
0.18076608857011528 0.15351759288972516 
0.1443088434791847 0.16329463386557858 
0.17355866001181466 0.2005054228820803 
0.17229108493054507 0.18235016870195359 
0.12098986478473688 0.17616031958238804 
0.13358016241417645 0.17674093495004392 
0.13950765318489267 0.15888904182587832 
0.11161448745611499 0.16331006973404447 
0.10342053079201909 0.13526076833777007 
0.10798439403436148 0.13841060579745718 
0.1034898349795948 0.12335529933070095 
0.08423718681251208 0.13254374611971065 
0.08513260390310798 0.13775967937317124 
0.08448811066028086 0.12749237566388133 
0.06265989178237011 0.12476730988003572 
0.06761762553050332 0.14854549139749423 
0.06585463723040721 0.14981314229199955 
0.06585463723040721 0.14981314229199955 
0.06128278639623447 0.15151479451214137 
0.06128278639623447 0.15151479451214137 
0.06128278639623447 0.15151479451214137 
0.08213953174167188 0.2118173271931304 
0.17611548411953729 0.16408991410641288 
0.17611548411953729 0.16408991410641288 
0.14841937724199256 0.18896384299216287 
0.15748860254342117 0.1704299055853153 
0.16895736102599426 0.1226307102252116 
0.16895736102599426 0.1226307102252116 
0.16895736102599426 0.1226307102252116 
0.16895736102599426 0.1226307102252116 
0.17031858894854482 0.12172928049492562 
0.17031858894854482 0.12172928049492562 
0.14274878723842552 0.13349628215935821 
0.12963246497198616 0.14669844803081844 
0.11731325360575154 0.14323023665676196 
0.11629739095383249 0.1467042580240181 
0.11629739095383249 0.1467042580240181 
0.11629739095383249 0.1467042580240181 
0.11385653221238887 0.13843155511670496 
0.11385653221238887 0.13843155511670496 
0.1110038372488735 0.13824744549738757 
0.10374670014480866 0.14352885430904722 
0.09787305875974275 0.20637032932582267 
0.11483597651660381 0.18200018249977468 
0.06290965039710261 0.1676021950925305 
0.14613602640979897 0.17147221201173246 
0.15714677935057136 0.1861696362415868 
0.09408718223313117 0.18882358923019832 
0.13332680769538482 0.17591010551569772 
0.06716690379112594 0.1523757381852491 
0.06716690379112594 0.1523757381852491 
0.06716690379112594 0.1523757381852491 
0.06716690379112594 0.1523757381852491 
0.06716690379112594 0.1523757381852491 
0.16936631196695173 0.19303163316738925 
0.16936631196695173 0.19303163316738925 
0.16958128042303267 0.1932940762056705 
0.08136992227408778 0.17137443436247846 
0.08703760833787484 0.12570926509944408 
0.08703760833787484 0.12570926509944408 
0.07391191912321855 0.09673782865546011 
0.0860005657941293 0.11132648892826663 
0.08455961957146474 0.11170907724692399 
0.07438423842588196 0.09607778516380663 
0.11496673216636318 0.12879822093594806 
0.11496673216636318 0.12879822093594806 
0.10247715320717227 0.15388336961145133 
0.10083215193688981 0.14305151412734227 
0.14538173353939499 0.1919956461667796 
0.1513147301600969 0.20313233098753058 
0.16914520315599013 0.22977046573811968 
0.16432649962231904 0.223579856841883 
0.1609835932058239 0.23019866961364385 
0.16634359175322266 0.22735813831468893 
0.1790987685014913 0.2463188652207965 
0.1790987685014913 0.2463188652207965 
0.1790987685014913 0.2463188652207965 
0.1790987685014913 0.2463188652207965 
0.1790987685014913 0.2463188652207965 
0.10770808605551152 0.16631164713288113 
0.12169561305691078 0.14693506729213804 
0.11247894380874596 0.12304584348377898 
0.11349996132893156 0.11679460763277155 
0.09305933379844147 0.18634724090240873 
0.14258962411949622 0.18777131075388256 
0.11828707438320908 0.16768122833713833 
0.07807125491230923 0.15359977389742716 
0.09660703594096215 0.23071020314483784 
0.1156889755311882 0.23568550258547666 
0.1156889755311882 0.23568550258547666 
0.11939233157752317 0.22936599112970646 
0.135160853737922 0.2183760266714842 
0.08787425574660704 0.20209742450368554 
0.08787425574660704 0.20209742450368554 
0.1603368476165705 0.18485582962692143 
0.13386439009957118 0.15057143084863198 
0.10655636090548712 0.10916748869042624 
0.10968249254776982 0.0923090648577271 
0.10968249254776982 0.0923090648577271 
0.10968249254776982 0.0923090648577271 
0.10968249254776982 0.0923090648577271 
0.09598554094525734 0.12273115066041274 
0.09587495942643952 0.1157633177091984 
0.0934063429234613 0.12059730768879613 
0.09999551375725087 0.13654719914601252 
0.09999551375725087 0.13654719914601252 
0.1338320543396108 0.11644930611054644 
0.1338320543396108 0.11644930611054644 
0.12643251153339624 0.1167481454678194 
0.12643251153339624 0.1167481454678194 
0.11452844736438833 0.13154080509467966 
0.11452844736438833 0.13154080509467966 
0.11452844736438833 0.13154080509467966 
0.12516031572811118 0.13121272997521655 
