0.11815876075670997 0.14585730687559034 
0.1182740282836966 0.14631133537249677 
0.133329386688303 0.18196372723667054 
0.10063708847177605 0.16192717602218312 
0.10263455163329957 0.15598270961797925 
0.14763530134708516 0.18973403068485556 
0.11311653799118954 0.15408656904199886 
0.11048244258333001 0.15129881700619996 
0.11060869462379268 0.14914438315065712 
0.08232137275259031 0.15158654524411444 
0.08232137275259031 0.15158654524411444 
0.08257039549259242 0.12940589218929455 
0.08257039549259242 0.12940589218929455 
0.08257039549259242 0.12940589218929455 
0.0992554629444882 0.14685537980407964 
0.08581357228845604 0.1402036826190796 
0.07871096966075765 0.11317775170549597 
0.10907383733589712 0.1456493941967431 
0.10907383733589712 0.1456493941967431 
0.10815126904602233 0.16006466897536256 
0.15717422280790527 0.2018623641361759 
0.1694571730256434 0.20603188102333406 
0.11775405964003563 0.1955814118128298 
0.06895387903820278 0.16617593424167093 
0.1635385662414906 0.15631359849485327 
0.09995131938438606 0.1812029905520133 
0.15202384832168464 0.18995231295697435 
0.06807617731972543 0.1581530848820863 
0.06303075430948932 0.15597092500880325 
0.13154211424033713 0.19602074124952573 
0.11406857226498776 0.16740483469103162 
0.11956732496798625 0.16143295447799721 
0.1315494640304265 0.1531158961090894 
0.1315494640304265 0.1531158961090894 
0.1627633131067503 0.16934277040097412 
0.14341545425974672 0.1637694875798788 
0.1552393788053521 0.16441019892993566 
0.15104824747855505 0.19851035727799776 
0.1503165676400255 0.1974314193156444 
0.1617540324112603 0.1959120273922739 
0.152295335046351 0.19697890463935258 
0.12006102118165184 0.17884964125618766 
0.09934249558889563 0.16409130309428419 
0.06217697029440701 0.19541361823150782 
0.11187849312278644 0.1774577931535206 
0.08509775690948988 0.20061506249439912 
0.16559034810291584 0.1730534348904951 
0.1066023366005986 0.20568221284175855 
0.08057550498549097 0.15005080160800074 
0.17330897958082492 0.17231190031793675 
0.13056873314741918 0.15541523281284433 
0.16193168878090336 0.20210698974208416 
0.16193168878090336 0.20210698974208416 
0.16152125056958727 0.20183056124874765 
0.16152125056958727 0.20183056124874765 
0.10543377318304381 0.15214998972237795 
0.10438411651404303 0.14935336003415334 
0.10438411651404303 0.14935336003415334 
0.0750813694334594 0.11358286242095905 
0.0750813694334594 0.11358286242095905 
0.07517311224374586 0.11496574443819554 
0.07493090580814306 0.13219596624478386 
0.07493090580814306 0.13219596624478386 
0.07493090580814306 0.13219596624478386 
0.07202992699636095 0.13264906031688073 
0.07001813490730678 0.14200243246028915 
0.07001813490730678 0.14200243246028915 
0.06976844913708882 0.14049632593676062 
0.06976844913708882 0.14049632593676062 
0.06976844913708882 0.14049632593676062 
0.14728904582975222 0.175400611033587 
0.17631894494829914 0.18633623103421643 
0.16214737719038202 0.1563859055880007 
0.16000121656946897 0.2075070518901784 
0.15638256041616197 0.20806303572413024 
0.15638256041616197 0.20806303572413024 
0.07885887339648263 0.1801685492040566 
0.12952664681992693 0.16192741000932465 
0.1277977579481921 0.1533930783037126 
0.13378133624653915 0.16625817158028483 
0.17669793842979964 0.17824737023915313 
0.14485543267572246 0.17553567479853516 
0.15959166494660973 0.18077800957094609 
0.07977495474411123 0.1843463145037185 
0.11513564181099607 0.1689776643127129 
0.12359931920666094 0.16323268939748017 
0.15166993579969681 0.19303258518332062 
0.112164447601723 0.15705503629885265 
0.16357507139140126 0.16374294229629957 
0.14071905493169112 0.1719758108759157 
0.1693377956656001 0.12312686344773223 
0.1693377956656001 0.12312686344773223 
0.1693377956656001 0.12312686344773223 
0.1693377956656001 0.12312686344773223 
0.1693377956656001 0.12312686344773223 
0.12782928262522714 0.16818513818491085 
0.07249610391972368 0.1765199170486544 
0.09818274990153152 0.21796420784961637 
0.09818274990153152 0.21796420784961637 
0.09818274990153152 0.21796420784961637 
0.09725309908806926 0.22226632245162603 
0.10135665187840591 0.2101885802252826 
0.08852701480301581 0.23563395349976624 
0.10511680244877572 0.22571426278263368 
0.06957788388650685 0.2326845544819027 
0.07076607714858675 0.23173031695871094 
0.07076607714858675 0.23173031695871094 
0.09302340122161172 0.20879871418589507 
0.09302340122161172 0.20879871418589507 
0.09302340122161172 0.20879871418589507 
0.09669512435082692 0.20242253477728095 
0.08933887910474553 0.21166363913331676 
0.06718392119125999 0.19369328315030115 
0.08251953850549038 0.20208152942557883 
0.09229685607965465 0.19291936653024008 
0.13013621010342127 0.16370902551415106 
0.07144456839312244 0.17292344686496733 
0.14778366683241778 0.1598090215590775 
0.0748091156600929 0.20626861206718106 
0.17243846642566277 0.1863241204104388 
0.1679609410263018 0.18988837834195238 
0.07001832580186511 0.1771726852694349 
0.09105592698665993 0.17394888195401573 
0.06547930699568258 0.20562636850650245 
0.15953422653422167 0.15519660423256298 
0.15953422653422167 0.15519660423256298 
0.15952248042419953 0.1551375187155831 
0.16171218180334102 0.1521789737166606 
0.16171218180334102 0.1521789737166606 
0.16171218180334102 0.1521789737166606 
0.16556540263870662 0.1486623746072451 
0.16792264198904083 0.1512847944128684 
0.16795748329900023 0.15057310312661226 
0.07886757899901117 0.1827322181039802 
0.07834654498736178 0.18318798929218283 
0.14256333998473908 0.1984239374447898 
0.06462400534582954 0.15929796636471738 
0.15380659258735344 0.16503399340192468 
0.12149788664955241 0.18732294512131992 
0.14779579539970478 0.14860108003842615 
0.15896669693124305 0.14740612805488384 
0.14282642484943034 0.19517497911453086 
0.11116363693286346 0.15069667006066906 
0.11179661775391828 0.15174211473026036 
0.11116703494632693 0.17033216110904023 
0.15285193133852842 0.13145273353629613 
0.17409162469186706 0.12570577143928002 
0.17409162469186706 0.12570577143928002 
0.17409162469186706 0.12570577143928002 
0.1750262236506506 0.10547567779224673 
0.1750262236506506 0.10547567779224673 
0.1750262236506506 0.10547567779224673 
0.16024043434638294 0.11236485372717271 
0.16024043434638294 0.11236485372717271 
0.12016680849356044 0.1571179786378824 
0.09911015021110134 0.18574342698610838 
0.101792219873012 0.18895991531510384 
0.14781710648625404 0.19037204939573737 
0.14781710648625404 0.19037204939573737 
0.1674903411202736 0.21771662926244684 
0.1674903411202736 0.21771662926244684 
0.15371259476578003 0.21212637121057412 
0.15371259476578003 0.21212637121057412 
0.15371259476578003 0.21212637121057412 
0.13061336727220396 0.23763793294538893 
0.13468947463190326 0.2333543010145358 
0.1470402022121367 0.24946821589300813 
0.15204922209202396 0.24953946918498257 
0.15204922209202396 0.24953946918498257 
0.15204922209202396 0.24953946918498257 
0.15397022546746772 0.2380850090701654 
0.1714725996442797 0.1980205795230233 
0.1714725996442797 0.1980205795230233 
0.13387145621476546 0.15692827065452344 
0.1638906500095348 0.20995872852126823 
0.13597996879995114 0.2291961974238164 
0.14328860743247251 0.22949505139371312 
0.14597513954132416 0.21532272664250807 
0.13462908577259253 0.2010606285111134 
0.13259848600189242 0.20037184801863717 
0.12118008916932478 0.19763610785339245 
0.15364517018703094 0.2050171800414253 
0.15304854868073886 0.20464350258991018 
0.15304854868073886 0.20464350258991018 
0.17027464850305116 0.19165342830690021 
0.17239825448984517 0.21163059759543765 
0.17239825448984517 0.21163059759543765 
0.16763567683420041 0.21366129446870608 
0.16386981062770278 0.23450456204410552 
0.16420132396870452 0.21523472369330313 
0.1607745554078835 0.21337479898953124 
0.1607745554078835 0.21337479898953124 
0.16169155728659276 0.21326044677325798 
0.16169155728659276 0.21326044677325798 
0.16169155728659276 0.21326044677325798 
0.1607308519926519 0.21285641164064414 
0.16306552701618657 0.19625020889205608 
0.16427639707416516 0.1973357224402162 
0.14378112344670274 0.17504019575331545 
0.13289833320055358 0.156175733556319 
0.06617658851803093 0.21939794986344738 
0.06617658851803093 0.21939794986344738 
0.06674713568045024 0.218944176296743 
0.06674713568045024 0.218944176296743 
0.06674713568045024 0.218944176296743 
0.1524475050475484 0.20255344199243724 
0.12151594439179837 0.2054763413760813 
0.10761291355680773 0.2276732448929622 
0.103455526863722 0.22277236641428308 
0.06801535598194315 0.17868276547644046 
0.07774253229404947 0.17334270907694613 
0.140597216606341 0.19111807552938367 
0.17930637695939247 0.19475690304271143 
0.08278012294718587 0.1789697816263152 
0.09526845419264704 0.1576857857585453 
0.09467013230827169 0.15129682589811455 
0.08552598963305863 0.15025122966987753 
0.07476358081858928 0.14671560242619633 
0.07165168408185084 0.14432051924561118 
0.0994126462663466 0.17468616039580548 
0.06129962090122809 0.15183413920628877 
0.13537336658603855 0.20783937238166894 
0.13186920844813393 0.17748782602356253 
0.1577985894219029 0.1995244876409692 
0.07154888266150039 0.16407447723183266 
0.10094763356959427 0.1677675294806828 
0.10065452491003202 0.15539402724309637 
0.12926251219596085 0.18092496581972978 
0.1190888361439407 0.18133535818375124 
0.17335724391841068 0.16018261413416424 
0.10808476634446147 0.19074934839590166 
0.07105054176468356 0.16866289851648525 
0.11792066156974641 0.18984976828000083 
0.14703073020444035 0.20283556303126887 
0.14703073020444035 0.20283556303126887 
0.12977361717056854 0.15472072749871849 
0.13047917184483007 0.1705651912617526 
0.08804008707241395 0.19813197296131377 
0.11166769699419621 0.20904611648947805 
0.09730905106581113 0.21657006146267016 
0.06283284983316331 0.18082090346814791 
0.07841222482023863 0.18756541390877363 
0.1455070096923872 0.20778215181870682 
0.16029769862956073 0.22994965674601034 
0.16029769862956073 0.22994965674601034 
0.16008627124015723 0.22902490854392518 
0.1282097387107522 0.16461935537623398 
0.1464998770109314 0.1585758118516021 
0.1385288160501224 0.15358258236776604 
0.14663100829114364 0.19087369878491547 
0.14841047508161673 0.16478142049878822 
0.08434815615878441 0.18275560567932533 
0.10257106031675137 0.1722232840065505 
0.16292125417235023 0.17230931025586338 
0.11088810115550979 0.17543911508507581 
0.06352306770845136 0.1931264192370146 
0.06670614771246135 0.1935840906843039 
0.16839955954910737 0.1474192652824583 
0.1529597614642882 0.15587621995537132 
0.1529597614642882 0.15587621995537132 
0.09897433137735723 0.18930458464953423 
0.08049017728149314 0.20141168355739036 
0.08049017728149314 0.20141168355739036 
0.11805125504693036 0.20307595908411075 
0.11622311011882674 0.20117514593864963 
0.11963828468529927 0.18236514665060632 
0.06657591110085657 0.16617608919336796 
0.13381635011050683 0.18779095663308293 
0.12106641824728258 0.19971069358680488 
0.06448842551087634 0.15128622997406502 
0.06619646064045323 0.15211612794430857 
0.14493636044110675 0.17536254160883286 
0.14091854989088998 0.15241796856182993 
0.08227749531115161 0.17786694095917807 
0.1755171285929815 0.17474112506169776 
0.17912622522328606 0.19907166593358985 
0.14638380777152293 0.21856156608523203 
0.16506164191585232 0.23022760499856687 
0.16506164191585232 0.23022760499856687 
0.16425326175234523 0.21802842816441678 
0.16425326175234523 0.21802842816441678 
0.1346493012597813 0.1623058868482726 
0.16054029365024755 0.198286057273184 
0.06597887885603367 0.18991320048373747 
0.0712827193828339 0.22642089227797127 
0.0715080338806943 0.23365886030122862 
0.0715080338806943 0.23365886030122862 
0.11916503712434581 0.20705575953518468 
0.12831836585421574 0.18863664457320922 
0.13976860172395206 0.1846520624191247 
0.1537503786992412 0.166616006531035 
0.1469171700897448 0.19878836365090985 
0.1305761842150613 0.16023305473553348 
0.11205538410608303 0.19271920631380676 
0.12482597282366543 0.177202495416923 
0.09287460722613079 0.1772207942636768 
0.16403439317602195 0.19110800591505525 
0.10361629711390874 0.16085459246215245 
0.10683350975326769 0.14341186810674642 
0.10897195196504735 0.14657070835520092 
0.10586763609513122 0.14042509307345194 
0.10586763609513122 0.14042509307345194 
0.11581881507684544 0.10194849525907572 
0.10666974344180824 0.1165501643422411 
0.10080403589024424 0.15124626605947028 
0.10080403589024424 0.15124626605947028 
0.09343515941213884 0.22211135814612523 
0.09344419204564677 0.22211506604197992 
0.10977062330271053 0.2213403589157751 
0.0900117171191349 0.22931400918780448 
0.10312862027451977 0.2174529147925973 
0.08503303800861998 0.2174685963018751 
0.10839792961027753 0.220484262422525 
0.11032533291528307 0.21846348220444387 
0.09597203201491328 0.24395594758721156 
0.09597203201491328 0.24395594758721156 
0.09589889442387017 0.256003447970305 
0.09589889442387017 0.256003447970305 
0.09589889442387017 0.256003447970305 
0.10307020988328758 0.2542541625858334 
0.10307020988328758 0.2542541625858334 
0.10145052650646796 0.2558529698489639 
0.10145052650646796 0.2558529698489639 
0.08807466830538216 0.24003752582941246 
0.08775470733571694 0.2520832130841538 
0.1175413169756487 0.17931098492778028 
0.10056358049953011 0.1471288055994745 
0.08503597451812189 0.15245097801057356 
0.12975457863561526 0.19236844531324263 
0.12150881197774888 0.21228327695716326 
0.12100185742179803 0.22116946672267676 
0.14587334297358318 0.23350520301024238 
0.15599093937003453 0.24500975745148573 
0.15599093937003453 0.24500975745148573 
0.15599093937003453 0.24500975745148573 
0.15599093937003453 0.24500975745148573 
0.15599093937003453 0.24500975745148573 
0.15599093937003453 0.24500975745148573 
0.13416134708454583 0.16272646745094016 
0.08008529160426962 0.22302772186524455 
0.08008529160426962 0.22302772186524455 
0.08008529160426962 0.22302772186524455 
0.08008529160426962 0.22302772186524455 
0.08526898852723885 0.24579606449285485 
0.08526898852723885 0.24579606449285485 
0.0863198185687383 0.24520310062104422 
0.0863198185687383 0.24520310062104422 
0.0863198185687383 0.24520310062104422 
0.0863198185687383 0.24520310062104422 
0.0863198185687383 0.24520310062104422 
0.08849614096319137 0.24320907985102855 
0.09114584934390688 0.25191288748041846 
0.11175403701590676 0.22426362046516624 
0.11175403701590676 0.22426362046516624 
0.11621711720093629 0.21567236536249187 
0.11265345828380889 0.2123149441788088 
0.10212886857182896 0.23600627589769313 
0.08251200967540422 0.24661935266724017 
0.10419879198447753 0.2154856003103338 
0.10419879198447753 0.2154856003103338 
0.10387041147223239 0.20077721594448839 
0.14381510594985192 0.17443137961589775 
0.16250687280372828 0.20002471025925395 
0.1301445937729261 0.1730412171918404 
0.07609958134750001 0.1632142015935616 
0.15409598016831186 0.2011959150974565 
0.13616007753555612 0.18237521701532172 
0.13905907718575478 0.21726280611272816 
0.16515661055136213 0.2507878203531928 
0.16646957286170275 0.25106331643435 
0.16646957286170275 0.25106331643435 
0.07874674141394686 0.14058075968008923 
0.08082807805630285 0.10490158799651274 
0.06973708313195029 0.09761629132122786 
0.0711213371591671 0.10384846174649162 
0.0711213371591671 0.10384846174649162 
0.0711213371591671 0.10384846174649162 
0.07171990350524914 0.09244063508679284 
0.07171990350524914 0.09244063508679284 
0.07171990350524914 0.09244063508679284 
0.07217727911020973 0.09773849731854313 
0.07217727911020973 0.09773849731854313 
0.07217727911020973 0.09773849731854313 
0.07217727911020973 0.09773849731854313 
0.06452011513404932 0.09317627662119662 
0.06452011513404932 0.09317627662119662 
0.060718873415553355 0.08947219181754026 
0.060718873415553355 0.08947219181754026 
0.07976662268978688 0.1445340486108216 
0.107221697940927 0.200138493795234 
0.107221697940927 0.200138493795234 
0.11755770016068787 0.25499482762490566 
0.11755770016068787 0.25499482762490566 
0.12174878315289 0.2059444102496477 
0.13404198294993455 0.21106074934411873 
0.1345192286694948 0.21549186711179993 
0.14726390523441926 0.2164687322344879 
0.14726390523441926 0.2164687322344879 
0.13062612312574046 0.22634595891864492 
0.1696074049424321 0.2543568275296218 
0.1696074049424321 0.2543568275296218 
0.1696074049424321 0.2543568275296218 
0.1258327028675418 0.24644829543761362 
0.1281887626034412 0.24515500229042497 
0.11669797919048386 0.19950270357009997 
0.1147614519725082 0.20773831373354945 
0.15313282277680934 0.15424094257187201 
0.16878604017505264 0.14118898842594807 
0.1757769117044917 0.12793619168657777 
0.1757769117044917 0.12793619168657777 
0.15559127676387724 0.19510081698599535 
0.17505679868670249 0.23357889677969473 
0.1784910526811708 0.24770016167266878 
0.17746741648638897 0.24472727220953575 
0.17746741648638897 0.24472727220953575 
0.08031996203482489 0.23187409816272986 
0.08031996203482489 0.23187409816272986 
0.07418782571762689 0.24473975054139588 
0.07418782571762689 0.24473975054139588 
0.08200033666648385 0.23225699285444412 
0.08200033666648385 0.23225699285444412 
0.08588636626424581 0.22699554137421044 
0.08588636626424581 0.22699554137421044 
0.07892718287073211 0.23741283083975784 
0.07892718287073211 0.23741283083975784 
0.06944722361965856 0.24286472001021286 
0.06944722361965856 0.24286472001021286 
0.06935842211160692 0.23618866119633303 
0.06935842211160692 0.23618866119633303 
0.07573588442625617 0.22952520030887613 
0.07880003740877875 0.2277269464868389 
0.07880003740877875 0.2277269464868389 
0.09449390779044302 0.23204991582976112 
0.09449390779044302 0.23204991582976112 
0.0931387376603782 0.23248404362148395 
0.0931387376603782 0.23248404362148395 
0.0931387376603782 0.23248404362148395 
0.0931387376603782 0.23248404362148395 
0.08885533761433871 0.2282555097112813 
0.08885533761433871 0.2282555097112813 
0.08885533761433871 0.2282555097112813 
0.08885533761433871 0.2282555097112813 
0.11384979951976487 0.22832663394775832 
0.11384979951976487 0.22832663394775832 
0.11149437287869268 0.23492477447791377 
0.10609908694709405 0.2550417930215748 
0.11237928119121676 0.2448586976742136 
0.11237928119121676 0.2448586976742136 
0.11332537670360808 0.24298236678125887 
0.11332537670360808 0.24298236678125887 
0.11319059299523974 0.24213155921151752 
0.16902290070092357 0.2234962858988832 
0.16830663436829363 0.2240584959360326 
0.16830663436829363 0.2240584959360326 
0.17917656487733294 0.22818302832520998 
0.17917656487733294 0.22818302832520998 
0.17917656487733294 0.22818302832520998 
0.17581305760265664 0.22627564515652504 
0.17806570398647603 0.22362489140010422 
0.17806570398647603 0.22362489140010422 
0.17806570398647603 0.22362489140010422 
0.08443673108881838 0.20511992954013014 
0.07022915396911833 0.2510155342794216 
0.11287692640679131 0.20569643803041274 
0.07299887259234042 0.1656872240482537 
0.1484749672742346 0.1711901487440491 
0.13932424537538496 0.15707064435358295 
0.13770103962110095 0.16590369274926936 
0.14772697505994536 0.10484025759290891 
0.14772697505994536 0.10484025759290891 
0.14772697505994536 0.10484025759290891 
0.14772697505994536 0.10484025759290891 
0.14772697505994536 0.10484025759290891 
0.13757293153859879 0.11221410457631181 
0.13757293153859879 0.11221410457631181 
0.12479016517194101 0.1319987281479934 
0.12479016517194101 0.1319987281479934 
0.1343692074895258 0.1040149790322603 
0.13326379841418398 0.1299185575854533 
0.13326379841418398 0.1299185575854533 
0.13105349771164884 0.12443722487719565 
0.10279370132186558 0.14688829767216371 
0.10184518420674224 0.14681070397546678 
0.10184518420674224 0.14681070397546678 
0.10184518420674224 0.14681070397546678 
0.07456629398929268 0.1313994238425915 
0.10520500783918636 0.20447545147714846 
0.09826704434514259 0.21141319417861176 
0.11567073796320249 0.155558673325377 
0.17838506168593324 0.16110163581846518 
0.11839864929609789 0.19132190743072286 
0.10045465017299084 0.16220706310088678 
0.1004565582513951 0.16219326847495297 
0.16327976954555323 0.1677055512057847 
0.09273046502832549 0.21329735017991477 
0.09328845990883533 0.21006358194736374 
0.08995570032327765 0.2165557773075672 
0.08995570032327765 0.2165557773075672 
0.0848830199774982 0.22703543973158266 
0.13595463906534372 0.22515467846785997 
0.13667659781251887 0.225482669604813 
0.14605483751517934 0.2318041283565418 
0.1259979324888308 0.20931746165964238 
0.1259979324888308 0.20931746165964238 
0.15240320392799808 0.18839001947495962 
0.1513648297278801 0.19273139324647057 
0.17310214880498012 0.22118587082502342 
0.17310214880498012 0.22118587082502342 
0.15671710240962242 0.20341860326403752 
0.090589205709896 0.22178076545365583 
0.09057565326530087 0.22640740374458473 
0.09043944364006964 0.22681594488332643 
0.09970824285159327 0.22307880109302367 
0.0977651552038535 0.21399117847033955 
0.09015250504021464 0.2227190187206369 
0.09447442028757905 0.23236367281414347 
0.06842301024523842 0.2417418072686605 
0.06842301024523842 0.2417418072686605 
0.0903924363796828 0.2247240556865116 
0.0903924363796828 0.2247240556865116 
0.0903924363796828 0.2247240556865116 
0.0903924363796828 0.2247240556865116 
0.09016035041906356 0.22530683446264033 
0.07348497407582696 0.24651511879751953 
0.07348497407582696 0.24651511879751953 
0.08914745710111932 0.24542248454752671 
0.08738349079416456 0.2500891516250767 
0.1083691711068758 0.2433051772766099 
0.07548661122161054 0.21081290070413836 
0.07548661122161054 0.21081290070413836 
0.1424694272613502 0.18711280271143646 
0.13452803930362459 0.16590724236296 
0.14358389793405227 0.1341442005010744 
0.14202927246792088 0.1354269297435782 
0.11668408487670343 0.12928859000733267 
0.15239389098150435 0.17344384772663926 
0.13586086449424217 0.21575507912566563 
0.13586086449424217 0.21575507912566563 
0.13586086449424217 0.21575507912566563 
0.06354568149713519 0.17431963029966302 
0.13903284339662836 0.18339526302905607 
0.14118481201028563 0.21927572288925748 
0.17117978941683507 0.19946057772159598 
0.17117978941683507 0.19946057772159598 
0.17117978941683507 0.19946057772159598 
0.0947166288468506 0.1715793529537368 
0.10782012052229666 0.18428419755665124 
0.17785465274206538 0.2105027142713756 
0.17785465274206538 0.2105027142713756 
0.1779555774337618 0.21037749436221478 
0.0732575964035656 0.19344714348140796 
0.0627418636989332 0.19598914179222737 
0.08582512981684083 0.20924752157663157 
0.06298022939633516 0.25482063346005984 
0.06298022939633516 0.25482063346005984 
0.06298022939633516 0.25482063346005984 
0.06298022939633516 0.25482063346005984 
0.06298022939633516 0.25482063346005984 
0.06632781404308945 0.25361378966853837 
0.06632781404308945 0.25361378966853837 
0.06632781404308945 0.25361378966853837 
0.06632781404308945 0.25361378966853837 
0.0643559696405141 0.25477223688135303 
0.0643559696405141 0.25477223688135303 
0.0643559696405141 0.25477223688135303 
0.0643559696405141 0.25477223688135303 
0.0643559696405141 0.25477223688135303 
0.0643559696405141 0.25477223688135303 
0.0643559696405141 0.25477223688135303 
0.0643559696405141 0.25477223688135303 
0.0643559696405141 0.25477223688135303 
0.0643559696405141 0.25477223688135303 
0.06689498104233978 0.25210613336833515 
0.06689498104233978 0.25210613336833515 
0.07237938187884618 0.23277684494241274 
0.07401045057987603 0.2299278451510567 
0.07126722880265805 0.23363559847721654 
0.07126722880265805 0.23363559847721654 
0.1159354094102898 0.17064806838192906 
0.07850813125514945 0.20108087041330625 
0.0789897495313728 0.1593403609957568 
0.07093184184110907 0.15570995096443827 
0.1276614172821994 0.18650750996275156 
0.08264732900608131 0.16814389032395619 
0.13835373520921473 0.17793858269465848 
0.16977334079870585 0.1678888517017876 
0.10766490362224519 0.187236876535912 
0.09746716767591108 0.17934318475004823 
0.16876391308514999 0.15669268738356343 
0.15291294899447574 0.14983369692704285 
0.0713523316840163 0.215644631705636 
0.0713523316840163 0.215644631705636 
0.06124058116143983 0.22670031081042363 
0.16941506325020572 0.225600711559454 
0.16924491454904556 0.22630791524869676 
0.16924491454904556 0.22630791524869676 
0.16924491454904556 0.22630791524869676 
0.17625136234987837 0.2272706830396425 
0.17625136234987837 0.2272706830396425 
0.17916524741334786 0.24577077651331342 
0.17858074906437693 0.2428863779357176 
0.17858074906437693 0.2428863779357176 
0.17928366955121078 0.19251715037391132 
0.12587455949759532 0.1588329255236153 
0.06905210115526064 0.1839050242521288 
0.0930967034689178 0.1858874692690215 
0.0928332758561829 0.16328212703164183 
0.17426614534802576 0.14628493077868593 
0.18075060975472013 0.13557194744993736 
0.16071629718252858 0.137656914809111 
0.16071629718252858 0.137656914809111 
0.16071629718252858 0.137656914809111 
0.15112599737429172 0.13981590233167002 
0.15243518474860696 0.14479424782747236 
0.06191343925992951 0.15950453670256318 
0.08508902681122017 0.16251454370160504 
0.08342926219515359 0.22457242823014067 
0.07834742230155123 0.23256720113973148 
0.07834742230155123 0.23256720113973148 
0.07834742230155123 0.23256720113973148 
0.07835953587366418 0.23266108297949575 
0.07835953587366418 0.23266108297949575 
0.1525690580599137 0.20098143530586593 
0.15232020092545806 0.20146082981997704 
0.15713461635509499 0.20783269760580333 
0.1541587240216576 0.17518710643914784 
0.1553526012441197 0.23144176904945007 
0.17847656062680983 0.25571375874770674 
0.17847656062680983 0.25571375874770674 
0.17847656062680983 0.25571375874770674 
0.1051026759376785 0.21178162308835613 
0.08812551025644584 0.19148541588452364 
0.155240428246083 0.19031050184323986 
0.10541810719888109 0.16733954647707427 
0.07485829799800325 0.18384529982496253 
0.11877412055918347 0.17453952231459952 
0.1620247536287292 0.17459571796730222 
0.10255804844251393 0.19455797415600307 
0.0664499785177738 0.1704353206758291 
0.07150600976917731 0.17699425769108126 
0.11879082194234578 0.17433122561408046 
0.14379817522490046 0.17073638583665765 
0.06222194235021716 0.19249520091120872 
0.09555046674094503 0.15624617003738284 
0.1511627740193204 0.18684560108703532 
0.08697355604079277 0.16558688912016808 
0.07994250345763945 0.1893667265563999 
0.14155549272292517 0.19910774645630397 
0.14926853717533842 0.25428063431862774 
0.14926853717533842 0.25428063431862774 
0.14926853717533842 0.25428063431862774 
0.14926853717533842 0.25428063431862774 
0.14926853717533842 0.25428063431862774 
0.13736522955976194 0.2370128684709712 
0.11659611808355186 0.2324278461923239 
0.11659611808355186 0.2324278461923239 
0.11659611808355186 0.2324278461923239 
0.12837004321109172 0.17552428885526972 
0.11637744793081947 0.16327824142069444 
0.11766013348633038 0.19496869393507882 
0.09636554644895938 0.16831879255978557 
0.16605092007010838 0.1635534709253258 
0.17503486274218644 0.20151759603904987 
0.07706109188180305 0.18703848644501292 
0.07706109188180305 0.18703848644501292 
0.06980721595938921 0.20429642719112623 
0.07156542416064153 0.21232242670434467 
0.062396684846010436 0.22334659950615393 
0.062396684846010436 0.22334659950615393 
0.062396684846010436 0.22334659950615393 
0.062396684846010436 0.22334659950615393 
0.062396684846010436 0.22334659950615393 
0.07331699828928659 0.21554415122159842 
0.12979160409512208 0.16001986853725242 
0.12038550689023994 0.14307729596588478 
0.12038550689023994 0.14307729596588478 
0.12392404960943118 0.10970725109685087 
0.12392404960943118 0.10970725109685087 
0.14448510464354947 0.175768030509763 
0.17885516067383594 0.1589832749694778 
0.17885516067383594 0.1589832749694778 
0.10394975120244902 0.16729468288233293 
0.08094914915380881 0.16580595462216133 
0.07798698801722295 0.13614890309675065 
0.08584882136214912 0.13202323400328356 
0.08584882136214912 0.13202323400328356 
0.06755355885326356 0.10024428062663346 
0.06755355885326356 0.10024428062663346 
0.06755355885326356 0.10024428062663346 
0.09766203070121246 0.11891254096464988 
0.0927890035070666 0.10968512791682283 
0.11099096078688164 0.13905488226486157 
0.1704497232856234 0.16986050021902216 
0.1578482072801456 0.16553080544802365 
0.1602735544994856 0.2528996312202187 
0.1602735544994856 0.2528996312202187 
0.1602735544994856 0.2528996312202187 
0.1602735544994856 0.2528996312202187 
0.1680790009815265 0.2558136902376248 
0.1680790009815265 0.2558136902376248 
0.1680790009815265 0.2558136902376248 
0.17501936520135425 0.25572284482273744 
0.17501936520135425 0.25572284482273744 
0.169771959077757 0.2191670739301223 
0.1814815828688071 0.2549835644421728 
0.1814815828688071 0.2549835644421728 
0.1814815828688071 0.2549835644421728 
0.1814815828688071 0.2549835644421728 
0.1814815828688071 0.2549835644421728 
0.1814815828688071 0.2549835644421728 
0.1814815828688071 0.2549835644421728 
0.1814815828688071 0.2549835644421728 
0.1814815828688071 0.2549835644421728 
0.16608803270607736 0.22113047019354787 
0.1571160408388489 0.22466373015775745 
0.1571160408388489 0.22466373015775745 
0.17918482645747325 0.23556972982147556 
0.14676890505419743 0.23592919035939575 
0.13527676839835542 0.23893080594497057 
0.1353705489019949 0.23925729653150013 
0.13290821362346336 0.23867978845795743 
0.12473164374761198 0.2363485854745593 
0.12473164374761198 0.2363485854745593 
0.12471046681342227 0.2457626668929526 
0.1272138918810322 0.2479656183131007 
0.12747149730613722 0.24993198688498286 
0.12747149730613722 0.24993198688498286 
0.12747149730613722 0.24993198688498286 
0.12747149730613722 0.24993198688498286 
0.12747149730613722 0.24993198688498286 
0.12747149730613722 0.24993198688498286 
0.13190794711647935 0.24701910938962196 
0.14238672799542407 0.23393713844129804 
0.15131185456980767 0.19592642554892442 
0.1309386517627168 0.22040179478224278 
0.13055018970986412 0.223596295139734 
0.06430116867712886 0.19084140774061517 
0.18141215666828656 0.18976474166128088 
0.06762088139580898 0.16616726194176534 
0.08388488897327442 0.17394469380666588 
0.17315746329279555 0.1807156819483539 
0.1710410332897312 0.18866163219482923 
0.07637895034799298 0.17085803418278986 
0.062479101224980384 0.1823902684266044 
0.17694490828160947 0.17731641981250013 
0.1506424651399071 0.1737197054294336 
0.1542502694483928 0.16358664710065457 
0.09948828564805874 0.1744885599653938 
0.0727396382387814 0.17997801036017405 
0.10329120373246141 0.18968267765809899 
0.10314458017090194 0.18929647036358785 
0.10518098569287167 0.18499004743553601 
0.10518098569287167 0.18499004743553601 
0.12032464177844078 0.18551072446661152 
0.06050930388676658 0.16495380897794557 
0.16102405059659097 0.16979170484463385 
0.1132358165730895 0.16077205230638078 
0.06695992911570738 0.1994374597109105 
0.06695992911570738 0.1994374597109105 
0.06251945134020191 0.20169316092639064 
0.162527851588631 0.16067446075916766 
0.12469460208590581 0.16904243778663489 
0.12356139633933565 0.10945700155346394 
0.10518107835669527 0.170551167438343 
0.1084928990914876 0.1631000565861186 
0.08404079379385858 0.16815166314973193 
0.16880270292015861 0.2032257767445113 
0.15853299120704442 0.19002198448085478 
0.11150739383724217 0.19644282770475907 
0.11311795915035938 0.17830065686117783 
0.123834040232746 0.13325523651006746 
0.12398602722996137 0.1360459932381511 
0.12398602722996137 0.1360459932381511 
0.12606438753848273 0.14150268388365683 
0.12606438753848273 0.14150268388365683 
0.12236982722998341 0.14258584726816675 
0.07146648467780302 0.2194901560559067 
0.07117015222028641 0.2087367230748412 
0.17645679594973562 0.1597418529527804 
0.08993160403060735 0.18931956938262656 
0.08993160403060735 0.18931956938262656 
0.061942501004534425 0.2146681776159595 
0.07329079436599117 0.18683209633012732 
0.07656279464207617 0.1925293232308683 
0.15232074883363234 0.16339439880358275 
0.12333119508578064 0.14250751230145056 
0.12380189805721434 0.14152982405595477 
0.12453773805928695 0.1292978908441387 
0.12453773805928695 0.1292978908441387 
0.12011761014648276 0.11438417153323022 
0.12272973302321255 0.12166048170625922 
0.12272973302321255 0.12166048170625922 
0.12369423955784639 0.1320918785419174 
0.12767782150587337 0.12631995458352063 
0.1611751889284191 0.10928948563977436 
0.1278458960674914 0.14100028855890484 
0.1278458960674914 0.14100028855890484 
0.1278458960674914 0.14100028855890484 
0.11403324815069024 0.15311367177761787 
0.10103806644968136 0.1864724158955747 
0.16379195816211922 0.22367749187108893 
0.18041280782797836 0.2325864428592339 
0.15364478987887809 0.21866918394576654 
0.15364478987887809 0.21866918394576654 
0.17716178563450496 0.22677710693678424 
0.17716178563450496 0.22677710693678424 
0.17716178563450496 0.22677710693678424 
0.17716178563450496 0.22677710693678424 
0.17716178563450496 0.22677710693678424 
0.17716178563450496 0.22677710693678424 
0.17716178563450496 0.22677710693678424 
0.1501553925625987 0.21405754086428191 
0.09899840137593863 0.17277328216951304 
0.06805070363366224 0.14110112149916032 
0.06805070363366224 0.14110112149916032 
0.06805070363366224 0.14110112149916032 
0.07144637295004022 0.15038719597001282 
0.06122976319238463 0.2058451076279069 
0.16198179406366234 0.17549526519358635 
0.1778384954696509 0.17818275334671407 
0.16019388333878024 0.19490185731729187 
0.13941709858536008 0.2134536987540736 
0.1465215587324465 0.21967167087735795 
0.15183443372804636 0.22673548970804458 
0.15183443372804636 0.22673548970804458 
0.15183443372804636 0.22673548970804458 
0.15183443372804636 0.22673548970804458 
0.1679507395289789 0.24625892835171692 
0.17483220294991053 0.2512629647655832 
0.10327960986674692 0.21511772451837563 
0.10872190739961865 0.2552888435376518 
0.10872190739961865 0.2552888435376518 
0.10872190739961865 0.2552888435376518 
0.10872190739961865 0.2552888435376518 
0.10872190739961865 0.2552888435376518 
0.10872190739961865 0.2552888435376518 
0.10872190739961865 0.2552888435376518 
0.10872190739961865 0.2552888435376518 
0.10872190739961865 0.2552888435376518 
0.10872190739961865 0.2552888435376518 
0.10872190739961865 0.2552888435376518 
0.10872190739961865 0.2552888435376518 
0.10872190739961865 0.2552888435376518 
0.10473497463835058 0.22524711401395675 
0.10473497463835058 0.22524711401395675 
0.1048534185490304 0.20256136393790822 
0.1048534185490304 0.20256136393790822 
0.10746279075313953 0.2007025234608354 
0.10746279075313953 0.2007025234608354 
0.10268683698945377 0.20252505285734765 
0.1026470869056202 0.21813703792394748 
0.1026470869056202 0.21813703792394748 
0.09116494991307877 0.2415917032229753 
0.09124454960884372 0.24149908475674664 
0.1075675513219235 0.23388078036020563 
0.12266482259565377 0.23292706816845496 
0.1244710874327685 0.22800584265839294 
0.13087913571013388 0.23748068734872735 
0.12572870885947598 0.22694852104026214 
0.12089515882422285 0.24433823627344095 
0.12089515882422285 0.24433823627344095 
0.1124329910126379 0.22712303351238733 
0.10496801508023676 0.22594996139436535 
0.12936192766716836 0.24785257361530288 
0.12936192766716836 0.24785257361530288 
0.1287563732553627 0.2516664639251748 
0.12487085706236355 0.23527814215053117 
0.12487085706236355 0.23527814215053117 
0.12487085706236355 0.23527814215053117 
0.13231633127129058 0.21319930556766148 
0.11874952762303714 0.24992153659357408 
0.11761560623844297 0.25141401428307236 
0.11822212836557744 0.23797476483570357 
0.1282303632207432 0.1491921934888393 
0.1504295506069715 0.12105604169718914 
0.1511434222870934 0.11834739511512224 
0.1511434222870934 0.11834739511512224 
0.13784416025062485 0.1490087780176436 
0.10442484543504148 0.11458997236130687 
0.10442484543504148 0.11458997236130687 
0.10202376320981307 0.11988073444452146 
0.10202376320981307 0.11988073444452146 
0.10202376320981307 0.11988073444452146 
0.10202376320981307 0.11988073444452146 
0.07588741193546636 0.12460383508302461 
0.10460535813322404 0.1265952303862257 
0.10460535813322404 0.1265952303862257 
0.0998086916611719 0.14304774544227938 
0.11024327452449907 0.1293887091493965 
0.11024327452449907 0.1293887091493965 
0.11024327452449907 0.1293887091493965 
0.14188237816501217 0.14320846535522908 
0.14188237816501217 0.14320846535522908 
0.14188237816501217 0.14320846535522908 
0.14188237816501217 0.14320846535522908 
0.14116320117708245 0.14362102628658313 
0.14116320117708245 0.14362102628658313 
0.13180217262233962 0.13515949420089945 
0.12528598308208372 0.1371815244053633 
0.10865816103302725 0.13371853725673202 
0.10865816103302725 0.13371853725673202 
0.10747125765051273 0.14499079617745625 
0.10512996428492444 0.14253473270682004 
0.10468790686811089 0.1389870598978118 
0.10781570757450623 0.13477406081687876 
0.11113936536663142 0.13924915801227447 
0.11113936536663142 0.13924915801227447 
0.11113936536663142 0.13924915801227447 
0.11514478554475775 0.15162124740283306 
0.11042676983967711 0.12769677768713822 
0.10936234834313341 0.11690756611380484 
0.10936234834313341 0.11690756611380484 
0.10818544795816919 0.11342566439616777 
0.12431791636690853 0.14286140769390596 
0.12539680190039296 0.13004913753058722 
0.12530964465156016 0.13777714997589544 
0.13106496729965028 0.149167756334994 
0.1549160537723108 0.1234717611365747 
0.13167120015058345 0.17782895395390796 
0.14044230565963958 0.2234960440848715 
0.14044230565963958 0.2234960440848715 
0.14044230565963958 0.2234960440848715 
0.14044230565963958 0.2234960440848715 
0.13868153210163328 0.22389052869167628 
0.13569204791052905 0.24624859900479074 
0.13569204791052905 0.24624859900479074 
0.13569204791052905 0.24624859900479074 
0.13569204791052905 0.24624859900479074 
0.13569204791052905 0.24624859900479074 
0.13569204791052905 0.24624859900479074 
0.13569204791052905 0.24624859900479074 
0.06672631518763353 0.1636957090138857 
0.15022604684107183 0.16669360227594704 
0.16549104473210793 0.11024855500837041 
0.16549104473210793 0.11024855500837041 
0.16549104473210793 0.11024855500837041 
0.15518457979678396 0.12135846183003304 
0.14770379934396655 0.09234973987490493 
0.14770379934396655 0.09234973987490493 
0.14770379934396655 0.09234973987490493 
0.13893629426451057 0.1253094323909471 
0.13893629426451057 0.1253094323909471 
0.12363062435938588 0.1366018556255883 
0.10835161471281422 0.11147169466240993 
0.09626892762446768 0.13777041325138276 
0.09626892762446768 0.13777041325138276 
0.10206959247556116 0.14176798201227425 
0.09106916714840449 0.1403999575006242 
0.12694402682049477 0.16470176452747032 
0.12878539306198858 0.15625773778665333 
0.12638943810890477 0.14946920473216035 
0.13703950793137396 0.24334290912999737 
0.13779981715081074 0.24347770953150197 
0.1344252483035594 0.24224865208737298 
0.1344252483035594 0.24224865208737298 
0.17498096996155826 0.20115786121264187 
0.16829428740124017 0.1804666653089212 
0.16511887244179999 0.18363923482695815 
0.08760649609550566 0.20036661033186706 
0.0763430477445791 0.21027391364017023 
0.07619642559559449 0.2215311583644457 
0.07619642559559449 0.2215311583644457 
0.07619642559559449 0.2215311583644457 
0.15976831982412593 0.19796212505131178 
0.10180589309802651 0.1969268933628091 
0.1033862758306314 0.16245548322640652 
0.1646884783894674 0.178021980515943 
0.13746683100417195 0.1843692929122499 
0.09483872734594853 0.1952651648809437 
0.09483872734594853 0.1952651648809437 
0.06738206865604592 0.19890030059798128 
0.06738206865604592 0.19890030059798128 
0.10183362703527013 0.15759308399891678 
0.10183362703527013 0.15759308399891678 
0.17448940802486235 0.21614770050412266 
0.1556389776051277 0.184099493315641 
0.13636884192341736 0.17447106701540088 
0.16101378988389925 0.21845604579396632 
0.07477626117698792 0.18187474079757665 
0.10269292268911105 0.17366776527178873 
0.1606616993298189 0.1848926583914364 
0.15333510250638657 0.19642476238896694 
0.1586979993816654 0.2148671201156977 
0.10989638689666414 0.20892924293660262 
0.09511208203679677 0.2116287784937853 
0.10229924138177263 0.2100049438365849 
0.17417955167209162 0.16235244345896388 
0.17095659195744173 0.23818300850958984 
0.17095659195744173 0.23818300850958984 
0.17095659195744173 0.23818300850958984 
0.17020350663028946 0.24447102600661108 
0.17020350663028946 0.24447102600661108 
0.17020350663028946 0.24447102600661108 
0.17020350663028946 0.24447102600661108 
0.08696893801098748 0.16970887829198875 
0.07556204428820336 0.1721260656039793 
0.10224090695667327 0.15751024358196775 
0.09063354855864812 0.10864818827399711 
0.08942312131279416 0.10450466769606308 
0.08942312131279416 0.10450466769606308 
0.08942312131279416 0.10450466769606308 
0.0956176089857578 0.11722543493304771 
0.09835098113490726 0.10291253925894259 
0.09132683982621667 0.1308923989833038 
0.09793610710746081 0.0914569393030736 
0.09793610710746081 0.0914569393030736 
0.10082177685599014 0.11431328977151627 
0.10082177685599014 0.11431328977151627 
0.10082177685599014 0.11431328977151627 
0.1145448706437714 0.12529986038799423 
0.1145448706437714 0.12529986038799423 
0.1145448706437714 0.12529986038799423 
0.11732108262117093 0.13366074018477345 
0.13917304362987482 0.1090323860006019 
0.13460019449548463 0.11180086783951496 
0.13460019449548463 0.11180086783951496 
0.13460019449548463 0.11180086783951496 
0.1330437955822511 0.12076695585597526 
0.14868476706667683 0.13094880776678372 
0.14726011202304826 0.1364708256079481 
0.12195032129350866 0.16023158270615953 
0.11483620027150093 0.1353423452458229 
0.11157502871702352 0.132934120127208 
0.11157502871702352 0.132934120127208 
0.11252753419693891 0.1314606553410294 
0.1260235377587186 0.11988064382903874 
0.11709343254955819 0.1417979125795557 
0.11709343254955819 0.1417979125795557 
0.11709343254955819 0.1417979125795557 
0.11562278166145165 0.14082455701945473 
0.11050642024739604 0.18264469575888015 
0.12418859625487896 0.2142301181781049 
0.12418859625487896 0.2142301181781049 
0.1374179218319573 0.2034942864720204 
0.14864418027170842 0.21364047325379545 
0.14864418027170842 0.21364047325379545 
0.17272156529777108 0.17316820080675005 
0.06156895577220369 0.16326062144453324 
0.06354721296548003 0.15843395909337288 
0.06354721296548003 0.15843395909337288 
0.14801082200700189 0.1846793941447099 
0.13724218301896715 0.21768046657550338 
0.07791638471016478 0.18321783242544376 
0.17431258909646058 0.18286116756957335 
0.12681000261686465 0.18739686605081293 
0.1274548708149574 0.16722482255718601 
0.15692000063580502 0.16204626094535957 
0.06848968209298725 0.2080167183936538 
0.10437428637244348 0.22331650009705756 
0.09755440699796598 0.22311547650808355 
0.09755440699796598 0.22311547650808355 
0.08259561463500184 0.25319084424109656 
0.08259561463500184 0.25319084424109656 
0.0883422178101187 0.24736746140900584 
0.0883422178101187 0.24736746140900584 
0.09172107321061045 0.24478382379882738 
0.09172107321061045 0.24478382379882738 
0.09172107321061045 0.24478382379882738 
0.09172107321061045 0.24478382379882738 
0.09172107321061045 0.24478382379882738 
0.09221446245947257 0.2560428567921069 
0.09221446245947257 0.2560428567921069 
0.09221446245947257 0.2560428567921069 
0.10157793393884695 0.2417712484721378 
0.06980784602210299 0.24936936423941297 
0.06980784602210299 0.24936936423941297 
0.06980784602210299 0.24936936423941297 
0.06980784602210299 0.24936936423941297 
0.06980784602210299 0.24936936423941297 
0.06931664293680614 0.25097990367205897 
0.061987919580682865 0.25098623406533066 
0.06777021186867202 0.24859331164316367 
0.06287890785638907 0.25382809284778407 
0.06287890785638907 0.25382809284778407 
0.06335444831247954 0.2516738814302628 
0.06517297011519173 0.2506679088939407 
0.06660898206616603 0.24685888967842362 
0.06660898206616603 0.24685888967842362 
0.06980226636739209 0.22700328442943263 
0.10929944385339975 0.16898319369532644 
0.15787237260392945 0.17759012818293024 
0.16860348813291434 0.12345694225884801 
0.16860348813291434 0.12345694225884801 
0.16225827608432586 0.134583854524574 
0.16225827608432586 0.134583854524574 
0.16225827608432586 0.134583854524574 
0.16225827608432586 0.134583854524574 
0.16558008663725834 0.14493473795818723 
0.16558008663725834 0.14493473795818723 
0.16329838311353287 0.14797292461146777 
0.16651767567120385 0.14769224767676428 
0.16651767567120385 0.14769224767676428 
0.16651767567120385 0.14769224767676428 
0.16651767567120385 0.14769224767676428 
0.16461374705479198 0.1478754949147274 
0.15916768689157162 0.14259472762753367 
0.1695254992285916 0.12516444266228416 
0.17083348755089078 0.1254966855889843 
0.1742547231067864 0.11309769452636335 
0.1742547231067864 0.11309769452636335 
0.1742547231067864 0.11309769452636335 
0.1742547231067864 0.11309769452636335 
0.16724168635155395 0.12248433341126272 
0.17405256033100897 0.10003333228966306 
0.17405256033100897 0.10003333228966306 
0.17405256033100897 0.10003333228966306 
0.15262087309691624 0.11584397803729794 
0.17440449893756466 0.1653478544375533 
0.12626689761404808 0.18800333649128104 
0.14088226102705564 0.18888980793049281 
0.159536262278909 0.16030288874959833 
0.14650471762079958 0.1660430053862777 
0.13777191339234654 0.16082475007941846 
0.0697026314763833 0.17768772175449413 
0.12820329064426458 0.16240206238466504 
0.09894704321086456 0.1598906220696768 
0.0701115810120453 0.15513088487255358 
0.06648600211817478 0.14506745826884393 
0.07232039130937773 0.1463909747195783 
0.06543199341576439 0.14071806440180756 
0.06543199341576439 0.14071806440180756 
0.06543199341576439 0.14071806440180756 
0.06605614647978984 0.13513142083960486 
0.06605614647978984 0.13513142083960486 
0.06605614647978984 0.13513142083960486 
0.10116772266832472 0.19048734185995705 
0.16348258576354488 0.15043149264730502 
0.14725967708081217 0.17098514596922296 
0.12729388022274288 0.20853210620598361 
0.18077765350369773 0.21192762470486243 
0.12721843295089594 0.2062150145046445 
0.11666887684017534 0.18467147016330898 
0.10592780098607557 0.16755503122168908 
0.09501428357383679 0.15305078556457458 
0.10524428535754325 0.19845447823969622 
0.09784977521369297 0.204195530664908 
0.096795443795749 0.23047807622204125 
0.10040181270382428 0.2401044455766253 
0.10040181270382428 0.2401044455766253 
0.10040181270382428 0.2401044455766253 
0.10040181270382428 0.2401044455766253 
0.10040181270382428 0.2401044455766253 
0.10040181270382428 0.2401044455766253 
0.09028732105203105 0.24180234509124252 
0.09227205906798422 0.24256275158908022 
0.09227205906798422 0.24256275158908022 
0.0928098724110881 0.24669008182321187 
0.07699900739627887 0.252134992215091 
0.11050223382027483 0.21204649866106248 
0.12004171876454243 0.15513178052044319 
0.1737726429767253 0.19234510687384687 
0.122073503538025 0.16036666782036216 
0.09815115104280434 0.19798945873321133 
0.16110741420685643 0.1545350945425847 
0.16110741420685643 0.1545350945425847 
0.09835818425152393 0.19334465463333744 
0.09012686234476429 0.20783366881888105 
0.09012686234476429 0.20783366881888105 
0.09012686234476429 0.20783366881888105 
0.08135734700550858 0.16167713134901543 
0.11528229483434148 0.183255770146728 
0.17740208399040552 0.1803732711001868 
0.09276104071829851 0.19451774992662835 
0.09239330071924286 0.18824981874589541 
0.11312604658320538 0.20313793801819122 
0.15641871779226774 0.1825301054735256 
0.0644611697361076 0.19339080550680784 
0.0644611697361076 0.19339080550680784 
0.13537201665986387 0.20045470149769812 
0.07347692416384329 0.18318437320973602 
0.132280121170962 0.1781619381359024 
0.14192486857519326 0.16273348446890026 
0.14192486857519326 0.16273348446890026 
0.14976770290801866 0.15783203158515624 
0.15812447745429753 0.14838499780169043 
0.16284057418062597 0.1608247947122404 
0.13985669849918697 0.19033946599766335 
0.075539347885719 0.17601107052754691 
0.07697631110367255 0.15496399710150977 
0.06979035263542553 0.143061157238625 
0.06979035263542553 0.143061157238625 
0.06979035263542553 0.143061157238625 
0.06900516068517729 0.13764993788554356 
0.06900516068517729 0.13764993788554356 
0.06900516068517729 0.13764993788554356 
0.16195090979276297 0.21024515667863686 
0.14439965025021967 0.19533062229679976 
0.17809540214253633 0.16664568956435366 
0.18082696296761677 0.19144712059846505 
0.18082696296761677 0.19144712059846505 
0.1146907556435322 0.17759153757341262 
0.11681494006617485 0.20698106548858056 
0.1397909867185005 0.23459436694607422 
0.14007734945552358 0.2419072270661291 
0.14007734945552358 0.2419072270661291 
0.14007734945552358 0.2419072270661291 
0.06645412467820086 0.18506148505326206 
0.06645412467820086 0.18506148505326206 
0.06645412467820086 0.18506148505326206 
0.1304161184405083 0.17335616759887068 
0.09756002709230087 0.1879931943781687 
0.08112029724087055 0.22446746628374298 
0.08112029724087055 0.22446746628374298 
0.08140188203313348 0.22308956515025655 
0.08140188203313348 0.22308956515025655 
0.08140188203313348 0.22308956515025655 
0.08140188203313348 0.22308956515025655 
0.08140188203313348 0.22308956515025655 
0.0792280568163836 0.22603864575034904 
0.08264970773060225 0.239671324276268 
0.08556813133026539 0.23717678195815523 
0.06400533390900996 0.2415340425598461 
0.06938077799199063 0.19317756465271665 
0.09365453313304131 0.18750030114722044 
0.15939159096799974 0.18351933032219364 
0.08785544353589274 0.1679293389763521 
0.08443284936845678 0.1665461223762784 
0.06996151157794472 0.1174529143690014 
0.06922268744775666 0.11417457602562953 
0.06922268744775666 0.11417457602562953 
0.06922268744775666 0.11417457602562953 
0.06922268744775666 0.11417457602562953 
0.07072289208802648 0.11575782829206968 
0.07072289208802648 0.11575782829206968 
0.1624381587900613 0.2130078572875947 
0.08636269309955191 0.21612754598443953 
0.13560452201492065 0.21481699682888866 
0.17766510494709778 0.18872060667763238 
0.17766510494709778 0.18872060667763238 
0.09052844504050761 0.1616729282940941 
0.08521798026726128 0.154213816012938 
0.08460485704956883 0.1910328904052173 
0.1279783278373747 0.17238508965073007 
0.10109971239437689 0.2061119628827086 
0.08431935600097556 0.22277239174172897 
0.08431935600097556 0.22277239174172897 
0.08431935600097556 0.22277239174172897 
0.08186112560466596 0.232177527226212 
0.06546989530414687 0.2354057979837337 
0.06546989530414687 0.2354057979837337 
0.06546989530414687 0.2354057979837337 
0.06546989530414687 0.2354057979837337 
0.06546989530414687 0.2354057979837337 
0.06348341705795654 0.24852813063356352 
0.06348341705795654 0.24852813063356352 
0.06348341705795654 0.24852813063356352 
0.0627405179565882 0.22614814570635192 
0.1368608380913404 0.1520949437861828 
0.1368608380913404 0.1520949437861828 
0.12949219636297188 0.16286788591736423 
0.1735316765383056 0.16379951313970242 
0.1518143240687952 0.15386533136742417 
0.1518143240687952 0.15386533136742417 
0.161635422499308 0.13507317555239184 
0.15378001761687354 0.14975016255572698 
0.14562836324875336 0.12342393785187168 
0.14562836324875336 0.12342393785187168 
0.12934174431445916 0.1372095942436738 
0.16572465573270184 0.1300308991795201 
0.16572465573270184 0.1300308991795201 
0.16466399844943808 0.14111457132162394 
0.1774340980512844 0.12078104962425379 
0.1774340980512844 0.12078104962425379 
0.17385829128334077 0.12032479130468673 
0.14522580522461032 0.12948525776970798 
0.1412737001856142 0.1393927533551278 
0.14023175540243368 0.1378747081537603 
0.14023175540243368 0.1378747081537603 
0.16062701315082106 0.11754932440394364 
0.16062701315082106 0.11754932440394364 
0.145761991382909 0.14023804114785082 
0.145761991382909 0.14023804114785082 
0.145761991382909 0.14023804114785082 
0.17320788868407427 0.17429080463297034 
0.07355395132541151 0.17971243145014457 
0.15007963924025763 0.17019909826801594 
0.09772273105146088 0.1572508340841588 
0.1556105187919135 0.1458630786632728 
0.17469691634261236 0.14378338616489608 
0.17469691634261236 0.14378338616489608 
0.17469691634261236 0.14378338616489608 
0.16584600291412502 0.14919439221645453 
0.16519623862514138 0.17552561009153655 
0.174909128963669 0.2111798481378898 
0.17456786151136172 0.20272057437034105 
0.15930677745302824 0.20318099960613495 
0.17100157162702828 0.22450018261451113 
0.17100157162702828 0.22450018261451113 
0.1295959155916017 0.15230639675755903 
0.12923184734558255 0.15073299653474617 
0.12267113851011233 0.13861914610851295 
0.10769252883538093 0.14299451864400836 
0.10224733413995986 0.1410265331072845 
0.10224733413995986 0.1410265331072845 
0.09103204313338378 0.13704552218238383 
0.0866343704458313 0.12295679091656997 
0.0866343704458313 0.12295679091656997 
0.0826625747026914 0.13461259049683924 
0.0826625747026914 0.13461259049683924 
0.08047917084652806 0.12929008558290403 
0.08047917084652806 0.12929008558290403 
0.08974408182224766 0.12579492598941358 
0.08974408182224766 0.12579492598941358 
0.08943884638301927 0.12635402535202514 
0.08951108147715922 0.12645290920208063 
0.06462617001053947 0.10608890440978436 
0.06462617001053947 0.10608890440978436 
0.06662511220835458 0.12216464281311645 
0.06662511220835458 0.12216464281311645 
0.06662511220835458 0.12216464281311645 
0.06662511220835458 0.12216464281311645 
0.06662511220835458 0.12216464281311645 
0.06662511220835458 0.12216464281311645 
0.0809905727437171 0.12813742612362677 
0.07117236196131406 0.10467283246871449 
0.0702757919119705 0.11986413693737365 
0.0702757919119705 0.11986413693737365 
0.0702757919119705 0.11986413693737365 
0.0702757919119705 0.11986413693737365 
0.06967426802243142 0.1286320039138124 
0.11044413630836922 0.1290476898948503 
0.10956855107692043 0.12767951620048226 
0.10956855107692043 0.12767951620048226 
0.10956855107692043 0.12767951620048226 
0.10956855107692043 0.12767951620048226 
0.10956855107692043 0.12767951620048226 
0.10956738636046902 0.12767559809036919 
0.10956738636046902 0.12767559809036919 
0.11481904614856168 0.11294407979653365 
0.11481904614856168 0.11294407979653365 
0.11786285281371195 0.11792577112179349 
0.11786285281371195 0.11792577112179349 
0.11786285281371195 0.11792577112179349 
0.11786285281371195 0.11792577112179349 
0.132021420922904 0.14772672223216526 
0.1583896643200864 0.15464812760001836 
0.10268153869034344 0.15255525874498094 
0.10268153869034344 0.15255525874498094 
0.0688446974080656 0.15690057396311355 
0.14238331390380154 0.21439140754974217 
0.13102022307777184 0.24271067761883994 
0.13102022307777184 0.24271067761883994 
0.13102022307777184 0.24271067761883994 
0.13545669775892846 0.25464099325721723 
0.13404929393361914 0.25143464910891367 
0.13404929393361914 0.25143464910891367 
0.13404929393361914 0.25143464910891367 
0.13404929393361914 0.25143464910891367 
0.13505374591558233 0.2517518695168975 
0.13505374591558233 0.2517518695168975 
0.13505374591558233 0.2517518695168975 
0.13505374591558233 0.2517518695168975 
0.1429033574021135 0.2191588959629731 
0.1429033574021135 0.2191588959629731 
0.14450481138748103 0.2003377831062277 
0.14450481138748103 0.2003377831062277 
0.07906723831114634 0.19869489679511326 
0.067438706826575 0.20784323493404283 
0.06830479529836928 0.21120540199049487 
0.06880535248277986 0.21025819826517028 
0.06880535248277986 0.21025819826517028 
0.06880535248277986 0.21025819826517028 
0.06761338354538697 0.22505269101448555 
0.06761338354538697 0.22505269101448555 
0.06761338354538697 0.22505269101448555 
0.06658038439741124 0.2252759900310144 
0.06658038439741124 0.2252759900310144 
0.06658038439741124 0.2252759900310144 
0.06658038439741124 0.2252759900310144 
0.07214426561169085 0.22860420505795148 
0.07796123520181045 0.2299080212854806 
0.0877842574158191 0.2188914535780313 
0.17813602048613822 0.23973907282803017 
0.17813602048613822 0.23973907282803017 
0.17317144075809893 0.22168520922191354 
0.17784075204359345 0.19645186591455485 
0.17784075204359345 0.19645186591455485 
0.06311781134652532 0.2155576412444843 
0.11064457786758065 0.2158841815467364 
0.10186925129372029 0.2156097371726282 
0.08673246865274345 0.24487630644219022 
0.16425238309292625 0.16652672111943023 
0.1675316258208302 0.181404175343655 
0.11968141422389104 0.18982919951684804 
0.15786037585093599 0.19813206205059053 
0.07608423705024833 0.19178002228398164 
0.08024414990413596 0.19543239122613631 
0.17944958011566847 0.16596259985481931 
0.10956557717958343 0.16716623802459135 
0.0696588875564984 0.15732400711093528 
0.0696588875564984 0.15732400711093528 
0.0696588875564984 0.15732400711093528 
0.10571608924725578 0.1529696846187181 
0.092193406191243 0.11815831566540909 
0.07548306820432804 0.11526073392992464 
0.07548306820432804 0.11526073392992464 
0.07548306820432804 0.11526073392992464 
0.07548306820432804 0.11526073392992464 
0.08938483994922604 0.13472084275365262 
0.16858442868112578 0.21548661808076464 
0.16858442868112578 0.21548661808076464 
0.16858442868112578 0.21548661808076464 
0.1537486113467163 0.2143940982267328 
0.1537486113467163 0.2143940982267328 
0.1392979170415462 0.20512042935589342 
0.15500732421911426 0.181578388531296 
0.17214012586993838 0.1939746510329974 
0.060881353584159754 0.1719999347436464 
0.07080551144120435 0.16428471695231994 
0.11478441808789867 0.1731986851899046 
0.11632173581459486 0.1711768496295346 
0.14073885133692954 0.12804383774062872 
0.14073885133692954 0.12804383774062872 
0.16397568548199265 0.12338737300747547 
0.1644773764482618 0.13715901205705905 
0.1644773764482618 0.13715901205705905 
0.1654473880818806 0.13261971766488417 
0.15853108287559176 0.13184546175814985 
0.15853108287559176 0.13184546175814985 
0.15853108287559176 0.13184546175814985 
0.15853108287559176 0.13184546175814985 
0.15784873717819675 0.13249142103808442 
0.16390150105806034 0.13522848923835668 
0.1534323633603089 0.16046790106828843 
0.12370685687867591 0.17996207095429304 
0.1026719018369894 0.18226042610977666 
0.06952821981360623 0.21721307142389473 
0.06952821981360623 0.21721307142389473 
0.06952821981360623 0.21721307142389473 
0.06952821981360623 0.21721307142389473 
0.06952821981360623 0.21721307142389473 
0.06952821981360623 0.21721307142389473 
0.08278605004648681 0.21874902622626594 
0.0812087280962075 0.19824859136601597 
0.0771389596593414 0.20040479278037118 
0.07272799195004989 0.14805802870456256 
0.07272799195004989 0.14805802870456256 
0.07272799195004989 0.14805802870456256 
0.06752924518709413 0.14450862794789465 
0.06752924518709413 0.14450862794789465 
0.06752924518709413 0.14450862794789465 
0.0685305846915837 0.14489756048594812 
0.06606542303860072 0.1424056925346099 
0.06606542303860072 0.1424056925346099 
0.06606542303860072 0.1424056925346099 
0.06606542303860072 0.1424056925346099 
0.06606542303860072 0.1424056925346099 
0.06606542303860072 0.1424056925346099 
0.06606542303860072 0.1424056925346099 
0.0707543311106019 0.14741182745379822 
0.08344823795785326 0.1996669733052782 
0.09515194393934182 0.17260450053603163 
0.12106741732603149 0.13542261024467103 
0.13399464321104698 0.10999071611916614 
0.13397717816195176 0.10917661655514448 
0.13390765265732069 0.11065184664350268 
0.14714443722004822 0.10995633638171566 
0.1478555772411915 0.1558643354644471 
0.09792346822098599 0.1908675925863381 
0.17451934836044974 0.1947780378400958 
0.13322671216671206 0.19140251802538813 
0.16090954184798945 0.25633980563638403 
0.16090954184798945 0.25633980563638403 
0.07500983542849919 0.17984856532338986 
0.09613222621069613 0.19823515425252008 
0.1247533100632166 0.19982520520770364 
0.1122662882013384 0.1567153539895028 
0.11508858980937514 0.14964759959617763 
0.11508858980937514 0.14964759959617763 
0.11504405811081404 0.1380286514467846 
0.08498108915941426 0.13003327696300104 
0.07664818295574823 0.12964508404857802 
0.0613689040828785 0.09428693640773472 
0.09852584415021468 0.1331432449642364 
0.09852584415021468 0.1331432449642364 
0.09377638627214968 0.11236064868437504 
0.0963444644991135 0.1327416424962355 
0.08370267890212756 0.11353180059994732 
0.08338241452575125 0.11329250143080577 
0.08338241452575125 0.11329250143080577 
0.08338241452575125 0.11329250143080577 
0.17716085107444343 0.23544831477744704 
0.1565465735046951 0.22261715715526686 
0.1565465735046951 0.22261715715526686 
0.1565465735046951 0.22261715715526686 
0.16781177178198467 0.2270836212786502 
0.16781177178198467 0.2270836212786502 
0.16633417713912368 0.22771289705456801 
0.16633417713912368 0.22771289705456801 
0.1610677714784401 0.22406246950307554 
0.1571565590488407 0.22759605448055364 
0.17823607267346625 0.18385429921740132 
0.10486039438542091 0.1928967699400333 
0.1049473002517758 0.19322911828533945 
0.1049473002517758 0.19322911828533945 
0.11791002636853551 0.2152314411513019 
0.11791002636853551 0.2152314411513019 
0.1077652708113197 0.20550798097174777 
0.1077652708113197 0.20550798097174777 
0.0805020970966013 0.23399298777926608 
0.0805020970966013 0.23399298777926608 
0.10266615995959141 0.22038302064554507 
0.10266615995959141 0.22038302064554507 
0.08179752230394514 0.23237883525460454 
0.13234828458824743 0.1888600528690891 
0.17188509755173526 0.18915280198612755 
0.17487211087233476 0.20697682894332797 
0.17487211087233476 0.20697682894332797 
0.11470575141838033 0.20235950630643812 
0.08868728596714393 0.18034909712940483 
0.08086533687899287 0.18070271296712878 
0.16352589383193777 0.19860116329419905 
0.16352589383193777 0.19860116329419905 
0.16352589383193777 0.19860116329419905 
0.0803655369883149 0.16978102005014103 
0.11091556505657744 0.17146111629874766 
0.08846169691493716 0.17421937814113145 
0.12802142508418113 0.21468707092177647 
0.09757400638507999 0.2462736957636056 
0.06678236044860887 0.2508969393354588 
0.06678236044860887 0.2508969393354588 
0.07380857323048687 0.24196031016193253 
0.07380857323048687 0.24196031016193253 
0.07230254173673081 0.24953655455317142 
0.09189147136724936 0.21617202589802628 
0.09189147136724936 0.21617202589802628 
0.08652129891552153 0.2222491959177747 
0.08143306887718157 0.22188000440501962 
0.17203228871753126 0.1505174253372468 
0.16893358723825325 0.1520210535772002 
0.1634619531482212 0.15247652357612637 
0.1799587226779447 0.14225319999901676 
0.1799587226779447 0.14225319999901676 
0.08291016561311275 0.22287204521481369 
0.061460646732668614 0.24023388280609026 
0.061460646732668614 0.24023388280609026 
0.06130833761107036 0.24030101469912096 
0.06130833761107036 0.24030101469912096 
0.06903620913923035 0.23578957720983115 
0.06903620913923035 0.23578957720983115 
0.11137367344173316 0.17361613616095448 
0.12660369907355631 0.2012233281473897 
0.09098485373794844 0.20458195838220555 
0.09275787873762653 0.2244991268257851 
0.09041961879043435 0.22263203719965313 
0.0923678313505832 0.22371323509117194 
0.0923678313505832 0.22371323509117194 
0.08401307344344303 0.2441162739754728 
0.09338112840314834 0.2426027790056667 
0.09338854462079292 0.2438663934241674 
0.09338854462079292 0.2438663934241674 
0.09072283857256727 0.2499383324693896 
0.08556887557008656 0.24552689201916583 
0.08556887557008656 0.24552689201916583 
0.09377549369409412 0.18933909643624708 
0.09377549369409412 0.18933909643624708 
0.12188339620849467 0.1782382515284429 
0.08659972084392466 0.1574474453523597 
0.13963148952690552 0.18446130438355973 
0.06965699347336711 0.18093379644302923 
0.14422798822900557 0.1959520218296796 
0.1531690265568517 0.168885791918563 
0.16104970444953892 0.166440757434488 
0.1219288052201042 0.1770905374145043 
0.16029241011394213 0.21482836895118512 
0.16076797694216619 0.24602669745492328 
0.15585927452999138 0.2340746174310585 
0.15587182533215713 0.23420344958055667 
0.14789556142306912 0.23631002596807438 
0.14773451742317786 0.2372706073538734 
0.14105177331846208 0.23740653738375153 
0.14105177331846208 0.23740653738375153 
0.14606608921520098 0.2419677332411155 
0.13718176909446245 0.22798677926723487 
0.15480108588064775 0.23183268360210055 
0.15476371457020555 0.23090290031236366 
0.14124679394272405 0.23481220420717347 
0.14124679394272405 0.23481220420717347 
0.14214029406258807 0.2347734059427179 
0.14214029406258807 0.2347734059427179 
0.13309513279238924 0.21324300091801038 
0.12401135623971363 0.21298481636757838 
0.17076479660082455 0.19235596592382484 
0.17192145558920735 0.1704838935020014 
0.17243137240939332 0.15038516683469388 
0.17153008416425447 0.11202580005261638 
0.06774220238085088 0.20259960945112804 
0.15847917148072496 0.222280864451454 
0.15847917148072496 0.222280864451454 
0.15847917148072496 0.222280864451454 
0.14101235381292226 0.2472756546241518 
0.14101235381292226 0.2472756546241518 
0.14101235381292226 0.2472756546241518 
0.139136030173844 0.24000369210696681 
0.139136030173844 0.24000369210696681 
0.15352230737499145 0.23471596378784232 
0.1562598462181104 0.23923009555224298 
0.14285620680241945 0.2362512711938513 
0.14285620680241945 0.2362512711938513 
0.06698039300504981 0.16231785576717145 
0.12576896408286892 0.17288238551952217 
0.11110419294372681 0.16581409978980813 
0.08090993159448101 0.1796033608289207 
0.1322432326254857 0.19030844368161798 
0.13657824295479082 0.1897006032665168 
0.08456678646998354 0.18129866060434074 
0.08291257868147335 0.18111065083742295 
0.14410779509907173 0.2011598904917799 
0.0998890583960017 0.1832890228034522 
0.12165823806088216 0.16511540991527154 
0.13827699814701944 0.16665740090832518 
0.1495163619539538 0.18445271269091082 
0.06139430455499632 0.20089126783084557 
0.11020261970764542 0.2103885635424608 
0.14444779642368624 0.15757896145133507 
0.1432167195119502 0.1446529829356321 
0.14273352652980595 0.1469382764418729 
0.172595937295138 0.17685870854674848 
0.0648490278002838 0.19880880616011037 
0.0648490278002838 0.19880880616011037 
0.09333891734477764 0.19885068103617962 
0.1608704440453373 0.1942305556322293 
0.15425404035374446 0.2038920012002606 
0.15238541119255838 0.22000414421045678 
0.16442063497781406 0.23414494119736345 
0.16055490477568357 0.2313999718664316 
0.16055490477568357 0.2313999718664316 
0.16055490477568357 0.2313999718664316 
0.15948035535064153 0.22415074112816283 
0.1655423576160856 0.22172071564475004 
0.1655423576160856 0.22172071564475004 
0.1330284540673724 0.2271169183064387 
0.10889844309475173 0.25586588490542467 
0.10889844309475173 0.25586588490542467 
0.10889844309475173 0.25586588490542467 
0.10831727888661069 0.2537720702830078 
0.11266326661108961 0.24803130655837127 
0.07224319988935025 0.2419780746244794 
0.07224319988935025 0.2419780746244794 
0.08251868844682173 0.21225863746136922 
0.0821582643966985 0.21136808500052817 
0.0821582643966985 0.21136808500052817 
0.1545312993142421 0.15835500958879473 
0.09648615588347066 0.16165010076377542 
0.17668622360325664 0.16902697423101093 
0.15709246097348986 0.18112236331941062 
0.10714708508980943 0.2104740074792327 
0.09986987768928818 0.21217198937515638 
0.09986987768928818 0.21217198937515638 
0.09986987768928818 0.21217198937515638 
0.13119947181947106 0.1833260693009072 
0.12640161832329774 0.18250046371407772 
0.0767700070170951 0.17341828421961678 
0.11621029946035712 0.18297712365147387 
0.1390498100849303 0.16089485170321574 
0.17495840182167993 0.1569749311951193 
0.1117696247465924 0.17363373681132094 
0.10262808532098272 0.24371077048616474 
0.10261126024517359 0.24347205907020186 
0.09913445903051116 0.24965729191152486 
0.09913445903051116 0.24965729191152486 
0.10919561876279381 0.1858696509105265 
0.16379907870985339 0.17397383855172516 
0.16129782970243292 0.17119181729503874 
0.14773319431647536 0.24039275825800496 
0.12563441435360934 0.206301054173658 
0.11062455270618422 0.19779519169730767 
0.10911373109509317 0.20684340597225775 
0.1227532191855397 0.18157915129869578 
0.15426542815651928 0.188596811040784 
0.16617599061263885 0.16735567472724833 
0.10450836156518162 0.1655432288392626 
0.17980807693055828 0.17488633504145093 
0.0820365498602674 0.20353121851522812 
0.17580925129724193 0.17377566415107007 
0.17467531378155715 0.16866637745398377 
0.15076412534307027 0.16101986350557856 
0.08638464760701726 0.15871327865741675 
0.08638464760701726 0.15871327865741675 
0.12452830818950131 0.1869477751441464 
0.08562933651940682 0.20944976438620264 
0.1792075306105819 0.1869700454377467 
0.14314518166266635 0.15633036020932645 
0.17671819696066804 0.19299149020248388 
0.08975978202872226 0.1825893505458557 
0.12265234729891922 0.1846294974563758 
0.10785114202650856 0.20057544668110644 
0.10785114202650856 0.20057544668110644 
0.10071940636747892 0.21418520790566087 
0.10071940636747892 0.21418520790566087 
0.10138766716604024 0.20314465780024465 
0.08347710622062143 0.22296690719471798 
0.08334417427174565 0.22297536637227292 
0.12695758936671522 0.16000594265818274 
0.12900725874586583 0.15999561920348965 
0.1294900091241424 0.19818592476411384 
0.06476373440014664 0.19253706410595128 
0.120394452055508 0.15491889598230416 
0.08651320089650386 0.1785954185670692 
0.08783308718108938 0.22436051788993477 
0.08783308718108938 0.22436051788993477 
0.08783308718108938 0.22436051788993477 
0.09949507095234683 0.17479810167861226 
0.12235821448373667 0.21753392060988003 
0.1224333963422832 0.2177308740816167 
0.1730393720237488 0.1991883175069948 
0.17774190240748838 0.20146941692872702 
0.17527877289299226 0.15673781152041744 
0.17527877289299226 0.15673781152041744 
0.17298052805829162 0.16439936540161684 
0.17386780623739406 0.15719396177824016 
0.132405127428385 0.16424714130628573 
0.11550676880773157 0.1926850061392419 
0.1339096384334228 0.2084765266655691 
0.13436616473142926 0.196846638991561 
0.13412685738199753 0.19884239286157362 
0.17573990405783596 0.17253360589260155 
0.11115037002464169 0.18646381194177333 
0.06378958257900226 0.16102064322471582 
0.08264741425496608 0.20438827990310268 
0.11908649420804557 0.19120781178793428 
0.12049527113516512 0.16120084265305076 
0.16958100693037143 0.16475104806222346 
0.17962100068981163 0.17871574010470684 
0.1787919763649333 0.19484782954529783 
0.177682694027331 0.20336334616083152 
0.10041042887398313 0.16162005800487694 
0.15249147800834842 0.17028653023547285 
0.10596310891834519 0.20672271287388636 
0.08763456327232153 0.1550850768255691 
0.07280983576983881 0.1352930436445386 
0.07280983576983881 0.1352930436445386 
0.07280983576983881 0.1352930436445386 
0.06929630095656336 0.12238802458728484 
0.06929630095656336 0.12238802458728484 
0.06929630095656336 0.12238802458728484 
0.06929630095656336 0.12238802458728484 
0.08675408013816541 0.12585771614210145 
0.08701708482688283 0.12691469201630706 
0.08913853445146304 0.12214159519522302 
0.08913853445146304 0.12214159519522302 
0.08913853445146304 0.12214159519522302 
0.08913853445146304 0.12214159519522302 
0.08913853445146304 0.12214159519522302 
0.08913853445146304 0.12214159519522302 
0.08913853445146304 0.12214159519522302 
0.09988367957204697 0.1422798444686575 
0.09988367957204697 0.1422798444686575 
0.09761008416689163 0.1334571527101962 
0.09761008416689163 0.1334571527101962 
0.1026097569206169 0.13559982068789753 
0.096337333232853 0.11848637129499995 
0.10507857401975305 0.12895374675702054 
0.06108025388857126 0.14461369232517063 
0.10082806513600615 0.13473998751678862 
0.10082806513600615 0.13473998751678862 
0.11169951926314689 0.11150922808977493 
0.11169951926314689 0.11150922808977493 
0.11279692892200041 0.11131184023707955 
0.11279692892200041 0.11131184023707955 
0.10340102255005562 0.13810715927933803 
0.10340102255005562 0.13810715927933803 
0.08502910628482578 0.15795160402487435 
0.17752840976586004 0.1495178767688952 
0.17752840976586004 0.1495178767688952 
0.17752840976586004 0.1495178767688952 
0.17752840976586004 0.1495178767688952 
0.17752840976586004 0.1495178767688952 
0.17752840976586004 0.1495178767688952 
0.17752840976586004 0.1495178767688952 
0.14475531907188083 0.18576797145870647 
0.1314461324991879 0.17091132206181092 
0.15592145921572223 0.176022133809088 
0.15451949468265794 0.16646971992960344 
0.16109028917785934 0.15308958157843583 
0.13488607574960548 0.14695303037019003 
0.16473475596713166 0.1153396531121345 
0.16473475596713166 0.1153396531121345 
0.16473475596713166 0.1153396531121345 
0.16473475596713166 0.1153396531121345 
0.16148119435535763 0.19432314829350877 
0.16191246478533153 0.19371473545981055 
0.11821531840612048 0.17501603553966236 
0.08859425219842425 0.12198754979914869 
0.08357714231113544 0.12094525766257565 
0.08357714231113544 0.12094525766257565 
0.08357714231113544 0.12094525766257565 
0.07906621186363784 0.10858494370000982 
0.07906621186363784 0.10858494370000982 
0.07906621186363784 0.10858494370000982 
0.08220249616282548 0.13153652655462986 
0.08311100631222867 0.12144886649136952 
0.08311100631222867 0.12144886649136952 
0.09917121038406054 0.15669313442650526 
0.14232440384568865 0.14879479254660846 
0.14232440384568865 0.14879479254660846 
0.14232440384568865 0.14879479254660846 
0.12696156174207285 0.14200501558866863 
0.12696156174207285 0.14200501558866863 
0.09407183833386476 0.1631284879318197 
0.06337473725449039 0.19927393900418305 
0.1654377750858501 0.15593492235204218 
0.17989308402228021 0.11637520745397069 
0.17989308402228021 0.11637520745397069 
0.1792072633604604 0.1287174682720456 
0.17848719293522883 0.12998230547572664 
0.13779848069794395 0.19427263877917 
0.14871101047309504 0.179523281058035 
0.10498196042723851 0.1657484724024904 
0.11711321608021533 0.134349223720508 
0.14684751121750503 0.10569628190181324 
0.1482210083788315 0.1428354546994463 
0.15774296972421356 0.13781528947148536 
0.1578496917396537 0.14157062008770346 
0.16749707356452703 0.10694570708774308 
0.16106143678873458 0.14125128020798394 
0.16105441610133847 0.1411222642057734 
0.16105441610133847 0.1411222642057734 
0.16105441610133847 0.1411222642057734 
0.16105441610133847 0.1411222642057734 
0.17656854212027295 0.13329479091871588 
0.17660711421960984 0.13374884225674818 
0.17660711421960984 0.13374884225674818 
0.1763630760215899 0.13579290828688964 
0.16770812400208315 0.14361045990786236 
0.15309989168595597 0.13892282749073434 
0.15309989168595597 0.13892282749073434 
0.15309989168595597 0.13892282749073434 
0.15309989168595597 0.13892282749073434 
0.11608016207023943 0.1401698892401134 
0.11608016207023943 0.1401698892401134 
0.12964363483420527 0.1247784004171016 
0.1123180087135616 0.13661022723101068 
0.11342780853231796 0.13500395941327925 
0.11342780853231796 0.13500395941327925 
0.13349890676908652 0.17434789573875556 
0.18043556168103486 0.16147524843280212 
0.08525217571219199 0.15740461002501835 
0.08525217571219199 0.15740461002501835 
0.08491526546288315 0.156328940941403 
0.169033933097752 0.17499328427028563 
0.07641926072058443 0.1738138847300619 
0.12716433235664737 0.1747146732937544 
0.1593761906860035 0.18653775762517386 
0.06484736566727589 0.16606837510998093 
0.15387999088084417 0.1626419164009621 
0.11364412062148159 0.1751229924408725 
0.13198979144147233 0.1810462082789086 
0.06275679082408495 0.19899570099489086 
0.06275679082408495 0.19899570099489086 
0.1175000487047586 0.16298659439549512 
0.1175000487047586 0.16298659439549512 
0.08435681765540469 0.16627287170240101 
0.1666531990188846 0.16943011632692795 
0.11372945958865308 0.18345327446013773 
0.15215491246491467 0.18660902817440522 
0.13316763574790064 0.1969211011923361 
0.13513438778294334 0.19974521685079627 
0.16136338956172114 0.21713341214941298 
0.10173231524696907 0.2024881823999232 
0.12509405204040713 0.17951946993660367 
0.09152708464718003 0.18891237900820462 
0.17179291246451533 0.18397840383569228 
0.08316108246421805 0.1765387285904585 
0.09347240968727633 0.19544475495702107 
0.17934769975933162 0.18212724347298598 
0.09448739920984685 0.17725187249543364 
0.0699550208844014 0.18123021383501828 
0.15462098948466058 0.18787766078643256 
0.11857311773798654 0.16791736874633884 
0.16114975367477793 0.15078484458360958 
0.16114975367477793 0.15078484458360958 
0.14293336053831734 0.1519835462453704 
0.130555637936147 0.15176830813329517 
0.12707459429074497 0.15088622889469366 
0.1402906733958956 0.18837579533036472 
0.11540260467928254 0.1914151009006463 
0.1309669559341747 0.20150997230866663 
0.1125421050791319 0.19593733731607607 
0.1496281799533264 0.20418632836322126 
0.15852001536631957 0.18747888819206088 
0.11568714844749875 0.18472723996543805 
0.06398294327389437 0.18022549319025183 
0.17399168445245936 0.1944092041706222 
0.14089439126046419 0.17670367946359003 
0.11916082831359227 0.18527229192144207 
0.10520299950284638 0.181850697523362 
0.13119599607062563 0.18827285934938676 
0.12350509653606942 0.222989045434921 
0.13744328958964072 0.2542028458989356 
0.13744328958964072 0.2542028458989356 
0.12880851839584928 0.23065949132675054 
0.13460925495204712 0.23767746546098037 
0.13460925495204712 0.23767746546098037 
0.13793916362815087 0.24132927930560583 
0.13793916362815087 0.24132927930560583 
0.14410030355913875 0.25434132764921313 
0.14410030355913875 0.25434132764921313 
0.14410030355913875 0.25434132764921313 
0.14410030355913875 0.25434132764921313 
0.14222887667156076 0.22317702190164398 
0.14222887667156076 0.22317702190164398 
0.15060164061022896 0.22837372525748487 
0.15060164061022896 0.22837372525748487 
0.09133322178022826 0.16933987831216057 
0.10649307069310403 0.17454276769816338 
0.1696654699797392 0.15181536413615923 
0.10757133627834065 0.1663648027722802 
0.08374471382160105 0.19319353648390392 
0.0764052246881817 0.17376957179599808 
0.08662446484487778 0.20900761892294986 
0.1774097247028452 0.18474120837171093 
0.16723324956435687 0.1867489226937464 
0.11801140892631931 0.17427975400116896 
0.1330201440373637 0.15719504438321216 
0.1215235565894084 0.17352559310703752 
0.06857517557936814 0.17566724024047492 
0.061108775301689025 0.16511069733299724 
0.12123713726334398 0.19026177111941012 
0.078397268120591 0.18172810935269518 
0.12527812895455365 0.21809717198508283 
0.14150868117292564 0.22878003694603688 
0.14150868117292564 0.22878003694603688 
0.12593038822897606 0.2502048345603475 
0.12593038822897606 0.2502048345603475 
0.12609756495483873 0.24948936005749328 
0.12609756495483873 0.24948936005749328 
0.12609756495483873 0.24948936005749328 
0.12549514439632378 0.2519785394779812 
0.13332808782296482 0.24404716086595785 
0.13332808782296482 0.24404716086595785 
0.13219349454513113 0.2452314163324178 
0.12283241948820567 0.18306601539081413 
0.13868751606074353 0.16647075882545023 
0.13959815119305996 0.13740223043577798 
0.13959815119305996 0.13740223043577798 
0.15860140708044168 0.12550999462803192 
0.15860140708044168 0.12550999462803192 
0.15860140708044168 0.12550999462803192 
0.1552840656658736 0.11261291242890913 
0.1552840656658736 0.11261291242890913 
0.1552840656658736 0.11261291242890913 
0.1552840656658736 0.11261291242890913 
0.1552840656658736 0.11261291242890913 
0.16490571578810576 0.1055315226944902 
0.1772213139042973 0.10565519724722248 
0.1562448068852913 0.12769963326443087 
0.1562448068852913 0.12769963326443087 
0.14648680792440652 0.12542798296247754 
0.14648680792440652 0.12542798296247754 
0.1626990232226359 0.14655561648548726 
0.1626990232226359 0.14655561648548726 
0.1626990232226359 0.14655561648548726 
0.162696369388328 0.14471832145267893 
0.162696369388328 0.14471832145267893 
0.162696369388328 0.14471832145267893 
0.162696369388328 0.14471832145267893 
0.16447030736019896 0.14821080861869962 
0.16447030736019896 0.14821080861869962 
0.1744916892250346 0.14149061741407573 
0.1744916892250346 0.14149061741407573 
0.17131832296717087 0.14367837706704772 
0.1724786370209085 0.1434810826817681 
0.15716344137255714 0.13969220455745174 
0.1582765376407893 0.1390588122750352 
0.17958531737962363 0.12057770269845526 
0.17958531737962363 0.12057770269845526 
0.17958531737962363 0.12057770269845526 
0.17958531737962363 0.12057770269845526 
0.17040429190689282 0.126494938891159 
0.15193420638142993 0.13058995452062583 
0.15193420638142993 0.13058995452062583 
0.17567248613304576 0.1051630156272924 
0.14796283103898233 0.14254425857215008 
0.14796283103898233 0.14254425857215008 
0.1513891470602754 0.14548700894611127 
0.13910509908801777 0.11675308880341861 
0.13910509908801777 0.11675308880341861 
0.13910509908801777 0.11675308880341861 
0.13910509908801777 0.11675308880341861 
0.14063758875958512 0.11525455778176 
0.1284453774872007 0.11241186907867179 
0.1284453774872007 0.11241186907867179 
0.1284453774872007 0.11241186907867179 
0.1794648719319419 0.19421723816579242 
0.1033873964771625 0.17599927121670272 
0.1613927658395951 0.17992728348106107 
0.17579425367639862 0.17368554530791028 
0.14448605302378487 0.1778798047672653 
0.1792865881914129 0.16976381099819982 
0.0962722906037482 0.18704647042867123 
0.10380450366264984 0.2237363900993366 
0.1146116770703662 0.2541839706150317 
0.1146116770703662 0.2541839706150317 
0.10217036608572197 0.2392701714157286 
0.10217036608572197 0.2392701714157286 
0.11478958562183501 0.20306824567407256 
0.09106471892824694 0.19009600899183215 
0.08285823040476417 0.1913393541078462 
0.079358490184947 0.1968307758311659 
