0.18001435471420552 0.14819415138384032 
0.18001435471420552 0.14819415138384032 
0.18001435471420552 0.14819415138384032 
0.11125160272460145 0.1866072616465273 
0.08943507273149456 0.18772416617557394 
0.08310797853471721 0.2065998633639564 
0.12781586691672292 0.180681195753348 
0.14190023399223683 0.13607998583898032 
0.1414654959977316 0.1318768621788426 
0.13127574017851715 0.13505010343995932 
0.13127574017851715 0.13505010343995932 
0.13127574017851715 0.13505010343995932 
0.13123641182209397 0.13791231486144 
0.10492287046165862 0.1293386854767471 
0.10272429801516277 0.1258306549276995 
0.11320601086964187 0.13817059576633972 
0.11320601086964187 0.13817059576633972 
0.11004471363789997 0.14461143824342 
0.10870374070547191 0.14679983674075703 
0.0997112328991581 0.14458320845439687 
0.1108869708287098 0.14171001516964887 
0.16144025647176213 0.1681309987628106 
0.0760750743074998 0.17262186135035873 
0.15914411745017792 0.17149729954614015 
0.1139099787151111 0.1690901229852187 
0.11704940538321026 0.15330880064936775 
0.0993124485651497 0.17675039145346516 
0.09388916524983608 0.16077542664460046 
0.1486018516598867 0.17157454004888312 
0.07375283410530652 0.20744692622994074 
0.07393651643994946 0.20608673112788797 
0.07393651643994946 0.20608673112788797 
0.0826290323973353 0.23529485010766737 
0.0857431769321813 0.14550067619108656 
0.08193905440237995 0.15330120123719349 
0.08037518701628622 0.15560149815807142 
0.06672019821753819 0.19382069700153162 
0.06672019821753819 0.19382069700153162 
0.08155053901897932 0.16693651105950028 
0.07931985569595079 0.19162205999413384 
0.08890186587905331 0.20561612929789633 
0.08890186587905331 0.20561612929789633 
0.09193616868367235 0.20609304570275516 
0.09796385264047333 0.2145708382243952 
0.09796385264047333 0.2145708382243952 
0.11167102937308174 0.21579150700821545 
0.11167102937308174 0.21579150700821545 
0.11758861604906412 0.22186330859802622 
0.12281272160198563 0.20573442523050595 
0.11602205780684718 0.21567392990635376 
0.11583576498607132 0.21683424480858368 
0.11583576498607132 0.21683424480858368 
0.11583576498607132 0.21683424480858368 
0.1265748525095508 0.24815035802009242 
0.1265748525095508 0.24815035802009242 
0.15326336431918186 0.17110974914801536 
0.10293574654472026 0.1752984349152932 
0.11394210004732488 0.1956138195325975 
0.1355504545723964 0.15296923122135725 
0.11426797874560804 0.14788494747797848 
0.06987873476663249 0.10287461722564983 
0.0862935083071976 0.120000704675438 
0.0990117070988112 0.14551019215194835 
0.09630776935927066 0.18362020077310862 
0.06416559865101118 0.15889779854833733 
0.06476596085874389 0.1286122112309344 
0.06295862527220952 0.12023498478113821 
0.06295862527220952 0.12023498478113821 
0.09573170255028754 0.1900857003597039 
0.09073451858821151 0.1966967745719458 
0.10666198454737232 0.15745667538847236 
0.17396533112727092 0.20972441181215248 
0.17396533112727092 0.20972441181215248 
0.17396533112727092 0.20972441181215248 
0.1365427856239939 0.16182571704206541 
0.13794410911454544 0.1610567065016231 
0.1434344573844456 0.15299435690064855 
0.13878452924419382 0.12423175577857988 
0.1368192397056731 0.11118717976229384 
0.12758739300907784 0.13053587224230953 
0.13631305253789391 0.1414307350530555 
0.13631305253789391 0.1414307350530555 
0.13631305253789391 0.1414307350530555 
0.14822492530585496 0.13764174745689164 
0.1468881569668707 0.13828989609439934 
0.14320436498708317 0.10490949643614136 
0.15549485879631555 0.0947190596553778 
0.14722090466663262 0.09784895204104796 
0.14722090466663262 0.09784895204104796 
0.14722090466663262 0.09784895204104796 
0.14722090466663262 0.09784895204104796 
0.14722090466663262 0.09784895204104796 
0.12276009046370996 0.14742917463808095 
0.12276009046370996 0.14742917463808095 
0.09788025081215837 0.12062540362123395 
0.0934702667040776 0.10629091927265807 
0.0934702667040776 0.10629091927265807 
0.08117059128432166 0.13801281135644908 
0.12077695709395417 0.14996531401688268 
0.06379797353432376 0.19518779777895956 
0.06379797353432376 0.19518779777895956 
0.18013392146044968 0.18882275596521267 
0.16339982360387767 0.16386130310371638 
0.08483005310613924 0.18902543267988958 
0.08483005310613924 0.18902543267988958 
0.0703080682280103 0.18225840833312262 
0.08192561552903664 0.20361495441817334 
0.12374262638546728 0.2032207674038125 
0.11790902195710186 0.15535013166119546 
0.11701785505428358 0.15457689836946886 
0.10268478761855543 0.1838310436947064 
0.14934982143055683 0.17357369552174962 
0.15368165572293893 0.1669509181253372 
0.16394116680765078 0.15324856313751628 
0.06619647658091608 0.1748197772237608 
0.1032345947452046 0.16876642116614476 
0.10790866127021793 0.231917199888886 
0.10790866127021793 0.231917199888886 
0.10926545343290044 0.23610436893757697 
0.10036032635563243 0.2461145897963039 
0.10862003192187397 0.2212042817304421 
0.10862003192187397 0.2212042817304421 
0.10862003192187397 0.2212042817304421 
0.10838621462310775 0.22085731750527948 
0.10967344132195748 0.22257485643104183 
0.10967344132195748 0.22257485643104183 
0.09827048961724995 0.20476149908196883 
0.10603453847950939 0.18844589427904468 
0.13094826865216888 0.17328194888162604 
0.14105454757668137 0.14256410269482683 
0.14164456199979528 0.14235860995930602 
0.14164456199979528 0.14235860995930602 
0.13293932837676545 0.10303184506264373 
0.13322922599891635 0.10141653641076939 
0.13322922599891635 0.10141653641076939 
0.12220822068886113 0.1365650854287281 
0.1005302357688013 0.11072309930528042 
0.1005302357688013 0.11072309930528042 
0.10819929572158943 0.12050994819883959 
0.10502306782835205 0.11064395374230492 
0.10414701380666792 0.11091470129272708 
0.10338883875812346 0.10587768222743599 
0.10338883875812346 0.10587768222743599 
0.11560343646056156 0.11247249439380516 
0.11560343646056156 0.11247249439380516 
0.11560343646056156 0.11247249439380516 
0.1243855017360056 0.14790466526392268 
0.12042413262051026 0.1426483446610316 
0.07330331401213384 0.1411220504929413 
0.07330331401213384 0.1411220504929413 
0.07330331401213384 0.1411220504929413 
0.07330331401213384 0.1411220504929413 
0.07330331401213384 0.1411220504929413 
0.080672309167421 0.2139085021343316 
0.13893202904848495 0.16619333763612884 
0.12594194429091854 0.21785187553442042 
0.12594194429091854 0.21785187553442042 
0.141226412732558 0.25493371917870455 
0.141226412732558 0.25493371917870455 
0.141226412732558 0.25493371917870455 
0.141226412732558 0.25493371917870455 
0.141226412732558 0.25493371917870455 
0.141226412732558 0.25493371917870455 
0.1402577710743387 0.2456782570012823 
0.15696839740296176 0.24829099325368875 
0.15696839740296176 0.24829099325368875 
0.14574907292451103 0.1994776882583113 
0.17517512266437196 0.1861126819875619 
0.1386673285265771 0.174054423470852 
0.15616117418927467 0.2024071533795576 
0.1317733582422432 0.1953421181442705 
0.1317733582422432 0.1953421181442705 
0.12669054795047008 0.19534078274968203 
0.1287840971356668 0.19104945369893384 
0.09092841569947473 0.19033462188637643 
0.1590526155266565 0.2046188978308297 
0.1733833056326806 0.2345171029644167 
0.15676059526752587 0.221151117885957 
0.16033074714111958 0.23810649334220627 
0.15937021277045774 0.2443813284483721 
0.15937021277045774 0.2443813284483721 
0.13287374022351514 0.15835709711931104 
0.15403296590644128 0.13822680299743967 
0.15403296590644128 0.13822680299743967 
0.15403296590644128 0.13822680299743967 
0.12490452975678953 0.1407290047273825 
0.1400158906645905 0.11777133904764042 
0.1400158906645905 0.11777133904764042 
0.1400158906645905 0.11777133904764042 
0.1441424169906033 0.11372900776405473 
0.1441424169906033 0.11372900776405473 
0.1441424169906033 0.11372900776405473 
0.1571953149946797 0.12972442134743895 
0.1566794921927288 0.13573482568956222 
0.1591858893182973 0.14817951911233596 
0.16024789433370903 0.14978412774814437 
0.1264174471453407 0.16836703267389394 
0.11284509518707471 0.1676475741219902 
0.15610991452870726 0.17294450629918778 
0.13814404764117422 0.17327997714876855 
0.17882915479882072 0.17235126746897794 
0.13059051261455198 0.2142019454105545 
0.10640590439149977 0.2118982683174423 
0.1048186879564378 0.21253534154425724 
0.1048186879564378 0.21253534154425724 
0.16010016591287887 0.19748402747627553 
0.16035213675662116 0.19773639783596408 
0.16035213675662116 0.19773639783596408 
0.1697500113320607 0.16423434383548943 
0.06302369757724062 0.18313610788442516 
0.14453119382098734 0.21693159783191018 
0.12395756866877433 0.21863442288187673 
0.12041141537639297 0.2102275876425302 
0.12325020876875621 0.22103045144502823 
0.11510044510271124 0.20266275365399763 
0.17935785691246792 0.21547704839851461 
0.16973726389287247 0.21617063193518038 
0.18067768416214908 0.20974607633503672 
0.18067768416214908 0.20974607633503672 
0.12547538366058214 0.1643798920989431 
0.10732625501909104 0.19202633110926823 
0.1413869859918077 0.18972821614346796 
0.07606381311050078 0.1925249357879259 
0.08002505884799752 0.22847202090703184 
0.14902066721963003 0.18391094829218052 
0.08392173021159388 0.1853396938414217 
0.08088582029174936 0.17537141472012469 
0.11139561667985319 0.17174573855711678 
0.16293784411380424 0.19086878457233597 
0.09914213890571942 0.16144020505323237 
0.08852370093664629 0.15880556556617575 
0.10583229277018562 0.1743363987289261 
0.15488701933076954 0.16705998371479389 
0.17320443814990333 0.15212750795367222 
0.14964595682432447 0.16721513723193213 
0.11671879359293122 0.19688736808035007 
0.13000997340983592 0.16029873938228112 
0.13887942401760586 0.18490858569587493 
0.09558392254931852 0.15080648203009603 
0.15529898954115343 0.2067292442944084 
0.14856800562406192 0.20246013914965974 
0.13747501907429094 0.22398261477093773 
0.13747501907429094 0.22398261477093773 
0.13409625321622398 0.22274267207131823 
0.12563850117625042 0.1702207347800409 
0.13072873129227774 0.2264328530070051 
0.1361472753071425 0.252184359193871 
0.10926427875067288 0.20678204784884816 
0.12948483744236744 0.2352381157983076 
0.14417118511614146 0.25148824052658003 
0.14417118511614146 0.25148824052658003 
0.15387215531810744 0.25485788515890406 
0.15171566608734632 0.2517714297008301 
0.15171566608734632 0.2517714297008301 
0.15055523884571517 0.22664455524090202 
0.15696092880335516 0.22839965678783541 
0.14850852712207832 0.17056382616062088 
0.07435201761533458 0.18501820777546307 
0.1214406966844772 0.1865578802276844 
0.12210822647138493 0.18266136983106546 
0.11989965346022526 0.18202618229928616 
0.08389413628302504 0.17099938273266388 
0.17043270106995448 0.18508190079089373 
0.15003371017739697 0.16602692130458682 
0.15350002050366857 0.16129919860669426 
0.07916231652823814 0.16727091448846115 
0.1274909597251011 0.18915765180922006 
0.12452948368142694 0.15413386521347672 
0.1264164228311672 0.17417859495577928 
0.12950778366628324 0.14715934735058164 
0.12601300715892896 0.12414467893223527 
0.12601300715892896 0.12414467893223527 
0.11713710569884038 0.13954820147996405 
0.12007059548210235 0.13612831382431473 
0.13492345989981497 0.19301482481191598 
0.17607149524747745 0.1924173490143609 
0.07902041727020195 0.14965973218181156 
0.07902041727020195 0.14965973218181156 
0.14407569790086955 0.18004638855419233 
0.07241663389442905 0.18042946466331747 
0.1758327579233677 0.19146438300216942 
0.14480698947077766 0.19187515946985026 
0.1436295838044758 0.1896058387762032 
0.16497169735025535 0.21103946752048272 
0.16497169735025535 0.21103946752048272 
0.16497169735025535 0.21103946752048272 
0.10046863697634009 0.17049344795217702 
0.07300469622595773 0.11894209077337572 
0.11206227478835434 0.15542173755879637 
0.0971333111479738 0.1581519534306492 
0.0971333111479738 0.1581519534306492 
0.15302405340088057 0.18205790134622823 
0.12915752811161352 0.21116353782317904 
0.133319837939853 0.1609636788844352 
0.133319837939853 0.1609636788844352 
0.14585284105822535 0.2009896994033309 
0.15931806616891714 0.1528257010656029 
0.16586418472320416 0.17596827953481023 
0.10979371799536305 0.17497365552110183 
0.08138684437634622 0.1914241972217045 
0.16955128879833434 0.18250650243242436 
0.08807729099257235 0.18302314240419623 
0.17235460354574603 0.16125851036509492 
0.07899746633590098 0.1895534699691286 
0.1435599371897543 0.21649221578982847 
0.13845961230988246 0.2545422303478424 
0.13845961230988246 0.2545422303478424 
0.14134552349877466 0.2400894354395448 
0.16211044308027933 0.22588973113469743 
0.16684816423660623 0.23167255307963694 
0.1770239025330913 0.2500188248168722 
0.1770239025330913 0.2500188248168722 
0.1770239025330913 0.2500188248168722 
0.1770239025330913 0.2500188248168722 
0.1770239025330913 0.2500188248168722 
0.1770239025330913 0.2500188248168722 
0.1733202108084914 0.24458732944880102 
0.1494025228827671 0.18137649034739511 
0.11265086361117378 0.16645718477196286 
0.07125026622824704 0.20027013315814418 
0.07700792295311681 0.20224239128188184 
0.178552230116699 0.20653858642212997 
0.1456485529261997 0.19183980551177068 
0.06752410865009346 0.19659437580718675 
0.08888847135402646 0.17983285463826507 
0.08789307474827006 0.15598684181473377 
0.08744441935168959 0.15545585604760592 
0.09851895415380958 0.11224744451654894 
0.09851895415380958 0.11224744451654894 
0.11423332402873587 0.11863811238819073 
0.0934440658196571 0.1143611939515739 
0.09337482328214329 0.11261096960075874 
0.09337482328214329 0.11261096960075874 
0.09337482328214329 0.11261096960075874 
0.09332873610041004 0.1131755649691052 
0.09333308139684085 0.11320171803120409 
0.09224505942360695 0.11663737901725323 
0.09224505942360695 0.11663737901725323 
0.07719854885195264 0.19680143258031638 
0.0990202021025261 0.17059121137104918 
0.13420119515074405 0.18251043695971206 
0.06402916290919934 0.19927466114472348 
0.07247926682684978 0.19135307777512117 
0.10111637240291743 0.20604654352886223 
0.07872830494104184 0.18803403083983558 
0.10633036327120787 0.20285680356899458 
0.10633036327120787 0.20285680356899458 
0.11188717311555302 0.19860910768162582 
0.1115455774500024 0.16586641309554542 
0.1630246050873282 0.15152185476162833 
0.1630246050873282 0.15152185476162833 
0.14583592809812213 0.19524669415362386 
0.14583592809812213 0.19524669415362386 
0.1578965090753565 0.21509130705753193 
0.17937800301209122 0.21114078275337964 
0.17937800301209122 0.21114078275337964 
0.17937800301209122 0.21114078275337964 
0.09470085149598438 0.21552093916139603 
0.09470085149598438 0.21552093916139603 
0.06272615133534054 0.1585593750138422 
0.10464022709887412 0.19634613086336433 
0.0783465975587316 0.2456159967110151 
0.0783465975587316 0.2456159967110151 
0.0783465975587316 0.2456159967110151 
0.0783465975587316 0.2456159967110151 
0.0783465975587316 0.2456159967110151 
0.0783465975587316 0.2456159967110151 
0.07877827415650146 0.25572645235369995 
0.07877827415650146 0.25572645235369995 
0.07877827415650146 0.25572645235369995 
0.07877827415650146 0.25572645235369995 
0.1091687561544245 0.2368289081754598 
0.1091687561544245 0.2368289081754598 
0.10188156157644529 0.2154021683026706 
0.11561110856352172 0.22568125393847482 
0.10552317050304015 0.22975158003833568 
0.10552317050304015 0.22975158003833568 
0.09400372208753094 0.25082831679254786 
0.09318188263282881 0.20841530942781392 
0.10619090010184322 0.21003632544720446 
0.07187330866860897 0.17090812303390931 
0.07338192957813273 0.22006049593723526 
0.06993259284592586 0.2505600727946802 
0.06993259284592586 0.2505600727946802 
0.06993259284592586 0.2505600727946802 
0.06993259284592586 0.2505600727946802 
0.06993259284592586 0.2505600727946802 
0.06993259284592586 0.2505600727946802 
0.07823917073759089 0.24737999164288973 
0.07823917073759089 0.24737999164288973 
0.07823917073759089 0.24737999164288973 
0.07941717766804103 0.24368217522805435 
0.07941717766804103 0.24368217522805435 
0.07941717766804103 0.24368217522805435 
0.07941717766804103 0.24368217522805435 
0.07941717766804103 0.24368217522805435 
0.07941717766804103 0.24368217522805435 
0.06503666637731977 0.242775439221629 
0.06503666637731977 0.242775439221629 
0.06503666637731977 0.242775439221629 
0.06503666637731977 0.242775439221629 
0.06620012946864066 0.24128491077308212 
0.06620012946864066 0.24128491077308212 
0.06284078303907659 0.24861194410099144 
0.0861461813295599 0.23014460633592815 
0.07909031883172851 0.18781228789586035 
0.06230575297404806 0.19879356315378588 
0.06230575297404806 0.19879356315378588 
0.09872177154454416 0.1558736992920261 
0.0998057384664379 0.14212798806640284 
0.09048405861330097 0.14184824831250026 
0.0897056525506648 0.14017512460565962 
0.0897056525506648 0.14017512460565962 
0.06822538932758479 0.212917295232957 
0.06822538932758479 0.212917295232957 
0.06822538932758479 0.212917295232957 
0.06822538932758479 0.212917295232957 
0.06822538932758479 0.212917295232957 
0.09877160865861569 0.21473508465097704 
0.09877160865861569 0.21473508465097704 
0.09273781333800027 0.20318065744836225 
0.1439068905632368 0.17580938728487258 
0.15124701317718894 0.16514406812609875 
0.162118625096054 0.17732664207524107 
0.14911215460074445 0.16573747981556072 
0.07635373378455972 0.1806976755056068 
0.11198830990758178 0.20351281556771134 
0.10544845904272435 0.21080714501940873 
0.08202352141056393 0.2196728760886537 
0.08202352141056393 0.2196728760886537 
0.08202352141056393 0.2196728760886537 
0.16403675533135112 0.22341192724970546 
0.18036421816672643 0.22194082885491043 
0.18036421816672643 0.22194082885491043 
0.14333420070761496 0.22678135076863465 
0.14494031861736137 0.23598614782678376 
0.1470582019751756 0.21886280803508262 
0.15146213488779614 0.2368021482594519 
0.15258571217121522 0.25637206080777053 
0.13855357439415925 0.2509440628367793 
0.13855357439415925 0.2509440628367793 
0.135569227656127 0.189849337210486 
0.10244339692150839 0.2056403627367117 
0.09470702781730066 0.19273018889193466 
0.09477923227865873 0.21055377870669367 
0.10092126057562249 0.23032863210449903 
0.10092126057562249 0.23032863210449903 
0.10838900933665377 0.22391289246169233 
0.09399174618466241 0.15235366814064955 
0.08782034698830095 0.14472712835064958 
0.08569359596000123 0.13953378671968625 
0.08569359596000123 0.13953378671968625 
0.08746810048228337 0.13655003313146813 
0.08967421202553233 0.13318797175143143 
0.08967421202553233 0.13318797175143143 
0.08967421202553233 0.13318797175143143 
0.08967421202553233 0.13318797175143143 
0.08865462084106349 0.13042571684103668 
0.08865462084106349 0.13042571684103668 
0.08199013660622355 0.1058888450192966 
0.0941887303414628 0.10551560656250046 
0.06981963568553612 0.10679876271095202 
0.06981963568553612 0.10679876271095202 
0.0910511796298942 0.12554283984095083 
0.08571055042280083 0.12487261889198456 
0.08590194503996205 0.12427126932040536 
0.1076411981443906 0.13029442751794387 
0.09011955307962317 0.11851037501222456 
0.0889507728885394 0.11819079398566566 
0.08830447415309012 0.1183639227403882 
0.08830447415309012 0.1183639227403882 
0.08830318174839746 0.1183887129749719 
0.08830318174839746 0.1183887129749719 
0.12402608948229363 0.1690337606818461 
0.10343366843203915 0.18457703718671428 
0.06093262829664402 0.17894369683685293 
0.14481271922506467 0.1550705181784324 
0.0764770732868899 0.17836732538325709 
0.07024145142551202 0.1801708090560222 
0.18009700474211254 0.17435809635130614 
0.10454556433649499 0.18614416852150528 
0.1694949124925356 0.18867932381587893 
0.11137200016505658 0.15906532478431487 
0.1368814547859296 0.14053567066991962 
0.13081198668688138 0.1457589922385659 
0.1709886327239037 0.1454730891906041 
0.17356188093380093 0.13887306126491905 
0.17356188093380093 0.13887306126491905 
0.17356188093380093 0.13887306126491905 
0.13276146073976558 0.1676241896791349 
0.10727481402475914 0.17356523223357764 
0.13502902981865142 0.16957039361937176 
0.1221945270350677 0.17737473238588589 
0.07834934936167853 0.19270142653151145 
0.12244351782526139 0.18715513966583938 
0.10497465752848145 0.22891282330735807 
0.12200511055152952 0.22670423642336082 
0.1218517143502656 0.23095974421854149 
0.16443448453316584 0.24365841819885697 
0.16443448453316584 0.24365841819885697 
0.15725338360981184 0.231520180675574 
0.15725338360981184 0.231520180675574 
0.1597926743033868 0.23197178887685946 
0.1597926743033868 0.23197178887685946 
0.1571258167592332 0.23228299754625015 
0.1571258167592332 0.23228299754625015 
0.1571258167592332 0.23228299754625015 
0.15915170403222237 0.22826345372526105 
0.16254963994090535 0.23201781233885876 
0.16254963994090535 0.23201781233885876 
0.1628772885082435 0.22852391179736692 
0.1628772885082435 0.22852391179736692 
0.1516818839617723 0.21913459417488965 
0.1516818839617723 0.21913459417488965 
0.1516818839617723 0.21913459417488965 
0.1516818839617723 0.21913459417488965 
0.15732706225637455 0.2059027762847808 
0.10497299812293391 0.22412846024902816 
0.07646684147522127 0.20949545175963558 
0.10826501516555097 0.19371219804864054 
0.16893953551750268 0.14891841851818136 
0.16893953551750268 0.14891841851818136 
0.17629156638746168 0.10783494366062105 
0.1800053725329395 0.10677596847761964 
0.1800053725329395 0.10677596847761964 
0.1800053725329395 0.10677596847761964 
0.17213502316909696 0.1137643523216228 
0.11861087312131122 0.12325460498978988 
0.11861087312131122 0.12325460498978988 
0.11761624873105883 0.12266886445625858 
0.11804003173612998 0.12700157676139168 
0.11804003173612998 0.12700157676139168 
0.109866469385203 0.1286034708486417 
0.10801735338375831 0.11815585865821177 
0.10801735338375831 0.11815585865821177 
0.10801735338375831 0.11815585865821177 
0.10797854507655649 0.11853357026293602 
0.10797854507655649 0.11853357026293602 
0.10731475728154202 0.11920098383753391 
0.10731475728154202 0.11920098383753391 
0.10946456324021779 0.13477097506237062 
0.08174424423317769 0.10816307093329368 
0.10330618801433816 0.13453932543091562 
0.10782093568931904 0.14062568343967508 
0.14333311667531773 0.1697276345340149 
0.1370636093481311 0.18347890584829177 
0.07690783601916122 0.16916804915484682 
0.06075977803480949 0.16017898691465104 
0.06075977803480949 0.16017898691465104 
0.17922324872022827 0.18108625582959004 
0.095911657630632 0.16106637858167636 
0.0918208446092093 0.15769891190488455 
0.10433570274062567 0.14944366297473602 
0.16808961808044187 0.16519891784580432 
0.10351587595711623 0.1926425650462994 
0.1006737265862752 0.18295681508882644 
0.07569295818645652 0.2105640704669261 
0.09577519842413026 0.20175697017582603 
0.09551075691097524 0.20162017257843118 
0.15008427221228995 0.203148361906419 
0.0766661291176888 0.17522644960270584 
0.10075026699728071 0.16904852185355748 
0.1368052727792439 0.18321855024610845 
0.08915180704407928 0.16989309718367673 
0.13146431621570676 0.1985496286390657 
0.11368682028779287 0.20946634535374084 
0.09671964885711629 0.21719440304565385 
0.10451758450971332 0.22325973964763723 
0.11779198056195897 0.21292168731860237 
0.11779198056195897 0.21292168731860237 
0.11779198056195897 0.21292168731860237 
0.15889900770688192 0.21327717138959565 
0.15889900770688192 0.21327717138959565 
0.16121834851434638 0.20059917535634011 
0.11178256334080351 0.16375521433752116 
0.11178256334080351 0.16375521433752116 
0.13385973660180822 0.19544319106917157 
0.15705265178889155 0.1605131549349576 
0.12408476044343524 0.18675554649140827 
0.14251092533796816 0.17018861437784438 
0.1264885921454387 0.1675571545200502 
0.12691689111572962 0.15127926842581157 
0.12699974641360634 0.15096041219284567 
0.09177639616582636 0.167700383998527 
0.17336713403004117 0.17237067976761936 
0.11338639753207577 0.1728919555782962 
0.07794038318344955 0.19215513819038565 
0.07829072730285891 0.17228488387548269 
0.07908835922300439 0.2009421566485155 
0.09794022822983439 0.2057778447033637 
0.07483135454700887 0.22836033813893275 
0.07483135454700887 0.22836033813893275 
0.07483135454700887 0.22836033813893275 
0.07483135454700887 0.22836033813893275 
0.07483135454700887 0.22836033813893275 
0.07766196957018619 0.22680801792457034 
0.07766196957018619 0.22680801792457034 
0.08303213667226023 0.234902205687522 
0.08303213667226023 0.234902205687522 
0.08303213667226023 0.234902205687522 
0.09266634954564985 0.22703622108069393 
0.10153158204790644 0.23007534813111688 
0.07659956273682113 0.23021462017070696 
0.10067168150281244 0.21521585992637834 
0.12186655440404376 0.16524330102840581 
0.17056797961192 0.17714766308933735 
0.12495596759358568 0.18024576770233341 
0.10088367394458336 0.14146960870934583 
0.10088367394458336 0.14146960870934583 
0.0699286767798284 0.1334228619174025 
0.0699286767798284 0.1334228619174025 
0.07119136421128072 0.1267330539754569 
0.07119136421128072 0.1267330539754569 
0.07119136421128072 0.1267330539754569 
0.09029915927173252 0.1335677354456911 
0.09029915927173252 0.1335677354456911 
0.09029915927173252 0.1335677354456911 
0.08496417663753902 0.12971971942429714 
0.08476019066238301 0.12575340655013145 
0.08476019066238301 0.12575340655013145 
0.08476019066238301 0.12575340655013145 
0.08476019066238301 0.12575340655013145 
0.08476019066238301 0.12575340655013145 
0.08007017968631865 0.13242057651797318 
0.07592760995787953 0.11177072909971025 
0.07592760995787953 0.11177072909971025 
0.07592760995787953 0.11177072909971025 
0.07104923962443277 0.10710729675777263 
0.07104923962443277 0.10710729675777263 
0.07104923962443277 0.10710729675777263 
0.07104923962443277 0.10710729675777263 
0.06739252557735921 0.10429065825513649 
0.09522727923703489 0.11257255789644645 
0.09522727923703489 0.11257255789644645 
0.09522727923703489 0.11257255789644645 
0.09069871461371463 0.1228177311650078 
0.09178200285361929 0.12888626094869313 
0.15259799783838912 0.17498906786763768 
0.15921419639338902 0.19396833893605514 
0.16447455138251485 0.19904511121341703 
0.16447455138251485 0.19904511121341703 
0.16056684724717113 0.19776280171807595 
0.17502116915074398 0.2451864513002338 
0.17502116915074398 0.2451864513002338 
0.17502116915074398 0.2451864513002338 
0.17502116915074398 0.2451864513002338 
0.16704025901016004 0.23618684955924196 
0.10500228026724132 0.18916273049320184 
0.15455515133012188 0.16782920754314798 
0.12122634635235167 0.15338900214790047 
0.10022365080327793 0.14254545187247214 
0.10022365080327793 0.14254545187247214 
0.10022365080327793 0.14254545187247214 
0.13330160165592206 0.2020986944391142 
0.14599365416972152 0.17848875929049982 
0.12604486927769595 0.20175050230362188 
0.11663657583820107 0.189716823615994 
0.17540036811253595 0.16840815199000195 
0.1678149385387253 0.1547000187843808 
0.1678149385387253 0.1547000187843808 
0.14534951360293397 0.18347026498576757 
0.11702921165141761 0.23939957317794827 
0.1052245052545737 0.22925352871555 
0.1052245052545737 0.22925352871555 
0.1263212170741276 0.2530691199152589 
0.12442558078583367 0.25290985959916107 
0.12025700153077293 0.25305460924578976 
0.12025700153077293 0.25305460924578976 
0.16404542147739357 0.16062367491199714 
0.16588573296406192 0.15361888893052067 
0.16588573296406192 0.15361888893052067 
0.08143947869036863 0.21648507488417387 
0.07040301888915686 0.2322750775314567 
0.07169873948412973 0.2295174462368052 
0.07169873948412973 0.2295174462368052 
0.07169873948412973 0.2295174462368052 
0.07169873948412973 0.2295174462368052 
0.08548331518960237 0.21412210528530798 
0.08548331518960237 0.21412210528530798 
0.17601270575726274 0.20439561454078395 
0.06669690935005575 0.15680375549565156 
0.06669690935005575 0.15680375549565156 
0.08406417590245202 0.1759369245529931 
0.07714842013991131 0.19975589410595393 
0.17457760623413177 0.2359256111433295 
0.16770150133460224 0.2222279478219208 
0.17966640848273238 0.23870060631362472 
0.17966640848273238 0.23870060631362472 
0.09396442015455736 0.203912214684677 
0.10777397746619867 0.17549649532965536 
0.13362571419332978 0.16606469432002607 
0.16423474475920166 0.183050930034457 
0.12615579629174772 0.16529722272001457 
0.08887224036397565 0.18671734218851627 
0.17616776396106013 0.15986718985335607 
0.15026917780728022 0.22897139262009494 
0.16919128448589743 0.2354730662919823 
0.16919128448589743 0.2354730662919823 
0.16919128448589743 0.2354730662919823 
0.16919128448589743 0.2354730662919823 
0.16904899952394267 0.24682727214127886 
0.16709886011670966 0.23827803030646572 
0.16933324824545481 0.23863279090594014 
0.1705334554167529 0.23839757656172886 
0.1705334554167529 0.23839757656172886 
0.14759393522900627 0.2281743718622561 
0.14069565697901731 0.22454734476157803 
0.14298855985533074 0.210355653833303 
0.1421383149135262 0.20928693603128273 
0.14192742388454788 0.2084015330940011 
0.13266829380715597 0.1624063188774881 
0.14601913519886198 0.17653588217795987 
0.11809529390093468 0.13361684083331693 
0.11809529390093468 0.13361684083331693 
0.11809529390093468 0.13361684083331693 
0.15524238686675446 0.16256619214350573 
0.1542868552581265 0.16397401352219293 
0.06523322507555843 0.2216780039253144 
0.06311132360816256 0.2220103753894536 
0.16709667410585557 0.15118807458145986 
0.14967487848933775 0.18541918760748125 
0.14274492767999053 0.17904450094127747 
0.16996630901585041 0.174781944578284 
0.07677093439932377 0.171357510083996 
0.08520901203197678 0.22647993450410162 
0.1392931007327412 0.2229857910484529 
0.17577020656987474 0.25490640253865415 
0.11492726688773275 0.18330086301918147 
0.06286415809179186 0.15355032370745966 
0.10299465109410212 0.13212612152716943 
0.10046607775566826 0.12055586373729342 
0.09411010048020269 0.16112255713536097 
0.17228055301240014 0.17050173874857424 
0.09376291178839516 0.21445016635804592 
0.0676129687905863 0.20578306768257276 
0.09591311647203125 0.19022446036903617 
0.14581334123841241 0.18462919710619607 
0.10801541930076493 0.16782240940994375 
0.07075551652616163 0.2380143377676859 
0.0774672766990623 0.22145159248733332 
0.0818421219328984 0.22435918677073644 
0.0818421219328984 0.22435918677073644 
0.0818421219328984 0.22435918677073644 
0.0818421219328984 0.22435918677073644 
0.0818421219328984 0.22435918677073644 
0.0818421219328984 0.22435918677073644 
0.0818421219328984 0.22435918677073644 
0.0818421219328984 0.22435918677073644 
0.08843401711508439 0.21955019932970862 
0.08843401711508439 0.21955019932970862 
0.08734828893239902 0.20806577608188254 
0.08734828893239902 0.20806577608188254 
0.08707800319068668 0.22000378761415396 
0.09230478831689795 0.1769514027922518 
0.08876709843341907 0.17459148156372514 
0.09474882194318177 0.1857020231999374 
0.1739132820179196 0.17973408270754104 
0.17824384928490888 0.18188705096747898 
0.07283591716003296 0.18344824280408945 
0.13126181858951735 0.18791869500942984 
0.13126181858951735 0.18791869500942984 
0.11530995222659804 0.1726025042273852 
0.11306404697108925 0.17637371835222362 
0.12413129316943079 0.14913507149494043 
0.12810012272232887 0.18332597032216907 
0.12292165564539517 0.21232835684859916 
0.10088001632037077 0.16895002958630725 
0.17559489298291575 0.20088028997127685 
0.08373467129989744 0.2011434758912406 
0.06277207790331693 0.21027020027653928 
0.15725378816257113 0.1944920736430983 
0.07807743331752669 0.1756256559260278 
0.09584620405720051 0.17719298629256208 
0.15605253330761837 0.1815658442211878 
0.11773950157352675 0.19693833942480057 
0.10566257470922999 0.17856709297609194 
0.1407472620543671 0.18755537252607848 
0.1665571642744701 0.18659538152511693 
0.08561093064268094 0.15600024465308365 
0.1488098879062061 0.17784065130905694 
0.14837888711038877 0.13360017245063344 
0.13649313433784038 0.13413135461115994 
0.13649313433784038 0.13413135461115994 
0.1394364163336633 0.14149484096896775 
0.09923958276222188 0.13936643083837644 
0.09923958276222188 0.13936643083837644 
0.11361448607726135 0.13493848730988067 
0.11361448607726135 0.13493848730988067 
0.121618746978485 0.14063804474193894 
0.12623957258849303 0.13420389997794716 
0.1269021106707082 0.12736488829845796 
0.14082975357281893 0.11694454127258873 
0.1415349039073629 0.1048959112135043 
0.14057940208887626 0.11334151976286935 
0.13267320347893255 0.1214195628851182 
0.13189800777230323 0.124412241845155 
0.13189800777230323 0.124412241845155 
0.13189800777230323 0.124412241845155 
0.13189800777230323 0.124412241845155 
0.13189800777230323 0.124412241845155 
0.12994545577925515 0.15906701806153978 
0.1319954103688144 0.15878173512613647 
0.17444567806749461 0.11923447531100127 
0.17444567806749461 0.11923447531100127 
0.1545238672377006 0.1451038581145735 
0.15289031920917523 0.1492029131362889 
0.1812890037244409 0.13641530191159906 
0.1812890037244409 0.13641530191159906 
0.1812890037244409 0.13641530191159906 
0.1812890037244409 0.13641530191159906 
0.1720759440210616 0.1607093384549251 
0.17044281313502857 0.1539998805126499 
0.11330734476580301 0.22069804016850247 
0.10328924360033416 0.2293487299976894 
0.10328924360033416 0.2293487299976894 
0.10328924360033416 0.2293487299976894 
0.10185777224493645 0.23084489805510275 
0.10185777224493645 0.23084489805510275 
0.10185777224493645 0.23084489805510275 
0.10185777224493645 0.23084489805510275 
0.10185777224493645 0.23084489805510275 
0.15137874333983692 0.19294929281043152 
0.09820720558841002 0.1715045361977837 
0.10901635361814446 0.17544018029501324 
0.0970970854928444 0.180362148141327 
0.14125269317445038 0.16429525745593368 
0.15884564551227925 0.13939405928333415 
0.15884564551227925 0.13939405928333415 
0.18068215125038894 0.11679718577180545 
0.18068215125038894 0.11679718577180545 
0.18068215125038894 0.11679718577180545 
0.18068215125038894 0.11679718577180545 
0.18068215125038894 0.11679718577180545 
0.18068215125038894 0.11679718577180545 
0.18068215125038894 0.11679718577180545 
0.17241355286859683 0.1270137846894192 
0.16988144169523506 0.1267390964346322 
0.1599484345534719 0.12225567341368762 
0.1599484345534719 0.12225567341368762 
0.1599484345534719 0.12225567341368762 
0.1603627121599443 0.13530017955893314 
0.12715110677956568 0.17329871876252995 
0.06839988372556753 0.21192407866990806 
0.097562363029598 0.18159109589445172 
0.08395185595679552 0.15880977537585048 
0.15786257779442653 0.1778104863114757 
0.12746727992916385 0.17773259633192265 
0.12326522926395617 0.17318180227444424 
0.16345316935559456 0.18425839594751123 
0.1212376820571574 0.18948892753355245 
0.15425863226438802 0.19494778211563704 
0.06569019332131903 0.17243322978772002 
0.0852391541416814 0.1783455052876225 
0.11195058831745414 0.16387710364871985 
0.11566114493257008 0.15212145134741875 
0.17683434043210497 0.16090020861820523 
0.16198971936028694 0.16045317620009308 
0.12002657344655339 0.18402621623676685 
0.14017645689678762 0.1671151053936731 
0.06440707144663231 0.1860227389159667 
0.06453684916054911 0.18616429479075203 
0.12718959380540334 0.1648723793220786 
0.12301243642145343 0.1515460805107253 
0.10110709033627961 0.1663701116471839 
0.12959949819049463 0.20194782131799288 
0.15220755676096354 0.24410785967325788 
0.15220755676096354 0.24410785967325788 
0.15220755676096354 0.24410785967325788 
0.15220755676096354 0.24410785967325788 
0.15220755676096354 0.24410785967325788 
0.1362960733563212 0.24753459625405555 
0.1362960733563212 0.24753459625405555 
0.1362960733563212 0.24753459625405555 
0.1362960733563212 0.24753459625405555 
0.13546556645822988 0.23468073793302896 
0.13739320505412936 0.2331773525073852 
0.13371401967767826 0.22984692870897058 
0.1591538967832533 0.2301035013132553 
0.1591538967832533 0.2301035013132553 
0.16403261859267446 0.24012619013715486 
0.07343031600041865 0.23217052541952193 
0.07343031600041865 0.23217052541952193 
0.13297615858428102 0.19935140041604266 
0.07815765456454646 0.16620766117510005 
0.06132087339632942 0.17815825974792407 
0.11514941951527591 0.1735913496555814 
0.17209000731055846 0.1776619982441621 
0.12657931688142762 0.14159150014644764 
0.12657931688142762 0.14159150014644764 
0.1332144377552671 0.1383581494743185 
0.13203307387635366 0.13813725930464668 
0.13203307387635366 0.13813725930464668 
0.12277822632066437 0.11513588335893538 
0.09733485784829203 0.0925711756070513 
0.09733485784829203 0.0925711756070513 
0.10598443439502694 0.10051578025676619 
0.10598443439502694 0.10051578025676619 
0.10598443439502694 0.10051578025676619 
0.1072749126294609 0.10325365542268906 
0.1072749126294609 0.10325365542268906 
0.1075739757810609 0.10212312455992988 
0.1075739757810609 0.10212312455992988 
0.10774180131246303 0.10920638969672475 
0.10774180131246303 0.10920638969672475 
0.1058200315708068 0.10067263442940452 
0.1058200315708068 0.10067263442940452 
0.1058200315708068 0.10067263442940452 
0.10545321133470315 0.11611017978991 
0.09964915752951586 0.1298968565025399 
0.09165901069876335 0.1241497299531851 
0.09109122839437911 0.12601638796633813 
0.09117781109046112 0.12850801480867619 
0.09117781109046112 0.12850801480867619 
0.08058314693366952 0.12026509653026828 
0.08058314693366952 0.12026509653026828 
0.09152139724350193 0.13268028311769037 
0.0980858349416816 0.1367228843649464 
0.09895712559539774 0.12262273251827974 
0.1052458456584546 0.1304700470708554 
0.10583231836494388 0.13015455348860386 
0.1054958664770598 0.13026231437613905 
0.1145634174540749 0.11268229309555054 
0.1145634174540749 0.11268229309555054 
0.1145634174540749 0.11268229309555054 
0.1145634174540749 0.11268229309555054 
0.11676292359726363 0.11118833855343171 
0.11676292359726363 0.11118833855343171 
0.11053572058530418 0.12116033017776481 
0.1262360388613384 0.12870097196358132 
0.1262360388613384 0.12870097196358132 
0.1262360388613384 0.12870097196358132 
0.11546471273400885 0.1397318401255105 
0.11314079187511111 0.14889807918223585 
0.0928778230985309 0.11448691983610443 
0.0928778230985309 0.11448691983610443 
0.09152790762953428 0.11990710378870192 
0.1032175466022025 0.1265463838615511 
0.10453322578226514 0.13547823734606498 
0.0997450755938436 0.11444657464920953 
0.0997450755938436 0.11444657464920953 
0.1007006507839478 0.11523741824380748 
0.1007006507839478 0.11523741824380748 
0.1097346471430426 0.11819067435320009 
0.1275950225149744 0.13072430079369377 
0.12681261993891407 0.1303679628105751 
0.12681261993891407 0.1303679628105751 
0.16499072568451872 0.11102627958427011 
0.15047642700473365 0.11403420655715035 
0.15047642700473365 0.11403420655715035 
0.15047642700473365 0.11403420655715035 
0.14564585067303878 0.10573752878737958 
0.14564585067303878 0.10573752878737958 
0.15453035199060738 0.10573908913208492 
0.15453035199060738 0.10573908913208492 
0.06607655885452085 0.1688938198972812 
0.12321617375899213 0.1632324390996712 
0.09441309614879106 0.19459697968407536 
0.15070599634373838 0.1848396463770224 
0.1312631834146205 0.17368354057520433 
0.14241401996611674 0.17271302470084668 
0.17143311117727342 0.18664499473547164 
0.1383523594417909 0.1561258458080959 
0.15734302589338764 0.1509825978466106 
0.1456864992049832 0.15818334460924138 
0.14794773856663554 0.13397228539783446 
0.1290253000631345 0.1454941081572534 
0.1290253000631345 0.1454941081572534 
0.12323288628780998 0.11249695464008863 
0.12323288628780998 0.11249695464008863 
0.12027291747029357 0.11103378264223712 
0.12119560976016056 0.11531419691833987 
0.12226601856616454 0.11643354122457567 
0.10116512856246306 0.10723958530095315 
0.11777756995105879 0.13957749446540066 
0.1101120733745615 0.13878324950505222 
0.1101120733745615 0.13878324950505222 
0.13683116018917615 0.1983811703367258 
0.12033159387667179 0.16262789949191356 
0.1410149719745055 0.1603140442940188 
0.1190586506689675 0.16569448339340354 
0.08705850065328564 0.1428364942996257 
0.08705850065328564 0.1428364942996257 
0.08705850065328564 0.1428364942996257 
0.09206548375052347 0.14645372509585122 
0.08682196244072425 0.15327251490266855 
0.08682196244072425 0.15327251490266855 
0.06315118910275155 0.17984512233066002 
0.0994709535526825 0.1969518147127586 
0.16559662545497267 0.17612568912643556 
0.16402090758534024 0.18690135831863708 
0.13487269038809854 0.17646118561590662 
0.1222351696369173 0.1790273919153718 
0.09160241877264498 0.1780149065315306 
0.12315954300457002 0.18246604589918 
0.1474860480498485 0.24546937620171924 
0.1625889726260274 0.24490987304046438 
0.1625889726260274 0.24490987304046438 
0.1625889726260274 0.24490987304046438 
0.1625889726260274 0.24490987304046438 
0.1625889726260274 0.24490987304046438 
0.15457642100077382 0.24586183168696052 
0.15046251095879198 0.2510125973572803 
0.15046251095879198 0.2510125973572803 
0.15046251095879198 0.2510125973572803 
0.15396847964417923 0.25192391533020747 
0.15396847964417923 0.25192391533020747 
0.11954906889746901 0.19102329124078032 
0.16938086443608305 0.17272875190426712 
0.1418701552465621 0.18733793983191824 
0.1195768757355365 0.18537334767957472 
0.13545381295054865 0.17147846004988718 
0.07054456384974613 0.1957528460550785 
0.1276013303048507 0.18583411406163877 
0.0948435620469654 0.18016945696935935 
0.0788491527344059 0.21175663720452104 
0.07879858170916856 0.21223006902080382 
0.06206007641321842 0.25109626013069086 
0.08136347856301748 0.1948490178402587 
0.13498555782195 0.1631717004594124 
0.1154222226590019 0.12887341252347662 
0.1154222226590019 0.12887341252347662 
0.11858416601791792 0.14865107238215497 
0.09232224061138586 0.1510790882815396 
0.1569262368335667 0.18338032947782862 
0.14903718507669023 0.20158760987320395 
0.0957525773672184 0.2350693296870808 
0.0957525773672184 0.2350693296870808 
0.0957525773672184 0.2350693296870808 
0.0995917921810626 0.23595010830426888 
0.0940487707894869 0.24984161960691267 
0.0940487707894869 0.24984161960691267 
0.0940487707894869 0.24984161960691267 
0.0940487707894869 0.24984161960691267 
0.0940487707894869 0.24984161960691267 
0.0940487707894869 0.24984161960691267 
0.0940487707894869 0.24984161960691267 
0.09608882182172965 0.24319815375189993 
0.07352730823847109 0.24980515184598592 
0.07352730823847109 0.24980515184598592 
0.07352730823847109 0.24980515184598592 
0.07352730823847109 0.24980515184598592 
0.07352730823847109 0.24980515184598592 
0.07352730823847109 0.24980515184598592 
0.07055485546414576 0.24868339010896895 
0.0695079029495946 0.2460607640543446 
0.0695079029495946 0.2460607640543446 
0.0695079029495946 0.2460607640543446 
0.0695079029495946 0.2460607640543446 
0.0695079029495946 0.2460607640543446 
0.0695079029495946 0.2460607640543446 
0.06952169146469635 0.24587831003473662 
0.06952169146469635 0.24587831003473662 
0.06952169146469635 0.24587831003473662 
0.06952169146469635 0.24587831003473662 
0.06952169146469635 0.24587831003473662 
0.06952169146469635 0.24587831003473662 
0.06952169146469635 0.24587831003473662 
0.06952169146469635 0.24587831003473662 
0.08656436123987717 0.24199985588953157 
0.08656436123987717 0.24199985588953157 
0.08656436123987717 0.24199985588953157 
0.0668543762776949 0.2372184202574764 
0.0668543762776949 0.2372184202574764 
0.08910684480263606 0.23317319447857962 
0.08910684480263606 0.23317319447857962 
0.09839211776678952 0.23541170795166816 
0.09839211776678952 0.23541170795166816 
0.09839211776678952 0.23541170795166816 
0.14204934547477413 0.24890861600033912 
0.14204934547477413 0.24890861600033912 
0.14463535725735321 0.24783252187495433 
0.14463535725735321 0.24783252187495433 
0.13997277636551675 0.24790758289140882 
0.14613676348163407 0.23511623978010826 
0.1795573988941253 0.24203004654018456 
0.17925793694544334 0.24107102647414008 
0.17925793694544334 0.24107102647414008 
0.17925793694544334 0.24107102647414008 
0.17925793694544334 0.24107102647414008 
0.17631062537944922 0.20525584328247515 
0.17631062537944922 0.20525584328247515 
0.17631062537944922 0.20525584328247515 
0.1312743581319271 0.15992574171223117 
0.15522956036922952 0.16352009403593712 
0.16344834631032346 0.1817593001141214 
0.14334764972872074 0.1942516158636644 
0.14429165570193445 0.15425889415320365 
0.08298160350806247 0.2137948725586064 
0.11228918318230104 0.19567360978044024 
0.1115105341553363 0.19974901447031934 
0.10425685845541498 0.18691978853037475 
0.06199443729382882 0.17145008103446846 
0.09750277954066193 0.1698421687995317 
0.08371444249850396 0.1288245102642267 
0.07859775893975603 0.1416933245662476 
0.15734816086828604 0.2039715848749841 
0.15734816086828604 0.2039715848749841 
0.15734816086828604 0.2039715848749841 
0.10310158990342784 0.17234558393916452 
0.12121727838728903 0.12440587423198372 
0.12121727838728903 0.12440587423198372 
0.07302467368383184 0.18094517425721962 
0.1646798843030611 0.1644127554662387 
0.14028685152356024 0.20027998030400648 
0.09202224308294227 0.1709075775140366 
0.08166280229233792 0.15791388406446727 
0.13597956436642156 0.17149723219521765 
0.1277278988447966 0.18016374732584106 
0.17062648820502205 0.1820002679345849 
0.10958008479408961 0.1844666550313686 
0.0898020886909995 0.21445596639472406 
0.11484784051781616 0.1520534604722049 
0.1131838877968362 0.1401295786948415 
0.11713536236293169 0.18197632542030637 
0.16107624660765918 0.15579436628275833 
0.17262513443319416 0.18508986145193254 
0.15985113214043895 0.1923842802556145 
0.171820891659888 0.20658565903398735 
0.1788193601769423 0.2081972650097817 
0.17831967318350733 0.20786853045361525 
0.1527587688849077 0.200637682069361 
0.167008574942182 0.15862394768920118 
0.17148661626353845 0.17323496562228682 
0.07002026622484245 0.16359333557916944 
0.17436602576021376 0.20243612631431063 
0.17436602576021376 0.20243612631431063 
0.17436602576021376 0.20243612631431063 
0.17910133797669198 0.20722894417261592 
0.08304361437721454 0.15981296882818008 
0.1028102715803471 0.18746134449686816 
0.12706744166432488 0.14556595102213604 
0.17168339436863422 0.09849215326861213 
0.12753804050067324 0.1592191636889673 
0.14598528854536882 0.1825278444208417 
0.1476892331074578 0.16935695511301668 
0.11722525074121654 0.16426931089606753 
0.0830463276747768 0.15426521834403087 
0.0703215527201065 0.13517444731364026 
0.09468050922396021 0.1509290443041261 
0.0978150060565127 0.14111742372918165 
0.10698505231696755 0.1448263368573914 
0.10698505231696755 0.1448263368573914 
0.10698505231696755 0.1448263368573914 
0.09980321011758873 0.14889739697062784 
0.09051109256985526 0.16395290373506236 
0.0936972505808142 0.14807580639030798 
0.0936972505808142 0.14807580639030798 
0.0936972505808142 0.14807580639030798 
0.0677545519456871 0.12956754432728704 
0.07136892555846479 0.14104967470050245 
0.07055584973444405 0.13937682910835178 
0.07413024558005418 0.14267798359068162 
0.06696923445698814 0.1402371899066199 
0.06696923445698814 0.1402371899066199 
0.06696923445698814 0.1402371899066199 
0.06294097825564082 0.13356672517897294 
0.06294097825564082 0.13356672517897294 
0.06294097825564082 0.13356672517897294 
0.06294097825564082 0.13356672517897294 
0.09944787340006725 0.19237204164532323 
0.07499380451093329 0.16975309104223685 
0.08854677099968997 0.1900965379752486 
0.06051503736838905 0.17056757433938136 
0.08977330137056092 0.18185401897805328 
0.09100059727975313 0.1831044574060553 
0.17531779822841043 0.15817957484279047 
0.17809750195441382 0.18004333306294779 
0.13338996710974665 0.17581299767574707 
0.11439119013040863 0.13876971469069954 
0.11439119013040863 0.13876971469069954 
0.11439119013040863 0.13876971469069954 
0.11439119013040863 0.13876971469069954 
0.11723447143474719 0.1442914944327697 
0.11723447143474719 0.1442914944327697 
0.11723447143474719 0.1442914944327697 
0.14276868616363025 0.1321168722290611 
0.14685504060615073 0.13521533488529902 
0.1468611054435165 0.1352057743011243 
0.1468611054435165 0.1352057743011243 
0.1459874706504123 0.13376200507477232 
0.1459874706504123 0.13376200507477232 
0.1142282177013868 0.17901599314156705 
0.08441714313923326 0.19918589104062087 
0.06171123077236093 0.17785489693108203 
0.1264861969557042 0.20391739350914131 
0.1264861969557042 0.20391739350914131 
0.14662905442561683 0.2214128103347121 
0.14662905442561683 0.2214128103347121 
0.1327767686509055 0.22214361554811848 
0.13673316453443776 0.215986693288306 
0.1501144050009154 0.2233826399371256 
0.1501144050009154 0.2233826399371256 
0.1501144050009154 0.2233826399371256 
0.1501144050009154 0.2233826399371256 
0.1501144050009154 0.2233826399371256 
0.14646280895783909 0.21861013995048142 
0.11194733146931586 0.1502187646440501 
0.16241130853779717 0.2083507109911098 
0.11536920946811385 0.21877892839323365 
0.11473520409107663 0.2212685766985885 
0.11473520409107663 0.2212685766985885 
0.1192432017567093 0.2527966282058487 
0.1192432017567093 0.2527966282058487 
0.11788467555019644 0.23769746494266114 
0.11788467555019644 0.23769746494266114 
0.11788467555019644 0.23769746494266114 
0.11788467555019644 0.23769746494266114 
0.11788467555019644 0.23769746494266114 
0.12236552687478264 0.2351971338463358 
0.06460666757131654 0.21384700274227583 
0.06460666757131654 0.21384700274227583 
0.06460666757131654 0.21384700274227583 
0.06460666757131654 0.21384700274227583 
0.09563601858672549 0.2438450877635643 
0.09563601858672549 0.2438450877635643 
0.09650792847925821 0.24664837798059497 
0.09650792847925821 0.24664837798059497 
0.1222456402838 0.20116503253553042 
0.1036385776382696 0.18412888088098484 
0.0866089861153719 0.17003815290676078 
0.07027599747809682 0.11469650469215016 
0.07027599747809682 0.11469650469215016 
0.07269580876379284 0.11993266157551564 
0.07269580876379284 0.11993266157551564 
0.07269580876379284 0.11993266157551564 
0.07269580876379284 0.11993266157551564 
0.07785077647865969 0.12557331506305464 
0.0689117662990539 0.12245240627086378 
0.08574962951748219 0.1543992320896055 
0.08662987826541306 0.19160261410820456 
0.11494496268826315 0.1744196814849092 
0.07214522028816603 0.15007215264469498 
0.06761014538340629 0.15318437434364984 
0.06761014538340629 0.15318437434364984 
0.12892079109901708 0.15405607034284657 
0.12892079109901708 0.15405607034284657 
0.10586135209802 0.15866687460716034 
0.14030898379169732 0.1927572826733626 
0.14619393707434294 0.18886228883986034 
0.17791714160605515 0.17624826497491058 
0.11549907428560134 0.17484337398904057 
0.13570519395370284 0.20785592335941272 
0.1495795524732893 0.15908181614646047 
0.13032958235814196 0.17042048445990154 
0.151203933163875 0.12132917905412338 
0.151203933163875 0.12132917905412338 
0.151203933163875 0.12132917905412338 
0.15968158388533674 0.09986000187686225 
0.15968158388533674 0.09986000187686225 
0.1534592446097572 0.1426592874247441 
0.1534592446097572 0.1426592874247441 
0.15349472795920352 0.14318654876476783 
0.15349472795920352 0.14318654876476783 
0.15349472795920352 0.14318654876476783 
0.17509403205081653 0.13671267060383274 
0.17509403205081653 0.13671267060383274 
0.16779592722850462 0.14373925149860778 
0.16779592722850462 0.14373925149860778 
0.16779592722850462 0.14373925149860778 
0.16192907557544195 0.14755934923868266 
0.15903482244481118 0.13366242818151294 
0.15903482244481118 0.13366242818151294 
0.12248523707545479 0.20760934197663006 
0.12248523707545479 0.20760934197663006 
0.12248523707545479 0.20760934197663006 
0.16016766074808234 0.2031809665198018 
0.07494776105155741 0.2011817463410194 
0.08126928948377518 0.16387096055715453 
0.06405873221793931 0.1374702592907071 
0.08738187630240152 0.14640065576349684 
0.08738187630240152 0.14640065576349684 
0.08738187630240152 0.14640065576349684 
0.06880931405018424 0.13890911732719224 
0.06883055748564489 0.1388284362552304 
0.06883055748564489 0.1388284362552304 
0.06883055748564489 0.1388284362552304 
0.06955442736092404 0.13888670797896951 
0.06955442736092404 0.13888670797896951 
0.06955442736092404 0.13888670797896951 
0.06955442736092404 0.13888670797896951 
0.06900026126859418 0.1380783615194406 
0.06900026126859418 0.1380783615194406 
0.06900026126859418 0.1380783615194406 
0.06900026126859418 0.1380783615194406 
0.06900026126859418 0.1380783615194406 
0.06691418852367054 0.13730785205699714 
0.06691418852367054 0.13730785205699714 
0.06691418852367054 0.13730785205699714 
0.06691418852367054 0.13730785205699714 
0.06691418852367054 0.13730785205699714 
0.06701105293546679 0.1323600105825501 
0.06701105293546679 0.1323600105825501 
0.06701105293546679 0.1323600105825501 
0.06583501853165849 0.1307477221878563 
0.06583501853165849 0.1307477221878563 
0.06475500899806062 0.12956558532416454 
0.06475500899806062 0.12956558532416454 
0.06475500899806062 0.12956558532416454 
0.06623541532172184 0.13017947205201086 
0.06623541532172184 0.13017947205201086 
0.06790063500420887 0.1313048332438259 
0.06793276124415673 0.13149977671617427 
0.06793276124415673 0.13149977671617427 
0.09890625923431962 0.14866541909983746 
0.07987684223995381 0.12364166589145087 
0.07987684223995381 0.12364166589145087 
0.07987684223995381 0.12364166589145087 
0.07127856027915672 0.11479207999544386 
0.07198180161258018 0.11641003462719395 
0.07198180161258018 0.11641003462719395 
0.08229379671255815 0.13566118669468696 
0.08311782133557784 0.13695168592141854 
0.08350879402387136 0.13415301022406229 
0.08350879402387136 0.13415301022406229 
0.07533385393211389 0.1241662856471795 
0.07533385393211389 0.1241662856471795 
0.07638881961727466 0.1321269347243232 
0.07638881961727466 0.1321269347243232 
0.0697544118277789 0.13573594573586698 
0.0697544118277789 0.13573594573586698 
0.0697544118277789 0.13573594573586698 
0.07175001298690123 0.13147191164074762 
0.07175001298690123 0.13147191164074762 
0.1743309577645472 0.16731829623250505 
0.18030653687836767 0.21274183170612254 
0.1325340374884701 0.16269338067297162 
0.07604855417721863 0.20034758254718346 
0.08060300194693512 0.19576549778113972 
0.06242546451564885 0.2259269222693726 
0.06242546451564885 0.2259269222693726 
0.08876574152401859 0.16685766324191792 
0.12357175916733318 0.1848398417935723 
0.1286648094047288 0.21667316258494732 
0.1256360667697896 0.21728238902014582 
0.1287190221051303 0.22005290709998576 
0.1056700203337159 0.21852895869439237 
0.08738110781860844 0.22340847278205217 
0.14134325295623576 0.2251112384166793 
0.12084126421453274 0.21971608318311903 
0.14099387929902688 0.15259377333123653 
0.14099387929902688 0.15259377333123653 
0.14101839546104342 0.15256226165061149 
0.11882369086173175 0.1691188668253058 
0.15116697737995743 0.18250257573390774 
0.15116697737995743 0.18250257573390774 
0.11413102479768789 0.16934536222758853 
0.0890127837944863 0.16309648355220138 
0.09548747968574604 0.1508853961679784 
0.09548747968574604 0.1508853961679784 
0.0693530237375895 0.19368239167055418 
0.17713015977866967 0.1944543154829594 
0.17713015977866967 0.1944543154829594 
0.17713015977866967 0.1944543154829594 
0.17713015977866967 0.1944543154829594 
0.1426225143595871 0.18674285913514574 
0.09235053532238502 0.16493041829978916 
0.16608841807079658 0.19483704366497462 
0.07858417781053358 0.1565594395633854 
0.11527638189784649 0.19888773538167043 
0.08017990964700422 0.19396670854482773 
0.15551260657191363 0.15174676928717692 
0.15551260657191363 0.15174676928717692 
0.15551260657191363 0.15174676928717692 
0.15551260657191363 0.15174676928717692 
0.1589203844272571 0.14832105462022918 
0.1589203844272571 0.14832105462022918 
0.1589203844272571 0.14832105462022918 
0.16129219661859936 0.1393342738261274 
0.16994063270117685 0.13272185268478706 
0.18137903304482034 0.1222343286007521 
0.18137903304482034 0.1222343286007521 
0.16259833797536158 0.14480612190529082 
0.16259833797536158 0.14480612190529082 
0.16238772585323108 0.14427821096452925 
0.15775898898060095 0.14654924058773608 
0.15775898898060095 0.14654924058773608 
0.17826085415939863 0.13229617712706135 
0.17413154123212177 0.1365701147787921 
0.18042310883453633 0.1275947141020169 
0.18042310883453633 0.1275947141020169 
0.18042310883453633 0.1275947141020169 
0.18042310883453633 0.1275947141020169 
0.18042310883453633 0.1275947141020169 
0.18042310883453633 0.1275947141020169 
0.18042310883453633 0.1275947141020169 
0.18042310883453633 0.1275947141020169 
0.18042310883453633 0.1275947141020169 
0.18042310883453633 0.1275947141020169 
0.18042310883453633 0.1275947141020169 
0.17826978042754948 0.13044775170539502 
0.17826978042754948 0.13044775170539502 
0.06723119144970305 0.20429819265194168 
0.06540125603673308 0.20143581104590733 
0.06540125603673308 0.20143581104590733 
0.11956251858452216 0.1783716093240756 
0.10061448441645075 0.1686897014298268 
0.13690230707434023 0.17101560611665484 
0.07531763517960162 0.17811518081466404 
0.06404030067334059 0.1906972191166814 
0.06875423081514057 0.18649823555361203 
0.11226211512323336 0.166184198480963 
0.12157112299588027 0.11475342892986448 
0.12200501666164454 0.11054177759628789 
0.12200501666164454 0.11054177759628789 
0.12200501666164454 0.11054177759628789 
0.12150935596621451 0.11531304691166022 
0.12150935596621451 0.11531304691166022 
0.14514570481018665 0.1162267473509781 
0.12919350225008494 0.10766572729703194 
0.12761493870822568 0.1128707686295423 
0.1458788602679639 0.1456230675672375 
0.07622314563854754 0.18390959713892596 
0.12394087437850522 0.17459613610007996 
0.0707306263731115 0.16251510581061523 
0.11309029631881318 0.18587979010384156 
0.11573368476772619 0.19292101459899896 
0.07533750500046404 0.18223043022615268 
0.12856571109444367 0.17297363201055657 
0.1412159210852963 0.17126227650060732 
0.12165967399345162 0.17431657467457712 
0.11861641696203462 0.1859109396145444 
0.10989825091567332 0.18635390793281637 
0.10989825091567332 0.18635390793281637 
0.08106386086210585 0.1742058654072036 
0.0796567841333036 0.18136894224951414 
0.11037259038490019 0.1828604460206463 
0.11506033019103333 0.19346203520729605 
0.14976511795872036 0.19496130503573378 
0.17806013534278797 0.1931303806503798 
0.17967985703873496 0.1972594738899955 
0.17967985703873496 0.1972594738899955 
0.11169229505643549 0.16968880518503313 
0.16534330180886864 0.17577991219549025 
0.1621800844962435 0.20436051778908718 
0.17024831857176778 0.20533520762800345 
0.17024831857176778 0.20533520762800345 
0.16288917674643655 0.18935504689414637 
0.0782532087880846 0.19469035601925036 
0.1140044680899497 0.21296750456259644 
0.14580815850401246 0.1848030592593914 
0.0655695672490311 0.16674051172970064 
0.1771546154325348 0.17942851501847035 
0.10970477112217325 0.18218213582214587 
0.09067432997970251 0.1940856608399512 
0.09912997348561556 0.25348847088659165 
0.09912997348561556 0.25348847088659165 
0.09912997348561556 0.25348847088659165 
0.09083533304620098 0.21608694046837734 
0.09083533304620098 0.21608694046837734 
0.08682606442802682 0.19862436190596852 
0.06885074103745374 0.20911255428729422 
0.06885074103745374 0.20911255428729422 
0.17328208935559197 0.18104793530587324 
0.10315674056242485 0.1552843557080424 
0.16066898968975626 0.16669241929993744 
0.15245804317793352 0.14651176642823086 
0.15221469196549933 0.16505871845234735 
0.17640748848867321 0.1715717482867075 
0.12835387873386414 0.19218248638602528 
0.1113288217944006 0.1875323206974 
0.1370639161562356 0.19436359433501335 
0.11474032234238582 0.18768342154302564 
0.12692201042307616 0.15767051830737783 
0.1032102242488977 0.13825240700673785 
0.1032102242488977 0.13825240700673785 
0.1032102242488977 0.13825240700673785 
0.08909946940137912 0.1316742594417235 
0.08479808973915001 0.10589145266145551 
0.08479808973915001 0.10589145266145551 
0.09134767402396204 0.15044905473196563 
0.15730651408257196 0.20042384008026237 
0.1535005256528071 0.23738482014197004 
0.14212522784340034 0.20629656018554293 
0.15654149712439194 0.18661164418152723 
0.08092477910730973 0.18680191086104742 
0.10299011715893341 0.15327014314789442 
0.10299011715893341 0.15327014314789442 
0.10299011715893341 0.15327014314789442 
0.10552733415250412 0.19520959683798292 
0.10552733415250412 0.19520959683798292 
0.10250114469813139 0.16062986519257189 
0.10064218320027425 0.13032589453442706 
0.10072543839628642 0.12358987224682866 
0.09780697984366829 0.12170052077854276 
0.10249148822538795 0.1316483998415396 
0.09219992792479542 0.11533400273004388 
0.08653107743037486 0.11178863269250106 
0.08653107743037486 0.11178863269250106 
0.08932654652008985 0.11552643610982749 
0.08283303494322725 0.12648585477343574 
0.08283303494322725 0.12648585477343574 
0.07275404320461779 0.13039855131086173 
0.07275404320461779 0.13039855131086173 
0.1382439552628817 0.15285763914267092 
0.13835776473410946 0.15161991621345502 
0.1242911594492715 0.14909818345610262 
0.12687912734682033 0.15209152585559946 
0.12531960379168502 0.12320809967078547 
0.12531960379168502 0.12320809967078547 
0.11805689599075292 0.11780685114608797 
0.13233093691645506 0.09696060560124418 
0.102283149231168 0.12267601750040527 
0.08043684070391165 0.17794858064305374 
0.08759850854145947 0.1502014144124979 
0.08759850854145947 0.1502014144124979 
0.07325878780643295 0.10242628327140701 
0.08927160356356009 0.1380033480740583 
0.09900683686481283 0.12665722956515557 
0.09900683686481283 0.12665722956515557 
0.09900683686481283 0.12665722956515557 
0.1013532748574987 0.12481524406400524 
0.1013532748574987 0.12481524406400524 
0.1013532748574987 0.12481524406400524 
0.1013532748574987 0.12481524406400524 
0.1013532748574987 0.12481524406400524 
0.1013532748574987 0.12481524406400524 
0.10267638529881563 0.1267486213681867 
0.09983705313892248 0.12440405947175079 
0.09980255414573251 0.14072961974561804 
0.09980255414573251 0.14072961974561804 
0.09801964332189488 0.14161420538551284 
0.09801964332189488 0.14161420538551284 
0.09366986812726248 0.12527578444285092 
0.0872294000767013 0.14358104426502546 
0.08706149976846099 0.1440217447778608 
0.0931415569858315 0.14136689402349356 
0.08466530473851387 0.1710044847911864 
0.18138138840879597 0.1760157786862082 
0.07471115101939549 0.18040945323184213 
0.07688381684979392 0.16363709795752612 
0.16522014417741168 0.20874795731996393 
0.09712541368671455 0.15821877326992104 
0.0768236530920738 0.18843345201839545 
0.17690494156532569 0.16752832166006096 
0.1286489877838113 0.1887237518204119 
0.1327950352542841 0.16782819065032015 
0.17333114149380224 0.1946804547419012 
0.08887247666255269 0.16495459808804602 
0.17490857690101422 0.19833403918149559 
0.17490857690101422 0.19833403918149559 
0.0960838015066567 0.18042730716660568 
0.09101366802708163 0.19700732327612355 
0.07950253003470426 0.1920812596244806 
0.1291632147766469 0.1925300188105674 
0.10168323311213408 0.20149292016036996 
0.1631766848554746 0.1603620127126335 
0.12751049526368832 0.21173993357985824 
0.14556075601294968 0.15992183614550584 
0.07375759001486418 0.15986221584611893 
0.0710457707815959 0.14600272717291318 
0.10813661932975566 0.1985022999291216 
0.1453034254710202 0.19370359606283272 
0.06556739750473818 0.19691172219772957 
0.17318345875364333 0.15779696102388266 
0.17318345875364333 0.15779696102388266 
0.1525202088282569 0.16423982779959584 
0.18109491924105728 0.18323871407782952 
0.14318837246830596 0.16981980144517758 
0.15140930438116137 0.18391725720129562 
0.1475241278691648 0.18693352642675684 
0.16261359097371372 0.2271250791327053 
0.17937579433573858 0.23334287478805607 
0.18049251438097566 0.23464871507557178 
0.18049251438097566 0.23464871507557178 
0.16969272706419003 0.21239678443845708 
0.16969272706419003 0.21239678443845708 
0.17120471467677062 0.2130652892252724 
0.09145918874031199 0.19861840027846753 
0.14543877980052117 0.1816190350582842 
0.16475271448016532 0.20487310712395518 
0.16253562743034905 0.19446383433639935 
0.1427123991023314 0.1779726646377675 
0.12823769722726477 0.15211443623695992 
0.12659093228295965 0.15188363348069137 
0.10627683494489376 0.15520969756002817 
0.11685583478708539 0.18834835339862022 
0.16741310941945237 0.195662512392967 
0.17676874471499998 0.22396137144387274 
0.17000937928594093 0.2205732442839758 
0.16973442474538944 0.2267229722403076 
0.12851907670037072 0.17236339575077414 
0.15695733161792158 0.17518998125754795 
0.1533995589679702 0.1687247833864421 
0.08625345983446617 0.1660939800706657 
0.09980074727778128 0.181478387559998 
0.07073251715194526 0.18286011343551134 
0.10775095383431066 0.15668869251950282 
0.1449944404410088 0.1902236439129573 
0.09910503486828781 0.15457673929028254 
0.12218049688814162 0.10044201074092865 
0.11088394927338993 0.1127261975183286 
0.10985292331400165 0.10121720563229974 
0.10747633952598167 0.1397568491005646 
0.11197898981019827 0.14160710279636088 
0.12223915813427721 0.13236780925736935 
0.12223915813427721 0.13236780925736935 
0.12223915813427721 0.13236780925736935 
0.11656488387438382 0.1275676602450555 
0.13211507235264475 0.12156259033830182 
0.13745068072268046 0.13139119266340304 
0.13745068072268046 0.13139119266340304 
0.14214879776453768 0.14705272442312 
0.15327534846278845 0.13947933139710475 
0.1467368199480207 0.1434159800624697 
0.1467368199480207 0.1434159800624697 
0.1299845742076048 0.13983967994387525 
0.12997890033680837 0.13990567894447087 
0.12563056042277113 0.1306330867843891 
0.12563056042277113 0.1306330867843891 
0.12563056042277113 0.1306330867843891 
0.12563056042277113 0.1306330867843891 
0.12013369435109433 0.13532764321904983 
0.10881537266803944 0.13738714979896474 
0.10949605071593692 0.13453203900858146 
0.09719743782462162 0.13406991503744986 
0.11883779162838107 0.12984466366538713 
0.11883779162838107 0.12984466366538713 
0.11883779162838107 0.12984466366538713 
0.12067103424388713 0.13039592066111164 
0.12067103424388713 0.13039592066111164 
0.12159469557481285 0.15010526909176075 
0.12514020933911352 0.14814333407891672 
0.18125568271985754 0.1371486547500652 
0.15131362600825277 0.14045492987635055 
0.15131362600825277 0.14045492987635055 
0.15131362600825277 0.14045492987635055 
0.15131362600825277 0.14045492987635055 
0.15131362600825277 0.14045492987635055 
0.15131362600825277 0.14045492987635055 
0.15131362600825277 0.14045492987635055 
0.17032972311345232 0.13055723728812627 
0.17032972311345232 0.13055723728812627 
0.17032972311345232 0.13055723728812627 
0.1723562310508678 0.12117891174307281 
0.1628581519576588 0.12731797061208125 
0.1628581519576588 0.12731797061208125 
0.10924413532662615 0.15835712705552524 
0.15783996353910068 0.20591756408686793 
0.06258051192545248 0.19174629028261117 
0.07129445462204455 0.215597641695854 
0.07129445462204455 0.215597641695854 
0.07129445462204455 0.215597641695854 
0.0674599142302746 0.21746222979445543 
0.0674599142302746 0.21746222979445543 
0.13643442035790104 0.1885116684866795 
0.18126230398623805 0.17139362188520646 
0.1573186555212487 0.18737133082929508 
0.17315376525861953 0.2026172085222379 
0.17315376525861953 0.2026172085222379 
0.17315376525861953 0.2026172085222379 
0.16063027905141447 0.17269529358052982 
0.07105466538060234 0.18663750133905513 
0.11542834032615293 0.1926556135529988 
0.14775044721216346 0.18456510882203842 
0.14738707592631092 0.19278415935017928 
0.147600536650628 0.18146191563788674 
0.0735434995496307 0.16267557673023908 
0.13772741520681245 0.14989988973369547 
0.13772741520681245 0.14989988973369547 
0.14045737338557868 0.14429030397517123 
0.13449314946147511 0.12668220480785428 
0.1377012100223367 0.1398638573725444 
0.1377012100223367 0.1398638573725444 
0.1378466323478657 0.15128292839722968 
0.1378466323478657 0.15128292839722968 
0.13826781767379834 0.15372634048324949 
0.1693125330500515 0.11077223151074125 
0.16708507485706073 0.1148682793852911 
0.16708507485706073 0.1148682793852911 
0.1450945947963702 0.17702210209162203 
0.13256861907383197 0.16047090483767665 
0.13256861907383197 0.16047090483767665 
0.07406436919992873 0.17423388750294896 
0.07488078714350704 0.190319797820024 
0.13807795551710134 0.16593503323274345 
0.17933523794504216 0.11272028429814651 
0.17933523794504216 0.11272028429814651 
0.17933523794504216 0.11272028429814651 
0.17933523794504216 0.11272028429814651 
0.17933523794504216 0.11272028429814651 
0.17769393124823418 0.11207866593207083 
0.17988004561003032 0.10739136705572222 
0.17988004561003032 0.10739136705572222 
0.17988004561003032 0.10739136705572222 
0.17922024703742676 0.10877002421323054 
0.17614967172261203 0.11536110228331496 
0.17614967172261203 0.11536110228331496 
0.17614967172261203 0.11536110228331496 
0.17614967172261203 0.11536110228331496 
0.175281646737299 0.11885661260590624 
0.1743427756440078 0.11550949245201002 
0.15208293342219067 0.12437079414813385 
0.15208293342219067 0.12437079414813385 
0.17930405160661667 0.12014176444004532 
0.17930405160661667 0.12014176444004532 
0.17930405160661667 0.12014176444004532 
0.17930405160661667 0.12014176444004532 
0.1553749939960421 0.13748499542428952 
0.15439960018796808 0.13821811628031117 
0.15439960018796808 0.13821811628031117 
0.15439960018796808 0.13821811628031117 
0.15439960018796808 0.13821811628031117 
0.15439960018796808 0.13821811628031117 
0.0984165007578415 0.19144895814878396 
0.09013576435750395 0.19797613695986202 
0.07833354369644002 0.21042021739327668 
0.16752044838907262 0.1757390348305031 
0.07620882237699994 0.19511764283307612 
0.15382957920556986 0.2122930511118898 
0.13740659653432075 0.21536695791712826 
0.13740659653432075 0.21536695791712826 
0.16194923512485365 0.20680839142043006 
0.12460525993602951 0.2353193572228271 
0.12692710303487487 0.23388388884832712 
0.12772706770753564 0.23286036152008416 
0.12772706770753564 0.23286036152008416 
0.1421988564852032 0.2307017112260186 
0.14472032197982684 0.232496615745071 
0.14472032197982684 0.232496615745071 
0.14472032197982684 0.232496615745071 
0.15804215715475972 0.24360339792565527 
0.15804215715475972 0.24360339792565527 
0.14530005365543402 0.22076107328145136 
0.14530005365543402 0.22076107328145136 
0.09702984315531697 0.17840251904701412 
0.061457149995241225 0.21637554620728405 
0.061457149995241225 0.21637554620728405 
0.0685134208796978 0.21895592411950363 
0.07178969099630408 0.1487844740829602 
0.07178969099630408 0.1487844740829602 
0.06935792093683645 0.13750660031891682 
0.07076038357669436 0.13833496109543872 
0.07076038357669436 0.13833496109543872 
0.07076038357669436 0.13833496109543872 
0.07076038357669436 0.13833496109543872 
0.07076038357669436 0.13833496109543872 
0.07076038357669436 0.13833496109543872 
0.08936284497710263 0.13724819336290087 
0.08936284497710263 0.13724819336290087 
0.08990942635829297 0.1304096407405745 
0.09249460285278542 0.13223238801626733 
0.09214519042032726 0.1328054319866258 
0.09214519042032726 0.1328054319866258 
0.09287709476732951 0.1294567828534844 
0.09287709476732951 0.1294567828534844 
0.09416093568512562 0.12712527935635948 
0.10906119890684116 0.13629310434669784 
0.1109468250023422 0.14817158101015765 
0.08569881505749807 0.15563878103563936 
0.1190002439226398 0.15772052567022882 
0.1190002439226398 0.15772052567022882 
0.11794010667378402 0.17193844750081996 
0.17191063792442612 0.22042584177289917 
0.17426739508752787 0.2103143015807363 
0.1749921860174089 0.21035385171680784 
0.09924876776981872 0.1737213557488679 
0.15704117099121973 0.15821811796848242 
0.08176510317962962 0.18334506318652097 
0.11911308406668292 0.19637949649508754 
0.18138017634352568 0.20203601144756111 
0.17295399955177918 0.20438538317752747 
0.12007672829475616 0.175462437920824 
0.1677647409504074 0.24031959124617142 
0.14717394383212076 0.2056408205457852 
0.12749456107596918 0.21927734020811468 
0.12427789947511401 0.24465614462582336 
0.12427789947511401 0.24465614462582336 
0.12427789947511401 0.24465614462582336 
0.12427789947511401 0.24465614462582336 
0.12427789947511401 0.24465614462582336 
0.12455453386777038 0.24505512438432644 
0.1240385613602501 0.23638071735866797 
0.1622180838083426 0.1828879386730439 
0.1141531832469646 0.15856318000517222 
0.1141531832469646 0.15856318000517222 
0.06512039702371317 0.1836181954825719 
0.18121315352337736 0.24127594911685735 
0.18121315352337736 0.24127594911685735 
0.18121315352337736 0.24127594911685735 
0.18121315352337736 0.24127594911685735 
0.18121315352337736 0.24127594911685735 
0.18121315352337736 0.24127594911685735 
0.14021576817505604 0.16357087067068102 
0.11813411381294232 0.1812159460583782 
0.11813411381294232 0.1812159460583782 
0.1439542102487388 0.1717674476255245 
0.12537357176669317 0.203828985154334 
0.07434770977359074 0.23117489083544362 
0.09886906883428673 0.2145628747878111 
0.09445548960147584 0.2193885950779779 
0.09445548960147584 0.2193885950779779 
0.09595261482523092 0.16870046035659136 
0.1383548488867304 0.17929703194540042 
0.13374778943855103 0.18915095270533666 
0.11985096215134136 0.22011479671489537 
0.08824578764511716 0.18443759495075718 
0.1171455190376504 0.16649391771703176 
0.09591605994440537 0.16292184075312988 
0.1162024066270704 0.18915022990284555 
0.16592885625121406 0.16760425850617397 
0.12372354426307369 0.1528500537637888 
0.13357988938875848 0.11400796283950093 
0.07555432769028296 0.19791800039590093 
0.07555432769028296 0.19791800039590093 
0.1706713900435701 0.1740819314168152 
0.16249605938411557 0.1595792861293487 
0.11447734939658327 0.17084242348640344 
0.162941895234551 0.20258219356209517 
0.06614448721472178 0.16256825377671863 
0.08678748299108435 0.17034935260598139 
0.1043489241524388 0.16474666056749113 
0.12311831843960763 0.21784220038639887 
0.11646260353686211 0.22586603949200595 
0.11646260353686211 0.22586603949200595 
0.1256783337890261 0.20401740065320506 
0.08469426441761094 0.19806467496745378 
0.14174527383484675 0.186375019961632 
0.1645143989258112 0.2043936283632704 
0.1693706806171697 0.15985344694563927 
0.06912970669698978 0.20051787394485543 
0.07436652563449928 0.18929667792586807 
0.12791326094046385 0.17770955670755054 
0.17033944522871483 0.1610181694898076 
0.15449810328548583 0.19183192782606928 
0.09651924878393228 0.15533731479655938 
0.1604013148792442 0.17020896326080187 
0.17931147475582118 0.17725113374819207 
0.10391958438596069 0.16567552260773352 
0.10187176861456197 0.18882283974671113 
0.15718688167667716 0.17060768399370793 
0.09804897882859023 0.18290035009841768 
0.09253421345622197 0.1903011324353255 
0.17329625046350366 0.19340253715877104 
0.14360191105684048 0.21174641916524278 
0.14300262744868708 0.21289428477215927 
0.09089277546072215 0.16458775390215596 
0.08599267737769868 0.16368624632526083 
0.09305041909498715 0.16923459513639547 
0.16587320278033638 0.17207364936527142 
0.17788372402903216 0.13616363350096775 
0.17788372402903216 0.13616363350096775 
0.11771746242667944 0.21862143935693285 
0.07224025266208026 0.18829673500139119 
0.13619496693749533 0.17499253220846753 
0.08669221816792008 0.17640894484266412 
0.13264733762696795 0.1915209685049667 
0.11187942740706949 0.20018042452382387 
0.11187942740706949 0.20018042452382387 
0.06244733480416188 0.20559484892208568 
0.12101657860947965 0.2363217048872541 
0.12101657860947965 0.2363217048872541 
0.17124417151144133 0.1692490309031421 
0.14776441757656988 0.184784149664578 
0.07133924529013992 0.1620010929086075 
0.07021678881618482 0.2098789739125657 
0.1522132967944233 0.21729457150972317 
0.1522132967944233 0.21729457150972317 
0.1522132967944233 0.21729457150972317 
0.15345885880071905 0.22345928000651277 
0.1445150437673422 0.2502858486562299 
0.10220261341695193 0.24746436681133632 
0.10994879717402374 0.24620264788191412 
0.11645672645419086 0.24617508737884097 
0.11645672645419086 0.24617508737884097 
0.11585270688582971 0.2507712379234483 
0.11317776112168931 0.2515732370825094 
0.11317776112168931 0.2515732370825094 
0.11317776112168931 0.2515732370825094 
0.11317776112168931 0.2515732370825094 
0.11317776112168931 0.2515732370825094 
0.11317776112168931 0.2515732370825094 
0.11317776112168931 0.2515732370825094 
0.11538575119469438 0.24925878677587826 
0.11278663590267378 0.21373310556532718 
0.11278663590267378 0.21373310556532718 
0.11278663590267378 0.21373310556532718 
0.12819025692436953 0.24892479742396367 
0.09567618559672707 0.17096879802795972 
0.14859302057326002 0.19831643051742937 
0.15962226400160417 0.1949109836048288 
0.15962226400160417 0.1949109836048288 
0.17561604791147545 0.18731818038052683 
0.1257248637637029 0.1623170561398325 
0.06805594576812196 0.21006620206418977 
0.064807524173353 0.21144963481256185 
0.064807524173353 0.21144963481256185 
0.064807524173353 0.21144963481256185 
0.064807524173353 0.21144963481256185 
0.08098813383820219 0.20046551917224092 
0.0878431182816576 0.20118544681162 
0.0819441519831355 0.2434534488100919 
0.0819441519831355 0.2434534488100919 
0.0819441519831355 0.2434534488100919 
0.0819441519831355 0.2434534488100919 
0.0819441519831355 0.2434534488100919 
0.0819441519831355 0.2434534488100919 
0.0819441519831355 0.2434534488100919 
0.0819441519831355 0.2434534488100919 
0.0819441519831355 0.2434534488100919 
0.0819441519831355 0.2434534488100919 
0.07756207627828325 0.2513372259468634 
0.07756207627828325 0.2513372259468634 
0.07756207627828325 0.2513372259468634 
0.07481413011430738 0.2525755821986638 
0.07312719857942687 0.24116736907095201 
0.07696462215271953 0.24060152603921905 
0.0893930002282082 0.22920163560734394 
0.0893930002282082 0.22920163560734394 
0.09027778776080017 0.22660361558243003 
0.09027778776080017 0.22660361558243003 
0.07116763488236198 0.22499552293729516 
0.0849756090480015 0.23605491745171453 
0.0844100917825399 0.23381494709030753 
0.0844100917825399 0.23381494709030753 
0.09966196002355088 0.22711836317734713 
0.12140041583788268 0.23727020723182268 
0.12136573938758982 0.23649668409944924 
0.12413622197942932 0.23314928947230312 
0.12413622197942932 0.23314928947230312 
0.12413622197942932 0.23314928947230312 
0.13658145750818945 0.23863956810911552 
0.13658145750818945 0.23863956810911552 
0.14519256293757016 0.254522708756941 
0.14519256293757016 0.254522708756941 
0.14519256293757016 0.254522708756941 
0.13526430377365467 0.25064382744555974 
0.13526430377365467 0.25064382744555974 
0.13526430377365467 0.25064382744555974 
0.13526430377365467 0.25064382744555974 
0.1283564302019326 0.22618324302576376 
0.1283564302019326 0.22618324302576376 
0.1410171701050759 0.23568607843607 
0.1533280366497835 0.2318897321488126 
0.1533280366497835 0.2318897321488126 
0.15562919444106202 0.2274537405739624 
0.13865731591960667 0.2198798494735793 
0.14005412319486937 0.2055478814684461 
0.12766714733710652 0.21531498818433994 
0.12766714733710652 0.21531498818433994 
0.09304371845744458 0.21708953996494196 
0.09304371845744458 0.21708953996494196 
0.09320764324860392 0.2328662079125881 
0.09320764324860392 0.2328662079125881 
0.0928256386001917 0.2314389129178798 
0.10756355258136413 0.2113755915992569 
0.10756355258136413 0.2113755915992569 
0.06788394029237341 0.15821726861394622 
0.0831709944488794 0.20577763406760957 
0.0831709944488794 0.20577763406760957 
0.0831709944488794 0.20577763406760957 
0.08260524163752744 0.20574611968606848 
0.08147730952965446 0.20866800919794726 
0.07942013362387837 0.20515900504241025 
0.07942013362387837 0.20515900504241025 
0.07942013362387837 0.20515900504241025 
0.179274353943401 0.1806098545057162 
0.06354079068661955 0.19234266115071058 
0.14878920848671454 0.1669390869451071 
0.0932019658846913 0.15782204463176527 
0.07083787465951977 0.1493231167535024 
0.07915957101821092 0.21390331055759204 
0.07915957101821092 0.21390331055759204 
0.07503567036292506 0.24015375909320139 
0.07503567036292506 0.24015375909320139 
0.06130908690825349 0.17062974168124645 
0.12192937235101628 0.15927353447900877 
0.15457575378056965 0.1884772854353821 
0.12743773888703405 0.2104633291992869 
0.1262192202099825 0.2143206282380637 
0.12571356852412074 0.2144954740504275 
0.15603439195852142 0.24603865451671597 
0.16239944817681726 0.25486841638676166 
0.16556248207749596 0.2501682735283637 
0.16556248207749596 0.2501682735283637 
0.16564766251106383 0.2494594178286453 
0.10595689891611676 0.22378218235948671 
0.11588319539163576 0.21256371159602336 
0.06644997652128667 0.17988523614036953 
0.0724405160039384 0.16156178299949336 
0.11459564949428928 0.19027423226517565 
0.14660244761222035 0.16495300912713154 
0.17775134282219357 0.14187671605220942 
0.16443448740690209 0.15254911961431827 
0.1774634124833217 0.1525061271951837 
0.1774634124833217 0.1525061271951837 
0.1774634124833217 0.1525061271951837 
0.1320152473956833 0.20480298733414018 
0.1320152473956833 0.20480298733414018 
0.12111255254248962 0.20508478401634522 
0.14824575940787132 0.23944194052823692 
0.14824575940787132 0.23944194052823692 
0.14924152791281572 0.2411648590570901 
0.14924152791281572 0.2411648590570901 
0.15030886884188327 0.2479533705395927 
0.15030886884188327 0.2479533705395927 
0.15030886884188327 0.2479533705395927 
0.13582521450705803 0.21175261278381746 
0.13582521450705803 0.21175261278381746 
0.09306946872439237 0.19242774254190734 
0.08194099055442576 0.23000306545246085 
