0.07424451082403773 0.249333308826461 
0.09525105883058377 0.13699912145106613 
0.10103113633549637 0.14724639567936462 
0.09646489506759862 0.15291799845594628 
0.061236489857902296 0.2119208314451615 
0.06810690347315593 0.14888446506850594 
0.09962005872236654 0.18771790109038575 
0.08449054783873709 0.24128133545435038 
0.08449054783873709 0.24128133545435038 
0.08034487437304709 0.20834896779884216 
0.16059753191518034 0.21494914379381697 
0.163667115871641 0.1707551522562559 
0.12534687877549028 0.18131133762012902 
0.16294317631134322 0.1587758299784461 
0.1631524799720877 0.17919694426657762 
0.14633281458130212 0.16423608619047692 
0.11343302737360342 0.18201224828009363 
0.09823820208611117 0.20240441496063538 
0.15442155169982075 0.1654029371726227 
0.06444380901734119 0.17676610085659492 
0.17086548366536455 0.17837722031311787 
0.06993618485696272 0.17547422313418268 
0.1337024265783856 0.1875958950288666 
0.07705182548998116 0.17700894000271164 
0.07920345913386147 0.14234755189128462 
0.07920345913386147 0.14234755189128462 
0.07920345913386147 0.14234755189128462 
0.07920345913386147 0.14234755189128462 
0.07920345913386147 0.14234755189128462 
0.15317571868658345 0.17683981862422593 
0.09106313070942741 0.17293231916026378 
0.07482026069519002 0.14491313840971687 
0.07221016183781039 0.13913788313909425 
0.07221016183781039 0.13913788313909425 
0.07221016183781039 0.13913788313909425 
0.06152948766751182 0.1253425908903582 
0.06152948766751182 0.1253425908903582 
0.06152948766751182 0.1253425908903582 
0.07636770420583182 0.12480846669525246 
0.09707309849335868 0.13604211298321522 
0.09707309849335868 0.13604211298321522 
0.10476426370148353 0.13351852240478748 
0.08619434340938545 0.1610366974870061 
0.10987791485862451 0.18345695311150978 
0.07128919755714112 0.18585525880202425 
0.06508110483632293 0.17113748470701545 
0.06248710692091414 0.13964475096482382 
0.16305496778076572 0.24582394584804618 
0.1408337522225961 0.23783104298374252 
0.1468447892968461 0.22528568747028677 
0.11335709172110028 0.18169432855617165 
0.07229694506624318 0.20748284764427344 
0.07229694506624318 0.20748284764427344 
0.07229694506624318 0.20748284764427344 
0.09991665252758397 0.21663280913892066 
0.09125417689419137 0.2109386274480839 
0.08861674628656067 0.22363753256716648 
0.08070871766127313 0.22997842539374708 
0.07663020554565553 0.15937504388596418 
0.061207832538614865 0.20967797086936876 
0.061207832538614865 0.20967797086936876 
0.06335645054951883 0.2231425554034143 
0.06335645054951883 0.2231425554034143 
0.15899913820163747 0.18089421216612903 
0.17133181896867172 0.18050506092746413 
0.08270790342665273 0.1487418430029484 
0.06666534160530524 0.10030340861876727 
0.06328013719988494 0.100749111977957 
0.06328013719988494 0.100749111977957 
0.06328013719988494 0.100749111977957 
0.06328013719988494 0.100749111977957 
0.06328013719988494 0.100749111977957 
0.06328013719988494 0.100749111977957 
0.06328013719988494 0.100749111977957 
0.06328013719988494 0.100749111977957 
0.06328013719988494 0.100749111977957 
0.06697517777769865 0.11291581945819898 
0.09366725654715688 0.13778033797754613 
0.09366725654715688 0.13778033797754613 
0.09366725654715688 0.13778033797754613 
0.09146426833203099 0.11972114888934217 
0.082923532365 0.10399956457049202 
0.082923532365 0.10399956457049202 
0.082923532365 0.10399956457049202 
0.082923532365 0.10399956457049202 
0.08532788543226114 0.1145232143648848 
0.08532788543226114 0.1145232143648848 
0.08532788543226114 0.1145232143648848 
0.08327785336995608 0.1444917865899986 
0.08327785336995608 0.1444917865899986 
0.14132055059305773 0.20408410049421088 
0.15808873265821935 0.16344715707244636 
0.12230639739357443 0.14950662400788284 
0.13600092995154991 0.12554838113501238 
0.13600092995154991 0.12554838113501238 
0.13771876191586666 0.1300590818264445 
0.13771876191586666 0.1300590818264445 
0.13771876191586666 0.1300590818264445 
0.13771876191586666 0.1300590818264445 
0.13771876191586666 0.1300590818264445 
0.13771876191586666 0.1300590818264445 
0.13771876191586666 0.1300590818264445 
0.13771876191586666 0.1300590818264445 
0.11391393720126299 0.14387146533398365 
0.11391393720126299 0.14387146533398365 
0.11391393720126299 0.14387146533398365 
0.061844160627621284 0.16619551919364958 
0.1726098181847815 0.20371513107335495 
0.17811673571652983 0.1799926470066508 
0.07915826984346078 0.17977515868418237 
0.1263766306603004 0.19451970967465515 
0.14427046891997936 0.22417209931374343 
0.1427187444871356 0.22702833500603792 
0.1427187444871356 0.22702833500603792 
0.15300682664931628 0.23346565950225542 
0.1425317142543388 0.20932051268596763 
0.08863029780078169 0.18728391091568475 
0.16908025204277588 0.15833979968381542 
0.09374377499406915 0.17383187272671152 
0.08138445210279882 0.19002307795115458 
0.1710620231680476 0.16966461163827667 
0.1102336227535123 0.21761424893756384 
0.094270913914919 0.15273450004846773 
0.09767432477037266 0.15877821148827043 
0.07558510799339249 0.10311555387056515 
0.07558510799339249 0.10311555387056515 
0.07558510799339249 0.10311555387056515 
0.06885335032207394 0.09647767904931379 
0.06885335032207394 0.09647767904931379 
0.08000604363322486 0.10654415942783665 
0.08000604363322486 0.10654415942783665 
0.07637302087058898 0.10256736532815083 
0.07637302087058898 0.10256736532815083 
0.07637302087058898 0.10256736532815083 
0.07637302087058898 0.10256736532815083 
0.08853125807550849 0.13596308909866067 
0.08853125807550849 0.13596308909866067 
0.08853125807550849 0.13596308909866067 
0.08853125807550849 0.13596308909866067 
0.08853125807550849 0.13596308909866067 
0.1485266177791645 0.1659689292061785 
0.12799059993663886 0.16672140799384905 
0.13629237516570006 0.1388868094063353 
0.06790129941328509 0.19902520174176042 
0.11195512398854228 0.18405537886745896 
0.10749453158492507 0.20325748685728312 
0.1111552498282163 0.20991715257155094 
0.1111552498282163 0.20991715257155094 
0.1111552498282163 0.20991715257155094 
0.08769658498700134 0.2087197494811186 
0.0702787305021475 0.20961698663578984 
0.06804212784765817 0.20514233917059027 
0.06804212784765817 0.20514233917059027 
0.16632541888002245 0.1684697620464205 
0.11547905040065355 0.20308732146911215 
0.11245120808478185 0.20178557570015843 
0.11245120808478185 0.20178557570015843 
0.09948424748873361 0.18676821526822968 
0.16506994882176024 0.17995443343883297 
0.17393099787485172 0.17430762026554403 
0.07219358350587185 0.18412509400210653 
0.06223979082005776 0.15960980226610708 
0.17777699197495014 0.16869648085439137 
0.11846747972794298 0.17849014849914183 
0.16505216172084083 0.17624604266024294 
0.17675946193882433 0.18518220542600597 
0.15608145421719335 0.18367171527667725 
0.09800518385214976 0.1668584676819168 
0.0628139230407807 0.20909457442841212 
0.16871993560576076 0.1490822184671001 
0.16871993560576076 0.1490822184671001 
0.16999577848636022 0.20820776911947514 
0.09793417334654544 0.19696074447694728 
0.06253379087215157 0.2024217723733549 
0.11321358222367696 0.15386351707506088 
0.1218888497204009 0.22354781426192738 
0.1218888497204009 0.22354781426192738 
0.1218888497204009 0.22354781426192738 
0.1218888497204009 0.22354781426192738 
0.12191836734439157 0.22365819625607114 
0.10532108233550966 0.22258722252702176 
0.08844212301475365 0.22028070436338937 
0.0909402277654243 0.22262987546836646 
0.0909402277654243 0.22262987546836646 
0.0909402277654243 0.22262987546836646 
0.0909402277654243 0.22262987546836646 
0.061703361410582344 0.17976572929594617 
0.13437184415302972 0.2341185856822524 
0.13437184415302972 0.2341185856822524 
0.13437184415302972 0.2341185856822524 
0.13239720082086795 0.2101333041021325 
0.06526723840435739 0.16770285907529367 
0.06383672365577231 0.17376616497578912 
0.16082205730562155 0.15078719131181567 
0.16082205730562155 0.15078719131181567 
0.16082205730562155 0.15078719131181567 
0.15564072204975882 0.14616520558256993 
0.14848093952367214 0.15440227375330523 
0.14086473051245607 0.20955097184042307 
0.13922072729878304 0.209019959497052 
0.13922072729878304 0.209019959497052 
0.13922072729878304 0.209019959497052 
0.13922072729878304 0.209019959497052 
0.16671937037423282 0.21615365949591261 
0.16671937037423282 0.21615365949591261 
0.16802346815229452 0.2327961984633465 
0.16802346815229452 0.2327961984633465 
0.16786964820781225 0.23249888465131746 
0.1609568212054445 0.22514045432570468 
0.06515690026201819 0.22754182352399321 
0.06923427537120046 0.18247718463986676 
0.09549123317220758 0.17156370249363367 
0.12720280083317664 0.17364067512571696 
0.14666823870136175 0.2056199535162156 
0.07371535169339631 0.1740291083394559 
0.1730621385171233 0.17356341817712895 
0.10329910166022879 0.20220745135293997 
0.12777334366386942 0.17359949819201248 
0.09720127887591971 0.17219302226392924 
0.12801347656806203 0.17604373938633347 
0.12718061630433303 0.15479097337953604 
0.14809509427496714 0.1573395584872039 
0.14809509427496714 0.1573395584872039 
0.16921111478768863 0.15195406869328093 
0.16921111478768863 0.15195406869328093 
0.16921111478768863 0.15195406869328093 
0.16921111478768863 0.15195406869328093 
0.16921111478768863 0.15195406869328093 
0.13440480798389784 0.19656161846045794 
0.08919760098495756 0.1642567256966258 
0.07294238923592303 0.17314687865094489 
0.08265358225701808 0.1827126341218177 
0.09321924123936272 0.176033872046279 
0.07511100311347807 0.16263190250999207 
0.09845342190349039 0.19434240597643213 
0.09952420000722198 0.1825568650055802 
0.11508241428521016 0.19782465764075358 
0.14388013265455968 0.16908295861038303 
0.13491887149785428 0.18783213038804528 
0.17270861662379577 0.22398249991305622 
0.17270861662379577 0.22398249991305622 
0.17270861662379577 0.22398249991305622 
0.1757164160107603 0.24066744733081152 
0.1650599009089376 0.2399470745351669 
0.1650599009089376 0.2399470745351669 
0.1650599009089376 0.2399470745351669 
0.1650599009089376 0.2399470745351669 
0.1650599009089376 0.2399470745351669 
0.16854991148019594 0.24124606620566058 
0.16854991148019594 0.24124606620566058 
0.11550031117879644 0.2103332511207718 
0.11359975373027803 0.21682609192951086 
0.0667765392869539 0.2437669341640077 
0.0667765392869539 0.2437669341640077 
0.0667765392869539 0.2437669341640077 
0.0667765392869539 0.2437669341640077 
0.08706169104240968 0.23715900561361225 
0.06886026817277721 0.2434670953090576 
0.06537935989763714 0.24708877572055502 
0.11413595871494649 0.20479795774094178 
0.09176384589175608 0.1689376222930435 
0.08189743231366632 0.17370752689134722 
0.17038489892752268 0.21449889669754207 
0.1756604373703367 0.2431156460236576 
0.16886567213143472 0.24595888934905819 
0.16986291034149945 0.24022424894274907 
0.16986291034149945 0.24022424894274907 
0.15067084621960725 0.22277988280464908 
0.12594747340088347 0.22854554180768488 
0.08480968962125598 0.23672348336402532 
0.08480968962125598 0.23672348336402532 
0.07632583572660104 0.25240299738299254 
0.07632583572660104 0.25240299738299254 
0.07632583572660104 0.25240299738299254 
0.08127741624696669 0.23396303095847915 
0.08127741624696669 0.23396303095847915 
0.08127741624696669 0.23396303095847915 
0.12344264909647061 0.23309971164831955 
0.11477291447450258 0.2317207993622885 
0.1429011523589848 0.23993567145884892 
0.15505376699591833 0.25099384134459635 
0.15307497343964693 0.24238293049145715 
0.15307497343964693 0.24238293049145715 
0.15307497343964693 0.24238293049145715 
0.15307497343964693 0.24238293049145715 
0.10645244260642842 0.2052354594370997 
0.1357718543555803 0.2236643661985005 
0.12233241080042673 0.17643064753599985 
0.11794770715495526 0.18816717391779433 
0.157522049414612 0.20013371208063624 
0.12431115808534285 0.1650542792239408 
0.12243898250223842 0.16602509106898028 
0.15065090975986492 0.19111721997100264 
0.15065090975986492 0.19111721997100264 
0.15930993095082058 0.18014668239319606 
0.15930993095082058 0.18014668239319606 
0.08312543381612306 0.1837142263255061 
0.10738253109483634 0.20121920635696078 
0.0926125574125053 0.2235170657852976 
0.0926125574125053 0.2235170657852976 
0.0926125574125053 0.2235170657852976 
0.14633334823601726 0.1602027419539374 
0.1509670979122408 0.15835090975942817 
0.179484482219415 0.13705555640225597 
0.17502949869037548 0.13625077139096392 
0.17502949869037548 0.13625077139096392 
0.1755605281740478 0.12636716623388916 
0.1740607945452702 0.13769972751985513 
0.1740607945452702 0.13769972751985513 
0.15414455630228432 0.1559635975894821 
0.0941092468006508 0.15982688983338733 
0.15886124533766277 0.18879738155358153 
0.12746592381516958 0.1678381794365006 
0.12253077865891158 0.1870174275606418 
0.12258953615920831 0.15111359435370778 
0.1574957806127467 0.19117221888212715 
0.1574957806127467 0.19117221888212715 
0.1376069091976396 0.1719798800158421 
0.10322195221478876 0.1738841647658958 
0.15439931391070377 0.19172774104118828 
0.1624746050919943 0.19362497576247523 
0.12140357927520343 0.18791514636739393 
0.17649048911489224 0.16431486235925266 
0.06403271254411057 0.17650562101587225 
0.1814964684723862 0.1644953876212387 
0.11994022699163565 0.1972089914551897 
0.08571073354500469 0.2224106027896341 
0.08571073354500469 0.2224106027896341 
0.06704495191687972 0.2200431040292982 
0.06704495191687972 0.2200431040292982 
0.06704495191687972 0.2200431040292982 
0.06704495191687972 0.2200431040292982 
0.06151451723880692 0.23037233672318128 
0.14097418114088636 0.2279123831895796 
0.14097418114088636 0.2279123831895796 
0.15480554395234208 0.23174058511823117 
0.17995104627469194 0.23077413769269878 
0.17995104627469194 0.23077413769269878 
0.17855149314367036 0.2276563543429496 
0.14163301552713975 0.20025099585694198 
0.12443328741756957 0.24045557427542094 
0.11894112616637575 0.24328672741904073 
0.11894112616637575 0.24328672741904073 
0.11894112616637575 0.24328672741904073 
0.11894112616637575 0.24328672741904073 
0.12438886370817229 0.24400815760950567 
0.126049653340116 0.2449669630696258 
0.12731366447155398 0.23893002697248003 
0.12731366447155398 0.23893002697248003 
0.12731366447155398 0.23893002697248003 
0.12731366447155398 0.23893002697248003 
0.12731366447155398 0.23893002697248003 
0.1295144690263289 0.23940088705222592 
0.1295144690263289 0.23940088705222592 
0.1295144690263289 0.23940088705222592 
0.1295144690263289 0.23940088705222592 
0.12970967192441943 0.23804168523464167 
0.12970967192441943 0.23804168523464167 
0.12970967192441943 0.23804168523464167 
0.07977290726809239 0.22325163616692276 
0.08060663028793857 0.22236381940018612 
0.08233695423169736 0.2337477531343496 
0.08233695423169736 0.2337477531343496 
0.12113901849823666 0.18336293650453483 
0.1722237132528612 0.16517875230982218 
0.13707606179084864 0.18657388024708838 
0.16007889503075354 0.20577684998962775 
0.14983104915024997 0.20340297330388826 
0.11406616803225625 0.19399278518637048 
0.08974195379315034 0.20561086040179888 
0.08974195379315034 0.20561086040179888 
0.12668238246791305 0.20679571644727063 
0.15485117505786256 0.15625789196502185 
0.12320305329491603 0.1445486977263604 
0.1388022643595848 0.14942365186721873 
0.07003554879182115 0.17721140359553364 
0.16101901715191239 0.17832514442857528 
0.06713110314807919 0.16096376132239074 
0.1692831553007141 0.16754380403824642 
0.17670189347925877 0.17236985108919883 
0.1596557625689946 0.18052348713629837 
0.15710091209638358 0.18810529230751522 
0.17479053535705602 0.1855267528403085 
0.09484377567175895 0.16624412819737958 
0.06953869587056352 0.1511730478289256 
0.09185298266893124 0.17762606522002172 
0.14988902115400468 0.17219805241767352 
0.10117471488070624 0.19405703590914375 
0.1785379771400803 0.1721204187937102 
0.08604010694564064 0.17925967176759422 
0.1616313802594146 0.2073594675192429 
0.1542037339576067 0.2102391741105569 
0.09907107770598841 0.1636961767300729 
0.17073450141288035 0.1795827879846371 
0.10603477270526712 0.22900423459327907 
0.07386723424622187 0.1633875350639929 
0.13960034149335074 0.1735559841329833 
0.1276345262862701 0.15701426527108583 
0.11064988109736593 0.20095539957812686 
0.08094391940726434 0.18708286038166658 
0.11750211446725631 0.18163384141265398 
0.10778092344856521 0.20114894682502707 
0.07844053870798182 0.16613616140963336 
0.14770618205146635 0.23420330748412846 
0.15236203464290432 0.21264107373100266 
0.13575630859682775 0.20387233742176394 
0.13575630859682775 0.20387233742176394 
0.13660495130512543 0.20601344340020766 
0.14777255734743724 0.23898484976412335 
0.0726898493019317 0.1814113952873848 
0.10418950510379593 0.17909443532280744 
0.16717275148777605 0.18236301094382956 
0.15389055845314778 0.19195968867838714 
0.15816469729253194 0.1644737975686639 
0.07518644959054116 0.16296519446176133 
0.07068627059753643 0.15667005086273267 
0.08090989869156925 0.17861533931205303 
0.0722625840431012 0.18469332711330766 
0.16259673269800787 0.15797052661019542 
0.16947057675396382 0.1955558555113911 
0.15577699156832508 0.19160889551583754 
0.07914882471255882 0.1781935858693984 
0.06222006651390445 0.2016981735994831 
0.17436826892087554 0.16080520951162502 
0.16117013349189094 0.2082717553101474 
0.16117013349189094 0.2082717553101474 
0.16117013349189094 0.2082717553101474 
0.16117013349189094 0.2082717553101474 
0.1164388054747944 0.18667184088689015 
0.08406364750353178 0.24670966624101429 
0.08406364750353178 0.24670966624101429 
0.08976805835978183 0.24142391101826352 
0.08976805835978183 0.24142391101826352 
0.08976805835978183 0.24142391101826352 
0.08997339621211367 0.23602515098895763 
0.08997339621211367 0.23602515098895763 
0.08997339621211367 0.23602515098895763 
0.08997339621211367 0.23602515098895763 
0.09904382466392518 0.2285438426912619 
0.09904382466392518 0.2285438426912619 
0.10534268999008954 0.16096338630718393 
0.14216834878822812 0.17255107664635685 
0.10844791746824714 0.16652646199839727 
0.06470397427635985 0.1573066429440539 
0.14143009387539449 0.16887208752609648 
0.0799419050448271 0.16731759322341733 
0.09742037907470373 0.16686697882667445 
0.06732291071354726 0.20250087686722762 
0.06732291071354726 0.20250087686722762 
0.16918919324990833 0.18355344980952887 
0.16280947659748282 0.16366619687486952 
0.0804270849743413 0.17095888168029602 
0.07740309242135425 0.1522395433483129 
0.07740309242135425 0.1522395433483129 
0.1505107222352525 0.16265376474647547 
0.06805420273029156 0.19230993696170648 
0.170387558138332 0.19837767166348477 
0.15896440430332068 0.20113298289228881 
0.17250973580265896 0.24144326829070895 
0.17250973580265896 0.24144326829070895 
0.17250973580265896 0.24144326829070895 
0.17214303954922486 0.244219458636349 
0.17117951909846724 0.24423143457399235 
0.17117951909846724 0.24423143457399235 
0.17117951909846724 0.24423143457399235 
0.07869099766171629 0.15225175614749248 
0.1290908445258282 0.15267842823118777 
0.08176048639472966 0.17119431633876384 
0.09704301213906527 0.1852297636898492 
0.08670911595139069 0.17950732050738294 
0.1188089418535044 0.16856873044716217 
0.14686449293429737 0.1690321130683607 
0.14852009449968384 0.15378410082489924 
0.1281676600485861 0.11422116167376703 
0.12883857261104723 0.11279921847662402 
0.12883857261104723 0.11279921847662402 
0.12993157632144867 0.12256887007227005 
0.12993157632144867 0.12256887007227005 
0.16449443412474257 0.1101944355910908 
0.16449443412474257 0.1101944355910908 
0.1648638641745739 0.11178230733819206 
0.1648638641745739 0.11178230733819206 
0.1501731951394411 0.13217150203805456 
0.14486721443176453 0.10711789399062743 
0.1546365302842023 0.09313979415239504 
0.1546365302842023 0.09313979415239504 
0.15156171310995598 0.09852522522225331 
0.13697253287844202 0.11144039996756891 
0.13697253287844202 0.11144039996756891 
0.13697253287844202 0.11144039996756891 
0.13697253287844202 0.11144039996756891 
0.1309876627050361 0.11099779630795398 
0.12574649117471282 0.15124315920681608 
0.09895382539795884 0.18589391133078195 
0.10695128139993784 0.20556797186401485 
0.10987537647329004 0.15141273431759872 
0.10987537647329004 0.15141273431759872 
0.16973032975923152 0.16336709502252197 
0.06730523528757569 0.18533176136289195 
0.14820000827211824 0.17511925934043435 
0.11339533773191957 0.1772772760700526 
0.15859358454893294 0.1861922981430859 
0.08498017319174773 0.17118605512058896 
0.15308329643444052 0.2192777279874372 
0.1542342862974325 0.14823038893912904 
0.1542342862974325 0.14823038893912904 
0.15677159677964775 0.13131599948687125 
0.15677159677964775 0.13131599948687125 
0.15393835331074227 0.12702513943615434 
0.15393835331074227 0.12702513943615434 
0.1510861575819081 0.13071767215288077 
0.15065774131499293 0.1254049346025503 
0.15425944802241542 0.21907237314808986 
0.15425944802241542 0.21907237314808986 
0.14839424109944022 0.2251398176187327 
0.14839424109944022 0.2251398176187327 
0.1491460131660085 0.22287778639316025 
0.14370104840042858 0.2107221038854042 
0.09935624443700883 0.16918162997668754 
0.16492582630270372 0.1910158946705779 
0.09825535032941715 0.1785716845391046 
0.064273968308209 0.17814696431567772 
0.08029328155515572 0.159194563843841 
0.10624701590755053 0.15381790971559395 
0.10694767390784571 0.14723310518967828 
0.12493130966092177 0.11833013997353477 
0.12493130966092177 0.11833013997353477 
0.12493130966092177 0.11833013997353477 
0.11386485178694453 0.12344124647145809 
0.11255811793195472 0.12336247739740154 
0.1169577422764717 0.1271167334756966 
0.1169577422764717 0.1271167334756966 
0.0988627223982127 0.11552635503969591 
0.09751035250554227 0.1246151160635328 
0.08840689786806362 0.1276426582758571 
0.09923079230063578 0.12882050940449152 
0.08821088141095917 0.13424748443525272 
0.17880243410697438 0.17938494026718907 
0.08068710305593575 0.1544954023801644 
0.08285810526378774 0.11384333242825923 
0.08714267015930668 0.11164039479969744 
0.13237999420366756 0.1365323469369423 
0.13153309091134227 0.13462104886381412 
0.10832282305547446 0.12229975038761245 
0.10042345863793206 0.14598497590530085 
0.09661433223848061 0.14009303903862175 
0.11207910839363472 0.24622204018889815 
0.11207910839363472 0.24622204018889815 
0.11542698187133468 0.2434329270432281 
0.11542698187133468 0.2434329270432281 
0.11542698187133468 0.2434329270432281 
0.1145611574496532 0.24773793583933434 
0.1145611574496532 0.24773793583933434 
0.10874739017317286 0.2512775007589102 
0.1065722691599506 0.24581077070948126 
0.10639918856944652 0.24579023668331057 
0.10639918856944652 0.24579023668331057 
0.10130081343241565 0.25133651502093357 
0.10130081343241565 0.25133651502093357 
0.10130081343241565 0.25133651502093357 
0.10130081343241565 0.25133651502093357 
0.10130081343241565 0.25133651502093357 
0.10130081343241565 0.25133651502093357 
0.10194348823990854 0.2512166164390594 
0.12015897328967431 0.25121908149863054 
0.12015897328967431 0.25121908149863054 
0.11360077353382195 0.23871219643229347 
0.11968727064205428 0.24499300408892302 
0.11968727064205428 0.24499300408892302 
0.11968727064205428 0.24499300408892302 
0.1053348500151863 0.215795808773028 
0.11179782027720747 0.2053713823496968 
0.07152204020224763 0.2142150160279277 
0.1465192860626496 0.1520428102358577 
0.17841015788089204 0.1465518620951361 
0.17841015788089204 0.1465518620951361 
0.17841015788089204 0.1465518620951361 
0.17841015788089204 0.1465518620951361 
0.16502566642686411 0.16986367248570566 
0.16436525913411218 0.22609469840420116 
0.16436525913411218 0.22609469840420116 
0.09696707038617239 0.19802817067457357 
0.08879161374352672 0.17220171636780157 
0.18144189100622826 0.1829352993643708 
0.18144189100622826 0.1829352993643708 
0.08048202885324401 0.16232301471395047 
0.09299346390827673 0.188150055199954 
0.10154713907466964 0.20915863534858506 
0.10194177454260397 0.20929982233790337 
0.10194177454260397 0.20929982233790337 
0.07534592162316973 0.20623903467184657 
0.17846828416539334 0.1873081917228182 
0.09298667706485099 0.1795006179629504 
0.12704084953855008 0.16311886854220276 
0.1614649877688215 0.1616220652499241 
0.16280903308672562 0.12511547673503814 
0.16280903308672562 0.12511547673503814 
0.16280903308672562 0.12511547673503814 
0.16001730919558307 0.13843168283592389 
0.16001730919558307 0.13843168283592389 
0.1507497066726275 0.1436349204027775 
0.1515094030436916 0.14314301354168962 
0.17269812793241265 0.1004344126534003 
0.17269812793241265 0.1004344126534003 
0.17068955670206745 0.10041477644426376 
0.16292511895885653 0.11168566326693777 
0.1537079180246081 0.10747642199737815 
0.1537079180246081 0.10747642199737815 
0.1537079180246081 0.10747642199737815 
0.15160332730678566 0.11005699191598615 
0.15160332730678566 0.11005699191598615 
0.15160332730678566 0.11005699191598615 
0.15160332730678566 0.11005699191598615 
0.14199715381388994 0.11591054564823983 
0.14199715381388994 0.11591054564823983 
0.14199715381388994 0.11591054564823983 
0.1611348942153854 0.11264041754109125 
0.14625947117834584 0.14354045613491928 
0.14625947117834584 0.14354045613491928 
0.08540964525772796 0.15491263181635448 
0.1293930375765102 0.19236895681564076 
0.15241359362548482 0.15976979978854552 
0.13514239518341256 0.16083729302455474 
0.10649852686393788 0.17027125206709712 
0.12010340911901529 0.1849384083774833 
0.12647269223568902 0.21235123481004475 
0.12647269223568902 0.21235123481004475 
0.12434444588588825 0.20983520124512403 
0.14711726393583754 0.23623747071375206 
0.13600714664679872 0.2413902758060678 
0.13509030804115568 0.24554479086749387 
0.13509030804115568 0.24554479086749387 
0.13509030804115568 0.24554479086749387 
0.13509030804115568 0.24554479086749387 
0.13509030804115568 0.24554479086749387 
0.13509030804115568 0.24554479086749387 
0.13509030804115568 0.24554479086749387 
0.13509030804115568 0.24554479086749387 
0.13509030804115568 0.24554479086749387 
0.13509030804115568 0.24554479086749387 
0.13646183867776782 0.25156684802389184 
0.13646183867776782 0.25156684802389184 
0.13646183867776782 0.25156684802389184 
0.13646183867776782 0.25156684802389184 
0.13646183867776782 0.25156684802389184 
0.1265869397972086 0.22870652299429495 
0.15663592314296143 0.2517234451234596 
0.15663592314296143 0.2517234451234596 
0.15663592314296143 0.2517234451234596 
0.15663592314296143 0.2517234451234596 
0.15663592314296143 0.2517234451234596 
0.15481302692905002 0.24805052043411235 
0.15524133337468474 0.24598924834668823 
0.15581785222726358 0.2318715820398506 
0.15581785222726358 0.2318715820398506 
0.1612589507111261 0.24683404989164814 
0.1612589507111261 0.24683404989164814 
0.1612589507111261 0.24683404989164814 
0.1612589507111261 0.24683404989164814 
0.1612589507111261 0.24683404989164814 
0.16002740500811352 0.24558332686606948 
0.16002740500811352 0.24558332686606948 
0.15438253288141715 0.2418558625096426 
0.15438253288141715 0.2418558625096426 
0.15438253288141715 0.2418558625096426 
0.1615126149745853 0.1979264976540699 
0.13181365308140067 0.20300969962799414 
0.16958474813599467 0.20814204386739654 
0.16129543071841881 0.21720991953727625 
0.1210126535594237 0.20375115925504647 
0.12693169059017212 0.23989189358324975 
0.12693169059017212 0.23989189358324975 
0.13507224539571777 0.2414869542803959 
0.13507224539571777 0.2414869542803959 
0.13507224539571777 0.2414869542803959 
0.13116175094506247 0.24751360646792717 
0.13116175094506247 0.24751360646792717 
0.12501453915667166 0.22798122273027244 
0.12501453915667166 0.22798122273027244 
0.11848938034602309 0.21038764439390006 
0.10951853579438586 0.19326003079496637 
0.08686322335134392 0.2088747690779858 
0.08686322335134392 0.2088747690779858 
0.0961615813551151 0.23421370944690356 
0.06164256248938857 0.24358727328984905 
0.060863433115584856 0.23681653331699015 
0.060863433115584856 0.23681653331699015 
0.060863433115584856 0.23681653331699015 
0.061032335821274014 0.23359263744836783 
0.08775792075530209 0.22280547772811873 
0.08775792075530209 0.22280547772811873 
0.0968924762561251 0.21180589373489955 
0.10270892849039549 0.251899283772123 
0.1088250383338317 0.2459407436574721 
0.10942051780110919 0.24660102789128097 
0.1084374442097297 0.24930775575097636 
0.1084374442097297 0.24930775575097636 
0.10302717696809302 0.2559555909802981 
0.10302717696809302 0.2559555909802981 
0.10302717696809302 0.2559555909802981 
0.10302717696809302 0.2559555909802981 
0.10302717696809302 0.2559555909802981 
0.10302717696809302 0.2559555909802981 
0.10848706992441803 0.2533591779150228 
0.10928408172651646 0.25360762540243165 
0.1098960299710488 0.24936498147567535 
0.1098960299710488 0.24936498147567535 
0.1098960299710488 0.24936498147567535 
0.11198469975761542 0.2516728893454736 
0.11198469975761542 0.2516728893454736 
0.11198469975761542 0.2516728893454736 
0.11198469975761542 0.2516728893454736 
0.11198469975761542 0.2516728893454736 
0.11198469975761542 0.2516728893454736 
0.11198469975761542 0.2516728893454736 
0.11198469975761542 0.2516728893454736 
0.11500020199084098 0.2293450096703852 
0.11413322120485483 0.23966415531211194 
0.11413322120485483 0.23966415531211194 
0.11413322120485483 0.23966415531211194 
0.11413322120485483 0.23966415531211194 
0.17850415910468298 0.19987983382664903 
0.17417248908972238 0.19974877816732295 
0.17891181156778374 0.19174070509671817 
0.1472924682379036 0.1662929474429359 
0.13803535130672007 0.14614866270985233 
0.13803535130672007 0.14614866270985233 
0.13422372213320655 0.1488031214510318 
0.09222558833683023 0.18231206279703516 
0.16926754237835778 0.1749710663156941 
0.06959649049354388 0.17500909727257738 
0.15928850734937067 0.17427980572115254 
0.1569437800332662 0.1847868955316523 
0.16623748087709506 0.19991503198426888 
0.16623748087709506 0.19991503198426888 
0.16623748087709506 0.19991503198426888 
0.16623748087709506 0.19991503198426888 
0.08714755392211702 0.15242147777055987 
0.08195555155921574 0.14342265099058626 
0.08475300737533793 0.15231665626434163 
0.08475300737533793 0.15231665626434163 
0.06336168678025472 0.10216855661119784 
0.09393592121626337 0.1408367324536523 
0.10679415401540779 0.14396320724749387 
0.10552875921902294 0.14182244689531617 
0.11242247665422145 0.13914074867970494 
0.10958683325593524 0.1409382525458254 
0.11495246896523405 0.14085674697209746 
0.11264716669379765 0.13023256631886038 
0.11264716669379765 0.13023256631886038 
0.11264716669379765 0.13023256631886038 
0.07301130183967157 0.12328981164112415 
0.08571354090795759 0.15324685714254993 
0.07824285158547717 0.15203644910553504 
0.07824285158547717 0.15203644910553504 
0.12691668540681195 0.1681948738852144 
0.148562793189392 0.19048529545621645 
0.17357877141263311 0.16790249121776024 
0.15562793492599325 0.15831579318625083 
0.17344584185272513 0.21920626880852187 
0.17344584185272513 0.21920626880852187 
0.17328247042289333 0.2191178007765511 
0.16941559140750348 0.22219738536053993 
0.16980854540881718 0.22385803033197207 
0.17104601388033397 0.22481469640459573 
0.1276235708126352 0.20981076074253197 
0.12746105585388093 0.2168005808220503 
0.12629302748835763 0.1815066957424082 
0.1256040646245948 0.19710106529191013 
0.06456884954381167 0.17233536561310894 
0.12204475631576595 0.18021756818112283 
0.12080982184569397 0.20314123421656433 
0.14162366606284757 0.24031906116765844 
0.14162366606284757 0.24031906116765844 
0.14162366606284757 0.24031906116765844 
0.1440492633077864 0.24168162286341538 
0.0890943292738014 0.24145719921836456 
0.0890943292738014 0.24145719921836456 
0.1166288773340924 0.2171822446004818 
0.1166288773340924 0.2171822446004818 
0.1147826638353806 0.21604981944726884 
0.13277995015064925 0.2008333266313565 
0.13277995015064925 0.2008333266313565 
0.15262436516556788 0.17185341989570818 
0.16980821442698607 0.18627730162033448 
0.17280923164608275 0.19465303196630251 
0.15628123490203447 0.16862006971497298 
0.07975322243710159 0.19297256935060542 
0.17213849519743982 0.2132271510089467 
0.17213849519743982 0.2132271510089467 
0.17213849519743982 0.2132271510089467 
0.1800816164264724 0.23296224168405597 
0.1800816164264724 0.23296224168405597 
0.1800816164264724 0.23296224168405597 
0.1800816164264724 0.23296224168405597 
0.1800816164264724 0.23296224168405597 
0.1800816164264724 0.23296224168405597 
0.17103992371912619 0.2135474612298123 
0.12059759276938702 0.15305338873786878 
0.13219250088262055 0.15184563461888828 
0.13552179643811907 0.15425316962114427 
0.09608354768586548 0.15710525362195107 
0.14214900394383195 0.15872323420393075 
0.1413959310466617 0.15793397956824123 
0.14148711411752865 0.19114319519443906 
0.106757844580229 0.21230290828826015 
0.106757844580229 0.21230290828826015 
0.1188000236402078 0.21730881297894472 
0.11866165598862409 0.21694941983095517 
0.11866165598862409 0.21694941983095517 
0.11310289926598852 0.18692774200820614 
0.1309891264112022 0.20015023053128625 
0.13283579964402603 0.2017305058562116 
0.11925585526123783 0.1953835858551054 
0.12175734669507651 0.20533254475686707 
0.12484872881698535 0.21707741216325874 
0.12719183459680802 0.2253132995922401 
0.12476612474523124 0.23919822827238846 
0.10146165743054271 0.20355006671010162 
0.10146165743054271 0.20355006671010162 
0.0955895561140036 0.21028521587561805 
0.10920794883778512 0.235390222189013 
0.09924831413423169 0.24423412439957098 
0.09924831413423169 0.24423412439957098 
0.09924831413423169 0.24423412439957098 
0.09924831413423169 0.24423412439957098 
0.1760941172001533 0.204060435487631 
0.1760941172001533 0.204060435487631 
0.18135400521545825 0.21225864466662275 
0.18135400521545825 0.21225864466662275 
0.18135400521545825 0.21225864466662275 
0.17512998653477901 0.21073288069436696 
0.17512998653477901 0.21073288069436696 
0.1711379189543618 0.2055848175848657 
0.1715303403321749 0.20563333434033532 
0.15245872649356065 0.16711137574125942 
0.11647589889279386 0.1588945860489136 
0.11647589889279386 0.1588945860489136 
0.1744902460229491 0.16105838011775792 
0.17382260669624433 0.2026957683104823 
0.17382260669624433 0.2026957683104823 
0.17382260669624433 0.2026957683104823 
0.06610368860073958 0.1991762111465659 
0.15510862282250923 0.19178125567711662 
0.158640489530539 0.20250832718995726 
0.12227649102319593 0.1621880572719381 
0.16130700914064278 0.13438530895492506 
0.16130700914064278 0.13438530895492506 
0.16130700914064278 0.13438530895492506 
0.1617264933663394 0.13734433889125078 
0.16692403740954728 0.13260816419352867 
0.1654420446788299 0.14213839836180583 
0.16960472760983847 0.15298674537308243 
0.14416096475426757 0.18036946702737552 
0.15690946698188282 0.16312471788867833 
0.09725981262693797 0.16816829638860503 
0.1362163365764746 0.178601624491478 
0.1109260337649648 0.1255450088669055 
0.08330247188963794 0.17403885512054953 
0.15332236505754965 0.1874657182241246 
0.15332236505754965 0.1874657182241246 
0.1681022693435978 0.18918238241524205 
0.16922655478096651 0.19535855895674165 
0.0711764945963462 0.16834122829073297 
0.13175140006469493 0.1637583945447151 
0.09387277606937389 0.1533876292143757 
0.07043609907019675 0.2341539549212751 
0.07043609907019675 0.2341539549212751 
0.07043609907019675 0.2341539549212751 
0.06134235028015944 0.2350983842247204 
0.06134235028015944 0.2350983842247204 
0.06134235028015944 0.2350983842247204 
0.06134235028015944 0.2350983842247204 
0.08430758724909578 0.1641056825145797 
0.13657765102624267 0.178940895893095 
0.17962116199288233 0.19447699133750995 
0.10047928132448038 0.19249566099175608 
0.11717556529160844 0.19089491020892477 
0.1306050832172288 0.19686566869492536 
0.1306050832172288 0.19686566869492536 
0.08712941506242164 0.1614287873539668 
0.07024506026102054 0.1296085178729643 
0.0668846308879333 0.1276156162195015 
0.0668846308879333 0.1276156162195015 
0.0668846308879333 0.1276156162195015 
0.0673068869161455 0.12815465235760976 
0.0673068869161455 0.12815465235760976 
0.0673068869161455 0.12815465235760976 
0.0673068869161455 0.12815465235760976 
0.0673068869161455 0.12815465235760976 
0.0673068869161455 0.12815465235760976 
0.06903946612201418 0.13009103394478266 
0.06903946612201418 0.13009103394478266 
0.06903946612201418 0.13009103394478266 
0.06903946612201418 0.13009103394478266 
0.10790492083686572 0.2009624211985533 
0.06528471599820933 0.17612781432470256 
0.1631139529245875 0.16670713961547634 
0.0913277390382559 0.17381224118562202 
0.18028056728735992 0.18903896565278014 
0.18028056728735992 0.18903896565278014 
0.17264110492310236 0.19225046568789586 
0.13392334882365942 0.18209264343877665 
0.12083767343456144 0.15449821540607783 
0.12083767343456144 0.15449821540607783 
0.1731116428635695 0.17809419998202544 
0.10461257360466801 0.19288233507587524 
0.10437274327694014 0.18400849766493732 
0.06228858149229334 0.17515151695625264 
0.12245454146368928 0.18744645058099654 
0.12567511595890007 0.18305070403218443 
0.1523636827891061 0.1894140188369126 
0.10613958950899866 0.18268608995459162 
0.1424532711392896 0.1567144349030866 
0.09776077694935568 0.1631985173480523 
0.15395206589280802 0.16759277930375083 
0.17335412091067823 0.09422566746351593 
0.17335412091067823 0.09422566746351593 
0.14643333392217306 0.13830281800103142 
0.15114781770153946 0.13729150549557229 
0.15123937509694985 0.1386282425100227 
0.15219946901531364 0.13838995376327345 
0.1629793764085477 0.13523453359679158 
0.1629793764085477 0.13523453359679158 
0.15652467073092152 0.1332879040991464 
0.17615246951212574 0.1166034617088739 
0.15468564075560998 0.1482153198781797 
0.13512004003809241 0.15240476499210018 
0.1403159681561373 0.14606131956486562 
0.1403159681561373 0.14606131956486562 
0.11416407205794725 0.19181089054218345 
0.08991868505413046 0.1998166999315755 
0.09094961173420989 0.1602696580751065 
0.16417630970887806 0.15879884590367466 
0.13975391749461033 0.15342092700485777 
0.13935324485515468 0.15489029541112626 
0.14781616307212417 0.19941947114268405 
0.1080578516310087 0.17257409986267297 
0.07067237708928098 0.22201369410080307 
0.07356192694256014 0.24477322900624976 
0.08198976540653906 0.22858944564787861 
0.08332747201422784 0.22390705500728192 
0.08487732565997069 0.23245227968793336 
0.08487732565997069 0.23245227968793336 
0.08487732565997069 0.23245227968793336 
0.08487732565997069 0.23245227968793336 
0.08487732565997069 0.23245227968793336 
0.08487732565997069 0.23245227968793336 
0.08487732565997069 0.23245227968793336 
0.08487732565997069 0.23245227968793336 
0.10220296254503634 0.21433838295556962 
0.10220296254503634 0.21433838295556962 
0.12299839828833366 0.2131121707764356 
0.10215342703155746 0.22409506420826011 
0.10215342703155746 0.22409506420826011 
0.1247577758794833 0.252617272336661 
0.1247577758794833 0.252617272336661 
0.15560096821427202 0.18068351652735523 
0.1006598119359783 0.1791514018952315 
0.17012077610489754 0.18736730138334037 
0.1780003239369827 0.20290742702166223 
0.1780003239369827 0.20290742702166223 
0.15033905008154275 0.22238570322624307 
0.15033905008154275 0.22238570322624307 
0.15033905008154275 0.22238570322624307 
0.15033905008154275 0.22238570322624307 
0.15033905008154275 0.22238570322624307 
0.15033905008154275 0.22238570322624307 
0.15033905008154275 0.22238570322624307 
0.16594724358859103 0.25153442164298717 
0.11031445432865934 0.1970266338871953 
0.11070490416507295 0.20674446131642854 
0.1352587266369992 0.1776380908216603 
0.12609808624883861 0.15497316662095345 
0.14975917779895415 0.1753718733052073 
0.1691182954142106 0.20287338073892378 
0.1708434980842146 0.23384861486690892 
0.1666889225228493 0.22802867406992 
0.1666889225228493 0.22802867406992 
0.1666889225228493 0.22802867406992 
0.16086330278651395 0.23643567497922402 
0.16341655289115012 0.24207179359602987 
0.16341655289115012 0.24207179359602987 
0.16341655289115012 0.24207179359602987 
0.16341655289115012 0.24207179359602987 
0.16341655289115012 0.24207179359602987 
0.16341655289115012 0.24207179359602987 
0.16341655289115012 0.24207179359602987 
0.16341655289115012 0.24207179359602987 
0.16341655289115012 0.24207179359602987 
0.15314783786279706 0.22380038532547622 
0.1546274618797265 0.25488308684125943 
0.1546274618797265 0.25488308684125943 
0.1546274618797265 0.25488308684125943 
0.1546274618797265 0.25488308684125943 
0.13734364873762062 0.1472498752243618 
0.15945715559360982 0.16979374904383138 
0.13492682498386666 0.2019032341130006 
0.13492682498386666 0.2019032341130006 
0.13492682498386666 0.2019032341130006 
0.1364458769888588 0.20021784487568603 
0.12801428823460462 0.20660101886237406 
0.12801428823460462 0.20660101886237406 
0.1484343928774664 0.17383336381750367 
0.1304713174841121 0.19764014351532722 
0.07270683061855794 0.16233584536947354 
0.1061554578104271 0.17017656499494327 
0.16047383907677717 0.18051456695861687 
0.11404894378695761 0.16437004521982532 
0.16641499412607053 0.1926799374708397 
0.12531514010156497 0.17735933678251067 
0.08463794567430974 0.17020831877533935 
0.06668167837344877 0.16422170818701962 
0.11210487344998449 0.19723693177981538 
0.12108424931290995 0.19053048941039613 
0.11822773722231937 0.19288480600317193 
0.11756156324898105 0.191481565517921 
0.1785599509661982 0.17553429414152608 
0.1595066278442357 0.1565043836230582 
0.15163172705499048 0.18855366630770073 
0.14117391883483602 0.19553720535832855 
0.15089963394910025 0.18362599634905408 
0.1327962620582313 0.20578844171370436 
0.13575061336488015 0.17200827997638457 
0.09848796569717101 0.2019534023714964 
0.10886156588164195 0.18890904056789148 
0.15488096861092546 0.1805844132525389 
0.17730661005290985 0.1927556950984741 
0.10994573579645292 0.1668194819327417 
0.17690947030969997 0.23112190689080794 
0.07383083397805372 0.20009848026954818 
0.08701833039690904 0.15854148575328716 
0.09995315222482004 0.19315155538415485 
0.07453137465032635 0.19229866223706873 
0.07453137465032635 0.19229866223706873 
0.16211378276286179 0.16496550324009174 
0.11968831081386017 0.18076258687976912 
0.1245724694094834 0.16600450658038277 
0.07485689601387521 0.1680168356969119 
0.14709174523264584 0.17581214334019563 
0.18092075794456475 0.15229240411851092 
0.18092075794456475 0.15229240411851092 
0.18092075794456475 0.15229240411851092 
0.18092075794456475 0.15229240411851092 
0.12391076871559305 0.20066174436187553 
0.09781789460436079 0.16404880717211548 
0.12958218608185643 0.17347337298063656 
0.1261358596074217 0.1681073844476736 
0.12698349200640843 0.17867798161752393 
0.09972680763927332 0.20103435723821733 
0.09877006025507595 0.20797778284071405 
0.09984206851895494 0.21509300007121265 
0.09965966604869049 0.21466258648399972 
0.09403266995029452 0.22806302245031196 
0.09403266995029452 0.22806302245031196 
0.09220995171829904 0.24889579512085466 
0.09415758429956698 0.2449887128732178 
0.09415758429956698 0.2449887128732178 
0.09415758429956698 0.2449887128732178 
0.09530887596699342 0.2421950144887632 
0.09530887596699342 0.2421950144887632 
0.09530887596699342 0.2421950144887632 
0.09530887596699342 0.2421950144887632 
0.09111015033629755 0.25292882376623094 
0.09111015033629755 0.25292882376623094 
0.09780722404600108 0.23648580740342362 
0.09780722404600108 0.23648580740342362 
0.08661694775566559 0.24278292511385124 
0.08661694775566559 0.24278292511385124 
0.08661694775566559 0.24278292511385124 
0.08661694775566559 0.24278292511385124 
0.08661694775566559 0.24278292511385124 
0.08661694775566559 0.24278292511385124 
0.15287358340589988 0.17244660430908804 
0.10356338019197553 0.20994902469038407 
0.07941121451698885 0.23455698003738124 
0.07941121451698885 0.23455698003738124 
0.1325694834929141 0.2414719435386671 
0.1325694834929141 0.2414719435386671 
0.13153339907570244 0.2371103163551455 
0.1773541122771426 0.25504011814716143 
0.1773541122771426 0.25504011814716143 
0.14017746638714618 0.21033437698195287 
0.1499883277070077 0.2045639330596176 
0.11861914908716419 0.1982484095183635 
0.15402954477589686 0.23408830491068489 
0.1386178831865615 0.1489860489292401 
0.1386178831865615 0.1489860489292401 
0.13937458049708995 0.14864864774877687 
0.13287632203127794 0.12044859696530799 
0.1324273820804965 0.13987840344897867 
0.1324273820804965 0.13987840344897867 
0.11899150722851731 0.1627115832877647 
0.15040440175527467 0.20028369114636096 
0.06337065687702514 0.19147287062006063 
0.11108129012556095 0.20936029147471197 
0.10984065997319296 0.16556207746584622 
0.07975011897910733 0.16472534172799394 
0.07975011897910733 0.16472534172799394 
0.0697490154552038 0.17340075896523482 
0.08478974576775655 0.19156991081315594 
0.15838280351843592 0.15908810035080712 
0.08673336899396505 0.19217928461902223 
0.0707500604529622 0.16643507716558098 
0.12682415235822656 0.18786450708352495 
0.149192597376219 0.16878750789625974 
0.08323430997050477 0.1841199187805043 
0.11958954842292246 0.2014008242367115 
0.11958954842292246 0.2014008242367115 
0.1329439369036728 0.2002967157199417 
0.15518879208679637 0.1735504545261834 
0.13115116229450646 0.15259330955683975 
0.13115116229450646 0.15259330955683975 
0.15279045756255352 0.14579342078403779 
0.15448051612212557 0.13127941047089964 
0.14583908903482132 0.1367299214269997 
0.15519544572790298 0.11863521117381251 
0.1540904006771738 0.1216531773118561 
0.15504153455300607 0.12039211078026392 
0.15504153455300607 0.12039211078026392 
0.15504153455300607 0.12039211078026392 
0.15504153455300607 0.12039211078026392 
0.15457613405465337 0.1203045519130711 
0.1541823355886607 0.1216850564350057 
0.1541823355886607 0.1216850564350057 
0.1351539245134709 0.1329799194021146 
0.1351539245134709 0.1329799194021146 
0.1340374784906465 0.13333347660398714 
0.1340374784906465 0.13333347660398714 
0.1340374784906465 0.13333347660398714 
0.13395371880606086 0.1319733697025835 
0.13395371880606086 0.1319733697025835 
0.13395371880606086 0.1319733697025835 
0.12989146057046388 0.1189833628516647 
0.12887990438257038 0.12357051075221354 
0.12285400429932003 0.139627140002194 
0.16326354939778548 0.10278039931288607 
0.16326354939778548 0.10278039931288607 
0.14781169690991472 0.11855154792024498 
0.14781169690991472 0.11855154792024498 
0.14782287215006598 0.11793714406172523 
0.17525666573197862 0.11707152934976658 
0.17113581641252987 0.13823144174244845 
0.17113581641252987 0.13823144174244845 
0.17113581641252987 0.13823144174244845 
0.16106572569677347 0.1383870639110911 
0.15940079879297728 0.13689689017317747 
0.169070115522676 0.1166112256825556 
0.1750775184800228 0.11112054675769928 
0.1750775184800228 0.11112054675769928 
0.1750775184800228 0.11112054675769928 
0.1750775184800228 0.11112054675769928 
0.16592799111252776 0.11791163513827942 
0.1642802352519745 0.10241424239948922 
0.16436011648378124 0.10231138704988274 
0.16436011648378124 0.10231138704988274 
0.16162521488391432 0.08689984888731386 
0.16162521488391432 0.08689984888731386 
0.15261758135719172 0.09620952684793069 
0.15261758135719172 0.09620952684793069 
0.1522611919589979 0.09726263175558719 
0.1522611919589979 0.09726263175558719 
0.1522611919589979 0.09726263175558719 
0.1522611919589979 0.09726263175558719 
0.1522611919589979 0.09726263175558719 
0.07597891755917385 0.20705756546208273 
0.07597891755917385 0.20705756546208273 
0.13786716121922477 0.22621837975453926 
0.1298810806295707 0.23126302720800057 
0.08665352168767676 0.18019472020382327 
0.14580454103374568 0.23134287514136467 
0.1463749885108185 0.23206703607536672 
0.1463749885108185 0.23206703607536672 
0.12957628446880004 0.2555753838419471 
0.12957628446880004 0.2555753838419471 
0.12913673206814133 0.2557363858488314 
0.12913673206814133 0.2557363858488314 
0.12464034363415014 0.24235943382800065 
0.12464034363415014 0.24235943382800065 
0.12464034363415014 0.24235943382800065 
0.12464034363415014 0.24235943382800065 
0.12730807924555296 0.2564534364279528 
0.12730807924555296 0.2564534364279528 
0.1266796981360619 0.24008504613368914 
0.1266796981360619 0.24008504613368914 
0.1277334838724941 0.24072144281568514 
0.1179060222862843 0.24270805736521578 
0.11700864189578856 0.23972818142382613 
0.11700864189578856 0.23972818142382613 
0.11841988882627522 0.2356126009139805 
0.13899017724073673 0.23829670966487337 
0.16551419974487977 0.1685996933647839 
0.15448208119003706 0.19132158065623164 
0.15553110047499186 0.19408405904859533 
0.1135396386480477 0.192994913676568 
0.10869266458795909 0.17885806683547728 
0.17346149337536076 0.23120424809350432 
0.16952929919839846 0.20604076756191436 
0.16952929919839846 0.20604076756191436 
0.11636796803274309 0.16214066905584523 
0.11868841889890938 0.19233915782239458 
0.11826105993509758 0.22835497302792804 
0.12036494341729607 0.22687334533419076 
0.12424748180580455 0.23044009201185917 
0.12175720679782207 0.1805206806678642 
0.0937639597687183 0.16866411629250608 
0.17691063113811326 0.1918792031965729 
0.17691063113811326 0.1918792031965729 
0.11873669902037606 0.1870290089923381 
0.13621540293140533 0.19991850529656685 
0.17464542845437755 0.16162149888338642 
0.17651540397493765 0.15929018845292084 
0.07760376054712523 0.18863134448942867 
0.07760376054712523 0.18863134448942867 
0.10686061949452472 0.157905950212374 
0.08771989578557393 0.1664290024858795 
0.07179317105196156 0.21716306068037794 
0.06956346955686563 0.2188756844225892 
0.06956346955686563 0.2188756844225892 
0.08842750797345161 0.2133522212756008 
0.09061804831308072 0.2261468729422525 
0.09061804831308072 0.2261468729422525 
0.08662974141086036 0.22170204686537817 
0.07694718079060858 0.21813307107538737 
0.07694718079060858 0.21813307107538737 
0.08151336322253769 0.2115111020609146 
0.06714666810303985 0.2511771282533988 
0.06750682137084574 0.2512316944202435 
0.08807953599412575 0.2523895446796354 
0.08807953599412575 0.2523895446796354 
0.08807953599412575 0.2523895446796354 
0.08807953599412575 0.2523895446796354 
0.08807953599412575 0.2523895446796354 
0.08807953599412575 0.2523895446796354 
0.08807953599412575 0.2523895446796354 
0.08017031069042158 0.2555738146252651 
0.1751250127710808 0.17530078906448432 
0.10691357644472414 0.17090076086830516 
0.10873916269751277 0.19679670006039102 
0.17499072723799136 0.1733227482806655 
0.10526207739236043 0.16350746710351166 
0.10439873050780932 0.1763185322172241 
0.07160516914809631 0.15208800447061083 
0.06615442559054585 0.1533769322508224 
0.15018327998631692 0.18099681490282893 
0.10250642903331982 0.19919462328897017 
0.15480650603570684 0.16679628772897723 
0.1560368528619638 0.1663978575627461 
0.10479157016780141 0.1717306650035099 
0.1539725252978697 0.19396028489364303 
0.10035026010483251 0.19706372614499548 
0.11106277794375373 0.18691720203648599 
0.08295742382189941 0.19058541566028636 
0.12658799066184456 0.15341229790056848 
0.15092183970217948 0.20392609286258245 
0.07239252901472032 0.17913547719179757 
0.1448004128494586 0.18882041476355746 
0.06241706362266553 0.18885373007445344 
0.1778220590167381 0.16026627908078975 
0.14497881683029476 0.17059124547537557 
0.13614790831821855 0.16429410740972658 
0.10928874775596191 0.20494366395062974 
0.15123176310697284 0.19328804556219306 
0.12684471451539978 0.19593421878921535 
0.13829137275561043 0.19328265574565512 
0.10853592908785611 0.16621800710720658 
0.14026375743135422 0.177696922554323 
0.15089187967425638 0.20988154537746306 
0.1264889423304451 0.19789750348051463 
0.07602518384260869 0.2220220367168955 
0.07602518384260869 0.2220220367168955 
0.07896870993345866 0.224672528130636 
0.07896870993345866 0.224672528130636 
0.07904330370009738 0.22461039851754339 
0.07308011952428846 0.24730051821095936 
0.08399764550184792 0.23958588664682312 
0.08101506871701943 0.22440441183726523 
0.09139939149237337 0.21706139956952958 
0.09290122734722762 0.21116916041666126 
0.1357411042156678 0.17654411114543328 
0.07664020753346534 0.1918887629929614 
0.17168212864504478 0.20275507061585507 
0.06496546323076346 0.18316022618159541 
0.16589137207327653 0.20713674989316536 
0.1032168292160563 0.19018748256378182 
0.07506038845179265 0.20731312631619062 
0.1360307454250719 0.15041421456015547 
0.14583044193513228 0.15261565123093 
0.0955775602653259 0.22080613023034462 
0.0955775602653259 0.22080613023034462 
0.1111931055636112 0.22690277233219236 
0.1111931055636112 0.22690277233219236 
0.09983956549050045 0.24288092694991048 
0.09983956549050045 0.24288092694991048 
0.09983956549050045 0.24288092694991048 
0.09983956549050045 0.24288092694991048 
0.09983956549050045 0.24288092694991048 
0.10919452604591379 0.22857007085848008 
0.09691018292838306 0.21916655109549893 
0.09691018292838306 0.21916655109549893 
0.09691018292838306 0.21916655109549893 
0.09698611332344391 0.22071134595497344 
0.11670499123545436 0.16980177866106558 
0.06260009023293579 0.18435211997957193 
0.106721847137367 0.176643738193526 
0.07091979033014603 0.20565567495105824 
0.07091979033014603 0.20565567495105824 
0.15068292598031824 0.16415515174943016 
0.08032703780556572 0.17621562123771287 
0.08525135450835705 0.1781661575346382 
0.0992762940791683 0.18267979300577042 
0.14391351518344653 0.1658069294680806 
0.13829875566960192 0.20320248012320996 
0.08254472707563507 0.1628739141786549 
0.12756581814168846 0.1980053851004489 
0.06412617379996924 0.16854640284717676 
0.16748801433410965 0.19871045670942938 
0.08129477130546656 0.16939605874504665 
0.11555816777182554 0.19012175704120227 
0.11231791495452755 0.24219555692959183 
0.11231791495452755 0.24219555692959183 
0.11207384241241936 0.24429546661746548 
0.11207384241241936 0.24429546661746548 
0.12036040742792692 0.2426205530800187 
0.13719454934240868 0.20547877899962871 
0.15740078522545664 0.20995321998488978 
0.17976777060587246 0.16166827454218777 
0.08095189749609868 0.17450439177573634 
0.13984902919206924 0.17628081491243813 
0.13898792044919112 0.1725422043095685 
0.16918113003472113 0.176262023511682 
0.16007793987838076 0.2011610316096643 
0.16292381973182998 0.17619279550808614 
0.16292381973182998 0.17619279550808614 
0.1391042881137435 0.17605222988899966 
0.1729388446036898 0.16293923064234353 
0.1506260808237499 0.16197922604197484 
0.14983077849719373 0.15167552512485458 
0.0793154662739585 0.18383183272651935 
0.07960823874140248 0.18527341228448646 
0.1352311257145558 0.16644715664027596 
0.11270981188580077 0.14016434093229396 
0.11270981188580077 0.14016434093229396 
0.0930883486008109 0.13679198513310573 
0.09044337760368425 0.13979940435537822 
0.09314271835880375 0.13673016492582343 
0.09314271835880375 0.13673016492582343 
0.09314271835880375 0.13673016492582343 
0.10687616183786076 0.20992471437754448 
0.08613517233435951 0.20099907627546862 
0.1556093764131097 0.23202944268649062 
0.1556093764131097 0.23202944268649062 
0.1710625812813202 0.24288748834033771 
0.15361417875969952 0.23980336863614077 
0.15348689846747696 0.2390317151198849 
0.15348689846747696 0.2390317151198849 
0.15170645943617148 0.22593310251588106 
0.15827775270342392 0.20974522748983532 
0.07939799770741489 0.16181248018067634 
0.11052795559343165 0.16977921937216947 
0.09424445017606674 0.16107695788719456 
0.12666534917260872 0.17860113044785253 
0.14215908581437187 0.19963758586780628 
0.10918202063479823 0.1998103713004162 
0.17246754370051326 0.17786957212649662 
0.14614720274776727 0.19082805328147107 
0.1620025004977886 0.19606967369837036 
0.13041721282181704 0.18093164192556963 
0.10692990868476593 0.17963741409292971 
0.0753965890746162 0.19480721282657948 
0.0753965890746162 0.19480721282657948 
0.0753965890746162 0.19480721282657948 
0.07291009014397516 0.19238404987574273 
0.1217210898865122 0.17225912605283694 
0.17587279815569962 0.14732722098588324 
0.08488225955950106 0.15271044980955836 
0.08189287333023025 0.14992540152579387 
0.08189287333023025 0.14992540152579387 
0.1496791977240038 0.16401854944693187 
0.15871713056014608 0.1837773027201843 
0.18079668344834326 0.1699010432110278 
0.1242294825570629 0.17780045212799123 
0.1360402788266913 0.16827303573780855 
0.08469074378372285 0.19361662001932894 
0.12365921950546756 0.158918776961171 
0.09457989594010147 0.15871426271654046 
0.15502709156468336 0.18353050248226915 
0.09169626466990324 0.1693875994478387 
0.16043115978054448 0.19400149908326275 
0.16043115978054448 0.19400149908326275 
0.1533778674408575 0.2058899462272672 
0.15247163992273566 0.20707355575603523 
0.15858632168895131 0.17434090192039983 
0.16111761198280278 0.20271367791968928 
0.17550862876343593 0.21874115976284325 
0.17550862876343593 0.21874115976284325 
0.1338274808014714 0.21094285130588367 
0.13299548067524722 0.21165996206850524 
0.12071091198645019 0.22784105968443713 
0.10114105649000692 0.23379093635246906 
0.06475668644482369 0.2109409861875162 
0.14248358175366568 0.16691083248288316 
0.170595550015953 0.14067984375474968 
0.170595550015953 0.14067984375474968 
0.170595550015953 0.14067984375474968 
0.170595550015953 0.14067984375474968 
0.10394427529204828 0.16198860561753947 
0.16384792372384743 0.18260989429608318 
0.07497896701901531 0.18430511263876187 
0.10004210486481009 0.15768321384209888 
0.0642401455926444 0.18400488375074892 
0.11003668392414975 0.164416985984641 
0.11628168642786307 0.17341131755107264 
0.1095542247375725 0.15124897285486763 
0.06808815595577217 0.11618799882444464 
0.08204671834659921 0.12423235624116319 
0.08204671834659921 0.12423235624116319 
0.08366863579739053 0.12299023150381175 
0.08366863579739053 0.12299023150381175 
0.07829397358827632 0.12106721558021724 
0.0777657854019019 0.12283552996108241 
0.09443292469031658 0.15364543923153873 
0.09478195539286118 0.15245903205484215 
0.07238551514618591 0.16892122016983324 
0.10403860756304004 0.17958711245233408 
0.14972614042814494 0.16993465832580035 
0.08301197833341038 0.1493820819543712 
0.09811246343042918 0.15700867343202643 
0.0763193928570737 0.15042019017684705 
0.07941090014861628 0.1808400540699104 
0.06220319184864305 0.18546709152731575 
0.0998015621466951 0.17949859686572786 
0.07543451483344576 0.16438799087162137 
0.18102138049733937 0.1838299696320099 
0.07883864245899393 0.19726552164644756 
0.08173078105877696 0.2070330853265479 
0.06686077911748373 0.1492025327314669 
0.06686077911748373 0.1492025327314669 
0.06686077911748373 0.1492025327314669 
0.06686077911748373 0.1492025327314669 
0.06175718086155261 0.1472440481625631 
0.13667300748684033 0.17693225019637188 
0.1384487747846016 0.19346234003448706 
0.13281210622926595 0.21728932367254336 
0.13281210622926595 0.21728932367254336 
0.13426588661201297 0.20323203093456366 
0.16925418989278213 0.2001113900054688 
0.14185602950110776 0.19772090099152967 
0.1625362942182924 0.2023844949049396 
0.16306772806247308 0.20651379617458193 
0.17356600012828038 0.17924453653059347 
0.07812932634378394 0.16284826763707988 
0.07919807522597473 0.18442355213020528 
0.09295700699756838 0.16635360491683324 
0.1367149960033141 0.15182218848199153 
0.06326089906091711 0.15767110561199565 
0.06326089906091711 0.15767110561199565 
0.16884080148149966 0.16602960847434317 
0.14140569423556046 0.1883668113464306 
0.08487586459090835 0.16113226119273907 
0.1462178351936163 0.20869266551699356 
0.1493375537382987 0.19489848580422317 
0.07743920188600796 0.16045594762316082 
0.1771160517996083 0.16336105098245282 
0.07695375858219991 0.1791399616090359 
0.08041216078530937 0.1506460606949558 
0.08569281928508266 0.15430704845431537 
0.11071923077175225 0.17424601313016436 
0.12647085175952327 0.19913279414504925 
0.12894066679579244 0.15406990772329818 
0.07933804619897677 0.16487567829319222 
0.1452292202179653 0.18477462469088718 
0.17657804681018213 0.17507125128136677 
0.06992548087530542 0.16975436468154947 
0.15615783219969967 0.17268524293400733 
0.13956643543819072 0.15851045550317344 
0.13956643543819072 0.15851045550317344 
0.08123565413764747 0.17336859640549782 
0.06602229170177763 0.18814100170777115 
0.08436429039261725 0.19545278959269657 
0.08827941357735286 0.1927375985720332 
0.08837443841681776 0.18997415322160544 
0.09025374037267302 0.1538839330268207 
0.06146649038485029 0.16267899990433526 
0.07211248302940504 0.19049196528214987 
0.07211248302940504 0.19049196528214987 
0.16906956267435952 0.1939802708012472 
0.16906956267435952 0.1939802708012472 
0.16906956267435952 0.1939802708012472 
0.16906956267435952 0.1939802708012472 
0.1491692866035228 0.17628348216474868 
0.1785373791266334 0.15798432576804397 
0.16812438316252062 0.15695620419812203 
0.1773371657037776 0.17352083968726176 
0.15838951728162928 0.1755466954064456 
0.06460257169030126 0.16996590392972588 
0.071989653703773 0.15380264683059744 
0.16518794384321647 0.185996517227872 
0.1207036323286379 0.20202162143805744 
0.15317888592854212 0.23271046739239787 
0.08881329401534402 0.19858459683746513 
0.08881329401534402 0.19858459683746513 
0.08680465701151346 0.20000248394213485 
0.08680465701151346 0.20000248394213485 
0.1507680896744479 0.1675652430548755 
0.15542026287974978 0.10769068407043936 
0.15542026287974978 0.10769068407043936 
0.150181501311006 0.111208881892138 
0.14981071321725653 0.10472895207856027 
0.14837280811518033 0.1092603466492954 
0.14144091185706675 0.13652318656599668 
0.15055551468666165 0.1324112052082021 
0.1366563921425533 0.15032268174429975 
0.11290628374464153 0.14728845324402326 
0.11314895737933854 0.14989861690922807 
0.08779605198389709 0.14615172268510157 
0.08779605198389709 0.14615172268510157 
0.08779605198389709 0.14615172268510157 
0.08779605198389709 0.14615172268510157 
0.08779605198389709 0.14615172268510157 
0.08856328983882092 0.14794727972969296 
0.07173050925628278 0.12307750084383019 
0.07085508789832383 0.11896656506691879 
0.07085508789832383 0.11896656506691879 
0.07085508789832383 0.11896656506691879 
0.07865318754614048 0.11753751262774845 
0.11678051536082026 0.15175035428549927 
0.115962560672493 0.14907233866527522 
0.1383725673143052 0.14071100757747163 
0.12862702342756727 0.14472400232430177 
0.17252813499360076 0.21236707300318214 
0.17252813499360076 0.21236707300318214 
0.15132543895338085 0.19049776446050956 
0.1319760548137242 0.18625277670982004 
0.16500141522464612 0.17197622103796212 
0.0800741856298909 0.15406862530808893 
0.0800741856298909 0.15406862530808893 
0.1256977589128456 0.18112575468520276 
0.1528763249684547 0.15244295948323533 
0.07362116331212336 0.16061180387665344 
0.13965182536123807 0.22153397615756518 
0.13965182536123807 0.22153397615756518 
0.13943957960757605 0.2200739907644289 
0.1306143799337442 0.20951068121548716 
0.12191161815184605 0.21232433063548806 
0.12135699119249779 0.21335724125259325 
0.12135699119249779 0.21335724125259325 
0.06195558996621857 0.15704579945294517 
0.08380478121059523 0.19211592019645124 
0.09245538374935508 0.18843869137527733 
0.08761660601559162 0.23106063253221587 
0.08961341510124651 0.2167884359616982 
0.10546976677117653 0.23381500883090658 
0.06942413123579128 0.21659903087055976 
0.0698434676130042 0.21343584238703733 
0.06896776557971598 0.21130308067644632 
0.06896776557971598 0.21130308067644632 
0.14776991819325708 0.187468422777121 
0.15521170605438486 0.1996275330647005 
0.10406347555974232 0.19721014332852682 
0.11865102795710418 0.2086714503477518 
0.11865102795710418 0.2086714503477518 
0.13343950756876172 0.20110722937917744 
0.09734979184920409 0.18227081741216655 
0.13528039937893432 0.18814662487728367 
0.14696906208991778 0.17187329120603465 
0.0777414196190381 0.16810396807157327 
0.139769199465551 0.21776511719165598 
0.139769199465551 0.21776511719165598 
0.14527588221173796 0.20377961042802342 
0.11971073761905747 0.18476888845903142 
0.0957991811694949 0.18121325208059905 
0.16989691331635026 0.2022045493516776 
0.16989691331635026 0.2022045493516776 
0.10560352819258505 0.22219099867975006 
0.10560352819258505 0.22219099867975006 
0.13285752845223814 0.1574834917961304 
0.13412968376325254 0.15626384369184326 
0.11878065948696535 0.21571420329946936 
0.11678259997541444 0.22497965101062695 
0.1356349740917371 0.15319493287786204 
0.14239095523160022 0.14969494762192853 
0.12027957527130764 0.19804692379038097 
0.11821212866349469 0.25352521597444233 
0.12720947816521497 0.22488215920362947 
0.1196454286580014 0.22340534378637888 
0.14017716327416502 0.25282281690038166 
0.13880602318092702 0.25191458085271173 
0.13880602318092702 0.25191458085271173 
0.13880602318092702 0.25191458085271173 
0.13880602318092702 0.25191458085271173 
0.16116168763554012 0.2534957615580243 
0.15776240879673858 0.2521006071061826 
0.15776240879673858 0.2521006071061826 
0.15237063557823705 0.2510833670038918 
0.15237063557823705 0.2510833670038918 
0.15237063557823705 0.2510833670038918 
0.15237063557823705 0.2510833670038918 
0.13644050363195553 0.25046297006166884 
0.13644050363195553 0.25046297006166884 
0.13644050363195553 0.25046297006166884 
0.13644050363195553 0.25046297006166884 
0.12301395785031681 0.2252601482105484 
0.12298133988098948 0.224751342704848 
0.12927719964893122 0.2332942097953031 
0.12740302644869234 0.22890556547286242 
0.14400873628569744 0.23538216558533293 
0.14400873628569744 0.23538216558533293 
0.11982076077378415 0.23566553969288292 
0.11982076077378415 0.23566553969288292 
0.11917596134654053 0.23478634432435302 
0.11917596134654053 0.23478634432435302 
0.11917596134654053 0.23478634432435302 
0.11917596134654053 0.23478634432435302 
0.10958535749513588 0.22221089401774902 
0.11451061445808992 0.22416882091377655 
0.13245847678027292 0.24391062368306157 
0.13245847678027292 0.24391062368306157 
0.13245847678027292 0.24391062368306157 
0.1311753897658053 0.24404446053976675 
0.1193577620482984 0.23294989042287498 
0.1193577620482984 0.23294989042287498 
0.10924273570826036 0.24782446172470546 
0.12412886441397925 0.2468826233135004 
0.12412886441397925 0.2468826233135004 
0.12412886441397925 0.2468826233135004 
0.12412886441397925 0.2468826233135004 
0.12412886441397925 0.2468826233135004 
0.07128078337169791 0.20705049453323354 
0.06952012595973638 0.21048391316272147 
0.10587499323045527 0.17957781164415632 
0.08427554376705708 0.19242649550737814 
0.0950025709981821 0.175841480094026 
0.10984251548702528 0.19826483314528845 
0.10267757647064145 0.17866129226276228 
0.13725109770324467 0.16643424273520682 
0.1030569490997096 0.17926412216679857 
0.17036100693623354 0.189091907566797 
0.17521825546526063 0.17728165947499044 
0.07014176318223767 0.18173486469438913 
0.12251615608477291 0.1641550705702573 
0.14015552783236152 0.23879861515747927 
0.07993058457432935 0.23653226976352348 
0.0719365996808334 0.2387828433243376 
0.0719365996808334 0.2387828433243376 
0.0719365996808334 0.2387828433243376 
0.07346502436096869 0.2366378257314371 
0.09649119398326254 0.18777533406974842 
0.10322792789820684 0.1895046183686292 
0.08725436078426921 0.19960694060305842 
0.13206943714422809 0.21705009333889266 
0.14176206462563135 0.2310624439336597 
0.09381846800975363 0.23701802151023055 
0.09381846800975363 0.23701802151023055 
0.09685350508576733 0.22457093224223926 
0.0932429599865546 0.22864750866090602 
0.0939918367097177 0.22565039631173867 
0.0939918367097177 0.22565039631173867 
0.0939918367097177 0.22565039631173867 
0.09042125863281275 0.2377312918531683 
0.09163556812749918 0.234531549419841 
0.09344310019204846 0.23412427270700878 
0.09344310019204846 0.23412427270700878 
0.09344310019204846 0.23412427270700878 
0.125228434428515 0.20699464240229176 
0.15592115668268552 0.19655421710214144 
0.17828691259742474 0.16921582334252092 
0.10351335318227832 0.1683495179097066 
0.09404397863726777 0.17368783893042208 
0.16045223096147446 0.20628715013240398 
0.14320331077955395 0.20957946861012758 
0.17817238942367827 0.189018959104532 
0.1489933044782897 0.18438447867247693 
0.14369006131529916 0.18666861251432643 
0.13703038021128308 0.2163903267028789 
0.16898231357500562 0.18709787808173142 
0.12300993503904185 0.17462071944182467 
0.1793173798762101 0.18236858271947032 
0.0996939366833581 0.19402301652228446 
0.11442386442905358 0.17326640240466762 
0.06917736171885064 0.21250468204592987 
0.17434419621845915 0.20735431656766473 
0.17360372449298891 0.21809189250424138 
0.17859700075888363 0.2374057917060468 
0.17756371754237715 0.23628429604630363 
0.17241150672413147 0.22798602013694916 
0.12760338510405536 0.15656757331934046 
0.10359004417312041 0.17058079382394042 
0.1340946882064017 0.15968102424805797 
0.1284183828516232 0.14854932991738196 
0.1281234017748778 0.14844307770445545 
0.11703418608029298 0.22268605364737698 
0.12004521730316811 0.21680372092494885 
0.1039525105215072 0.17637711438219156 
0.1413631464069822 0.1744305266819152 
0.16707230463745504 0.18965906889570502 
0.10874362841107998 0.1689690050358119 
0.12057623564890475 0.16090610571592873 
0.18110319630958488 0.18337783138758415 
0.16034458647694066 0.1759806055085218 
0.16667684889006026 0.16612362859339733 
0.1639186367308808 0.194976527929096 
0.1639186367308808 0.194976527929096 
0.08412624316055387 0.16372378901787019 
0.1461808527734444 0.2009284699325868 
0.1461808527734444 0.2009284699325868 
0.15689106218048693 0.20965274812324491 
0.15689106218048693 0.20965274812324491 
0.15689106218048693 0.20965274812324491 
0.15530963607787465 0.20555123952064713 
0.1727791630950766 0.2092264882667526 
0.1727791630950766 0.2092264882667526 
0.1727791630950766 0.2092264882667526 
0.1727791630950766 0.2092264882667526 
0.15240293859506904 0.19758157416628108 
0.16749184075255663 0.16142172864296414 
0.07371216873248748 0.191368918932451 
0.06383484799978442 0.1730617237887919 
0.15322717757041482 0.1892732799308458 
0.11903279725226176 0.16882257678681212 
0.11542994853999623 0.13524678711347993 
0.11054811037116091 0.12710186628386494 
0.1034964229567795 0.12792648515381755 
0.1034964229567795 0.12792648515381755 
0.1034964229567795 0.12792648515381755 
0.1243468615127391 0.17172891434399445 
0.11670475049429131 0.16990327347680417 
0.10179202908727791 0.16744531048702796 
0.0805407675976339 0.16958327335804435 
0.17885641353677167 0.18883334661450055 
0.15002206148074404 0.1882064734977632 
0.14430383959214227 0.17021944732043692 
0.06541622716531612 0.15853293493604867 
0.17694278396663865 0.1648645840927525 
0.08506217648261623 0.17929075069342865 
0.08192296859676698 0.1822721144902001 
0.07877185028223753 0.1692669497832337 
0.11777043741786308 0.1679923077861464 
0.10453252522042625 0.1613950025571169 
0.163386014991112 0.19271073248875042 
0.1780199953696014 0.2074562651607946 
0.07397844136467502 0.17272897888048466 
0.12377259679872572 0.16314140009775924 
0.09251989213739736 0.15570766844056347 
0.09230106358190296 0.15590643315170138 
0.08168121175756636 0.13618174490572343 
0.08168121175756636 0.13618174490572343 
0.08168121175756636 0.13618174490572343 
0.08168121175756636 0.13618174490572343 
0.08168121175756636 0.13618174490572343 
0.08027886222712562 0.13568615609135637 
0.07770911354984324 0.13034098810517653 
0.07770911354984324 0.13034098810517653 
0.07770911354984324 0.13034098810517653 
0.08956357555063883 0.14204846970227525 
0.14225863937638622 0.16005869230838232 
0.16720101272731439 0.15720947071220617 
0.16720101272731439 0.15720947071220617 
0.1195176087217006 0.18472744785741746 
0.06566529773084948 0.18359667233866211 
0.0644894112146679 0.23723143802528898 
0.06862040457260123 0.23265886500096722 
0.06521643097425306 0.23707180671789696 
0.06521643097425306 0.23707180671789696 
0.06283793412840004 0.23776778228787263 
0.09402609769197959 0.23712057888462265 
0.09402609769197959 0.23712057888462265 
0.09770157752531078 0.25140690062488497 
0.09770157752531078 0.25140690062488497 
0.09770157752531078 0.25140690062488497 
0.09770157752531078 0.25140690062488497 
0.09770157752531078 0.25140690062488497 
0.09728505677430803 0.2542609747051154 
0.09912485432619683 0.2514922530192883 
0.09912485432619683 0.2514922530192883 
0.09912485432619683 0.2514922530192883 
0.07095241848680839 0.25468187644936585 
0.07095241848680839 0.25468187644936585 
0.07095241848680839 0.25468187644936585 
0.07095241848680839 0.25468187644936585 
0.07095241848680839 0.25468187644936585 
0.07095241848680839 0.25468187644936585 
0.07095241848680839 0.25468187644936585 
0.07095241848680839 0.25468187644936585 
0.07095241848680839 0.25468187644936585 
0.07004672751799494 0.22749216468889097 
0.07285030970703812 0.2236765373318049 
0.07285030970703812 0.2236765373318049 
0.07285030970703812 0.2236765373318049 
0.07285030970703812 0.2236765373318049 
0.060999891259278016 0.21462254553956778 
0.060948292009034705 0.20636976512149655 
0.11323048441151312 0.16257286594658807 
0.1023614718682946 0.153952772663902 
0.1023614718682946 0.153952772663902 
0.15546597764216508 0.2227275797983181 
0.15964241100936527 0.22771400051586466 
0.15964241100936527 0.22771400051586466 
0.15964241100936527 0.22771400051586466 
0.1721936619466341 0.2358282394691023 
0.1721936619466341 0.2358282394691023 
0.1723603823827225 0.23592045895140396 
0.14941189478478087 0.22175407727425933 
0.14976579767361164 0.21839294451949304 
0.15961661555996798 0.20286383753903625 
0.16620891477499822 0.15875988729466092 
0.17474493009609487 0.17941409656894608 
0.15190005311228094 0.16248883734449368 
0.13160004577638354 0.19176385538005453 
0.13160004577638354 0.19176385538005453 
0.10365489263763851 0.18800937653373026 
0.10219056002905555 0.21253203913167446 
0.10219056002905555 0.21253203913167446 
0.10219056002905555 0.21253203913167446 
0.08545622610376415 0.1561716460774368 
0.07845642056769986 0.1313558767282027 
0.08342585047287032 0.15485631942217087 
0.06112001958021118 0.16164529355153953 
0.06112001958021118 0.16164529355153953 
0.14429848372743756 0.20284491962551998 
0.13434549066807766 0.2230971650247561 
0.17725020222193882 0.15870756686348625 
0.15928299149412345 0.16047424833534513 
0.17434335568244302 0.15016287245274798 
0.17434335568244302 0.15016287245274798 
0.17434335568244302 0.15016287245274798 
0.09465209270691358 0.19066663923639762 
0.13057254813230992 0.23927398949999087 
0.13057254813230992 0.23927398949999087 
0.13057254813230992 0.23927398949999087 
0.13057254813230992 0.23927398949999087 
0.13214890635440643 0.24532463688090958 
0.13214890635440643 0.24532463688090958 
0.13214890635440643 0.24532463688090958 
0.13214890635440643 0.24532463688090958 
0.13214890635440643 0.24532463688090958 
0.13138110358718758 0.24546264306813267 
0.13138110358718758 0.24546264306813267 
0.13138110358718758 0.24546264306813267 
0.13138110358718758 0.24546264306813267 
0.1723432409092145 0.24989544049229634 
0.1723432409092145 0.24989544049229634 
0.1723432409092145 0.24989544049229634 
0.1723432409092145 0.24989544049229634 
0.16522651111992775 0.24284041095014441 
0.17277997263719208 0.24208674968654564 
0.14280211080856614 0.22283482741387012 
0.11374051744244992 0.16363832243632243 
0.10194855225368352 0.12748712543676616 
0.10194855225368352 0.12748712543676616 
0.11797019198268482 0.15284566404268307 
0.13844553516919383 0.14321959730122014 
0.08495071021758069 0.18984211724381223 
0.0676863241122039 0.1798785485461895 
0.12946710797563563 0.1574360560997182 
0.08825352193041722 0.17937436753195216 
0.10060520727930831 0.1486262303811173 
0.1752486594608943 0.17430210768248242 
0.1180036886934672 0.18726654986228594 
0.17897036636735628 0.20514827299205018 
0.15636079517556495 0.2097436676552658 
0.15636079517556495 0.2097436676552658 
0.16400615830236615 0.23865461688748282 
0.17658246724299959 0.23332874272617624 
0.18145859783467677 0.23632189299047318 
0.1558354377074834 0.22548305454760906 
0.1558354377074834 0.22548305454760906 
0.1558354377074834 0.22548305454760906 
0.1558354377074834 0.22548305454760906 
0.14615665089163551 0.21970725756821813 
0.15693286634094766 0.19446731609484869 
0.10585114885548998 0.171458388709079 
0.12125410564313716 0.1702079038076902 
0.1424816123649501 0.16130793424308515 
0.1514302531914339 0.15246198356193827 
0.1514302531914339 0.15246198356193827 
0.10706395696660294 0.20999458690891779 
0.10706395696660294 0.20999458690891779 
0.10742471762268385 0.15829550835372064 
0.1447505192994938 0.19108607233667507 
0.14746059024710342 0.20214186522917643 
0.14854221626970318 0.20341446451555775 
0.14854221626970318 0.20341446451555775 
0.1348051984613466 0.1975859312071147 
0.08541706737959101 0.20735730114378328 
0.08541706737959101 0.20735730114378328 
0.06768038451513496 0.22533377500428003 
0.06768038451513496 0.22533377500428003 
0.06768038451513496 0.22533377500428003 
0.06768038451513496 0.22533377500428003 
0.1631692548818396 0.23414627676568084 
0.1631692548818396 0.23414627676568084 
0.1722699260712458 0.2531501793680756 
0.06470658982344249 0.16276123336085963 
0.07243611456451787 0.16547875147567395 
0.13488591393679594 0.15640450835779462 
0.12012029652464175 0.14781701761788874 
0.1576024092394605 0.22143065815040092 
0.15828684119953818 0.22267526041983632 
0.15828684119953818 0.22267526041983632 
0.15837024189301374 0.22563146285389984 
0.10394359919264755 0.2355439674466074 
0.10771728733813785 0.2062221657361088 
0.07814634266814374 0.21493565271910056 
0.1416353198235861 0.22753176157056842 
0.14984022367505898 0.23170662876567177 
0.14984022367505898 0.23170662876567177 
0.14984022367505898 0.23170662876567177 
0.14590659339488699 0.23176771779115152 
0.1432905997406764 0.22276147331390117 
0.1432905997406764 0.22276147331390117 
0.1432905997406764 0.22276147331390117 
0.16595542971438143 0.22145898131000885 
0.11064733996712744 0.16293683458320987 
0.1623101796314424 0.1661741751052211 
0.16764116786337774 0.1340723786975311 
0.16764116786337774 0.1340723786975311 
0.16764116786337774 0.1340723786975311 
0.17497690464888477 0.11964936050246633 
0.16777595894542519 0.1262546261364317 
0.161520948518432 0.13459195796187345 
0.17180688314691994 0.13774891487180269 
0.14422872042229617 0.1450936065194234 
0.14422872042229617 0.1450936065194234 
0.14122024895224305 0.15462814567080635 
0.06335093360459702 0.221443138931793 
0.156010524783792 0.1996012175727482 
0.11875407133513359 0.17013072354637163 
0.13082671322070755 0.17872658338872854 
0.10587196538476747 0.18816556503255558 
0.17094928708196047 0.16393191557849734 
0.16440439979960225 0.17441976023314903 
0.14007328303949038 0.1806130122895843 
0.15492973905284108 0.18316236981503406 
0.08519034902424313 0.20328132041921665 
0.09762932428005566 0.20441212551426832 
0.0898889381566331 0.1754963946959062 
0.1272103843142588 0.16814429389546492 
0.08030032528225808 0.18684566148635517 
0.09648164722078102 0.20231873805085 
0.13915159978967212 0.20574836042581657 
0.14743529561125573 0.21024015337207305 
0.14743529561125573 0.21024015337207305 
0.1115194681762777 0.14536650106790286 
0.10379885911591046 0.1303099474450007 
0.10379885911591046 0.1303099474450007 
0.10379885911591046 0.1303099474450007 
0.08052747859008398 0.108663329680979 
0.06970587941627657 0.0962178549912252 
0.08712492159090196 0.11882779426972499 
0.07181897444193083 0.10179974553705687 
0.07181897444193083 0.10179974553705687 
0.10044453140420559 0.158041809451862 
0.10044453140420559 0.158041809451862 
0.08325452589615072 0.18246471683146825 
0.16448062652472897 0.21032295291863923 
0.12428615356036296 0.18317669556496236 
0.09831736390173659 0.19773486739493484 
0.10474777355856986 0.17903778654575517 
0.06681551194231801 0.19568519890299593 
0.07855126105577323 0.20053526732604618 
0.11299415639885595 0.1965540207360782 
0.113252777202317 0.1968848299705682 
0.12127996623765475 0.18683990034288592 
0.12128799532892721 0.18060935808332002 
0.12128799532892721 0.18060935808332002 
0.13267397011665988 0.18495617986026436 
0.10121214120174023 0.15434812013916593 
0.07723294397414762 0.23302831633941157 
0.08146550272824063 0.22102837045406773 
0.14101252257152394 0.14936375583800168 
0.13547903788102406 0.2018437860579812 
0.1293177403463429 0.2150337856486627 
0.1293177403463429 0.2150337856486627 
0.11213187991036297 0.22959446524581006 
0.11213187991036297 0.22959446524581006 
0.11213187991036297 0.22959446524581006 
0.11213187991036297 0.22959446524581006 
0.11213187991036297 0.22959446524581006 
0.129085679933282 0.2501572908406014 
0.07479066566589673 0.21780602345111885 
0.0637390368215014 0.23022620349658868 
0.17958688398307826 0.18831363446129096 
0.11624343442627616 0.199853350067466 
0.1177048070254601 0.19518693332793252 
0.11905904757079887 0.19947250046352183 
0.11834628379764575 0.1933281370218039 
0.07175410019547121 0.16848499766095165 
0.06526703840888591 0.16260989359789682 
0.06526703840888591 0.16260989359789682 
0.06526703840888591 0.16260989359789682 
0.08887044589892511 0.1871660030334239 
0.17915755140436287 0.16754222391153695 
0.1445875778467182 0.19697862028586643 
0.15289112559937135 0.2417583145806291 
0.15289112559937135 0.2417583145806291 
0.15289112559937135 0.2417583145806291 
0.14360397440780456 0.23614335358978833 
0.1390963979863138 0.22717946821042065 
0.1390963979863138 0.22717946821042065 
