0.09267685123069883 0.093452682450335 
0.15967396674108136 0.14187778855549443 
0.15967396674108136 0.14187778855549443 
0.07357740987593814 0.22744895515737099 
0.12284338193262843 0.15493781046683283 
0.08950771061889973 0.15574954664645926 
0.07489160548356347 0.15195407847894338 
0.13976240359743888 0.1621568789867943 
0.14368274796676772 0.18952855057621387 
0.1660467273262613 0.19322678259143872 
0.1544436715314195 0.20542348250293607 
0.17426010888381926 0.18787574175189845 
0.09320721234245462 0.1822012074094395 
0.11459339176315633 0.19440181130299172 
0.11315795357093208 0.154658191599996 
0.1465676619060934 0.19012753616769318 
0.15124447935078292 0.18698709646533973 
0.15473234666069186 0.156518557088638 
0.09801470681879453 0.19707939267216867 
0.11905880751213817 0.16241782221916112 
0.1058397936485888 0.13161772989095416 
0.15160115361841808 0.16396860103948038 
0.15678626798620057 0.15558176132170837 
0.16834035267034062 0.20679425348897412 
0.08183564942372554 0.17902901904477597 
0.08475749924255466 0.1680134724293559 
0.11335370112945772 0.1491688038190625 
0.11317623145134717 0.20451881242988476 
0.13397927995203648 0.16729015576606399 
0.10446557590850189 0.18771140260404548 
0.15956491140743112 0.15950986727529348 
0.1724038864118076 0.15749800563322788 
0.13653155316235605 0.16417291856677935 
0.13259812384024258 0.16783079965704104 
0.13134392447721285 0.16061444514558804 
0.08151099168625103 0.19275286077103457 
0.10489796671214496 0.1693324863014658 
0.1552578719990202 0.1780858588553668 
0.13398898958735167 0.1496317871455486 
0.13398898958735167 0.1496317871455486 
0.17084327791499077 0.20263289994159991 
0.17084327791499077 0.20263289994159991 
0.16923657608848808 0.20201492610814725 
0.17851246339370475 0.1673830149718237 
0.14214293113918613 0.16824142769615044 
0.1451850407215818 0.171259856542619 
0.06647923289565716 0.20319603869382874 
0.06449562907236422 0.19684329036896503 
0.06449562907236422 0.19684329036896503 
0.08901573269141629 0.18325695790922233 
0.11979050836871734 0.18091782372102552 
0.11538270545544879 0.2179797039170845 
0.11447962555552954 0.21745660708696163 
0.11447962555552954 0.21745660708696163 
0.09096044920970836 0.1641746048823302 
0.09183710782328747 0.21479918036719053 
0.11133383176990751 0.1769608774881376 
0.09332649712647205 0.18196928265539836 
0.11686481019646108 0.21197602125443377 
0.12590050149422913 0.22087796618808245 
0.12590050149422913 0.22087796618808245 
0.12624939007535751 0.22166517056920682 
0.1233336455443614 0.22470959363442783 
0.1232882792406179 0.2227537784640272 
0.1232882792406179 0.2227537784640272 
0.1232882792406179 0.2227537784640272 
0.1232882792406179 0.2227537784640272 
0.12820547800897497 0.23158961985212742 
0.13262171002635534 0.22538324852356742 
0.13262171002635534 0.22538324852356742 
0.13859258382147482 0.22912832225966367 
0.13859258382147482 0.22912832225966367 
0.1512773767148836 0.23427008755822698 
0.11896572450163614 0.15797639338184022 
0.10106638529262996 0.1589620120543968 
0.09095913378775991 0.12752330984466984 
0.09095913378775991 0.12752330984466984 
0.09102057772937142 0.10444560927753817 
0.09102057772937142 0.10444560927753817 
0.07058511148504049 0.1940864251278455 
0.07800137354702631 0.22807384884043344 
0.07800137354702631 0.22807384884043344 
0.07800137354702631 0.22807384884043344 
0.07800137354702631 0.22807384884043344 
0.07800137354702631 0.22807384884043344 
0.07841949813960476 0.2279307909569674 
0.07841949813960476 0.2279307909569674 
0.0715663567437417 0.23568148899477454 
0.0715663567437417 0.23568148899477454 
0.07436043198281733 0.13934930124834924 
0.07436043198281733 0.13934930124834924 
0.07436043198281733 0.13934930124834924 
0.06637374289841633 0.2292245255929413 
0.06637374289841633 0.2292245255929413 
0.06637374289841633 0.2292245255929413 
0.06637374289841633 0.2292245255929413 
0.08361116837182006 0.23239580565176932 
0.08361116837182006 0.23239580565176932 
0.08361116837182006 0.23239580565176932 
0.08361116837182006 0.23239580565176932 
0.08361116837182006 0.23239580565176932 
0.08170215525027266 0.1979903833567451 
0.08933826686147561 0.18612574427227357 
0.11642402356324277 0.18308487361144488 
0.10268033842667815 0.20378871455639264 
0.10268033842667815 0.20378871455639264 
0.12185124792871721 0.1682440755199378 
0.08263229678773512 0.19305238605161362 
0.0988693255737473 0.20372488818798187 
0.0988693255737473 0.20372488818798187 
0.1346048789422339 0.2509308975734591 
0.1346048789422339 0.2509308975734591 
0.1346048789422339 0.2509308975734591 
0.13041799091919792 0.24008670093659384 
0.13041799091919792 0.24008670093659384 
0.13041799091919792 0.24008670093659384 
0.13421400753626733 0.21752033612943647 
0.13421400753626733 0.21752033612943647 
0.13159121442346264 0.2121263367160976 
0.15039734937691504 0.22352099732447697 
0.15707500216530962 0.22816559113049442 
0.11048004866006086 0.22604964372892394 
0.10874290432312876 0.23640616227149 
0.10874290432312876 0.23640616227149 
0.10874290432312876 0.23640616227149 
0.15479421250354583 0.18483087895947029 
0.14628644897144397 0.15528737459517683 
0.14628644897144397 0.15528737459517683 
0.14628644897144397 0.15528737459517683 
0.07622543988916386 0.17388028610866044 
0.1500053052962009 0.19525067605200727 
0.15044580410055539 0.1955628387156766 
0.12420884851317865 0.16330448962768176 
0.14724578459072785 0.20764756984554256 
0.11525190124583637 0.17738368555077 
0.10909734553143266 0.13237179885767056 
0.10909734553143266 0.13237179885767056 
0.11769884032765485 0.137199870354393 
0.11769884032765485 0.137199870354393 
0.11769884032765485 0.137199870354393 
0.11769884032765485 0.137199870354393 
0.12175922655254319 0.12392406108786377 
0.16202364435691557 0.1732670984461867 
0.1243518236000679 0.16886449961438907 
0.07809538584610297 0.17695079797845592 
0.06497705474355253 0.1848852678128411 
0.12739046657748493 0.21022850719773672 
0.12547762022606385 0.2162474310775751 
0.10895682781115792 0.23765307326566532 
0.10895682781115792 0.23765307326566532 
0.10895682781115792 0.23765307326566532 
0.10956523027848486 0.2396678759893227 
0.10674166655791678 0.23847423758187877 
0.10126475429409332 0.18893488416021464 
0.13716120937946608 0.18844039054735123 
0.12899037719422815 0.2091244443819613 
0.12228229342317981 0.23315033640517724 
0.12237508591504306 0.23779120482860627 
0.12237508591504306 0.23779120482860627 
0.12237508591504306 0.23779120482860627 
0.12237508591504306 0.23779120482860627 
0.12060832343662417 0.23143332622858084 
0.10314359667014084 0.23674388688671805 
0.10314359667014084 0.23674388688671805 
0.10314359667014084 0.23674388688671805 
0.10314359667014084 0.23674388688671805 
0.10314359667014084 0.23674388688671805 
0.10314359667014084 0.23674388688671805 
0.10314359667014084 0.23674388688671805 
0.10314359667014084 0.23674388688671805 
0.10314359667014084 0.23674388688671805 
0.09541026104641259 0.23814359390794193 
0.09508499083333824 0.23132148481012246 
0.09555396808360475 0.23478626074263767 
0.09555396808360475 0.23478626074263767 
0.09882787579460578 0.24166316662489234 
0.12255274672939197 0.24678146127647563 
0.12418536784833807 0.2170783488443233 
0.1355133320389299 0.21536373275213191 
0.1343177431591582 0.21478819003272542 
0.13192864899587187 0.19731578724571094 
0.17630593590496874 0.1953084659132127 
0.18081759521489732 0.19991606249303184 
0.15275367632275955 0.15191456493233488 
0.1810681505263208 0.1537336548160685 
0.1810681505263208 0.1537336548160685 
0.14547751249867164 0.14525277078971519 
0.14179441472215376 0.12920531093583537 
0.1487394049775285 0.1156062976235295 
0.153090604396306 0.09753932700321538 
0.153090604396306 0.09753932700321538 
0.15187877184884774 0.12326512387540306 
0.15187877184884774 0.12326512387540306 
0.15386165431365628 0.12358169029543603 
0.15386165431365628 0.12358169029543603 
0.15386165431365628 0.12358169029543603 
0.15386165431365628 0.12358169029543603 
0.15386165431365628 0.12358169029543603 
0.15386165431365628 0.12358169029543603 
0.15656292138834232 0.14347663260461244 
0.0859066061579894 0.17783626296498006 
0.17207042094142894 0.18233000117643186 
0.12192558094082004 0.15617404326840043 
0.12192558094082004 0.15617404326840043 
0.12192558094082004 0.15617404326840043 
0.16066238381262862 0.24607456233780958 
0.06798698316422253 0.21050750161625462 
0.13265715736312503 0.16862185511465627 
0.07389987097270984 0.19155500766390265 
0.06491604398963803 0.16906277384569615 
0.09187671365134004 0.18407218773864434 
0.07348231639119472 0.17369721084919285 
0.0860654546804515 0.2157263898981618 
0.07496459895290147 0.17123701565014637 
0.07674567334568522 0.2023805721261102 
0.07674567334568522 0.2023805721261102 
0.09377113619644287 0.1759225093976331 
0.0886939278786278 0.180054906521184 
0.16413258835401795 0.22752166126703305 
0.08931458006347251 0.17937464453023233 
0.17434409330444225 0.15875816010165633 
0.13653776926977013 0.19573608257869185 
0.14203874688275794 0.2133819042749418 
0.12754597372326087 0.17761639721131633 
0.15665327167905468 0.12671319777396786 
0.1559731401114898 0.13117794141665415 
0.15676658837396001 0.12242206093287344 
0.15857297773928206 0.13137338204880075 
0.15857297773928206 0.13137338204880075 
0.15664923394156338 0.13409457113033313 
0.17164120367318203 0.11935346544861855 
0.173421874949167 0.13111627606696585 
0.18008886346022734 0.12452290125322711 
0.17597593233989833 0.12382119265062837 
0.17597593233989833 0.12382119265062837 
0.16797696074606694 0.1383504545448429 
0.14544195746408034 0.14898011860545626 
0.14544195746408034 0.14898011860545626 
0.14978437924110455 0.14704954046334742 
0.11646988925994904 0.14885733342684077 
0.1168477748291549 0.14914386884375214 
0.12210216134001062 0.14462825540091095 
0.12307959705036549 0.17905794887357 
0.14678621630396632 0.1885585064335586 
0.08671742036117341 0.19499402647832426 
0.09413920343296472 0.1862559250566292 
0.06582263625492041 0.16402468124709313 
0.09448934202252147 0.1666655806556651 
0.10706449192366442 0.17580939064153794 
0.18068835069079842 0.16823167161286673 
0.09292862578505288 0.1782794445763959 
0.06277996678930879 0.18444334082811303 
0.10212695732390403 0.15685435614553364 
0.1277984483088029 0.1915339681186678 
0.14129377541148966 0.19956870997729448 
0.12998695894932918 0.21812014829364731 
0.11235752917076483 0.1737942325241906 
0.1423484479566293 0.1772172790455361 
0.14269470323530473 0.19481558579072172 
0.1290009159233558 0.21723158368461598 
0.12341712194549251 0.21129224401729702 
0.1439022837408661 0.22493756860342956 
0.07766294020294943 0.1943206723431119 
0.08261998528590224 0.19082831478918605 
0.15370820472042024 0.18027121605626537 
0.07310243781241602 0.18059074739110006 
0.07310243781241602 0.18059074739110006 
0.14196526609470494 0.1761720718642007 
0.10596755538527525 0.16619338704076164 
0.12005040705250077 0.15754924316871066 
0.12005040705250077 0.15754924316871066 
0.15621070872353593 0.1782205552099346 
0.11791957568208336 0.17728464442428565 
0.11599300919931309 0.15390184478182428 
0.11521987305383248 0.15564419028032994 
0.16045742391461043 0.11027743316005127 
0.16045742391461043 0.11027743316005127 
0.16045742391461043 0.11027743316005127 
0.16511286954490295 0.11205851262302718 
0.1637209947212714 0.13213513455115533 
0.17439685473678923 0.13210720179307 
0.17439685473678923 0.13210720179307 
0.17439685473678923 0.13210720179307 
0.17439685473678923 0.13210720179307 
0.17439685473678923 0.13210720179307 
0.1358005903371769 0.125324886249835 
0.17169495554380684 0.13812253699185506 
0.1699277014083661 0.13850282872380296 
0.17016204991834738 0.13777692937116806 
0.1548137329548849 0.1258487744903602 
0.16358834788389184 0.09839996371053009 
0.16358834788389184 0.09839996371053009 
0.16358834788389184 0.09839996371053009 
0.16358834788389184 0.09839996371053009 
0.1514699940584755 0.1081742061102 
0.1450954966157964 0.12911042702948577 
0.1450954966157964 0.12911042702948577 
0.1528141772383962 0.1198845369350785 
0.1493126664401807 0.10854805042541628 
0.1493126664401807 0.10854805042541628 
0.1493126664401807 0.10854805042541628 
0.14731251166712853 0.11569577748219204 
0.14731251166712853 0.11569577748219204 
0.14731251166712853 0.11569577748219204 
0.14731251166712853 0.11569577748219204 
0.14731251166712853 0.11569577748219204 
0.14731251166712853 0.11569577748219204 
0.15727984770676584 0.10477870621064686 
0.15727984770676584 0.10477870621064686 
0.1485983481861614 0.11660130837355069 
0.1451123856425109 0.09782912110157188 
0.14371607680055487 0.09990477509873727 
0.1347084290143133 0.13707158969128386 
0.1367234938268878 0.14631520746291957 
0.13622051670640445 0.14755673126600316 
0.13622051670640445 0.14755673126600316 
0.13622051670640445 0.14755673126600316 
0.13016175659317636 0.1350189530253676 
0.13016175659317636 0.1350189530253676 
0.13016175659317636 0.1350189530253676 
0.10470599241126076 0.10314438103534194 
0.10470599241126076 0.10314438103534194 
0.10340865635695715 0.1361236606646251 
0.10370613574923142 0.13581540684129512 
0.1367775404418712 0.1678122237018237 
0.14236589405099415 0.16845003429533306 
0.160775064275238 0.16390957086120903 
0.11065521964818027 0.1698803832237601 
0.09630792484549405 0.17459523631010862 
0.1526304141854941 0.1568784442088461 
0.15507697831411763 0.16118924745842989 
0.1689614199326194 0.16345172106153344 
0.0904879789919383 0.17433240740882258 
0.07425885484785603 0.17904315776654572 
0.12387057188189067 0.1711823279520451 
0.1445042613799324 0.17157821554549404 
0.13962274329951563 0.1523087146745969 
0.11030812807927755 0.1515400198102916 
0.12793891734995977 0.14722169089666365 
0.12793891734995977 0.14722169089666365 
0.12087833342602047 0.15365402993924193 
0.15255707708080266 0.18976721676829242 
0.11691796077798576 0.18378677314059008 
0.11108855854569277 0.17359495565109828 
0.10613340779970044 0.13593791247597212 
0.10613340779970044 0.13593791247597212 
0.10613340779970044 0.13593791247597212 
0.10613340779970044 0.13593791247597212 
0.06124505873480324 0.21248245743751884 
0.06100761205400973 0.23017440760142494 
0.09311238223806445 0.20198687808061988 
0.09898273628046597 0.1604577967583705 
0.09848851984850689 0.1612137781789374 
0.12780077381841526 0.1754959218995408 
0.08847395694017618 0.17466025032363716 
0.15058682378355978 0.1718960392513913 
0.07665819313806896 0.16367622485291522 
0.07665819313806896 0.16367622485291522 
0.06627724700414431 0.20302646921119288 
0.06627724700414431 0.20302646921119288 
0.08255065135306067 0.1646116079958053 
0.06997728602936808 0.14721063844368104 
0.06997728602936808 0.14721063844368104 
0.14396985570937285 0.22104516912076255 
0.14396985570937285 0.22104516912076255 
0.1380959841630191 0.21979382798560654 
0.13879792705703195 0.21672014124568703 
0.1554699728726705 0.2152043928852457 
0.1554699728726705 0.2152043928852457 
0.15067980826643748 0.20788275763437145 
0.15520590831901454 0.20866917470035445 
0.17040422151662316 0.1502479809152909 
0.17041283890224762 0.14918601641634277 
0.17041283890224762 0.14918601641634277 
0.17041283890224762 0.14918601641634277 
0.15373522739683265 0.1514750185958003 
0.11661709421583431 0.19803862624627877 
0.1346370254122874 0.19097596535508338 
0.17852274951694655 0.1735972479300463 
0.1321206016178813 0.1810761567620096 
0.07727636342752194 0.20617086597268433 
0.07714239344923934 0.20614163857477735 
0.07714239344923934 0.20614163857477735 
0.07132950674014586 0.2103008021484583 
0.10572891503007048 0.20812059860631063 
0.10615980166469871 0.24060716156512296 
0.10810740840265609 0.2207012722514959 
0.10810740840265609 0.2207012722514959 
0.10810740840265609 0.2207012722514959 
0.10856066533509127 0.22037875024865738 
0.10856066533509127 0.22037875024865738 
0.10963974277714739 0.21849181481944624 
0.10963974277714739 0.21849181481944624 
0.11723596191467518 0.22338466335159352 
0.12112212741666951 0.23785390446004062 
0.12773632721937933 0.24646795391101295 
0.13551445868925435 0.22261167620673367 
0.11347514937466474 0.2064509536080424 
0.09232848035031975 0.19613401039348086 
0.16207130417895146 0.16817126380134365 
0.16940499954744362 0.1610365301465554 
0.08660841509480913 0.18364212139326652 
0.15282409000363975 0.19648297705039589 
0.17575811008357814 0.16525648580856947 
0.12386338948537359 0.18215674761453607 
0.09236292916357414 0.18008900611420825 
0.15563959530359484 0.2041258348746935 
0.17191923138991058 0.22835861719803136 
0.17191923138991058 0.22835861719803136 
0.16056546586520629 0.20637163577499837 
0.16056546586520629 0.20637163577499837 
0.16056546586520629 0.20637163577499837 
0.16056546586520629 0.20637163577499837 
0.08210551977580055 0.2046268937745222 
0.0678851034165324 0.1949981792826775 
0.12959275445784627 0.16153796474061693 
0.14385682964213095 0.19030024961458222 
0.1024287190136535 0.21061090513533154 
0.1024287190136535 0.21061090513533154 
0.11293576350796017 0.22503342014381025 
0.11293576350796017 0.22503342014381025 
0.07573849466162035 0.24861857595799705 
0.07150226167631148 0.25315592065744186 
0.07150226167631148 0.25315592065744186 
0.07150226167631148 0.25315592065744186 
0.07150226167631148 0.25315592065744186 
0.07150226167631148 0.25315592065744186 
0.07150226167631148 0.25315592065744186 
0.07150226167631148 0.25315592065744186 
0.07150226167631148 0.25315592065744186 
0.0694273514032666 0.2560685501300497 
0.0694273514032666 0.2560685501300497 
0.07237385495245655 0.2546086791076541 
0.07237385495245655 0.2546086791076541 
0.07716060627752558 0.24495664541480672 
0.07716060627752558 0.24495664541480672 
0.07716060627752558 0.24495664541480672 
0.07716060627752558 0.24495664541480672 
0.06682308276421073 0.243168926126402 
0.06682308276421073 0.243168926126402 
0.08968040610311696 0.2163878139682618 
0.1216170716731722 0.15095556240856345 
0.1216170716731722 0.15095556240856345 
0.09293083694699963 0.2035890093626321 
0.09293083694699963 0.2035890093626321 
0.15296952534234864 0.16459749037482468 
0.1743780107544477 0.18840188132084298 
0.1743780107544477 0.18840188132084298 
0.1534760297226316 0.18103661623997191 
0.1538703821997778 0.17963382247315557 
0.07184155735575293 0.16924576466098812 
0.14291662552011905 0.1617250787724657 
0.16922488945534708 0.19857499890344746 
0.17876967479164035 0.1721199329283161 
0.17291424279294904 0.1641994379267181 
0.15088251127305563 0.17884960296730043 
0.15383783272207552 0.15992009641411048 
0.10911137050417302 0.17427538216090538 
0.14609243677041367 0.17604484334264997 
0.09280046130331848 0.17897820710006992 
0.06684156934127201 0.20306743311480666 
0.06684156934127201 0.20306743311480666 
0.08626183619626251 0.21558593440111049 
0.13922156283926576 0.17315703812296504 
0.11660789663255106 0.14376862027575393 
0.11660789663255106 0.14376862027575393 
0.12822083150472044 0.13425609508136907 
0.14597183323620982 0.12971328781926453 
0.14633371238792348 0.12951432354499343 
0.14633371238792348 0.12951432354499343 
0.1424755987992205 0.13230659362412045 
0.1424755987992205 0.13230659362412045 
0.14511877736839648 0.15380071103622844 
0.1429580908709053 0.1500970623835785 
0.14456583093271158 0.15217782879820535 
0.0652864840270323 0.18700635469230115 
0.12562694110939296 0.15860378285388785 
0.13042037772191495 0.14259168077438245 
0.13042037772191495 0.14259168077438245 
0.11247427897265501 0.16155760897131793 
0.11247427897265501 0.16155760897131793 
0.08187909902157003 0.18218347710766145 
0.11878430086891344 0.22229977572107062 
0.07052158433243634 0.2244100492777667 
0.07052158433243634 0.2244100492777667 
0.06677177503178414 0.22574626269552486 
0.16810698573189806 0.21526280339305795 
0.10993686827570634 0.18960699677770296 
0.09318093186239806 0.2072798009353714 
0.08640855373511688 0.2167561468194269 
0.08529982542094919 0.22161446479111493 
0.08529982542094919 0.22161446479111493 
0.08304683512838162 0.22074946285882488 
0.1013656129539468 0.20269503142185938 
0.08803152513514957 0.18436554577358594 
0.10201381521938899 0.14164011346052033 
0.10201381521938899 0.14164011346052033 
0.10201381521938899 0.14164011346052033 
0.12209124141986363 0.1897544273582318 
0.06134015798573861 0.2444783328356092 
0.06134015798573861 0.2444783328356092 
0.06796049438309101 0.23584986690780402 
0.06796049438309101 0.23584986690780402 
0.08797947853205963 0.23725889798522404 
0.08405338860312513 0.23734080893631568 
0.18028993010607422 0.17634622429039987 
0.140532451122001 0.1751084224223872 
0.11544658482186948 0.24354435539478841 
0.11383472371995085 0.24042368289033095 
0.10696534899486876 0.23611318202233664 
0.10694949995475937 0.23511775104165816 
0.10808840956853313 0.23638154854575893 
0.08574590951500745 0.2475435731948506 
0.08574590951500745 0.2475435731948506 
0.07784097197917562 0.2500644948528935 
0.09946285632554903 0.2381628171583977 
0.1144674410048035 0.20275059536217221 
0.10926695390921035 0.2127314723426995 
0.13416014574883814 0.20336313795617847 
0.13416014574883814 0.20336313795617847 
0.11153704910846182 0.16213190054969248 
0.07134978589590812 0.1776115579622126 
0.10103398733496946 0.21306845524761425 
0.09484275299749573 0.2202071060307037 
0.1002852369596273 0.2181672002803951 
0.1735394964369985 0.17646329010560366 
0.16746370898327856 0.16798994797784547 
0.18139113657277503 0.14512129487156292 
0.17415885663085573 0.137332580101054 
0.17415885663085573 0.137332580101054 
0.17415885663085573 0.137332580101054 
0.17415885663085573 0.137332580101054 
0.1475007215932695 0.16273482979491044 
0.07962714960619187 0.19415691095031756 
0.08235340129890242 0.2065047749082022 
0.06336321347521691 0.2223661593527526 
0.06336321347521691 0.2223661593527526 
0.09723093781857255 0.17126856544820696 
0.12189907106549738 0.16173218210047766 
0.18146341642512143 0.16601846529100928 
0.12583081374687605 0.1767698285627245 
0.11121113531686846 0.18151619614110936 
0.13383425286437464 0.21413290076417738 
0.13060695091020408 0.2237622152557347 
0.13060695091020408 0.2237622152557347 
0.15215385745277468 0.16365722258078094 
0.1599369563547638 0.19549211801918198 
0.1751257989062036 0.15776465266003153 
0.10998272460931142 0.21761244333518467 
0.10998272460931142 0.21761244333518467 
0.10325685903876779 0.16222723813623313 
0.10669856659430271 0.22463069084692605 
0.11226533377880252 0.23378517040184416 
0.11226533377880252 0.23378517040184416 
0.11226533377880252 0.23378517040184416 
0.11166774624674972 0.23686023831045 
0.11166774624674972 0.23686023831045 
0.11166774624674972 0.23686023831045 
0.11370428945018167 0.24987036226653908 
0.11370428945018167 0.24987036226653908 
0.11370428945018167 0.24987036226653908 
0.10145041107864837 0.25473896041782573 
0.10145041107864837 0.25473896041782573 
0.10145041107864837 0.25473896041782573 
0.10145041107864837 0.25473896041782573 
0.10145041107864837 0.25473896041782573 
0.15200175993603912 0.1956146593632553 
0.1512841054950237 0.1947484657955228 
0.13235456201526813 0.17153932072988523 
0.15953634606504527 0.19567844592773714 
0.16716999781368327 0.21341555321792158 
0.1493938340397468 0.19398933316237116 
0.14918042411927535 0.19407839055633633 
0.15483431566124503 0.2021500912984538 
0.09233431046653968 0.18761644475189934 
0.1118934196475235 0.1523272032274278 
0.08625857251322624 0.20210979888556854 
0.1108835948210561 0.19421371406061586 
0.07377643611803864 0.1857694685262427 
0.07683518508346472 0.18856337410659926 
0.07264579472669422 0.16108624373113037 
0.1646410944577969 0.1784938887140028 
0.07480986778100306 0.20819689876114375 
0.08984994208656319 0.20670094050212331 
0.15833344860112541 0.17415063520720125 
0.14561846941900689 0.15337635928734597 
0.09534512908036001 0.14524388911318598 
0.09534512908036001 0.14524388911318598 
0.09534512908036001 0.14524388911318598 
0.09534512908036001 0.14524388911318598 
0.09353890163320008 0.14631419349910973 
0.09781131534182755 0.14975027465577478 
0.08664392689230908 0.13760129460997256 
0.08681280799923902 0.13787645879878926 
0.08681280799923902 0.13787645879878926 
0.08018800831996217 0.13190149992596828 
0.1158007717577186 0.1994601172331816 
0.08494346258230091 0.15878247284996763 
0.11494055255571403 0.19404354652556033 
0.12501239778691936 0.20996700584205613 
0.13953435382579876 0.16867610781177206 
0.15552655959653372 0.11345192217008043 
0.15552655959653372 0.11345192217008043 
0.15740652483642245 0.11453954744489926 
0.15740652483642245 0.11453954744489926 
0.1313872151106173 0.15705510969764697 
0.14558986719829486 0.12561446361494732 
0.15144279119915047 0.12260428518355077 
0.15144279119915047 0.12260428518355077 
0.15144279119915047 0.12260428518355077 
0.15144279119915047 0.12260428518355077 
0.15144279119915047 0.12260428518355077 
0.15144279119915047 0.12260428518355077 
0.15144279119915047 0.12260428518355077 
0.15144279119915047 0.12260428518355077 
0.15144279119915047 0.12260428518355077 
0.15144279119915047 0.12260428518355077 
0.15144279119915047 0.12260428518355077 
0.15144279119915047 0.12260428518355077 
0.15144279119915047 0.12260428518355077 
0.1565142005227343 0.15865462300254424 
0.15858623318909068 0.16001200006503372 
0.14264728024390744 0.18685453437438804 
0.11690515032409143 0.17556420843027845 
0.0905269465737796 0.18632796733764634 
0.1730777252563074 0.18004786043665874 
0.12380052767087651 0.17787619999367 
0.15156293424567427 0.2258188869511583 
0.14510748439701587 0.21839262387305852 
0.14765261723088002 0.2065627174089189 
0.1489615119207012 0.2158631192399661 
0.1707766513408409 0.20081826393794866 
0.17669423039648702 0.22894609778091152 
0.17669423039648702 0.22894609778091152 
0.17669423039648702 0.22894609778091152 
0.17669423039648702 0.22894609778091152 
0.17669423039648702 0.22894609778091152 
0.17669423039648702 0.22894609778091152 
0.17669423039648702 0.22894609778091152 
0.17669423039648702 0.22894609778091152 
0.17669423039648702 0.22894609778091152 
0.17669423039648702 0.22894609778091152 
0.13089089521945965 0.14974228180959032 
0.13089089521945965 0.14974228180959032 
0.1226913070724176 0.10636861928274267 
0.12319941527985774 0.10621802990401184 
0.12001514575293633 0.11074460662274592 
0.13412829239322951 0.10503351278954355 
0.13412829239322951 0.10503351278954355 
0.1430945817324259 0.09137661807474518 
0.14223109699309988 0.09259554283858815 
0.14603401161503451 0.08760754589332735 
0.12380919896040207 0.12496788130478097 
0.12579123640430082 0.12192647464834315 
0.13407503121614778 0.1142341035865288 
0.1407822139311767 0.09878965361143237 
0.1407822139311767 0.09878965361143237 
0.12269246764655836 0.1437342473280222 
0.07396466360903148 0.20273410855830537 
0.08587705513935447 0.21876882359756483 
0.1605898633855044 0.2048182808470585 
0.1605898633855044 0.2048182808470585 
0.1605898633855044 0.2048182808470585 
0.17012819940207016 0.19919062925557032 
0.14588814309589182 0.20867569980355255 
0.1619026044032077 0.21032050268806268 
0.09098416098919694 0.2188472798574702 
0.16536849836181564 0.18408770175181888 
0.06636010115416706 0.19433515587669553 
0.13081046705402888 0.15614395554541416 
0.13081046705402888 0.15614395554541416 
0.13081046705402888 0.15614395554541416 
0.11849452861359941 0.17637111418496454 
0.13470349837415949 0.17013187062923132 
0.13039021354637725 0.16885698799797155 
0.12026251121486485 0.17397636321867002 
0.07701689081705736 0.13241594804362425 
0.0799582766580185 0.13901218090964368 
0.09605612787867152 0.23288304213821887 
0.09605612787867152 0.23288304213821887 
0.09605612787867152 0.23288304213821887 
0.0866067761231001 0.22811342827917097 
0.0866067761231001 0.22811342827917097 
0.11481302421827234 0.2200865141329157 
0.11481302421827234 0.2200865141329157 
0.12705086538135002 0.23648699965369235 
0.12705086538135002 0.23648699965369235 
0.12705086538135002 0.23648699965369235 
0.1274220175463754 0.2257528381297967 
0.1285900822509191 0.22616160082955786 
0.14411433531221968 0.2126853423191712 
0.14411433531221968 0.2126853423191712 
0.13202882130607962 0.2056908391834201 
0.12864017087036683 0.2065613850429347 
0.12302137400213498 0.21662490002155416 
0.12007206781706814 0.226168853791773 
0.12112793942751915 0.24073394167457923 
0.12133339941202015 0.24632020643762417 
0.09781448153866007 0.2066453601965216 
0.10756968647994716 0.2438371651367524 
0.12359558972770489 0.21007828775165116 
0.12359558972770489 0.21007828775165116 
0.12773584726414233 0.2038987448968459 
0.1238083115832787 0.17068479281833115 
0.1719511013754898 0.1594103664528794 
0.1719511013754898 0.1594103664528794 
0.07953800893533504 0.1555419490973646 
0.081546125389945 0.15525227901647246 
0.16181177956505205 0.16460722004608175 
0.16181177956505205 0.16460722004608175 
0.16296678099401374 0.15257944248553232 
0.10692340655814722 0.16600311966336306 
0.11977812307381196 0.14497439075278284 
0.11977812307381196 0.14497439075278284 
0.11945881504054683 0.14559670608879668 
0.1250100078533548 0.15011229474423032 
0.1388145661629498 0.14924382155323102 
0.13756119077481874 0.14705763459036408 
0.13947426946096303 0.14256506827753612 
0.17357356854710249 0.14161161270632644 
0.17357356854710249 0.14161161270632644 
0.17357356854710249 0.14161161270632644 
0.16510870577522954 0.1494385615514251 
0.16510870577522954 0.1494385615514251 
0.16510870577522954 0.1494385615514251 
0.17757508664882773 0.1452911574642609 
0.17757508664882773 0.1452911574642609 
0.17757508664882773 0.1452911574642609 
0.17466257102708066 0.252168797001355 
0.17466257102708066 0.252168797001355 
0.17314123966352746 0.2520967273863469 
0.06573203238068406 0.20035803109355338 
0.1669424880246969 0.1646786971666448 
0.15454697916597437 0.14191462560988258 
0.17826562208028107 0.11401071300395396 
0.17826562208028107 0.11401071300395396 
0.17826562208028107 0.11401071300395396 
0.17826562208028107 0.11401071300395396 
0.17617239753399266 0.13476786811945524 
0.16611983404124483 0.133498502216068 
0.1715679918595228 0.12681601817898774 
0.1715679918595228 0.12681601817898774 
0.1715679918595228 0.12681601817898774 
0.1679478382839981 0.14451881155218704 
0.1679478382839981 0.14451881155218704 
0.1679478382839981 0.14451881155218704 
0.1679478382839981 0.14451881155218704 
0.1679478382839981 0.14451881155218704 
0.1804949179751535 0.18051009915075394 
0.09078606911283674 0.17043666603030827 
0.12048842640217294 0.16791683952946493 
0.10049591429257351 0.16586956164182068 
0.16595005959228612 0.15912317743267257 
0.1793458538716922 0.15934179132779153 
0.14583833820200626 0.1646257382168222 
0.13311479349104605 0.17775034586249658 
0.10846224161653661 0.15561039679945562 
0.08236059915204427 0.10976656806986113 
0.08236059915204427 0.10976656806986113 
0.08233701251829512 0.10962795794990067 
0.08233701251829512 0.10962795794990067 
0.07535090839111216 0.10283966538201653 
0.16377743068430894 0.19904151643044515 
0.17931113397835002 0.20184596714831257 
0.08433425398311728 0.1812953274888689 
0.06746924177266345 0.1528169279477463 
0.06746924177266345 0.1528169279477463 
0.08216579877895618 0.2186781024874857 
0.08150581591628711 0.2130486034459993 
0.08847789708211166 0.2082303731785446 
0.07527361158219165 0.21161623226027773 
0.16815488541022747 0.17326753530509456 
0.07533672111805305 0.16963373856247502 
0.14632541600349955 0.18164116585679738 
0.1072734862949993 0.1981471644919266 
0.1263934682434038 0.19966923316612267 
0.14684021216155016 0.17567798881951305 
0.09580459588953927 0.17643518836773064 
0.09582473766881504 0.17784919777761313 
0.09758405979058886 0.17973832943130316 
0.14311701455375592 0.17533971021765551 
0.13300621054535855 0.2103449807953436 
0.16519343772510936 0.2100970905620687 
0.16519343772510936 0.2100970905620687 
0.09067939046383225 0.15436658158863892 
0.09399497802785285 0.15720922192188577 
0.14007069390346583 0.15758334274922317 
0.14007069390346583 0.15758334274922317 
0.12758711607759615 0.1458398461010033 
0.12462756039448802 0.14133583544791775 
0.11208592688653679 0.10621606794438156 
0.1160038893221122 0.10932267707336166 
0.1160038893221122 0.10932267707336166 
0.1160038893221122 0.10932267707336166 
0.1160038893221122 0.10932267707336166 
0.1210261195754514 0.11635135062866983 
0.1210261195754514 0.11635135062866983 
0.1210261195754514 0.11635135062866983 
0.1231018770298623 0.20080419604548458 
0.1366722596313875 0.24900439435714192 
0.1366722596313875 0.24900439435714192 
0.1366722596313875 0.24900439435714192 
0.1366722596313875 0.24900439435714192 
0.1366722596313875 0.24900439435714192 
0.1366722596313875 0.24900439435714192 
0.1366722596313875 0.24900439435714192 
0.13786729098583572 0.2553353168310011 
0.13786729098583572 0.2553353168310011 
0.13786729098583572 0.2553353168310011 
0.13814353183873873 0.2557126899878261 
0.13814353183873873 0.2557126899878261 
0.13814353183873873 0.2557126899878261 
0.13814353183873873 0.2557126899878261 
0.15160233814399696 0.19758941765106386 
0.12217686963495056 0.187750706371753 
0.14300220623829352 0.22529623360275713 
0.14188311495012568 0.25448021990007713 
0.137114110185324 0.2462986300056077 
0.137114110185324 0.2462986300056077 
0.1405268262028217 0.2459671467995317 
0.14121345535646407 0.24555307732220305 
0.14121345535646407 0.24555307732220305 
0.13409180773357515 0.233250600998273 
0.14482916681053495 0.21793421938797378 
0.14482916681053495 0.21793421938797378 
0.15530302699429152 0.20497954795043782 
0.07886563091360499 0.1740892173532541 
0.08286349541231514 0.13323090705710078 
0.07437152126284483 0.13006149056085198 
0.073220940043683 0.12949612020681103 
0.06811580228657438 0.12914799351145573 
0.06655376424785787 0.09475369632666102 
0.10028149001386086 0.12629074524830672 
0.10028149001386086 0.12629074524830672 
0.10028149001386086 0.12629074524830672 
0.078989826367587 0.11914674650499921 
0.09493523741908626 0.13733360916135767 
0.09684081985773363 0.13264465877189557 
0.06764945140348698 0.1838074988772069 
0.06278450829267487 0.22700829219403212 
0.14360980097430517 0.16952174586003885 
0.12086515314427321 0.17338181234153058 
0.16793420531712583 0.18036686813017183 
0.12286626837199707 0.17279422364144742 
0.12812155466846054 0.1816236877505481 
0.14141288002436733 0.15713282140575752 
0.15005286929858114 0.1207369954894489 
0.15005286929858114 0.1207369954894489 
0.16855049182712858 0.11108987098049387 
0.1646539958678361 0.11071863535677264 
0.16032688564824357 0.1237266859266842 
0.14726874830006106 0.12921745775259744 
0.14602403213807758 0.13060148510605377 
0.14602403213807758 0.13060148510605377 
0.13884509455593735 0.13676784787547996 
0.08478512544440571 0.1951903720255928 
0.08478512544440571 0.1951903720255928 
0.16977543644369864 0.23124430499658558 
0.16977543644369864 0.23124430499658558 
0.1772970464139607 0.24274137927369532 
0.1772970464139607 0.24274137927369532 
0.1772970464139607 0.24274137927369532 
0.1772970464139607 0.24274137927369532 
0.16646023909072957 0.24464109663999803 
0.1536876460823488 0.20319150111233353 
0.1279551616473228 0.150184719455393 
0.12443748914132143 0.1392502316911346 
0.1242793044168038 0.1378360246850528 
0.12429431665612856 0.13668665254734472 
0.10923689097093066 0.0968113529102336 
0.10923689097093066 0.0968113529102336 
0.10923689097093066 0.0968113529102336 
0.11808622429199926 0.10164950858117491 
0.11808622429199926 0.10164950858117491 
0.11808622429199926 0.10164950858117491 
0.12626236755578008 0.14082425369771964 
0.12899415325161298 0.1399486583188456 
0.12899415325161298 0.1399486583188456 
0.11268242305002887 0.13169198566763818 
0.09894104742650403 0.13848010322707985 
0.12610131457460946 0.13572029408573613 
0.12610131457460946 0.13572029408573613 
0.091310899291499 0.15988041097207312 
0.07188671294378146 0.19378119050855822 
0.06811164319118547 0.22844954432024994 
0.0816867988921777 0.21736784507215673 
0.08311358828185911 0.22088724720070388 
0.10784164144836836 0.2220796690321229 
0.10483654118813085 0.234246809381725 
0.10364825288701986 0.23709448783088125 
0.1066126335678034 0.24081985820030408 
0.1066126335678034 0.24081985820030408 
0.1066126335678034 0.24081985820030408 
0.1066126335678034 0.24081985820030408 
0.1066126335678034 0.24081985820030408 
0.16872011277200097 0.15002463460018797 
0.16872011277200097 0.15002463460018797 
0.11033340593195694 0.21795801867077486 
0.11033340593195694 0.21795801867077486 
0.13625672665912208 0.20950329173552396 
0.1535160700516986 0.20863476279174464 
0.15275741159466263 0.20972939297956805 
0.14891272193650718 0.19536580169770937 
0.12547848238184311 0.1680811307186051 
0.10451312075561099 0.15769307978834524 
0.11035194939544862 0.16854626728265285 
0.10508761725927769 0.19820213073266096 
0.06445640984549394 0.19045823670721138 
0.08095559300385342 0.18037046959356726 
0.13961220934073246 0.17014426212519138 
0.08584046263445017 0.1493582343330114 
0.09653704906344843 0.20380553837780122 
0.06163651622735625 0.1568485177453073 
0.06176910846177812 0.1751027544901564 
0.13888187966102467 0.16645324845406007 
0.1025369816076149 0.17936499006567921 
0.10180639790527901 0.18059596715237494 
0.1812476569913661 0.18884582116933257 
0.10762054308759803 0.21444240900556683 
0.06623810973338565 0.2190090452280921 
0.08487596414937129 0.22147185003884376 
0.08487596414937129 0.22147185003884376 
0.08487596414937129 0.22147185003884376 
0.08487596414937129 0.22147185003884376 
0.08487596414937129 0.22147185003884376 
0.08125008787933208 0.24393110020254677 
0.08125008787933208 0.24393110020254677 
0.08125008787933208 0.24393110020254677 
0.08125008787933208 0.24393110020254677 
0.08125008787933208 0.24393110020254677 
0.08115225248965705 0.24397423278326377 
0.08115225248965705 0.24397423278326377 
0.07647799132007585 0.23614693601465114 
0.07647799132007585 0.23614693601465114 
0.07647799132007585 0.23614693601465114 
0.07374970806614586 0.2450368352567262 
0.07374970806614586 0.2450368352567262 
0.07374970806614586 0.2450368352567262 
0.07374970806614586 0.2450368352567262 
0.08604988180850345 0.226897692699935 
0.0862965179630647 0.2266084242207743 
0.07663354643303277 0.23133891578043744 
0.08647459354357974 0.21938153168321733 
0.061689357923220584 0.24284764901094402 
0.061689357923220584 0.24284764901094402 
0.061689357923220584 0.24284764901094402 
0.061689357923220584 0.24284764901094402 
0.0636233336659378 0.2293784124599669 
0.0636233336659378 0.2293784124599669 
0.0636233336659378 0.2293784124599669 
0.07827863503160226 0.2219698399708479 
0.07087169524221473 0.2282870065407132 
0.07087169524221473 0.2282870065407132 
0.07065208289249303 0.2286030502185057 
0.06452141685756096 0.2413516866384637 
0.06452141685756096 0.2413516866384637 
0.06452141685756096 0.2413516866384637 
0.06452141685756096 0.2413516866384637 
0.06452141685756096 0.2413516866384637 
0.06452141685756096 0.2413516866384637 
0.06530287038731192 0.23985553699549983 
0.06530287038731192 0.23985553699549983 
0.06530287038731192 0.23985553699549983 
0.06530287038731192 0.23985553699549983 
0.08992757774968849 0.239637334912764 
0.08992757774968849 0.239637334912764 
0.13991838840086862 0.20821605073604704 
0.13988798301479685 0.2101549537965821 
0.13988798301479685 0.2101549537965821 
0.13667731563168034 0.21423319613594158 
0.13667731563168034 0.21423319613594158 
0.13846056919143954 0.22802847808988336 
0.15408196911844946 0.256269642422979 
0.12853142286806624 0.22971889644084437 
0.12853142286806624 0.22971889644084437 
0.15509315435928578 0.20403229876068893 
0.1560127123265503 0.22362165738144274 
0.15718213420504137 0.2299314783554967 
0.12554740574201229 0.23794682632692624 
0.10616637556509005 0.24549607835300985 
0.10616637556509005 0.24549607835300985 
0.1043564200052219 0.22948361263662348 
0.14315931254835665 0.18939058240578593 
0.07887961324684262 0.1558610366469169 
0.14826208711505032 0.21233623318640782 
0.15227600575251765 0.21542599654212335 
0.15227600575251765 0.21542599654212335 
0.15227600575251765 0.21542599654212335 
0.1502720312768137 0.21756869279076238 
0.14557709089052404 0.21471022113183078 
0.14557709089052404 0.21471022113183078 
0.12079661817935447 0.21969431173538606 
0.1563632485231411 0.19208723151299115 
0.07554692283583686 0.17210269681889645 
0.0762879873481247 0.19212661023659264 
0.09097947048564338 0.18205034437422846 
0.12162546449233651 0.16823545917934415 
0.09375267348147287 0.16301927629553098 
0.14412843256039265 0.23510584756617334 
0.13734957040810492 0.25377884848943794 
0.138377108645073 0.24261758598484515 
0.14042358194813728 0.25084579333877643 
0.14042358194813728 0.25084579333877643 
0.14042358194813728 0.25084579333877643 
0.14042358194813728 0.25084579333877643 
0.12260565339665862 0.2229706224120972 
0.09223021336638154 0.1541160449388258 
0.1565859881577723 0.19161237958869912 
0.1758392690496835 0.17156460580300015 
0.06963096459623522 0.1900146163449585 
0.1677495525273734 0.21035464025295939 
0.16781019958971644 0.21022066877931164 
0.12817263974526186 0.1946250632000222 
0.12349410482778407 0.2070544471499309 
0.13122038173094444 0.25079514366511285 
0.13122038173094444 0.25079514366511285 
0.13122038173094444 0.25079514366511285 
0.13122038173094444 0.25079514366511285 
0.13122038173094444 0.25079514366511285 
0.13122038173094444 0.25079514366511285 
0.13122038173094444 0.25079514366511285 
0.1262663013715732 0.2474503398332736 
0.1262663013715732 0.2474503398332736 
0.1262663013715732 0.2474503398332736 
0.1262663013715732 0.2474503398332736 
0.1262663013715732 0.2474503398332736 
0.1229264403990708 0.22723136768832625 
0.10497508773961559 0.21347428646580183 
0.08526240255565526 0.20313413939319444 
0.07333747436848531 0.2323412268078081 
0.08489066157270854 0.23778961971714713 
0.08489066157270854 0.23778961971714713 
0.08489066157270854 0.23778961971714713 
0.11075047858783571 0.2146933707098766 
0.10956066003667497 0.21583241854691518 
0.10956066003667497 0.21583241854691518 
0.10956066003667497 0.21583241854691518 
0.10723208020885687 0.22282695407745295 
0.09924435092106325 0.22268024230232614 
0.09924435092106325 0.22268024230232614 
0.09983173770778575 0.24104663181641153 
0.09076048896053232 0.2542277225231483 
0.09076048896053232 0.2542277225231483 
0.09076048896053232 0.2542277225231483 
0.09076048896053232 0.2542277225231483 
0.0914936986483832 0.2536685394219036 
0.0914936986483832 0.2536685394219036 
0.0914936986483832 0.2536685394219036 
0.0914936986483832 0.2536685394219036 
0.09153987903139445 0.2525791755256349 
0.09153987903139445 0.2525791755256349 
0.09153987903139445 0.2525791755256349 
0.09153987903139445 0.2525791755256349 
0.09153987903139445 0.2525791755256349 
0.09153987903139445 0.2525791755256349 
0.09153987903139445 0.2525791755256349 
0.09153987903139445 0.2525791755256349 
0.09153987903139445 0.2525791755256349 
0.09421012106909475 0.1468016027004434 
0.12879316927125486 0.1721191235892998 
0.10371093584167426 0.17255430983246842 
0.12789136690527395 0.16626324182785257 
0.15606928494117495 0.18928716570077503 
0.15307082735295796 0.15539959545389304 
0.15767739277732923 0.13204549229935203 
0.1589261492115983 0.12902202366669424 
0.15978885366570622 0.1249882636982409 
0.16963920987804842 0.11987478568638653 
0.12150860519880631 0.19479486969179616 
0.14734215700344952 0.18042836895194297 
0.09621930615558077 0.16352345295146598 
0.0999644764940758 0.18967036515120564 
0.11096111654132584 0.19688776805930244 
0.07005292059073556 0.19290379245259015 
0.06774980078368423 0.17101202661594245 
0.10182562004138634 0.18568645894470973 
0.1474621601558177 0.20291914529170268 
0.13614703204950487 0.21933307141658198 
0.13614703204950487 0.21933307141658198 
0.14528926265662886 0.21195929855598883 
0.13738350556869897 0.21487894636355367 
0.14172536611236833 0.255130046148888 
0.14172536611236833 0.255130046148888 
0.12723169324069666 0.2486899188917122 
0.12723169324069666 0.2486899188917122 
0.12723169324069666 0.2486899188917122 
0.12723169324069666 0.2486899188917122 
0.1363603295346668 0.25290267061633614 
0.14074786134056932 0.25008895669284636 
0.14179479521583077 0.24582660425972583 
0.13950026158389284 0.24480608724959374 
0.1385532115704571 0.2442565480953554 
0.1385532115704571 0.2442565480953554 
0.1418233450338814 0.24537843867252726 
0.1418233450338814 0.24537843867252726 
0.1418233450338814 0.24537843867252726 
0.13422170478614967 0.20298221909596584 
0.0971634009020024 0.15376426409073657 
0.0971634009020024 0.15376426409073657 
0.0971634009020024 0.15376426409073657 
0.15168996509142474 0.18629902271047513 
0.15315912352422548 0.18950072749546495 
0.13824652042719537 0.17461992531429663 
0.0861328426767965 0.16377061552587557 
0.0988059264401821 0.19234765950553873 
0.10293304938728999 0.18447983383995203 
0.09168687420587308 0.2028133138576811 
0.0871577940594688 0.23834083294523484 
0.0871577940594688 0.23834083294523484 
0.09472757282432898 0.25127465795545495 
0.09472757282432898 0.25127465795545495 
0.09472757282432898 0.25127465795545495 
0.11022631563147717 0.24021040511341635 
0.10921500530039462 0.24396760564138992 
0.09937926904215313 0.24866608537251253 
0.09937926904215313 0.24866608537251253 
0.09937926904215313 0.24866608537251253 
0.09937926904215313 0.24866608537251253 
0.09695629347673641 0.24311171543946203 
0.09695629347673641 0.24311171543946203 
0.09626325082637197 0.24206818538167985 
0.09626325082637197 0.24206818538167985 
0.0717699973528273 0.16811394877888144 
0.06527758311509214 0.1591743023734459 
0.12410821165252091 0.20652262542642325 
0.12454245623821546 0.19352079725503732 
0.06861800491112749 0.21578116808180434 
0.07539442647880357 0.21766174256831744 
0.07539442647880357 0.21766174256831744 
0.1508478632231699 0.1723111308999024 
0.18011802458365245 0.1533349308887014 
0.18011802458365245 0.1533349308887014 
0.14921283195508833 0.18480945191677878 
0.10469903800465014 0.19500449448528467 
0.12273223184333855 0.1736316183818893 
0.12547461609724525 0.16844624887021617 
0.13466585548545187 0.23500559720225828 
0.1496944807343974 0.20084820453373908 
0.1496944807343974 0.20084820453373908 
0.1496944807343974 0.20084820453373908 
0.1606604267153248 0.2052107674682703 
0.1536604193798186 0.15658722439227635 
0.1775151497890782 0.19342121801195145 
0.1775151497890782 0.19342121801195145 
0.09112654239086787 0.2204272959044576 
0.06598477956964166 0.25629141137568273 
0.06598477956964166 0.25629141137568273 
0.06598477956964166 0.25629141137568273 
0.06598477956964166 0.25629141137568273 
0.06598477956964166 0.25629141137568273 
0.14394554243817637 0.22118923421574563 
0.14394554243817637 0.22118923421574563 
0.14394554243817637 0.22118923421574563 
0.1544572263987022 0.22075796410112467 
0.16328901500942683 0.22964183219333345 
0.14787649777473977 0.23021771657879714 
0.0985890400482243 0.20848996270019346 
0.06925945390823073 0.18428134653902162 
0.1347408537083216 0.17702772929687222 
0.16256281850688664 0.16107165771420237 
0.11765882244333095 0.23687908489272175 
0.11765882244333095 0.23687908489272175 
0.10578805778118491 0.2467233313013883 
0.0986178813902808 0.2562008971347127 
0.0986178813902808 0.2562008971347127 
0.12230791167215949 0.18144976835193904 
0.12398653704326387 0.19789705575470856 
0.14662578757713066 0.1694910789436582 
0.14274806047752545 0.12525327060134167 
0.14274806047752545 0.12525327060134167 
0.14285366567185 0.12400536600917286 
0.11452120206000513 0.17780951976874115 
0.11904392718794446 0.1917287093558246 
0.12788346370818754 0.21996746132770303 
0.12788346370818754 0.21996746132770303 
0.12827579006922069 0.20519937846439287 
0.06887245557163746 0.18817407933189984 
0.0918987609350138 0.20419959693767942 
0.08807033831659239 0.20795909791598394 
0.08807033831659239 0.20795909791598394 
0.12874421058699542 0.18253793157815124 
0.14550309669979883 0.14482115525819816 
0.16237352608873565 0.1545322225659095 
0.0977905601592306 0.19091110814429885 
0.0999872291276037 0.19243546493093988 
0.1484880876270454 0.1856910279668348 
0.16849208179953712 0.22913370273910372 
0.16849208179953712 0.22913370273910372 
0.16370080016281954 0.22864871674144716 
0.1588979525467198 0.2288478984331035 
0.11340557083503167 0.22805620548145472 
0.10795743804369541 0.24720744315437215 
0.10795743804369541 0.24720744315437215 
0.09288699493008062 0.24311237701216773 
0.06602012889708864 0.24534446954674477 
0.07717437370392866 0.2469209083149305 
0.07717437370392866 0.2469209083149305 
0.07025627792876078 0.25229108154053026 
0.07707487750186393 0.24564182431861184 
0.07488534224351004 0.24657864253944234 
0.07719874145226321 0.24455365929329714 
0.07719874145226321 0.24455365929329714 
0.07719874145226321 0.24455365929329714 
0.07719874145226321 0.24455365929329714 
0.07719874145226321 0.24455365929329714 
0.09638778498311504 0.23196405395704478 
0.08611964946314729 0.23581928748091016 
0.09162983720412815 0.23745239275612776 
0.09162983720412815 0.23745239275612776 
0.09162983720412815 0.23745239275612776 
0.09162983720412815 0.23745239275612776 
0.09162983720412815 0.23745239275612776 
0.09162983720412815 0.23745239275612776 
0.08696850686362212 0.2494112147753379 
0.08847204769986826 0.24395389970383588 
0.0832052342005803 0.24656060117353001 
0.0832052342005803 0.24656060117353001 
0.0832052342005803 0.24656060117353001 
0.08146518606556616 0.2481717827491206 
0.08146518606556616 0.2481717827491206 
0.08146518606556616 0.2481717827491206 
0.08146518606556616 0.2481717827491206 
0.08146518606556616 0.2481717827491206 
0.08146518606556616 0.2481717827491206 
0.08049537248075875 0.24927687880163293 
0.07445762625554865 0.2531762006575025 
0.09624707034007789 0.21873985569457977 
0.09517066662974985 0.217876503002591 
0.10349258398185159 0.1971404775087883 
0.10760458120297639 0.17576187871321783 
0.10042044462553917 0.1665016535416584 
0.12468597399968537 0.1858462581010426 
0.11649632299446804 0.1823414671782918 
0.09732619489989874 0.2021282643440893 
0.06202079984722564 0.15807573837307043 
0.06202079984722564 0.15807573837307043 
0.0924442435748501 0.19765558940821443 
0.07010135866762733 0.21574790185781817 
0.07010135866762733 0.21574790185781817 
0.08456632869680296 0.1772650896368756 
0.06800989379428961 0.16109995135999916 
0.06061824610733589 0.15832941836638714 
0.1604990417058687 0.20868074857082097 
0.14422135791898708 0.17153868580757042 
0.09268940293393194 0.18053673366038583 
0.113439016835895 0.19425669607118645 
0.10778057491193488 0.19859510634744887 
0.092951677285798 0.24334901349473156 
0.09512668076435038 0.23294890540280594 
0.09990449880971637 0.22776247334195537 
0.09990449880971637 0.22776247334195537 
0.166378359454327 0.17462341686616387 
0.1770962302785879 0.16496340582008748 
0.12397607224567751 0.17930114309656686 
0.14541481245879354 0.17987674467251386 
0.060647039956383 0.1793972573916687 
0.10052702957289253 0.15013951676915277 
0.10591217544691578 0.14945048186417506 
0.13163782499504206 0.1923481536057521 
0.07416198397531346 0.17546859498935774 
0.1553642122053467 0.1599285962280782 
0.17976662008629057 0.16511681791512328 
0.08731519712150543 0.14613280535343157 
0.08731519712150543 0.14613280535343157 
0.08731519712150543 0.14613280535343157 
0.08731519712150543 0.14613280535343157 
0.11151150190227209 0.1893921008364014 
0.17780427964024287 0.17950729626721457 
0.0636549886982777 0.18234594292634437 
0.16457618829607007 0.16594900013783226 
0.1719642689031196 0.15957899388932278 
0.12700272957683767 0.15945109418948533 
0.1698042737837933 0.18643796443170044 
0.17374483520524708 0.20794181692496796 
0.13478337960254652 0.20501247179601217 
0.07179080352943565 0.16732813603890265 
0.1371576149559898 0.17502367169138186 
0.0790450335331358 0.16680774673386856 
0.1421614950771249 0.16662425428515454 
0.12877919402021265 0.18092842372360204 
0.14343666223187435 0.1966869892780546 
0.13578449943589704 0.19979432210808756 
0.15704720145809226 0.16493909800350798 
0.09388130705414882 0.1631839707344242 
0.06777322423501021 0.19732753613987358 
0.1400568967246892 0.18936017033973754 
0.17980593320136665 0.162919010811687 
0.06710474741307994 0.18111734923179948 
0.14491093088246582 0.18596152736349383 
0.16063913364414042 0.17387545589013909 
0.1467202412132381 0.16448466863342154 
0.16054503639543283 0.17083756059994273 
0.1801601918039016 0.1808664847860439 
0.08461042044414427 0.20092680280096284 
0.08461042044414427 0.20092680280096284 
0.08461042044414427 0.20092680280096284 
0.10849770543688825 0.20815220849436225 
0.10849770543688825 0.20815220849436225 
0.10212333973673532 0.21077840090613045 
0.10212333973673532 0.21077840090613045 
0.12114500608222377 0.1755277162062374 
0.1295175330550661 0.19070935952190896 
0.1365683334345569 0.18535596338608573 
0.12300918387259152 0.2123117849554238 
0.12300918387259152 0.2123117849554238 
0.12266009993299366 0.21275194718567464 
0.12266009993299366 0.21275194718567464 
0.11516967693279048 0.2363283557843464 
0.11629651887255273 0.23680493633339034 
0.11093007388110875 0.22322269265421102 
0.11093007388110875 0.22322269265421102 
0.11093007388110875 0.22322269265421102 
0.11093007388110875 0.22322269265421102 
0.10247706120117575 0.2305492695989594 
0.07630739064545798 0.16843323596653226 
0.07107711078465741 0.1831224557997421 
0.10279503166529218 0.17261061856568732 
0.0929126735903428 0.13108325159780748 
0.08071264221590232 0.09289620858702005 
0.09419254710386506 0.1381478591416709 
0.09419254710386506 0.1381478591416709 
0.09024596653592183 0.11965644573158488 
0.08247428294711272 0.15572879987347954 
0.15670266948420464 0.1788093782153496 
0.1400471681638044 0.17810457847090083 
0.16731412352483016 0.2037796286951877 
0.1595018224370686 0.20177536341473068 
0.12764840312415715 0.1972542242046201 
0.07103720613810101 0.17730674274356928 
0.13286335621055093 0.17463091965381972 
0.0783274140887355 0.18204612159564793 
0.06722361726356886 0.21216121732676502 
0.06473029504044825 0.2162772100067469 
0.18024908405238246 0.14762805947668878 
0.07282173948350536 0.2367342075611741 
0.07291564145061505 0.24010177175711855 
0.07291564145061505 0.24010177175711855 
0.06984130948579739 0.22512052364911023 
0.06341501110462261 0.22841746621811765 
0.06341501110462261 0.22841746621811765 
0.06341501110462261 0.22841746621811765 
0.07319507074593253 0.23062226165732272 
0.06784079971849552 0.23600963232455482 
0.06854679841429491 0.23591452636258686 
0.06792015398616744 0.23673325486373917 
0.0645416159533326 0.2552458224703631 
0.06456468970542506 0.2550089982897737 
0.06456468970542506 0.2550089982897737 
0.06456468970542506 0.2550089982897737 
0.06456468970542506 0.2550089982897737 
0.06456468970542506 0.2550089982897737 
0.06456468970542506 0.2550089982897737 
0.06456468970542506 0.2550089982897737 
0.06456468970542506 0.2550089982897737 
0.06456468970542506 0.2550089982897737 
0.06456468970542506 0.2550089982897737 
0.06456468970542506 0.2550089982897737 
0.06506791752600484 0.2542982967423046 
0.06506791752600484 0.2542982967423046 
0.06134070764558902 0.2545690424342274 
0.07472913882809101 0.23932426675456217 
0.15073035314677213 0.2196286832449864 
0.15073035314677213 0.2196286832449864 
0.15563090042082314 0.22036104007355842 
0.09784956951884381 0.16264402952673582 
0.1616827318664896 0.1873067340085326 
0.1571626709519992 0.1711542849201378 
0.15862830328404665 0.1766618562186838 
0.15658574464208164 0.21295210448731028 
0.1739952243682075 0.17316980588390452 
0.14687619069935415 0.1913616358146318 
0.17758972623353203 0.20296084139581771 
0.17743369160920414 0.14732414614487319 
0.10627784272970267 0.16420212842611154 
0.17636788890801283 0.1828821753163639 
0.13397138219710678 0.17680781543471655 
0.1277561710675143 0.1617926260163367 
0.1277561710675143 0.1617926260163367 
0.15650505451229038 0.17742170565331575 
0.13581246996512947 0.17214130079090803 
0.17882425357911766 0.19181680943730253 
0.17882425357911766 0.19181680943730253 
0.12997809780107572 0.23460844623875973 
0.12996266389518357 0.2346196117008526 
0.11967858983225413 0.2428967691233464 
0.12310647527607271 0.24660680389565554 
0.12310647527607271 0.24660680389565554 
0.12310647527607271 0.24660680389565554 
0.12310647527607271 0.24660680389565554 
0.12310647527607271 0.24660680389565554 
0.12425647779442635 0.25077792609017396 
0.12038159490412285 0.2461276904593772 
0.12038159490412285 0.2461276904593772 
0.12078654984209126 0.2467224673166396 
0.12078654984209126 0.2467224673166396 
0.12078654984209126 0.2467224673166396 
0.11659841168843059 0.24879356578549405 
0.11659841168843059 0.24879356578549405 
0.12156523695351909 0.21576161096665547 
0.12368441773485801 0.21502345818870594 
0.12375943663111089 0.21486817087361093 
0.12934483994190035 0.21448433985789214 
0.12934483994190035 0.21448433985789214 
0.13217433392569355 0.2229897166454265 
0.14423924673955008 0.24702886308377464 
0.14423924673955008 0.24702886308377464 
0.13119944860593255 0.21682520258363466 
0.13119944860593255 0.21682520258363466 
0.13206697391400785 0.21553006337485592 
0.1329115660449512 0.2247241662167679 
0.17724715812278807 0.23661449287244046 
0.17724715812278807 0.23661449287244046 
0.17724715812278807 0.23661449287244046 
0.17724715812278807 0.23661449287244046 
0.17356107829364206 0.23660306034646458 
0.13934434043163396 0.2388843269758372 
0.13934434043163396 0.2388843269758372 
0.14029792000151173 0.24712701106540508 
0.14029792000151173 0.24712701106540508 
0.14029792000151173 0.24712701106540508 
0.1403330651776055 0.24685890772109415 
0.14208425040956624 0.24735558619590897 
0.13850698984501159 0.23055539821294962 
0.13850698984501159 0.23055539821294962 
0.13922868720314097 0.23048908709350097 
0.1552393948311478 0.24041556102366352 
0.1552393948311478 0.24041556102366352 
0.1542116302404066 0.2425111598615683 
0.1542116302404066 0.2425111598615683 
0.1542116302404066 0.2425111598615683 
0.1542116302404066 0.2425111598615683 
0.15608075721917486 0.2294151430319959 
0.08440985436379805 0.16809710354562435 
0.15844618531124677 0.17119397785318988 
0.06134341119601874 0.16191367780958674 
0.07798977638809385 0.17485333736450243 
0.08741472057446331 0.18829919258002087 
0.09577365471227123 0.18588920150293245 
0.07342631376151189 0.18197679448448922 
0.1589969194793892 0.16711800382768546 
0.1755114819584308 0.1849618196708164 
0.0913499836980086 0.16407008510926385 
0.09153619466835913 0.18671131552148637 
0.1789641424745659 0.2088865793486143 
0.1789641424745659 0.2088865793486143 
0.1263719056079311 0.18194647967000077 
0.09072465802169757 0.15324058417408223 
0.1300174644325267 0.18534788687951767 
0.10041474128361316 0.19771221822889912 
0.14981862083498357 0.16924181860993545 
0.09048346446813935 0.1646650337044953 
0.08608059767065347 0.18200153207123523 
0.1505330429401176 0.18921555534735773 
0.1505330429401176 0.18921555534735773 
0.1485506686955771 0.18688018829426714 
0.08283080798268189 0.1669821732470747 
0.13792418494346717 0.18756902093005778 
0.09089324651458633 0.17652001965497893 
0.07058206105490984 0.1995567629780888 
0.07058206105490984 0.1995567629780888 
0.07058206105490984 0.1995567629780888 
0.11129728490908844 0.19886152437660465 
0.08415139451594676 0.1641738281429907 
0.06634958512249442 0.1623466622318952 
0.12298916249699346 0.2207511396772066 
0.11333304373290659 0.227214117658215 
0.11961459690382625 0.23175492433092956 
0.11853299470636353 0.23378992944073385 
0.11665523319818105 0.25237798981581566 
0.1705333028059636 0.229794200332317 
0.1705333028059636 0.229794200332317 
0.1705333028059636 0.229794200332317 
0.0977665659714582 0.17725401651284242 
0.0905318969968464 0.15413339151576033 
0.07851756085654407 0.15131036242002258 
0.10605038851850163 0.20069245982295777 
0.10522698491743504 0.20264845162642414 
0.10861199347871091 0.21093321029837875 
0.14893005529805842 0.2089740194345247 
0.15880919473402658 0.21375107611880015 
0.15880919473402658 0.21375107611880015 
0.15880919473402658 0.21375107611880015 
0.15217503038711036 0.2520394385574848 
0.13086488690310136 0.25309495183444786 
0.13086488690310136 0.25309495183444786 
0.13086488690310136 0.25309495183444786 
0.13086488690310136 0.25309495183444786 
0.13392603550740656 0.1745808165762341 
0.10861304540016427 0.1716709796472961 
0.14746958374963742 0.1888292027318179 
0.13229776386249428 0.20219581052939056 
0.12365654530289498 0.19644075827483284 
0.1708800196692408 0.1875658015857291 
0.12623607135574574 0.194438108185137 
0.11247358692866155 0.18698369178794014 
0.1506788705791729 0.22852104149842623 
0.1506788705791729 0.22852104149842623 
0.14305589438078384 0.2320227823287702 
0.15169567801428047 0.23184980068388122 
0.14999802468408233 0.23062169900659074 
0.15144136988274554 0.23455588685814455 
0.15144136988274554 0.23455588685814455 
0.15144136988274554 0.23455588685814455 
0.15144136988274554 0.23455588685814455 
0.15144136988274554 0.23455588685814455 
0.15144136988274554 0.23455588685814455 
0.14819686526977224 0.23893891146729612 
0.14819686526977224 0.23893891146729612 
0.1552355668908815 0.24048264835290223 
0.15315075329961816 0.23902055960015822 
0.17038114924960035 0.2375704637774263 
0.17038114924960035 0.2375704637774263 
0.17038114924960035 0.2375704637774263 
0.10511502615699553 0.1640118593315673 
0.14323065215370612 0.1637737218053515 
0.16043116978907 0.13926043154071704 
0.16043116978907 0.13926043154071704 
0.16043116978907 0.13926043154071704 
0.16820668962088953 0.11238135752452962 
0.16820668962088953 0.11238135752452962 
0.17892318964287865 0.18998004051603476 
0.1793813363620715 0.1979957920508966 
0.08100451515654207 0.24364859998109506 
0.08100451515654207 0.24364859998109506 
0.11777755289947497 0.22244107885104153 
0.113647027362225 0.2289699938301919 
0.1088497214285893 0.1835959765202481 
0.11078084628259477 0.24778677027197052 
0.11041011646937207 0.24893405568657123 
0.08668484518893302 0.24017791471945016 
0.08668484518893302 0.24017791471945016 
0.08847399225133225 0.23799178240102162 
0.08847399225133225 0.23799178240102162 
0.11593111583024296 0.24421012869722675 
0.11593111583024296 0.24421012869722675 
0.11593111583024296 0.24421012869722675 
0.12280096047448222 0.24194941231277803 
0.12280096047448222 0.24194941231277803 
0.12280096047448222 0.24194941231277803 
0.12280096047448222 0.24194941231277803 
0.12280096047448222 0.24194941231277803 
0.11955218182230438 0.2423077979037623 
0.11955218182230438 0.2423077979037623 
0.11955218182230438 0.2423077979037623 
0.14667438915183673 0.20983115317427545 
0.14667438915183673 0.20983115317427545 
0.1411017440660787 0.20141359445347803 
0.15857811474170808 0.16903687762066166 
0.06707855421758273 0.16613025003596552 
0.13469327804067727 0.18935219705963507 
0.13892253878049685 0.187527849144 
0.1439942327628474 0.17235629295451788 
0.07114316484200438 0.15522753797961877 
0.13702660045327553 0.16362997439537033 
0.10427441943080189 0.189251211736665 
0.13510269915203604 0.19265963014637466 
0.1314682885317308 0.2140356331344299 
0.1304611558050643 0.16811669260947854 
0.15849567128836783 0.17741460612854623 
0.17199401258175087 0.1586971201586306 
0.09982006706750127 0.1956488901579942 
0.17392862133362455 0.2079183598688657 
0.10317377549065262 0.1555754536895727 
0.15125940315717148 0.19340562611771664 
0.1678211193468208 0.17038032439101844 
0.18054768400341056 0.17914162745576223 
0.07650246123056806 0.16308258982216292 
0.07860259756865419 0.1680934576480078 
0.09163242223212324 0.17595395660743193 
0.14059169008224057 0.20306984565207362 
0.14834086623776277 0.20271246919727462 
0.14834086623776277 0.20271246919727462 
0.15053248759409252 0.204754355789169 
0.07476793186563552 0.1615196087591525 
0.12264130509389845 0.2140136789453118 
0.08513816455879401 0.20588545731820418 
0.08498972891711119 0.203809903554586 
0.1248825685402179 0.21331051695028794 
0.12573102429465366 0.1943866064326774 
0.07907210252754433 0.19103801271417717 
0.1732969408782358 0.19854888909932222 
0.1732969408782358 0.19854888909932222 
0.06767431442698808 0.1641462753496051 
0.11547375467274246 0.1639096771085968 
0.07150562903675405 0.16766232062233896 
0.13008598484626868 0.18963103024447 
0.10311002203314296 0.16965266304367024 
0.1808779042802478 0.16294744453589766 
0.16167942991778425 0.19511025500401746 
0.1309697603712036 0.19441077185827102 
0.12493850335976966 0.19526347373142286 
0.07987639817832408 0.19283090891499577 
0.16311099965918238 0.1941834225478255 
0.10154038069657821 0.16175903613044834 
0.10070148670966617 0.16889891439212876 
0.1705338934199744 0.19144809899807172 
0.08401341511209622 0.17418492730045668 
0.14197989947193942 0.16678669483685862 
0.09576730797891214 0.21737098204110247 
0.09576730797891214 0.21737098204110247 
0.09736387528119399 0.2153006493356162 
0.09736387528119399 0.2153006493356162 
0.08200933171492472 0.2297967330934868 
0.0755654835369112 0.23384265474783325 
0.08094811416560127 0.24516792943439825 
0.08094811416560127 0.24516792943439825 
0.08271407918785598 0.2536416202621111 
0.09761703230588813 0.24877205047354925 
0.09761703230588813 0.24877205047354925 
0.10212514188703456 0.24864429123471676 
0.10212514188703456 0.24864429123471676 
0.09030467458621869 0.2520957389196177 
0.09030467458621869 0.2520957389196177 
0.09030467458621869 0.2520957389196177 
0.09030467458621869 0.2520957389196177 
0.09030467458621869 0.2520957389196177 
0.10094862593915227 0.24563078072456918 
0.11391402609099933 0.23541532503166834 
0.1128149967866069 0.24981026575069634 
0.1128149967866069 0.24981026575069634 
0.1128149967866069 0.24981026575069634 
0.1128149967866069 0.24981026575069634 
0.11639602803214566 0.24387095038782292 
0.11291266754669362 0.2472665286595036 
0.11291266754669362 0.2472665286595036 
0.11291266754669362 0.2472665286595036 
0.11291266754669362 0.2472665286595036 
0.11013091401907252 0.24124768540412383 
0.11464721111250757 0.25389011943422507 
0.11464721111250757 0.25389011943422507 
0.11464721111250757 0.25389011943422507 
0.11464721111250757 0.25389011943422507 
0.11578972827844522 0.2547250645260932 
0.09944014437996289 0.2126216047794761 
0.11009842600431569 0.21043767349228024 
0.11183203468628879 0.21981799351987638 
0.11257179459279981 0.21648342013316785 
0.11528866318716341 0.21374930419888502 
0.11528866318716341 0.21374930419888502 
0.08607222640294836 0.16306937158788923 
0.1096043312075867 0.15720526860292328 
0.06606442346875117 0.18695450163168562 
0.1663248088182691 0.16143866214652067 
0.10726128659418444 0.16659101178830338 
0.10792610478554654 0.18749151646847012 
0.13433478526695689 0.2238108043882298 
0.13433478526695689 0.2238108043882298 
0.12698118803311415 0.2189801381013761 
0.12698118803311415 0.2189801381013761 
0.11543204607558624 0.23341604995032728 
0.12323004412830627 0.21484306140917314 
0.10632189264314205 0.2513980478144374 
0.10632189264314205 0.2513980478144374 
0.09184073453033376 0.2480084662334806 
0.09184073453033376 0.2480084662334806 
0.14883819385649863 0.2497535607000925 
0.1498270513779487 0.22742003596872185 
0.1590531962129974 0.23149071652285147 
0.1590531962129974 0.23149071652285147 
0.1590531962129974 0.23149071652285147 
0.1590531962129974 0.23149071652285147 
0.1590531962129974 0.23149071652285147 
0.16418071994011862 0.2170117457238647 
0.16418071994011862 0.2170117457238647 
0.16418071994011862 0.2170117457238647 
0.16418071994011862 0.2170117457238647 
0.1186686002666236 0.16778643767174128 
0.14209854634862534 0.12917338865864153 
0.08144856961200898 0.19835467442269714 
0.1279021914662657 0.18434285594284192 
0.11110832903944398 0.15403221516120733 
0.11531489800746031 0.14305957484418336 
0.12613100614625136 0.13373604100710137 
0.1354000015054397 0.13096049573338542 
0.12523616436733306 0.11607291375148258 
0.11351747149926728 0.10258208405263712 
0.11351747149926728 0.10258208405263712 
0.11436880700356133 0.09981915905399394 
0.11463399628673188 0.10292942377593373 
0.11463399628673188 0.10292942377593373 
0.11463399628673188 0.10292942377593373 
0.11463399628673188 0.10292942377593373 
0.1259505032817602 0.12410608837418036 
0.12299063952961745 0.1686564710834349 
0.060647003171497245 0.16749933954321272 
0.08455530692959722 0.15753496581177096 
0.09611855287077084 0.17448108306056678 
0.11176506359046412 0.18732830304146614 
0.07844433606923183 0.18915434284288263 
0.17280811739464405 0.14847219485557223 
0.0619911296001067 0.1807228893718385 
0.12214226355753698 0.20414474243225483 
0.12282129183555654 0.24145387118912592 
0.12282129183555654 0.24145387118912592 
0.12282129183555654 0.24145387118912592 
0.12282129183555654 0.24145387118912592 
0.1695975344805603 0.18649044305593246 
0.17179800676870915 0.17168347323620248 
0.07426724093627554 0.1762853893392912 
0.17952069523198735 0.18056101079301148 
0.09664481515463141 0.19874824770446042 
0.13031650139462647 0.20460950033319225 
0.13031650139462647 0.20460950033319225 
0.12262402002347446 0.2302569523170629 
0.11264725213079817 0.22980346274814173 
0.11107636838592602 0.23051530143357046 
0.11107636838592602 0.23051530143357046 
0.11107636838592602 0.23051530143357046 
0.09454710843773981 0.2026937639157417 
0.07040631810767314 0.21261944728265292 
0.07040631810767314 0.21261944728265292 
0.17669188976120848 0.2091832402886996 
0.17263649722595129 0.19295369273212767 
0.1662335617692932 0.18665665453599783 
0.07035770942511399 0.16159468096147092 
0.1766629564305786 0.20023937185339477 
0.12208325142951429 0.18077729850862853 
0.07625576779215197 0.17238034053312662 
0.12179610201410224 0.1885012175185075 
0.09358888898566749 0.15663849446645584 
0.07983035832330318 0.10935224877614069 
0.07983035832330318 0.10935224877614069 
0.07983035832330318 0.10935224877614069 
0.07983035832330318 0.10935224877614069 
0.07983035832330318 0.10935224877614069 
0.08781107609671607 0.1356531254245303 
0.10930877979160579 0.19313909980076144 
0.11051183107108141 0.19300915700885052 
0.09414547909024562 0.20496474789306013 
0.08760320237474671 0.23979585305180523 
0.08760320237474671 0.23979585305180523 
0.07869702283810638 0.24444434746668686 
0.07477320893328668 0.24870118957394147 
0.07477320893328668 0.24870118957394147 
0.07247073438419425 0.2523017494259181 
0.07247073438419425 0.2523017494259181 
0.07247073438419425 0.2523017494259181 
0.07247073438419425 0.2523017494259181 
0.07214399699762084 0.24732922032011884 
0.14170921846178636 0.23296989836035786 
0.14170921846178636 0.23296989836035786 
0.15060148760128708 0.2516394023826075 
0.15060148760128708 0.2516394023826075 
0.15060148760128708 0.2516394023826075 
0.15060148760128708 0.2516394023826075 
0.15060148760128708 0.2516394023826075 
0.15060148760128708 0.2516394023826075 
0.15060148760128708 0.2516394023826075 
0.15060148760128708 0.2516394023826075 
0.15060148760128708 0.2516394023826075 
0.15060148760128708 0.2516394023826075 
0.15060148760128708 0.2516394023826075 
0.15060148760128708 0.2516394023826075 
0.15060148760128708 0.2516394023826075 
0.15060148760128708 0.2516394023826075 
0.15060148760128708 0.2516394023826075 
0.15060148760128708 0.2516394023826075 
0.150182830281617 0.24882332173521854 
0.14877843093015505 0.24648707088391988 
0.14877843093015505 0.24648707088391988 
0.1477925121120293 0.24094891959808973 
0.1477925121120293 0.24094891959808973 
0.1477925121120293 0.24094891959808973 
0.1477925121120293 0.24094891959808973 
0.1477925121120293 0.24094891959808973 
0.1477925121120293 0.24094891959808973 
0.1477925121120293 0.24094891959808973 
0.17071759646428397 0.25069409662352965 
0.17071759646428397 0.25069409662352965 
0.17071759646428397 0.25069409662352965 
0.13477737957728778 0.2520003251579171 
0.13477737957728778 0.2520003251579171 
0.13477737957728778 0.2520003251579171 
0.13477737957728778 0.2520003251579171 
0.1337871818048161 0.2540936623823557 
0.1337871818048161 0.2540936623823557 
0.1439778633122509 0.24008429625926847 
0.1439778633122509 0.24008429625926847 
0.1439778633122509 0.24008429625926847 
0.1439778633122509 0.24008429625926847 
0.1439778633122509 0.24008429625926847 
0.146016871624096 0.2116652084153747 
0.1419016945855124 0.17293478031636628 
0.06066857705675766 0.19602871731209126 
0.17564586230953388 0.1807161828905864 
0.11349686587345284 0.15328104880009452 
0.11349686587345284 0.15328104880009452 
0.12730048504048763 0.17511908670475557 
0.06339351917577994 0.1654832564697882 
0.11082515864322208 0.17338906746565838 
0.1335071693399309 0.2023720895676372 
0.16385598583422634 0.2232992788596878 
0.09174384521982921 0.16656817099342813 
0.08663545794765197 0.1544808375353702 
0.08663545794765197 0.1544808375353702 
0.09525807467615141 0.14347324404428444 
0.09525807467615141 0.14347324404428444 
0.10718038588628383 0.14803423803660823 
0.10356919633290025 0.14625705927048155 
0.10356919633290025 0.14625705927048155 
0.09969004153343328 0.1422069296743878 
0.09285571197992273 0.1342297226287752 
0.09285571197992273 0.1342297226287752 
0.09387422472781438 0.14059527385356715 
0.09387422472781438 0.14059527385356715 
0.09390330312344557 0.1376273078122167 
0.09542568928832046 0.14414245232231432 
0.09263336807394147 0.14518747158025774 
0.08889829828076931 0.1430107748109235 
0.08889829828076931 0.1430107748109235 
0.09352853004824158 0.1483301655791924 
0.08784490687233837 0.12809918853370045 
0.12437800891872113 0.1933384081675782 
0.13889804126286442 0.17648039055273654 
0.1243985649565033 0.20229910953089464 
0.12495947233342261 0.20348792038725105 
0.13006634387665375 0.2135651387143737 
0.11376882625403996 0.222307727014876 
0.13657508593980183 0.14559686132094862 
0.14769714604264456 0.13863709426743948 
0.14106672819822155 0.1342474662372317 
0.147204588372359 0.11094798621215933 
0.147204588372359 0.11094798621215933 
0.1585692861772407 0.09649338536498106 
0.14580164116352845 0.116679514735084 
0.14580164116352845 0.116679514735084 
0.14383275805377793 0.11428379056042232 
0.14383275805377793 0.11428379056042232 
0.14241611397057083 0.1253073010982988 
0.148321697899374 0.15552976806080981 
0.08558149460375963 0.22666702820606 
0.08558149460375963 0.22666702820606 
0.08558149460375963 0.22666702820606 
0.08558149460375963 0.22666702820606 
0.10665561615153933 0.20680357773560407 
0.10665561615153933 0.20680357773560407 
0.0735716184851447 0.16797100280610686 
0.060842037681005705 0.18226296369578687 
0.10707820518743412 0.19370731063422575 
0.0873857332357329 0.19243477299160647 
0.09664829923901208 0.23582515231248904 
0.09664829923901208 0.23582515231248904 
0.09785603530244978 0.19027425445580276 
0.17841122815969357 0.176542927460113 
0.12249699404535846 0.18179162696747875 
0.18140189196742562 0.17539516726340293 
0.14464262693024887 0.17196670072772594 
0.13618411590434698 0.13864115995332854 
0.14643653236056334 0.12370502748745309 
0.14643653236056334 0.12370502748745309 
0.13937618951568606 0.12515489092026474 
0.13937618951568606 0.12515489092026474 
0.11649866057971185 0.10735472100944889 
0.1546403351906924 0.1859176963608779 
0.06463456033273299 0.1797573612695528 
0.08115769966754069 0.16139434351234658 
0.10217485844260436 0.18968087277389986 
0.10217485844260436 0.18968087277389986 
0.10187572879055437 0.19127891769806077 
0.10004919428633931 0.19214380748130838 
0.1469989702478034 0.17511446969785505 
0.14772705533680286 0.18791659267857722 
0.17881735361045778 0.14514137957055118 
0.17881735361045778 0.14514137957055118 
0.14161177477862244 0.12830172829981085 
0.11852477777914913 0.1447614168415096 
0.1804309968884826 0.17348013924460812 
0.12042045203571178 0.18968833197937143 
0.14512069196933805 0.16780901388418484 
0.14344331662102416 0.16330458108307522 
0.13255624780728 0.16215305729549237 
0.1639527899014242 0.16941739873395165 
0.09551811413638595 0.14789074126000892 
0.09551811413638595 0.14789074126000892 
0.10715171568365871 0.15388222656142908 
0.10625079963037234 0.18324006744728788 
0.094724474713736 0.17414489913700476 
0.16646730928986517 0.174441665425962 
0.14042832230148256 0.18130783295430009 
0.1566361458384418 0.17267924124929518 
0.10527425103049708 0.2174650518172312 
0.08057284210650076 0.21215435934206905 
0.07237167838541238 0.18896523846661475 
0.09204135731084893 0.14672174201344956 
0.1429698955556465 0.18820504866652338 
0.08850631976301046 0.19241508686234235 
0.12224214181706476 0.2049333799735423 
0.12224214181706476 0.2049333799735423 
0.12224214181706476 0.2049333799735423 
0.11580030737979233 0.22698071554878188 
0.10797035311358386 0.16716307955380616 
0.09281469314110857 0.1396434656794528 
0.09281469314110857 0.1396434656794528 
0.09281469314110857 0.1396434656794528 
0.09281469314110857 0.1396434656794528 
0.09281469314110857 0.1396434656794528 
0.10604949842922456 0.14019908661051445 
0.08873018240831819 0.10925661186017895 
0.08873018240831819 0.10925661186017895 
0.07096020157206517 0.09893749835703805 
0.07096020157206517 0.09893749835703805 
0.10392092313607199 0.15017318082527267 
0.1571761206909915 0.16698144440507698 
0.08211420552550493 0.18163508616982624 
0.07664267726763499 0.17874410512808256 
0.15927232566481314 0.16252526096071512 
0.14240870237476932 0.15305250751365193 
0.15038976487723743 0.1363174327980913 
0.1578590328313705 0.1622008781288775 
0.17612024297384068 0.19212258363553036 
0.11699308881808865 0.19994634442877396 
0.06548562496796857 0.2015822957765047 
0.07396672559868964 0.16205239715024566 
0.08107097638649649 0.14474475369211015 
0.06579173824620682 0.12357714688173209 
0.06579173824620682 0.12357714688173209 
0.06579173824620682 0.12357714688173209 
0.08044133214125947 0.1307408956575564 
0.10709291264053418 0.14516722022351916 
0.10709291264053418 0.14516722022351916 
0.0934308487429923 0.1497955452673127 
0.09357911301031129 0.15286093218646365 
0.09357911301031129 0.15286093218646365 
0.14900699513379784 0.17245393779281257 
0.1330342697539084 0.18250738396644883 
0.12824818290632975 0.19469074786947832 
0.1216746145684341 0.21140041037039367 
0.08761971849544496 0.19538836305497587 
0.131783008551449 0.187023760826963 
0.17339415752894097 0.14914814114224187 
0.17339415752894097 0.14914814114224187 
0.15369458373337683 0.17279748155132554 
0.15412053851737917 0.19002829370245747 
0.16237063807090724 0.15996863361385744 
0.11200281667431734 0.16686633527798958 
0.14523380228884591 0.18197587066206578 
0.15471063300397306 0.1930250437439011 
0.08373350123337368 0.1634104917784963 
0.0680654397819944 0.22795993134172848 
0.07012549877471567 0.22451741098296152 
0.08927689796902913 0.2273623051152972 
0.09111864447838487 0.22492645765605293 
0.09179783262919283 0.2235790415977434 
0.06585409632493631 0.23370815484608082 
0.06585409632493631 0.23370815484608082 
0.06585409632493631 0.23370815484608082 
0.06595256374723334 0.21573530766350413 
0.06595256374723334 0.21573530766350413 
0.06595256374723334 0.21573530766350413 
0.15930034265594345 0.17239421962906545 
0.1380919370300712 0.21177758432667415 
0.06451264259576675 0.15707788739351705 
0.0625235265245454 0.14897784707421932 
0.14969646331970524 0.19744209890976475 
0.14969646331970524 0.19744209890976475 
0.14969646331970524 0.19744209890976475 
0.15153807177316345 0.19991698176446593 
0.14659804945354066 0.16441612660173444 
0.14193806301525905 0.16041689772050038 
0.11009517874178007 0.16278021413190444 
0.14703593613512428 0.16882106240574027 
0.1768122649591057 0.21497428978041763 
0.1768122649591057 0.21497428978041763 
0.066409035388696 0.19948487953137378 
0.066409035388696 0.19948487953137378 
0.06982654638399691 0.16706524232579473 
0.0729934995357884 0.17628442213281195 
0.16416675445499213 0.18478470625974702 
0.15226672370479888 0.16470728462113682 
0.1809867626243869 0.13543701103522887 
0.1809867626243869 0.13543701103522887 
0.1809867626243869 0.13543701103522887 
0.1809867626243869 0.13543701103522887 
0.1809867626243869 0.13543701103522887 
0.1809867626243869 0.13543701103522887 
0.1793250232269559 0.13832214805516022 
0.1793250232269559 0.13832214805516022 
0.1793250232269559 0.13832214805516022 
0.1793250232269559 0.13832214805516022 
0.1793250232269559 0.13832214805516022 
0.1793250232269559 0.13832214805516022 
0.17919856419007507 0.1383306450967677 
0.14762264349590465 0.1426526545373728 
0.14762264349590465 0.1426526545373728 
0.16010271683481134 0.149528693279691 
0.1302327002703912 0.16233765172277848 
0.15300011002260214 0.19377937385171867 
0.11504655418067997 0.1991374776695088 
0.12604484016432432 0.20985634522379107 
0.17114554769158438 0.23169568697767287 
0.17114554769158438 0.23169568697767287 
0.1713798326248719 0.25494091844948563 
0.1713798326248719 0.25494091844948563 
0.1713798326248719 0.25494091844948563 
0.13257941994642336 0.18286961821008665 
0.08679852061335593 0.1731845332717915 
0.10845656727540613 0.21442736387599765 
0.10013208119318051 0.23071790565509073 
0.10013208119318051 0.23071790565509073 
0.10276589913700265 0.23193276536485913 
