0.09924582136061691 0.13144346742237994 
0.09924582136061691 0.13144346742237994 
0.09349250027631799 0.12740186297964418 
0.09311783304584331 0.1273523644329936 
0.08576781338104553 0.12023326173389995 
0.08576781338104553 0.12023326173389995 
0.09048697208030769 0.1180009525053598 
0.08149356824174622 0.15022983103666032 
0.07592054983834803 0.15228853163400577 
0.07592054983834803 0.15228853163400577 
0.07889702237628321 0.15059364442467454 
0.09784051540639582 0.20811046688564758 
0.09943560278126132 0.20588987100091702 
0.09943560278126132 0.20588987100091702 
0.11822437980574835 0.2069027452161402 
0.11072960117112703 0.21981704346218195 
0.11072960117112703 0.21981704346218195 
0.11174221321048679 0.21839870570557396 
0.09027174345492826 0.16942598367149164 
0.1579489400440685 0.16544312427968852 
0.13246944694215326 0.1952567465834895 
0.1408718576151544 0.1916962774256968 
0.1408718576151544 0.1916962774256968 
0.13384237108680616 0.21038431442505706 
0.13384237108680616 0.21038431442505706 
0.11922520399498812 0.22152389433790487 
0.11922520399498812 0.22152389433790487 
0.11484097980158639 0.21740488065982638 
0.11484097980158639 0.21740488065982638 
0.11484097980158639 0.21740488065982638 
0.11451760903435235 0.21617655459945517 
0.11451760903435235 0.21617655459945517 
0.06107632688984872 0.15156578843661347 
0.06107632688984872 0.15156578843661347 
0.06763630672992957 0.19083159746673345 
0.06763630672992957 0.19083159746673345 
0.06763630672992957 0.19083159746673345 
0.15361556174028762 0.18601251496717147 
0.07545053645906051 0.20737687885465395 
0.1040345652786589 0.20068031372783146 
0.094111657505389 0.23353313082962238 
0.09557774614253117 0.22968524085370007 
0.09557774614253117 0.22968524085370007 
0.09044755846847496 0.23634721889698163 
0.09059786206816087 0.23345124273399315 
0.09059786206816087 0.23345124273399315 
0.09288928326049194 0.24114689243155857 
0.09285322710482893 0.23746529460573154 
0.09833622831672567 0.23904880162877631 
0.10604708075271728 0.23210336285545236 
0.10604708075271728 0.23210336285545236 
0.14823445332833662 0.23197246638841654 
0.13001734175216015 0.20803558883526235 
0.1108160350718253 0.19807307697010007 
0.13332734361735799 0.2126759769310546 
0.13549388642993843 0.20792297939468085 
0.13549388642993843 0.20792297939468085 
0.12953202792099022 0.22275738809166884 
0.12953202792099022 0.22275738809166884 
0.1335210962151539 0.23397594182705286 
0.1335210962151539 0.23397594182705286 
0.12115802260560878 0.24457928836569928 
0.12115802260560878 0.24457928836569928 
0.12115802260560878 0.24457928836569928 
0.12115802260560878 0.24457928836569928 
0.12115802260560878 0.24457928836569928 
0.12115802260560878 0.24457928836569928 
0.12115802260560878 0.24457928836569928 
0.11901416207798914 0.24575215436879014 
0.11901416207798914 0.24575215436879014 
0.12071375229074689 0.24509013242545216 
0.13389004899486112 0.24587731578354172 
0.14051096430409254 0.24536815736507842 
0.14051096430409254 0.24536815736507842 
0.14051096430409254 0.24536815736507842 
0.14401931479381405 0.25453278818575176 
0.14401931479381405 0.25453278818575176 
0.14401931479381405 0.25453278818575176 
0.14401931479381405 0.25453278818575176 
0.14401931479381405 0.25453278818575176 
0.14401931479381405 0.25453278818575176 
0.14401931479381405 0.25453278818575176 
0.14401931479381405 0.25453278818575176 
0.14401931479381405 0.25453278818575176 
0.1432363861643559 0.24018291076799742 
0.14377748600772536 0.23934596581427078 
0.14377748600772536 0.23934596581427078 
0.14377748600772536 0.23934596581427078 
0.1619391758292633 0.24735059556934055 
0.1432668193920415 0.23399414332142487 
0.1432668193920415 0.23399414332142487 
0.1432668193920415 0.23399414332142487 
0.1432668193920415 0.23399414332142487 
0.15475926086926672 0.23972642043811104 
0.15475926086926672 0.23972642043811104 
0.13585310486170263 0.23667518197179652 
0.13585310486170263 0.23667518197179652 
0.13585310486170263 0.23667518197179652 
0.12140952278615419 0.20144748977060573 
0.13190437882514436 0.21943899462600255 
0.11856954465761481 0.22127358644804648 
0.11856954465761481 0.22127358644804648 
0.11856954465761481 0.22127358644804648 
0.11856954465761481 0.22127358644804648 
0.11856954465761481 0.22127358644804648 
0.1306417994468098 0.23591586608938622 
0.1306417994468098 0.23591586608938622 
0.11934720808075816 0.230718515389543 
0.11698123193600528 0.2358836397016854 
0.11698123193600528 0.2358836397016854 
0.11698123193600528 0.2358836397016854 
0.09929373537188123 0.17480517136864931 
0.09370810517171803 0.19168176689633531 
0.16657438965143823 0.16424618719451037 
0.1675848991733019 0.21419633437715158 
0.1675848991733019 0.21419633437715158 
0.17008708339397788 0.22650308260188773 
0.17008708339397788 0.22650308260188773 
0.17008127860588018 0.23441067363276122 
0.17008127860588018 0.23441067363276122 
0.1648250008308899 0.2297819172869006 
0.17210755789725982 0.22976672926124175 
0.13847607662424843 0.2106597586121432 
0.1755786039055336 0.20100046843302097 
0.16757799843619559 0.16137473380471437 
0.09657543433357246 0.18553129347454095 
0.1578017956615581 0.18493781024515357 
0.07672788655315825 0.163618159513933 
0.08526452497588172 0.1578861438967545 
0.1578352047230654 0.19711220997979512 
0.1578352047230654 0.19711220997979512 
0.1578352047230654 0.19711220997979512 
0.0683905015268355 0.20519527007245242 
0.0674827492025983 0.2045185616231192 
0.0674827492025983 0.2045185616231192 
0.0674827492025983 0.2045185616231192 
0.10605782063314276 0.19949748525208238 
0.12151397252781396 0.2036755050082835 
0.1377874226491714 0.19471426233271028 
0.15285469245630612 0.17369637488249554 
0.16150070936528998 0.1645197325842131 
0.06356903239961931 0.18971772238361095 
0.1751211063702547 0.1758306467913969 
0.12489605898991935 0.19613174329249816 
0.16460972211714378 0.18120822876689313 
0.0770284980183545 0.19421637296296196 
0.06459507648621503 0.1725863230097068 
0.17570047544241044 0.22610248768657373 
0.09794588907584609 0.16687773340398254 
0.08419287160422392 0.18349943821344014 
0.13574588035226198 0.17123461791076938 
0.16983265915800644 0.19855699112584224 
0.14559597867115298 0.18735870004683045 
0.16406355377685117 0.18115904006449915 
0.0612828964270025 0.19066243707454195 
0.1640337742789444 0.19454658980985737 
0.12338613115276997 0.16896793311774755 
0.13859802091125734 0.19772255083615142 
0.16159651035435263 0.18508450717582017 
0.1555679255676223 0.1962673000423822 
0.1555679255676223 0.1962673000423822 
0.1277255355382359 0.16412814554679003 
0.15049597069007814 0.15916605119138805 
0.15986761382169049 0.09646337667780353 
0.15986761382169049 0.09646337667780353 
0.135526269159357 0.1418245498673616 
0.15994819359255213 0.14085383299285234 
0.15069615754994242 0.1920513762872235 
0.15069615754994242 0.1920513762872235 
0.08630623627505407 0.15472673738947423 
0.08630623627505407 0.15472673738947423 
0.06281062041523455 0.12478564625890746 
0.06281062041523455 0.12478564625890746 
0.06281062041523455 0.12478564625890746 
0.06281062041523455 0.12478564625890746 
0.06791908706859223 0.21430996868375185 
0.06326212196364739 0.22888279050394517 
0.06326212196364739 0.22888279050394517 
0.061052191296883565 0.2416734801068866 
0.06468788282028776 0.2310107925001054 
0.06456647529415557 0.2356152002701725 
0.12887419942038467 0.15550465702720484 
0.13074009585020438 0.16792225832232305 
0.14286030362165233 0.15126221098049683 
0.13036822358055497 0.1562143049568717 
0.13802616463867917 0.14820797195341326 
0.12299554102225138 0.1969015693629721 
0.16380873707216892 0.1950873251167878 
0.16071812282181702 0.2347743088180927 
0.16071812282181702 0.2347743088180927 
0.1747336829660737 0.24422195083965753 
0.1798741932057749 0.254273721016912 
0.17272724354412045 0.24525675832846827 
0.17279462052383365 0.2444242698074418 
0.17279462052383365 0.2444242698074418 
0.17279462052383365 0.2444242698074418 
0.16683502420205062 0.20638622630280629 
0.15189637418521706 0.16598128925923358 
0.1352343833487889 0.1882052183934936 
0.1390679537308453 0.16364865699792905 
0.16985800894045958 0.18002545462341887 
0.1405509797281802 0.18840613846652232 
0.15654453956255884 0.18595033234489633 
0.1215063252487014 0.1780424100200247 
0.10369375313569708 0.16366365619993894 
0.07221014664984474 0.1837568969796632 
0.08564601217709922 0.15730042273835415 
0.15379944123895015 0.21752170706364443 
0.12210484267891553 0.2172007591612833 
0.13060046199804753 0.21261813394154072 
0.15808516664832134 0.1813583878211238 
0.16798827520523685 0.2123392234408839 
0.16731617211214087 0.21210066475283967 
0.06545252298257137 0.1620803903311897 
0.06545252298257137 0.1620803903311897 
0.06136345416338529 0.14748834015151757 
0.1320768638089192 0.19713403715209715 
0.15158947265040498 0.19435797121942452 
0.06252570944124024 0.24189148071286784 
0.146481035331382 0.23751566300736143 
0.14236075740963977 0.23194032505352744 
0.14236075740963977 0.23194032505352744 
0.1486713858080661 0.23115230665192887 
0.16543449600565308 0.23875752089494157 
0.16543449600565308 0.23875752089494157 
0.15685093043773607 0.21601246303659205 
0.15526265922693055 0.1503402276269632 
0.09546625330426889 0.226687375895039 
0.1677259885689368 0.1893594589708046 
0.16894253889964694 0.1629627360364316 
0.11912211673043609 0.1614356949745812 
0.11912211673043609 0.1614356949745812 
0.13495022210440571 0.17089109660453283 
0.1314085151113919 0.20237212180800918 
0.1481243214273903 0.22588628072671832 
0.1481243214273903 0.22588628072671832 
0.1481243214273903 0.22588628072671832 
0.1481243214273903 0.22588628072671832 
0.1481243214273903 0.22588628072671832 
0.1484583243394494 0.2268305346670562 
0.12119428068645102 0.20077618470844455 
0.11579920585332729 0.20278285545622032 
0.11529939535798667 0.21084869548303223 
0.10477869660794364 0.21032919385125118 
0.15052990756875512 0.2152372973513818 
0.1462852249158145 0.21889616345775975 
0.14450554193534765 0.22105145128230622 
0.13371260808585722 0.2075514519296689 
0.11273125684161311 0.1820675993473902 
0.0717465957287288 0.1813499700780746 
0.1459279461417194 0.17307915054173323 
0.16680816623771075 0.15178746651647324 
0.13996284657903466 0.15819221576387518 
0.1229818124303039 0.17703771134534071 
0.09026427035717986 0.19191842355504 
0.09517925263928582 0.17357188837252313 
0.07286183777300434 0.17595113797722117 
0.09311477922681385 0.16028068537065435 
0.11137687071273808 0.17774143116377186 
0.06482458403752461 0.22042176104441574 
0.06770572907598778 0.21668666220615068 
0.06769479552505044 0.216602736008364 
0.06769479552505044 0.216602736008364 
0.06769479552505044 0.216602736008364 
0.06769479552505044 0.216602736008364 
0.06769479552505044 0.216602736008364 
0.06769479552505044 0.216602736008364 
0.08197974013862194 0.19811564707042156 
0.1039566560097513 0.20035120663068293 
0.1464961565940732 0.19168387764742412 
0.1652893041173633 0.2536506239760711 
0.1652893041173633 0.2536506239760711 
0.1652893041173633 0.2536506239760711 
0.15575554392090402 0.24716846937610282 
0.15575554392090402 0.24716846937610282 
0.15575554392090402 0.24716846937610282 
0.15575554392090402 0.24716846937610282 
0.15575554392090402 0.24716846937610282 
0.150951456094913 0.2236253233445492 
0.14102670882910634 0.23352443738383857 
0.14899378743329877 0.23847944666417537 
0.14619605434344896 0.23065849750915735 
0.14772419545083973 0.2285031187405347 
0.14772419545083973 0.2285031187405347 
0.14685815021561863 0.22747738648496893 
0.14685815021561863 0.22747738648496893 
0.14685815021561863 0.22747738648496893 
0.1456161538669739 0.20625067189029897 
0.12813853742666484 0.23778941043548277 
0.12813853742666484 0.23778941043548277 
0.13219883250925427 0.23912466227424392 
0.13219883250925427 0.23912466227424392 
0.13219883250925427 0.23912466227424392 
0.12184012358937321 0.23374033623723914 
0.13289675478420582 0.21649677685957394 
0.1479293664984157 0.24894621178889914 
0.14142375613896707 0.24885795143304576 
0.13904258847509307 0.24906814448651188 
0.16600018624601642 0.21998652180896205 
0.16600018624601642 0.21998652180896205 
0.164540754432347 0.20416252071659197 
0.164540754432347 0.20416252071659197 
0.11587507436876812 0.1819697874288089 
0.078381403406322 0.1718841623980829 
0.11120457665573756 0.14348229282244523 
0.15525622704996817 0.17934790032818473 
0.06670658706484092 0.16377623832326213 
0.06215305965540933 0.17210505939177823 
0.09129587751770968 0.17107552314225644 
0.10785997851890286 0.1657862083610712 
0.12759060849156495 0.18033517123774032 
0.07656722789261639 0.18766530045805088 
0.12545183580510846 0.19660098917934501 
0.11498364654748616 0.2034635732883572 
0.1460888139526873 0.18338855283177435 
0.12353495482223667 0.1648920165524464 
0.07405129376752505 0.19080148926271398 
0.07034641218299477 0.2012558450999877 
0.17227081894107749 0.19064268346598096 
0.11104144416020462 0.1488163299104061 
0.12529691311514843 0.17330187504864786 
0.07437601163738783 0.17024658553246325 
0.08257809761871138 0.15026831525677134 
0.08257809761871138 0.15026831525677134 
0.08257809761871138 0.15026831525677134 
0.08257809761871138 0.15026831525677134 
0.12266094061257006 0.21298441138337282 
0.07134073575154803 0.2188884656089438 
0.07134073575154803 0.2188884656089438 
0.07134073575154803 0.2188884656089438 
0.1261489339318509 0.18337055018687493 
0.11635009993511698 0.19790536699331476 
0.07531140625226859 0.2068301415116504 
0.06580083755691053 0.2070094294455285 
0.16948962444472734 0.17041225620720907 
0.16119274067208966 0.15782100479415972 
0.16119274067208966 0.15782100479415972 
0.16119274067208966 0.15782100479415972 
0.15635796454358275 0.16507779337450784 
0.15666091006307906 0.200036772215725 
0.10554670534406559 0.16255483261273762 
0.13910072719729538 0.09049806028881544 
0.13910072719729538 0.09049806028881544 
0.15268457492823906 0.1290963517523068 
0.15268457492823906 0.1290963517523068 
0.15268457492823906 0.1290963517523068 
0.15268457492823906 0.1290963517523068 
0.15268457492823906 0.1290963517523068 
0.13533085003929884 0.14556693010098168 
0.13941957473786892 0.12261669914149242 
0.1401746779251526 0.12241642981713524 
0.1401746779251526 0.12241642981713524 
0.1401746779251526 0.12241642981713524 
0.08694656783015686 0.16918192647528163 
0.14883789830353022 0.16809114204868836 
0.14250313038063292 0.15719173761060312 
0.09744326168866234 0.20325460834440207 
0.0782009902437834 0.17114499050943957 
0.08859890481737087 0.1666090909461735 
0.13832960980114398 0.20116840060692115 
0.17952989606527534 0.24635870826878012 
0.17461713844114415 0.23461144028856595 
0.17461713844114415 0.23461144028856595 
0.0875069126405916 0.21882174514295186 
0.1449219724758882 0.19742905066302507 
0.1428589482096187 0.19788293467226484 
0.12550348837125225 0.21459628323626576 
0.1372339726772834 0.2225650431556967 
0.1372339726772834 0.2225650431556967 
0.1372339726772834 0.2225650431556967 
0.1372339726772834 0.2225650431556967 
0.1372339726772834 0.2225650431556967 
0.15141038810735233 0.23582148136163217 
0.15047536284736865 0.23889284904713345 
0.1625399526323977 0.1486383366362681 
0.17720543043282705 0.15020988525355866 
0.14743064790868643 0.14812344021511983 
0.1477016226970152 0.14774958424141119 
0.0970177798169621 0.16046422753382372 
0.08837169604601564 0.16672946450041623 
0.16398807198855359 0.16598706414535558 
0.1674607453769198 0.18008638216818137 
0.10345608638416469 0.17405084027942086 
0.08158285835681124 0.17148931026403028 
0.09233240304920494 0.14849595814747063 
0.09233240304920494 0.14849595814747063 
0.06368672195483628 0.12564775291428848 
0.06368672195483628 0.12564775291428848 
0.06368672195483628 0.12564775291428848 
0.060756752899544145 0.1233566200152171 
0.060756752899544145 0.1233566200152171 
0.060524165852190656 0.12282123888254522 
0.060524165852190656 0.12282123888254522 
0.08803666811378656 0.12824805548762663 
0.08803666811378656 0.12824805548762663 
0.08869036075285928 0.1289560851037556 
0.08294456787106419 0.11064754700068294 
0.08294456787106419 0.11064754700068294 
0.08294456787106419 0.11064754700068294 
0.08294456787106419 0.11064754700068294 
0.10472647685735342 0.1375730837779046 
0.10472647685735342 0.1375730837779046 
0.10472647685735342 0.1375730837779046 
0.10472647685735342 0.1375730837779046 
0.10472647685735342 0.1375730837779046 
0.0962718311358321 0.12312700989277263 
0.10116406864232935 0.10661052975116879 
0.10116406864232935 0.10661052975116879 
0.10116406864232935 0.10661052975116879 
0.09556372105943484 0.09720507979363362 
0.09560899032875521 0.09739790354476002 
0.10031440617885486 0.1274907414938059 
0.10031440617885486 0.1274907414938059 
0.10031440617885486 0.1274907414938059 
0.10031440617885486 0.1274907414938059 
0.10820758577587515 0.14084572030107523 
0.12954501557233433 0.11439387431088201 
0.12954501557233433 0.11439387431088201 
0.12954501557233433 0.11439387431088201 
0.12954501557233433 0.11439387431088201 
0.14350187058110775 0.08819682190959151 
0.14350187058110775 0.08819682190959151 
0.14350187058110775 0.08819682190959151 
0.14350187058110775 0.08819682190959151 
0.15038295256878953 0.10001922548481972 
0.15038295256878953 0.10001922548481972 
0.11491304406403448 0.17789308906167187 
0.16614348592687708 0.1866526307854972 
0.14818683815628383 0.16124490067447686 
0.13383371020687806 0.19213565430622653 
0.10812283549689482 0.1510998055525638 
0.11146379978132737 0.15648354748631713 
0.11146379978132737 0.15648354748631713 
0.08639780053798676 0.2002079975191242 
0.1274538167367615 0.17524470096122177 
0.14850435356896532 0.18467268154413127 
0.06482283065275916 0.15404667236897124 
0.11922172724402808 0.16557489494781685 
0.09961582356215679 0.11786047567963363 
0.09961582356215679 0.11786047567963363 
0.08786969893862212 0.11063935428436818 
0.08786969893862212 0.11063935428436818 
0.08786969893862212 0.11063935428436818 
0.08786969893862212 0.11063935428436818 
0.09322830071720993 0.13487565193204426 
0.09322830071720993 0.13487565193204426 
0.0922019608313312 0.1266702786987034 
0.09986808316063481 0.13686615017261733 
0.09731704661235575 0.1419315158628776 
0.09731704661235575 0.1419315158628776 
0.09731704661235575 0.1419315158628776 
0.1554045422019511 0.18164763087890312 
0.06847886897107325 0.16548916909482647 
0.16603490898851714 0.18787536202325064 
0.10369637853951613 0.19121452217792953 
0.09918946083071668 0.18369067006581719 
0.09845161567557568 0.18570792273991693 
0.1655840975000027 0.1892764342152751 
0.0931327773798746 0.20254957849781213 
0.14147125919982576 0.18411489594913438 
0.09985105036587259 0.1653968221790238 
0.17780618822705185 0.15126781816238147 
0.15318795356782697 0.17689513417982466 
0.0873940406715756 0.15699931020113284 
0.12256087730275536 0.1909915662039112 
0.15306201309186357 0.1863583090093113 
0.15223235680929853 0.19038221886431744 
0.14747093451392262 0.1762329114276568 
0.1579102482026976 0.15308099831512495 
0.17885518001501122 0.20987356749997355 
0.17853182244380542 0.21212366552545397 
0.17853182244380542 0.21212366552545397 
0.17853182244380542 0.21212366552545397 
0.17853182244380542 0.21212366552545397 
0.17448794519051325 0.17550808757249087 
0.15597665283593573 0.1909082397756321 
0.15163432663076287 0.21104611600215697 
0.14771698176244627 0.17113888084005227 
0.17015254041606617 0.19242621707760535 
0.1635246658221065 0.2076042396752513 
0.17744939705184043 0.18396434083756624 
0.0898867597143507 0.18521676793474015 
0.08113453673758717 0.17345677866869869 
0.1493382739668682 0.17623761268732274 
0.16801985601266134 0.18419625730159664 
0.1697339623993316 0.18674565038454644 
0.17926046129370157 0.1829598363627132 
0.12690285684222352 0.19127316850488776 
0.1302840401353213 0.24912839082444785 
0.12024925426129283 0.23413881197276787 
0.12004542966027071 0.24713773694102026 
0.11988130445591642 0.2474631277423276 
0.11988130445591642 0.2474631277423276 
0.11988130445591642 0.2474631277423276 
0.11711391973981822 0.24182516750269317 
0.10805181319062633 0.24014903220238393 
0.09031946854692757 0.23619997868074533 
0.09031946854692757 0.23619997868074533 
0.09031946854692757 0.23619997868074533 
0.094535431402657 0.2360947021420541 
0.09456290815173213 0.23122461612287157 
0.09456290815173213 0.23122461612287157 
0.09456290815173213 0.23122461612287157 
0.09456290815173213 0.23122461612287157 
0.09456290815173213 0.23122461612287157 
0.09456290815173213 0.23122461612287157 
0.09456290815173213 0.23122461612287157 
0.09456290815173213 0.23122461612287157 
0.10612013845979756 0.21701502457356797 
0.06692079078674155 0.19788869068039336 
0.17010406590778215 0.1511179016847623 
0.1759598583564635 0.12872481798352198 
0.16707577313827046 0.13099104672538303 
0.164474801453347 0.1231896829199354 
0.16529983867834017 0.12180785894220506 
0.16430772954304937 0.12889961048608772 
0.1687531372260063 0.09712896295365378 
0.16759085150599787 0.13957896243762988 
0.16759085150599787 0.13957896243762988 
0.1737574374408864 0.13443544461600015 
0.1757038846991846 0.110963746757513 
0.17436720648014375 0.1281335998556599 
0.17436720648014375 0.1281335998556599 
0.17436720648014375 0.1281335998556599 
0.17436720648014375 0.1281335998556599 
0.141193723702565 0.14775386232811707 
0.141193723702565 0.14775386232811707 
0.1407880318942867 0.10530953023177042 
0.14036067694295995 0.11403496104369025 
0.14036067694295995 0.11403496104369025 
0.14036067694295995 0.11403496104369025 
0.1422017217283747 0.1450023741488224 
0.141367791672583 0.1465760007567838 
0.177904876872787 0.21846747420780704 
0.177904876872787 0.21846747420780704 
0.177904876872787 0.21846747420780704 
0.177904876872787 0.21846747420780704 
0.18058810739732697 0.22069564640765074 
0.18058810739732697 0.22069564640765074 
0.18058810739732697 0.22069564640765074 
0.18058810739732697 0.22069564640765074 
0.17951292980130454 0.21961583653635922 
0.16380548882636592 0.2137350411436819 
0.15555168102585004 0.19786308930372148 
0.15427941600095796 0.1965399076793436 
0.06949313089061426 0.237218218529203 
0.06967247427475629 0.23706901935778263 
0.08141794169284763 0.21304873510974792 
0.08058039024701827 0.21234294120695388 
0.08058039024701827 0.21234294120695388 
0.1234772522131018 0.19219200862325775 
0.07780705788230285 0.1798365593060077 
0.17373262247122215 0.1719997825439546 
0.08178474224892668 0.1826689904016262 
0.15302121464343516 0.15494849739180785 
0.17489527954310458 0.16892674422593834 
0.07171842544664274 0.17160735569302382 
0.11145929626663859 0.18804699096097746 
0.11309500538363088 0.17697017196371492 
0.07263573221105188 0.1687281226562845 
0.06875944608325656 0.1833927039147967 
0.1303882996125345 0.16843345245190555 
0.14077307237671854 0.20635482808713596 
0.14077307237671854 0.20635482808713596 
0.10647722084847819 0.16422324291524307 
0.15120257762150832 0.2193009629890483 
0.14922393344602547 0.21874566108611826 
0.1541614585514573 0.22710308639327417 
0.15142434013799955 0.22082862994881253 
0.1587821056690728 0.23015720966613734 
0.1587821056690728 0.23015720966613734 
0.15750791532449088 0.22948503041331525 
0.1703819490160792 0.24497046378514703 
0.1703819490160792 0.24497046378514703 
0.1703819490160792 0.24497046378514703 
0.1703819490160792 0.24497046378514703 
0.1703819490160792 0.24497046378514703 
0.1703819490160792 0.24497046378514703 
0.1703819490160792 0.24497046378514703 
0.1703819490160792 0.24497046378514703 
0.17461075175383597 0.24759096833527433 
0.17461075175383597 0.24759096833527433 
0.16437866826180994 0.24560608933148093 
0.16437866826180994 0.24560608933148093 
0.16437866826180994 0.24560608933148093 
0.16437866826180994 0.24560608933148093 
0.16437866826180994 0.24560608933148093 
0.16678451034302708 0.2502894821020043 
0.16678451034302708 0.2502894821020043 
0.1569811267716692 0.2428248609357443 
0.15501681964263705 0.2562858077656828 
0.15501681964263705 0.2562858077656828 
0.15501681964263705 0.2562858077656828 
0.15501681964263705 0.2562858077656828 
0.15501681964263705 0.2562858077656828 
0.15501681964263705 0.2562858077656828 
0.15501681964263705 0.2562858077656828 
0.15501681964263705 0.2562858077656828 
0.15501681964263705 0.2562858077656828 
0.15501681964263705 0.2562858077656828 
0.1556598068535654 0.25568103257826547 
0.1556598068535654 0.25568103257826547 
0.12531924856680715 0.21844192407699672 
0.11835363542102832 0.21168773367491228 
0.11835363542102832 0.21168773367491228 
0.11835363542102832 0.21168773367491228 
0.12941572296711962 0.1860088220937237 
0.09741453698918548 0.16147182570909513 
0.06059187810309817 0.16173241363982385 
0.1544632256055584 0.17752180940949175 
0.07615693783285743 0.18863746889260305 
0.1786006090289627 0.2024931274396052 
0.18122599243360787 0.18086718038829372 
0.14778851336298887 0.1987784356645727 
0.14960790173859773 0.20283987252414276 
0.14942484062197434 0.20021581863841967 
0.13206512484948338 0.16771014426122255 
0.07926780974749668 0.19526172163283517 
0.16685169145806067 0.1545396455187533 
0.10996783007157782 0.1822889755270772 
0.1475497335497642 0.20207913355459498 
0.10213782327102561 0.16155725713530422 
0.10626579158589652 0.20441604737165164 
0.06424413163933342 0.16079011212149458 
0.12171075417155486 0.16787337264045374 
0.10641563043935717 0.1309497912267349 
0.10436625672941088 0.12813534236908414 
0.10436625672941088 0.12813534236908414 
0.10436625672941088 0.12813534236908414 
0.10436625672941088 0.12813534236908414 
0.1000479281075348 0.1409548096905454 
0.0674443844470893 0.1856850779120582 
0.12889988210053085 0.18072853654753399 
0.1304988168729776 0.13066130034984297 
0.13172126811461282 0.11546675999119098 
0.12563318110859223 0.11196392706143071 
0.14064882321930283 0.0913829761724067 
0.10408440374263797 0.15169066695513458 
0.10408440374263797 0.15169066695513458 
0.11340786344728328 0.1517409638385278 
0.09182195935155882 0.09641605726702875 
0.09182195935155882 0.09641605726702875 
0.09182195935155882 0.09641605726702875 
0.09182195935155882 0.09641605726702875 
0.12314374754372426 0.1328823744430685 
0.12270692284542183 0.13638829319138768 
0.12782535505118256 0.12831375206507226 
0.12782535505118256 0.12831375206507226 
0.1299387636869578 0.12230418259524009 
0.1299387636869578 0.12230418259524009 
0.1299387636869578 0.12230418259524009 
0.1299387636869578 0.12230418259524009 
0.1299387636869578 0.12230418259524009 
0.1299387636869578 0.12230418259524009 
0.1299387636869578 0.12230418259524009 
0.1299387636869578 0.12230418259524009 
0.1275866938468945 0.13941726070072177 
0.1338914114975514 0.11659399059377257 
0.1338914114975514 0.11659399059377257 
0.1338914114975514 0.11659399059377257 
0.1338914114975514 0.11659399059377257 
0.12484571721538348 0.11533043251001142 
0.11769542986470047 0.1263813526052382 
0.11769542986470047 0.1263813526052382 
0.11564000474440764 0.12193891843937786 
0.1439556660430935 0.19692069301105322 
0.17843169314690957 0.21343670013618476 
0.12291389651342002 0.14350146884892845 
0.14047680476152616 0.156831926816122 
0.09269996409305109 0.2217975360958958 
0.09269996409305109 0.2217975360958958 
0.09269996409305109 0.2217975360958958 
0.09269996409305109 0.2217975360958958 
0.07419484025994519 0.21468178600501758 
0.07399277961102986 0.21834759152372446 
0.10277361961158493 0.16333347997968356 
0.09583018590081063 0.17460588233290628 
0.08939136178088306 0.18699197297944714 
0.13967651098095188 0.17112270696910573 
0.14095749655525297 0.22689160233617145 
0.17623048797274832 0.22617829860269856 
0.17623048797274832 0.22617829860269856 
0.1741867132954532 0.2163503218661534 
0.1741867132954532 0.2163503218661534 
0.16152381890435297 0.21472342495618194 
0.16152381890435297 0.21472342495618194 
0.1621038577292669 0.2190921373778427 
0.1621038577292669 0.2190921373778427 
0.09432104355788132 0.2141691960253594 
0.09432104355788132 0.2141691960253594 
0.13256168985243622 0.18193635395692354 
0.17578925215004151 0.19081158822488573 
0.08010062416273465 0.19084395137513718 
0.12502752245894544 0.16194886477569137 
0.1783263307096904 0.20532022682397016 
0.1657464760884754 0.15900976437656156 
0.1657464760884754 0.15900976437656156 
0.10637689364263186 0.19558343759684166 
0.10637689364263186 0.19558343759684166 
0.15474851207846407 0.14924656208862483 
0.15260750341204585 0.10686216952154762 
0.15260750341204585 0.10686216952154762 
0.15260750341204585 0.10686216952154762 
0.15260750341204585 0.10686216952154762 
0.14286379139903732 0.11341997732111646 
0.14286379139903732 0.11341997732111646 
0.14211697588220332 0.1138452105389177 
0.14211697588220332 0.1138452105389177 
0.14211697588220332 0.1138452105389177 
0.12969788018520984 0.15063717180780417 
0.12969788018520984 0.15063717180780417 
0.10793682053116162 0.1628454165880495 
0.13225188505792784 0.18929849392921963 
0.1211052899278551 0.1892323349756687 
0.1665602634825751 0.1832429315437798 
0.1232451315776442 0.17976062704460338 
0.062036096606928895 0.23010516146950022 
0.06216195586093254 0.2296846852625749 
0.06216195586093254 0.2296846852625749 
0.06216195586093254 0.2296846852625749 
0.06216195586093254 0.2296846852625749 
0.06520951419064015 0.196452078633838 
0.06874463839372348 0.19458977099948485 
0.09108836603328113 0.2133136563870722 
0.09114299541034737 0.2468646827684925 
0.09114299541034737 0.2468646827684925 
0.09114299541034737 0.2468646827684925 
0.09589218694110746 0.23701637562881747 
0.09655471194644 0.22270628518212426 
0.09811297615716613 0.22014889918681385 
0.10388188976609286 0.22082240798153668 
0.10960277205779487 0.22751509019698835 
0.10809535620791513 0.24823298626939988 
0.10809535620791513 0.24823298626939988 
0.10809535620791513 0.24823298626939988 
0.10809535620791513 0.24823298626939988 
0.10809535620791513 0.24823298626939988 
0.10387122793654473 0.23497922766257084 
0.07531632083275064 0.2430568313637108 
0.07531632083275064 0.2430568313637108 
0.07531632083275064 0.2430568313637108 
0.07531632083275064 0.2430568313637108 
0.07706891660067505 0.24078168210498335 
0.07706891660067505 0.24078168210498335 
0.07706891660067505 0.24078168210498335 
0.07706891660067505 0.24078168210498335 
0.07706891660067505 0.24078168210498335 
0.07706891660067505 0.24078168210498335 
0.07706891660067505 0.24078168210498335 
0.06556698589517125 0.24171535585824908 
0.06556698589517125 0.24171535585824908 
0.09234333935841696 0.23972959412818765 
0.09276069796665842 0.23967340047378638 
0.09276069796665842 0.23967340047378638 
0.09276069796665842 0.23967340047378638 
0.09277002198150336 0.2372030069269244 
0.09277002198150336 0.2372030069269244 
0.08728952690510097 0.2535945048493234 
0.08728952690510097 0.2535945048493234 
0.08728952690510097 0.2535945048493234 
0.08728952690510097 0.2535945048493234 
0.08728952690510097 0.2535945048493234 
0.08728952690510097 0.2535945048493234 
0.08728952690510097 0.2535945048493234 
0.08728952690510097 0.2535945048493234 
0.08728952690510097 0.2535945048493234 
0.08728952690510097 0.2535945048493234 
0.08728952690510097 0.2535945048493234 
0.08728952690510097 0.2535945048493234 
0.09080769508652359 0.22595400494839118 
0.09080769508652359 0.22595400494839118 
0.09100266915177585 0.22541706891107166 
0.126782229541477 0.23607014567914686 
0.12961964298537804 0.247329924501897 
0.12961964298537804 0.247329924501897 
0.12961964298537804 0.247329924501897 
0.12961964298537804 0.247329924501897 
0.12961964298537804 0.247329924501897 
0.12961964298537804 0.247329924501897 
0.13272662707967212 0.254540304894241 
0.10694677073521304 0.23651926540518442 
0.10875364135314176 0.2368624255052013 
0.10875364135314176 0.2368624255052013 
0.10875364135314176 0.2368624255052013 
0.10215658696337503 0.19822360361967956 
0.08536841759207357 0.16659958173901923 
0.1755930705711743 0.19099979732281228 
0.1755930705711743 0.19099979732281228 
0.1627364499419709 0.16942907258870174 
0.09351182938431762 0.16247218509475816 
0.08835318370455872 0.14974827497585458 
0.08365898114850649 0.14922016238774902 
0.08437681577976552 0.14833471245834756 
0.08437681577976552 0.14833471245834756 
0.08437681577976552 0.14833471245834756 
0.08457191270068407 0.14941252391748294 
0.09596937804948667 0.16321619938836346 
0.15795634269492548 0.2082137311222606 
0.1521740279386015 0.17256352244704906 
0.10379933825843757 0.18572106158178442 
0.08802091031273762 0.15605520897666952 
0.06746273892683409 0.18288038376847485 
0.1260175434273172 0.1986661724615344 
0.12567223240293945 0.2104382500466463 
0.17311997168700652 0.17674094794633938 
0.07799966733851832 0.18394713487336573 
0.168585589405421 0.17781141179227913 
0.130572492852893 0.16077334609102942 
0.10434575145238509 0.10549437990971705 
0.10434575145238509 0.10549437990971705 
0.10434575145238509 0.10549437990971705 
0.10771196434378416 0.10891884997973059 
0.11358600175318367 0.08912180323277569 
0.11358600175318367 0.08912180323277569 
0.1271446569785659 0.13862633305378683 
0.14106757749580912 0.19616077954978034 
0.15167870334243144 0.20023086035232546 
0.1652067145545863 0.17250513152318903 
0.180373370141195 0.17646079963493683 
0.14880071619876695 0.17149100047352472 
0.08663565479214419 0.15961725514445863 
0.09975130948649466 0.17392820974728737 
0.1200093710261668 0.18379228393997263 
0.1385553338699152 0.15851319798976773 
0.1277762651496115 0.17111688881503614 
0.11374163779982983 0.1824612307662605 
0.06113820704425112 0.17256807085407733 
0.1469653725838206 0.17732527310718452 
0.12089483007214617 0.1874697037373072 
0.07503342038190479 0.16530213632860383 
0.18058187553414384 0.1976066636083762 
0.16165677086646957 0.17942343035899688 
0.13357237738091501 0.1793500312273864 
0.15719064084257772 0.22318652683404536 
0.157694580253447 0.22256965578381363 
0.157694580253447 0.22256965578381363 
0.157694580253447 0.22256965578381363 
0.07938074629029841 0.22724620291510297 
0.06790515649127826 0.20107033331164917 
0.06909188360081815 0.1995655083346508 
0.07278844372874203 0.14523113795835974 
0.07278844372874203 0.14523113795835974 
0.07067770975693177 0.1442276792782477 
0.0999171928321286 0.18239370522610956 
0.08565683705748299 0.19572977909176362 
0.08562851298829874 0.19608113006986527 
0.13283635075749675 0.22327481106598512 
0.13286027158834313 0.2386582943693588 
0.13286027158834313 0.2386582943693588 
0.13286027158834313 0.2386582943693588 
0.13286027158834313 0.2386582943693588 
0.1239408953051751 0.23346174383341445 
0.12374963506877615 0.23363229286603387 
0.12374963506877615 0.23363229286603387 
0.12374963506877615 0.23363229286603387 
0.11999986304926973 0.24691723029211998 
0.11999986304926973 0.24691723029211998 
0.11999986304926973 0.24691723029211998 
0.11999986304926973 0.24691723029211998 
0.11999986304926973 0.24691723029211998 
0.15645108247881484 0.24178165541385052 
0.16441454279253037 0.2433990673172953 
0.16271128745097943 0.23683668513910588 
0.16271128745097943 0.23683668513910588 
0.15103777190240789 0.2156100457596109 
0.15103777190240789 0.2156100457596109 
0.1695143158379816 0.19298571996258926 
0.07613403668345196 0.17706826059178726 
0.12346156413401188 0.17616167466041113 
0.14766212027777667 0.17262696562414298 
0.13765664520279175 0.1439616226311225 
0.1378943633996802 0.144978461114354 
0.15810239931016595 0.1261505256708808 
0.16646424689177347 0.10630487526597765 
0.16528705982495676 0.1033599036734734 
0.15677731792810293 0.11785397185138771 
0.16239008100584987 0.11426757384775926 
0.14196074006481085 0.14625279513655243 
0.12306837877186935 0.08875924769519405 
0.12091389666567652 0.09477663209650239 
0.11347392845213873 0.1229218400247016 
0.11347392845213873 0.1229218400247016 
0.11347392845213873 0.1229218400247016 
0.11176269974656416 0.12739640307657898 
0.10834243119804572 0.12846172617218007 
0.10834243119804572 0.12846172617218007 
0.10834243119804572 0.12846172617218007 
0.10023996128588963 0.12647399145722082 
0.10023996128588963 0.12647399145722082 
0.09996320949419496 0.13784534778430008 
0.10316024435272664 0.13780331033061116 
0.11281620874347435 0.12915276611216162 
0.11281620874347435 0.12915276611216162 
0.11057069807917898 0.14009016810886057 
0.11019135012287096 0.14146183854400324 
0.11283221264000329 0.13779167541609008 
0.10513469854847088 0.157179599930442 
0.1016176283385338 0.15282355970579797 
0.10159676640301021 0.1528062385425426 
0.10159676640301021 0.1528062385425426 
0.11023591038497621 0.11919791277122031 
0.12130660263919593 0.14220036191499857 
0.11545281847563904 0.13477657207998645 
0.11525846774279142 0.13483618823874574 
0.11599142518855408 0.13518715810297557 
0.11704092049869244 0.13491198056086992 
0.11704092049869244 0.13491198056086992 
0.1098701282418203 0.1485596514317188 
0.1098701282418203 0.1485596514317188 
0.1098701282418203 0.1485596514317188 
0.1728794471691097 0.180304831846729 
0.14984403828020815 0.16243945155648928 
0.11275114062964689 0.15431994000498273 
0.1422991811806943 0.11401096422405223 
0.13792946239880371 0.1376625757106912 
0.15073761916055337 0.12330296124358509 
0.15576719246998835 0.12074177177690447 
0.12263303425178694 0.18296000157774142 
0.11639697016024116 0.22544561365460547 
0.11639697016024116 0.22544561365460547 
0.07347248564543132 0.23293537028627348 
0.07347248564543132 0.23293537028627348 
0.07119568464451086 0.23600807787229788 
0.06410822637854754 0.23766053935745554 
0.06410822637854754 0.23766053935745554 
0.06410822637854754 0.23766053935745554 
0.06406117129782701 0.2449073298906845 
0.06406117129782701 0.2449073298906845 
0.06406117129782701 0.2449073298906845 
0.12638583106306367 0.17685675458541172 
0.12634879922436457 0.15768648214078226 
0.10241495638685524 0.1478937041693176 
0.09926096367766381 0.1382414483553664 
0.10032784793758924 0.1406467188081004 
0.15991681372173033 0.15047704736041126 
0.1512926446194558 0.15155562248885232 
0.1512926446194558 0.15155562248885232 
0.14662713936132785 0.14995147242056783 
0.15122407416030112 0.20710765959100746 
0.15132945071039158 0.2247142725514145 
0.15132945071039158 0.2247142725514145 
0.14683909990297506 0.2248655987857877 
0.14683909990297506 0.2248655987857877 
0.14683909990297506 0.2248655987857877 
0.1111792388250163 0.2174019232116821 
0.1111792388250163 0.2174019232116821 
0.1129051056543788 0.2211562623978402 
0.1129051056543788 0.2211562623978402 
0.1129051056543788 0.2211562623978402 
0.10982618816763597 0.21943030690956408 
0.0955045699021955 0.23428709389625077 
0.0955045699021955 0.23428709389625077 
0.0955045699021955 0.23428709389625077 
0.0955045699021955 0.23428709389625077 
0.08149893703516738 0.23874277533984528 
0.08149893703516738 0.23874277533984528 
0.08149893703516738 0.23874277533984528 
0.08149893703516738 0.23874277533984528 
0.08504496936724928 0.25126942916034145 
0.08493829267980449 0.2514704293328158 
0.08493829267980449 0.2514704293328158 
0.08493829267980449 0.2514704293328158 
0.08482757779146817 0.24938940595366257 
0.08482757779146817 0.24938940595366257 
0.09710676924069939 0.22690235178245766 
0.12466621049572642 0.21345534676690597 
0.08617108078399675 0.2453585966550358 
0.08617108078399675 0.2453585966550358 
0.09128640030429937 0.2431396619990333 
0.09128640030429937 0.2431396619990333 
0.09128640030429937 0.2431396619990333 
0.09128640030429937 0.2431396619990333 
0.09128640030429937 0.2431396619990333 
0.09128640030429937 0.2431396619990333 
0.09128640030429937 0.2431396619990333 
0.09128640030429937 0.2431396619990333 
0.09128640030429937 0.2431396619990333 
0.09861709670013313 0.21844022184156014 
0.09861709670013313 0.21844022184156014 
0.10380379243802826 0.21881665103265485 
0.10380379243802826 0.21881665103265485 
0.12972778434576848 0.22892968929902333 
0.09956593542445101 0.17905831684992607 
0.11318564665712787 0.21502835824024547 
0.15205281802520798 0.23589529942081172 
0.0823047228329139 0.18372849858242954 
0.13853357393136193 0.2072259375689356 
0.11880616888700467 0.1559409424706549 
0.12721856083800026 0.10586678288398052 
0.13226093178979675 0.12581858744075108 
0.13602278965390835 0.12461882085031917 
0.13602278965390835 0.12461882085031917 
0.13602278965390835 0.12461882085031917 
0.1279684557633865 0.10948024009988772 
0.13584509803570344 0.09850389701252202 
0.13584509803570344 0.09850389701252202 
0.13584509803570344 0.09850389701252202 
0.13784166716289023 0.1074050505126462 
0.13784166716289023 0.1074050505126462 
0.13784166716289023 0.1074050505126462 
0.13784166716289023 0.1074050505126462 
0.13784166716289023 0.1074050505126462 
0.13784166716289023 0.1074050505126462 
0.13784166716289023 0.1074050505126462 
0.13784166716289023 0.1074050505126462 
0.13210066028156664 0.1086451897733832 
0.11904859608915816 0.1445612221794436 
0.11913721988521361 0.14456759086185067 
0.11304728425285557 0.1573736234404984 
0.07090961574778604 0.17860286811300446 
0.08183295871365498 0.1881655453994437 
0.13775231534319274 0.156462358808384 
0.10798802841116709 0.15087669072526277 
0.12512191558154512 0.1797777532545214 
0.16985832320295147 0.21264628555260884 
0.1589305466555243 0.2182570745005974 
0.167424646353272 0.2532568211023256 
0.167424646353272 0.2532568211023256 
0.167424646353272 0.2532568211023256 
0.15983795536403253 0.24477751415191645 
0.15983795536403253 0.24477751415191645 
0.13790803928845768 0.24803595872840753 
0.13790803928845768 0.24803595872840753 
0.13790803928845768 0.24803595872840753 
0.13694333429791988 0.24623045400032784 
0.1371597768357665 0.24635385633264714 
0.1365884419228171 0.24749116746448868 
0.1365884419228171 0.24749116746448868 
0.1365884419228171 0.24749116746448868 
0.1374057416077226 0.25395364507862317 
0.1374057416077226 0.25395364507862317 
0.13135025767913697 0.24067471688597747 
0.1658361843556844 0.24281626045839846 
0.1658361843556844 0.24281626045839846 
0.1658361843556844 0.24281626045839846 
0.1565697428643275 0.2363946483672305 
0.17318941100074586 0.2530585141885432 
0.17318941100074586 0.2530585141885432 
0.13603201273896326 0.22509087978784453 
0.17080632536481904 0.21824259192409848 
0.07970535485527801 0.15702022750681915 
0.07046980802932214 0.1662507005518579 
0.13216076685058842 0.17372275589708205 
0.1398233084182698 0.16473546039997666 
0.10162873344220077 0.17212747021748198 
0.15087799433289806 0.17730601368514998 
0.12287624103951855 0.17861784911043405 
0.15376309110662717 0.2040973418091424 
0.1579763240799767 0.1777930497627407 
0.10017212976904122 0.20362258678518236 
0.10653970773649452 0.2350508101954124 
0.10471869949429698 0.2383281819670522 
0.0855523087836935 0.2208480307678467 
0.11430753930601031 0.15386227206666797 
0.11455383212338927 0.1573635002235093 
0.10948179754796149 0.13740705121254726 
0.10938272905924873 0.10591009716413802 
0.11010784112033825 0.10946064368334565 
0.11010784112033825 0.10946064368334565 
0.11010784112033825 0.10946064368334565 
0.1059612866606079 0.11427129672975214 
0.1059612866606079 0.11427129672975214 
0.1059612866606079 0.11427129672975214 
0.10787488224054295 0.12091726341407955 
0.10787488224054295 0.12091726341407955 
0.10787488224054295 0.12091726341407955 
0.10787488224054295 0.12091726341407955 
0.10787488224054295 0.12091726341407955 
0.10837915195155629 0.1297101521275722 
0.08217592379811571 0.10514112553940205 
0.08217592379811571 0.10514112553940205 
0.08217592379811571 0.10514112553940205 
0.0802774748133242 0.10403605672046953 
0.07883313098706606 0.10234466920130042 
0.07883313098706606 0.10234466920130042 
0.07903165708343542 0.11230570893129802 
0.09366776937560534 0.13313644164093552 
0.09366776937560534 0.13313644164093552 
0.08030767055286052 0.12044221598862197 
0.08030767055286052 0.12044221598862197 
0.08003201925292167 0.11742207796163205 
0.08003201925292167 0.11742207796163205 
0.08003201925292167 0.11742207796163205 
0.0792092410751915 0.11738627692935112 
0.10077334794691842 0.14506472912882365 
0.10077334794691842 0.14506472912882365 
0.17668110441357404 0.18108224686038107 
0.10053093917263448 0.17541189249488262 
0.15906924872716827 0.22023798406099754 
0.16384110666299614 0.22299559024189658 
0.12721535316395363 0.17710694691107384 
0.17703767851897045 0.1423108134115056 
0.1771102662257927 0.14189039122993133 
0.17952931099068264 0.1332797550100103 
0.17952931099068264 0.1332797550100103 
0.17952931099068264 0.1332797550100103 
0.17952931099068264 0.1332797550100103 
0.16738954987543656 0.14640467687920905 
0.16737298400379064 0.14685358269747242 
0.0897179676170441 0.22286193748368405 
0.10036479444058441 0.22168956205765405 
0.09928579924934457 0.2242400728903396 
0.0959730155064755 0.15846359161515106 
0.07868952590545959 0.18525943808383022 
0.169802343702408 0.17463796274491156 
0.15778706354675986 0.17542310280664428 
0.06392472436741488 0.16915829378459668 
0.17816869055922735 0.185349854685357 
0.15171231520040263 0.2042929868549844 
0.08801149444802207 0.21189602280579323 
0.14338657086597434 0.2096478679541404 
0.14338657086597434 0.2096478679541404 
0.1410601907668932 0.22643002531257497 
0.14293918729398505 0.23039489063589796 
0.13656808221982872 0.2284535492838365 
0.13656808221982872 0.2284535492838365 
0.13656808221982872 0.2284535492838365 
0.14822470382870745 0.22926859324013563 
0.0783672340301732 0.21519292307787957 
0.07875896452918286 0.21534017166728447 
0.07864667393570952 0.2155957941912626 
0.07864667393570952 0.2155957941912626 
0.12707953259589297 0.17719740408898163 
0.17089635075367773 0.17992616110697235 
0.15248889039186467 0.23678618876118643 
0.15315744375080484 0.23177173522362776 
0.1385180020375407 0.21396967292171004 
0.1385180020375407 0.21396967292171004 
0.10933072155655088 0.19455235740060603 
0.14776345221855006 0.18326306234734926 
0.07347153899535819 0.18343489405410296 
0.10353655878602341 0.1751641493665615 
0.18041503502714962 0.17273713381298966 
0.16481385709392388 0.15412660524858202 
0.06768209019749556 0.15027789928107502 
0.08001035572429302 0.1491468069439289 
0.15598993665986252 0.2065287420086123 
0.15598993665986252 0.2065287420086123 
0.12181038099726385 0.18057653945596971 
0.16316117943168773 0.16312248136868127 
0.17186469140130564 0.1429450975711136 
0.16544445083163875 0.18573634440214398 
0.06633970302184894 0.1915500777995579 
0.0626177241925053 0.1762938139098088 
0.08420896626728085 0.16778967596819008 
0.168683459608232 0.15307016551904876 
0.168683459608232 0.15307016551904876 
0.17759927479079962 0.13176111777264912 
0.17759927479079962 0.13176111777264912 
0.17785771607845938 0.13772252110881317 
0.17785771607845938 0.13772252110881317 
0.08224581110747259 0.21837266711303133 
0.08224581110747259 0.21837266711303133 
0.08224581110747259 0.21837266711303133 
0.08224581110747259 0.21837266711303133 
0.08224581110747259 0.21837266711303133 
0.10841024341604039 0.17586871288073339 
0.08280869463563312 0.19163123002196103 
0.08069967842003196 0.18696186365688677 
0.09751473358042544 0.17704408861383308 
0.1455762774676416 0.1593933359914936 
0.1342102966452935 0.17555497953000795 
0.17932094195183265 0.16071487805872708 
0.17932094195183265 0.16071487805872708 
0.10610003060177722 0.19311347927002967 
0.15587452024331738 0.19058594443322882 
0.06222117092710701 0.19414460969863528 
0.12310307959643703 0.18238004445421788 
0.08162821784997519 0.14973054546126574 
0.08082024079611028 0.15089442249375634 
0.06090430513040179 0.1127938264947235 
0.06090430513040179 0.1127938264947235 
0.06090430513040179 0.1127938264947235 
0.06090430513040179 0.1127938264947235 
0.06090430513040179 0.1127938264947235 
0.06782602241177012 0.12206178833201936 
0.06782602241177012 0.12206178833201936 
0.07814094771192763 0.12641822540604938 
0.07814094771192763 0.12641822540604938 
0.08280253861451643 0.14194612282148472 
0.1531907585254757 0.18787951736970895 
0.17830689348466763 0.14490876906715922 
0.1790624225514023 0.14450670918538838 
0.18020759921617116 0.14097834230563627 
0.18020759921617116 0.14097834230563627 
0.18020759921617116 0.14097834230563627 
0.18020759921617116 0.14097834230563627 
0.18020759921617116 0.14097834230563627 
0.18020759921617116 0.14097834230563627 
0.18020759921617116 0.14097834230563627 
0.18020759921617116 0.14097834230563627 
0.166552350508134 0.1331202431947142 
0.166552350508134 0.1331202431947142 
0.1628233060032349 0.1330748368958236 
0.1579098357304398 0.12174702407484622 
0.1579098357304398 0.12174702407484622 
0.16168306456464276 0.11218317804364891 
0.16577961755367848 0.13100866620837534 
0.16577961755367848 0.13100866620837534 
0.16577961755367848 0.13100866620837534 
0.16577961755367848 0.13100866620837534 
0.16577961755367848 0.13100866620837534 
0.16577961755367848 0.13100866620837534 
0.16577961755367848 0.13100866620837534 
0.13128812920534924 0.1905295144194851 
0.13128812920534924 0.1905295144194851 
0.13128812920534924 0.1905295144194851 
0.07721429164107751 0.18160425454683587 
0.143388209438928 0.17252739276020654 
0.10549714175594824 0.17962408766441157 
0.1301485929275446 0.19562389165872165 
0.16271255835850063 0.2378160409056988 
0.15663219989226407 0.19582007806372215 
0.13631406778519797 0.1601390090080541 
0.11723946690435774 0.18555137749194306 
0.1096623226464349 0.20367038128952583 
0.11530670841172116 0.21181148557258472 
0.12253579663436841 0.21502190271067484 
0.15523648844737725 0.14908451716049828 
0.15367641640536667 0.14924517194106765 
0.10293578855013405 0.17976059466845767 
0.09039004698135703 0.246255963541001 
0.08907435560189986 0.2471193764289783 
0.08907435560189986 0.2471193764289783 
0.08907435560189986 0.2471193764289783 
0.09080072879099516 0.24569891271994831 
0.10374733057293102 0.2177746774810807 
0.16411338839420786 0.195803676480467 
0.07253698048442213 0.19727230494971326 
0.06510493982335833 0.2189541605042857 
0.0654927606810944 0.21906406976715737 
0.06883748707334399 0.22777516019092048 
0.11313913606695025 0.20059782301948031 
0.12596149590660183 0.2321082180869833 
0.12596149590660183 0.2321082180869833 
0.12670886861177522 0.23196197969062063 
0.12670886861177522 0.23196197969062063 
0.13480591814769308 0.2413619699993176 
0.13480591814769308 0.2413619699993176 
0.13480591814769308 0.2413619699993176 
0.12490938279165087 0.22580577040397098 
0.12490938279165087 0.22580577040397098 
0.12490938279165087 0.22580577040397098 
0.12490938279165087 0.22580577040397098 
0.12490938279165087 0.22580577040397098 
0.14735084070528146 0.17276215232003847 
0.18034368059884376 0.17456077187800512 
0.11294694208112044 0.16940292526172773 
0.13494849564552636 0.17267029663660613 
0.0703404000075142 0.18052642025997132 
0.16982563984981153 0.17249719385824827 
0.07279199563411372 0.19331121525502007 
0.0770785667398368 0.19587325831332233 
0.0770785667398368 0.19587325831332233 
0.08279032570266018 0.19804021515860531 
0.16362005252399783 0.19848940071694604 
0.15308745276349905 0.2001428748620402 
0.14378572326191658 0.20646024606382846 
0.1686675997614694 0.24194573317083223 
0.1686675997614694 0.24194573317083223 
0.1686675997614694 0.24194573317083223 
0.1686675997614694 0.24194573317083223 
0.1686675997614694 0.24194573317083223 
0.16636860269594683 0.2398600067036259 
0.16636860269594683 0.2398600067036259 
0.16636860269594683 0.2398600067036259 
0.16324701010318146 0.24088412174521068 
0.16324701010318146 0.24088412174521068 
0.16022549574741413 0.21550195963898058 
0.16022549574741413 0.21550195963898058 
0.16022549574741413 0.21550195963898058 
0.16022549574741413 0.21550195963898058 
0.16022549574741413 0.21550195963898058 
0.16022549574741413 0.21550195963898058 
0.1786344690036073 0.1768314178016948 
0.11533910940481737 0.1821277938323938 
0.11942782628245231 0.14746764716980096 
0.11942481083750524 0.1476691326897021 
0.11942481083750524 0.1476691326897021 
0.08328892842730248 0.1658708321405525 
0.16125415032866447 0.16377210452331611 
0.07752265498768476 0.1521002211809403 
0.06705443575605573 0.20739867647496693 
0.07810769644629352 0.21993776028181222 
0.07769202282468898 0.22648998416989297 
0.07769202282468898 0.22648998416989297 
0.07523807464713296 0.22944337714120014 
0.11250640713535556 0.19437505581793824 
0.07649254795820794 0.1943697621980983 
0.1644838675596327 0.1729558476901282 
0.16900721222043272 0.20370763767959288 
0.16900721222043272 0.20370763767959288 
0.16900721222043272 0.20370763767959288 
0.14884581177137796 0.2094749785999446 
0.10960402969836625 0.1601655092807342 
0.11565518768599997 0.1663156997574696 
0.15035340740313397 0.18825999900924334 
0.15035340740313397 0.18825999900924334 
0.10354321009096144 0.18571229053797608 
0.07393968053698127 0.1659605831414715 
0.16595376783539192 0.19145845381149496 
0.16251694366140032 0.18683389760332364 
0.08322708933047974 0.18541334522281647 
0.07248064524279789 0.2119648017933737 
0.07248064524279789 0.2119648017933737 
0.07248064524279789 0.2119648017933737 
0.07332485655771274 0.21120624834989252 
0.07332485655771274 0.21120624834989252 
0.0731533825797866 0.2120293495667941 
0.16754444526430015 0.20016704942941824 
0.1365290530023516 0.214833286087804 
0.09913194070255368 0.16838716697989814 
0.17645245271433416 0.16611344386946575 
0.11068701393210259 0.16965652232822317 
0.08569505302406044 0.160047976334709 
0.08569505302406044 0.160047976334709 
0.08531258533692512 0.1601752728251038 
0.06699005000805311 0.15807423203299048 
0.13216957967712167 0.15951612651381877 
0.07619832155660168 0.18051566906567923 
0.08620324016977478 0.1911562422629398 
0.093539120337831 0.1787260953818519 
0.0688450360975057 0.15349837772425365 
0.16307831947382811 0.17119082214331044 
0.18145387334805896 0.1703649036963263 
0.09433291843338408 0.1766308191061283 
0.1678335629583989 0.18463137363098914 
0.06977491879578639 0.17216269760820188 
0.10284672823895716 0.17051347428385674 
0.11339691084725365 0.15681365221529756 
0.11684283947971452 0.154817089661183 
0.1627692694910242 0.1853063441310021 
0.08053857097884366 0.19049558547325385 
0.1139733707247208 0.15877261419084715 
0.0952260415784854 0.1420579176591594 
0.0952260415784854 0.1420579176591594 
0.0952260415784854 0.1420579176591594 
0.0952260415784854 0.1420579176591594 
0.08969313570926306 0.13426758534012562 
0.08969313570926306 0.13426758534012562 
0.09098267294282206 0.13299571960945214 
0.09098267294282206 0.13299571960945214 
0.09098267294282206 0.13299571960945214 
0.09613979895204242 0.11893760361624568 
0.10314809240869124 0.13486835395519206 
0.09773133559843758 0.1186572523917224 
0.09773133559843758 0.1186572523917224 
0.10681740129285452 0.11735585407995491 
0.11039348820216613 0.12129246553559823 
0.10983452612371858 0.12616813551792597 
0.10547808844436016 0.12746745083935299 
0.10547808844436016 0.12746745083935299 
0.12094650124705025 0.14456359812759706 
0.10722892899099845 0.09976369437058263 
0.10722892899099845 0.09976369437058263 
0.10722892899099845 0.09976369437058263 
0.10467664602877569 0.10616805692345031 
0.10467664602877569 0.10616805692345031 
0.11224663197537746 0.12805432016739227 
0.10398329957636687 0.10249790456675709 
0.10398329957636687 0.10249790456675709 
0.10398329957636687 0.10249790456675709 
0.12480268457744041 0.13415475010237876 
0.12406890163201144 0.12153694342346602 
0.1398023183319267 0.11053580416243819 
0.1398023183319267 0.11053580416243819 
0.11279901615686519 0.17070544559484235 
0.10039968967380852 0.17651797283089288 
0.09599433870022668 0.19368939037524058 
0.13959768337010497 0.22164873301079446 
0.1434320112115119 0.24652073898346505 
0.1434320112115119 0.24652073898346505 
0.1434320112115119 0.24652073898346505 
0.14280542859975415 0.24568745267373743 
0.14280542859975415 0.24568745267373743 
0.14280542859975415 0.24568745267373743 
0.15503869277678378 0.24533129538440854 
0.15503869277678378 0.24533129538440854 
0.11795085254656462 0.23252326258750428 
0.13486508007529463 0.2176504063508791 
0.13486508007529463 0.2176504063508791 
0.17604425797461598 0.18789116722065477 
0.07959646971061611 0.16968402048330625 
0.14354653005855028 0.15864891035915432 
0.1325930360348668 0.12481468689407826 
0.14819947641821335 0.13243774859227592 
0.14494849700199855 0.12498638028140482 
0.09524676065658973 0.1982897176461169 
0.09373614127303401 0.19666548862447364 
0.16869594858435313 0.1800710535383388 
0.09230334571735999 0.16865205450136292 
0.09612287139775666 0.1555622791468818 
0.07632453110047886 0.18151868761874643 
0.06944336299188517 0.18062565937118136 
0.09247069931846512 0.17461820447380244 
0.10898452066375054 0.18432125381479836 
0.12654409412609205 0.21839273474998636 
0.17735630437323274 0.22614725288646872 
0.16720168873841249 0.21622048395465687 
0.16720168873841249 0.21622048395465687 
0.16494751636426705 0.21928519523405762 
0.16494751636426705 0.21928519523405762 
0.10490876369874169 0.16221500943547432 
0.11400961830200972 0.18390015741403806 
0.17371681770428019 0.20872777579583884 
0.17491472974889394 0.208482300509924 
0.11478636517813316 0.16666606381358903 
0.1547742410044492 0.17309083799367153 
0.14312019697600775 0.09762572119771865 
0.16355271248342548 0.09232265389137582 
0.16355271248342548 0.09232265389137582 
0.13000946882592887 0.12748054312759194 
0.12861887877863035 0.12372819505536425 
0.12861887877863035 0.12372819505536425 
0.13953164250730168 0.11340702555359664 
0.1483647052578396 0.1396142611585387 
0.1601614173532014 0.13504496350176567 
0.15827345746245375 0.14005953329967702 
0.08756080794615846 0.1563895833825526 
0.06137845899844921 0.18857568048676215 
0.17781157697547917 0.15621691125206938 
0.16362938608132557 0.1770720333704996 
0.12496647591589843 0.21450159189334012 
0.12184487213384976 0.2154350971467083 
0.12184487213384976 0.2154350971467083 
0.12184487213384976 0.2154350971467083 
0.11413233837189038 0.2171159901412517 
0.11413233837189038 0.2171159901412517 
0.11413233837189038 0.2171159901412517 
0.1121725799872469 0.21505605077525633 
0.11143577402432112 0.21476240787639322 
0.11143577402432112 0.21476240787639322 
0.08930346981555819 0.1931891437231978 
0.0899325667409022 0.1931098342399947 
0.11857534823037595 0.18377418974973558 
0.09426241321173992 0.16170793117893334 
0.17883452517581647 0.17830235010836704 
0.12261254789440042 0.19964728082280275 
0.15293742076861777 0.19771891479513046 
0.10905586819567954 0.17706302195678636 
0.08789136757881777 0.13604564081402648 
0.0871985891284621 0.13674503778653058 
0.0871985891284621 0.13674503778653058 
0.08735725230339816 0.1354478963296224 
0.08315484808427229 0.11323036727837064 
0.09423004195193259 0.13478940087784316 
0.0972897112921279 0.15524407082885483 
0.13801359354242432 0.1650613283451105 
0.09874274320117038 0.1595644882564985 
0.1115983404529039 0.16646849990411844 
0.11972806330880975 0.18140994805061234 
0.09183364108190599 0.16787856374782548 
0.12401454016427517 0.17041196413147675 
0.1346855352276453 0.19989894012577167 
0.14530170236676335 0.19016566521324063 
0.15792811419336666 0.1752373760841887 
0.11209102576178666 0.17015988707794522 
0.12128532575310924 0.1819342634442432 
0.13339912431399975 0.15373127886004395 
0.0686924443094432 0.18316354147433753 
0.07176706202248251 0.1635831411876782 
0.10168075239900642 0.22879056855934066 
0.11338326083216949 0.2310630858507128 
0.08582360182321236 0.15413456585561597 
0.09744998907709798 0.15028984390387856 
0.08209469376567592 0.12863894938554832 
0.09387606518391575 0.11469526393648752 
0.09422031263273384 0.11305767499101739 
0.09638281980577612 0.11470240441063728 
0.10626100144295678 0.14955309911042403 
0.10679621735323598 0.15030188236611147 
0.10433881771044404 0.21405152269524283 
0.16458471843990333 0.2348935180407046 
0.16458471843990333 0.2348935180407046 
0.16458471843990333 0.2348935180407046 
0.16458471843990333 0.2348935180407046 
0.15785072332069955 0.15687555240108764 
0.15785072332069955 0.15687555240108764 
0.11161391686337546 0.20242624433998382 
0.09465312482253087 0.22338353850048365 
0.09465312482253087 0.22338353850048365 
0.09465312482253087 0.22338353850048365 
0.10270316519530495 0.22290129184648658 
0.10270316519530495 0.22290129184648658 
0.14494024249906695 0.17661198324147742 
0.16003000702453055 0.1882523487734043 
0.16003000702453055 0.1882523487734043 
0.15772256562784306 0.1748898645799994 
0.06139155823124933 0.19185296143610292 
0.08449985430851065 0.17727915163330432 
0.1416874160297554 0.20556504660296587 
0.1412635311772739 0.20576560483468992 
0.15326750802014472 0.20921841382170192 
0.16954830524680709 0.20821845689520865 
0.16954830524680709 0.20821845689520865 
0.17276149275084013 0.15865114499180613 
0.13000865212992044 0.20213961628107485 
0.15838535380250557 0.1932144742672287 
0.15838535380250557 0.1932144742672287 
0.17995184996189365 0.14669691680390312 
0.06357204688110618 0.15738108752213778 
0.1384591374394099 0.17664209410230503 
0.15745971996227287 0.18508688824670202 
0.13274446694405118 0.2151425724487414 
0.1431326994486176 0.22289097032859817 
0.1570128165901541 0.22075912920752847 
0.1570128165901541 0.22075912920752847 
0.16486073568810075 0.23285890041770885 
0.1697998286492956 0.23783409977798764 
0.1697998286492956 0.23783409977798764 
0.16176786837221885 0.23305082972051494 
0.15177344855912944 0.15193347847920927 
0.15177344855912944 0.15193347847920927 
0.15910055182846727 0.13348665033074647 
0.16358188191498674 0.12754067198594735 
0.16226185132902185 0.10843790839722901 
0.16192034577105893 0.1103020164676948 
0.16192034577105893 0.1103020164676948 
0.16192034577105893 0.1103020164676948 
0.16192034577105893 0.1103020164676948 
0.15993861991318062 0.11517667985021746 
0.11190186860381146 0.19375796687385452 
0.1539778923913252 0.17102084306635898 
0.0826975796357158 0.20961539039795818 
0.0826975796357158 0.20961539039795818 
0.08303260675125361 0.20855049629002514 
0.08303260675125361 0.20855049629002514 
0.08180198280992898 0.21157577431120667 
0.09278427304157866 0.15948323697375563 
0.10279076838959131 0.14166362225916562 
0.09552874205556344 0.11837473915042514 
0.09552874205556344 0.11837473915042514 
0.09552874205556344 0.11837473915042514 
0.09552874205556344 0.11837473915042514 
0.10130185549263485 0.11864437886320235 
0.1085509180031147 0.13722072353631282 
0.1085509180031147 0.13722072353631282 
0.1085509180031147 0.13722072353631282 
0.065336173849891 0.1986547380810528 
0.10903466356742104 0.21303616135227604 
0.10903466356742104 0.21303616135227604 
0.08995726753928072 0.21182725821029397 
0.07075029713231175 0.16338035122026606 
0.0853828045530635 0.1872746234170437 
0.07203610670085073 0.17259474788201 
0.07807077064864544 0.17560147329532808 
0.12843639102280224 0.19904508051251982 
0.12843639102280224 0.19904508051251982 
0.12197011429328583 0.20430339268765546 
0.10604393806399745 0.1839249661470575 
0.07025269957438521 0.23241729105818448 
0.07025269957438521 0.23241729105818448 
0.07025269957438521 0.23241729105818448 
0.07427661063924795 0.15781104934331905 
0.12537694397022847 0.21734672976972783 
0.11560173344937269 0.23412823812105898 
0.11560173344937269 0.23412823812105898 
0.1095659735476516 0.2318665355024029 
0.10981924867263759 0.2266611011917548 
0.10179065375195179 0.22299284744394965 
0.08128177638877149 0.2310294343192581 
0.08128177638877149 0.2310294343192581 
0.14926593831782212 0.21151344410321804 
0.06408857135319569 0.1535081501492113 
0.06408857135319569 0.1535081501492113 
0.07451152357607699 0.14394163954976974 
0.07825135829262511 0.14507923738865083 
0.07825135829262511 0.14507923738865083 
0.07825135829262511 0.14507923738865083 
0.07403818262083883 0.14249839574093315 
0.07403818262083883 0.14249839574093315 
0.07141444007875812 0.1262409530456844 
0.07141444007875812 0.1262409530456844 
0.0789766237715713 0.15254805586215797 
0.06256523005077631 0.15369164210998126 
0.13310719966977658 0.21375717740238834 
0.13495621234283448 0.21161977139441754 
0.10719138133773491 0.20342456243994242 
0.14829166649569397 0.17174205211153376 
0.1676135262085201 0.17192723235357357 
0.14053034987990473 0.19534817728151846 
0.15624509430814598 0.1630212450163476 
0.16587462588030194 0.15093089673049642 
0.16587568291991853 0.15084453390539312 
0.16201011969723 0.16357381225172357 
0.17288577027216145 0.164572699824518 
0.17288577027216145 0.164572699824518 
0.0775378438994884 0.17977823136856627 
0.06061151344680557 0.15969884454992475 
0.14380532737156193 0.20820428151046483 
0.0607474080749832 0.1762491279022491 
0.07132056181531864 0.18064597474550112 
0.06848430575757591 0.17533576714392304 
0.1293359526535433 0.17795502224037152 
0.14854470129775735 0.20582923776187018 
0.15036516223840685 0.2101328298453955 
0.15068222467528916 0.21459803969689212 
0.1552668150202399 0.22559436098839356 
0.10602159749490163 0.15051786565186073 
0.1214312397960146 0.1524534379216137 
0.10796147712842716 0.1492033811120054 
0.09908073161237141 0.21031215799431727 
0.11744168039867636 0.20653465111468325 
0.09896043806059666 0.1977280179422527 
0.09643236633300217 0.1968780468035174 
0.13035366399643122 0.1740939175989511 
0.1752215537666265 0.23638311212313082 
0.14218147136732606 0.23451828930843996 
0.14795061151642946 0.2486544534113662 
0.14795061151642946 0.2486544534113662 
0.147913095986989 0.24865442647063324 
0.14604994512829508 0.239299587093524 
0.1501710921496674 0.17261739658230155 
0.13400953395577136 0.18864342429244965 
0.06470269213487452 0.18776318897942684 
0.14750983365197057 0.1851116803910056 
0.14388572730587895 0.18255781365124474 
0.14681328995975654 0.18420873580020553 
0.16572740942916067 0.14971202051369586 
0.09725036285638228 0.15678287207589006 
0.10253461864035468 0.15215675294724793 
0.10298470296411433 0.15309875903160147 
0.10298470296411433 0.15309875903160147 
0.10448905087627228 0.15520042933697367 
0.10448905087627228 0.15520042933697367 
0.09335855386470926 0.18112256102849741 
0.09521231723373758 0.19223198816742795 
0.10223500938054528 0.17802770032599843 
0.0756495231800515 0.2007644389008803 
0.08679943850185792 0.1693666972858938 
0.10934024283356086 0.1817278573242254 
0.08275266440788541 0.20168087009304242 
0.17297834967991876 0.16841431955854114 
0.06515763337507126 0.1618076455661861 
0.13804715823421562 0.19120090951428131 
0.12248860828511536 0.19391558850738438 
0.07501963605404405 0.15786013776950844 
0.07501963605404405 0.15786013776950844 
0.07501963605404405 0.15786013776950844 
0.06704477869607972 0.14263407941754708 
0.06433794087567132 0.14296576663511276 
0.12810609319207183 0.18270990689781313 
0.14763073183287917 0.18593975009809452 
0.1313029435312329 0.15162047643133397 
0.12122634801977403 0.16036880813831259 
0.1199657070627676 0.1590657602046529 
0.12969610192180941 0.21572344174193644 
0.12969610192180941 0.21572344174193644 
0.131088911036319 0.20299175247072893 
0.14876617418763052 0.2043567535887613 
0.1530108533339569 0.2106492983715685 
0.15978804140126054 0.14917910165693155 
0.0799418675438921 0.15073331566200396 
0.0799418675438921 0.15073331566200396 
0.0799418675438921 0.15073331566200396 
0.0799418675438921 0.15073331566200396 
0.09351825360439518 0.16018112534314002 
0.1638087775535068 0.1688082442094172 
0.10682639436753619 0.1750686381224258 
0.11350225176424965 0.16925055446830092 
0.0905932376927841 0.1702971452032377 
0.08762914259272474 0.188714189343583 
0.07673303978240459 0.196050459801055 
0.07694180861381003 0.21107946147751297 
0.14999466356406932 0.21197460315939762 
0.14999466356406932 0.21197460315939762 
0.15544049718689196 0.21047754508316807 
0.11081690101786631 0.19915579317767565 
0.1596501853137172 0.16816447335662987 
0.16746430561422632 0.1835305100522196 
0.1137344242430282 0.16528568153267023 
0.1805521134962674 0.1556492615591944 
0.07052832070999197 0.1561887072036678 
0.0756910460283849 0.14683466437760398 
0.0756910460283849 0.14683466437760398 
0.08746080311304355 0.1500115945585677 
0.08746080311304355 0.1500115945585677 
0.17868070571766495 0.1815411186211663 
0.06316113243422053 0.1614819613013979 
0.09657791088890452 0.2006734481642674 
0.1281726394657629 0.17193094130026038 
0.17812181028654614 0.17226729359579637 
0.17998753660174638 0.1709947944267892 
0.18019905424788477 0.1681785308774081 
0.0887069213588379 0.1641485150882003 
0.15216393785797838 0.15527048186250741 
0.17135326123174272 0.13409409557000773 
0.17135326123174272 0.13409409557000773 
0.17135326123174272 0.13409409557000773 
0.17053736694142038 0.13731247984575315 
0.16894523304563663 0.11396168894728546 
0.09759878420562973 0.17167656048060806 
0.13699251728381892 0.20593331785841817 
0.161360738081095 0.19267606997012987 
0.18110319630958488 0.18337783138758415 
0.08605875122831183 0.1764292270322016 
0.06086853312385909 0.14782908295413358 
0.06086853312385909 0.14782908295413358 
0.06086853312385909 0.14782908295413358 
0.06086853312385909 0.14782908295413358 
0.06086853312385909 0.14782908295413358 
0.06321446767038191 0.2059812264512399 
0.14021744229569824 0.2258745255034868 
0.14004769435184067 0.22613014376090063 
0.16589826225336973 0.14842638876071 
0.17851681050611815 0.1392514483703599 
0.1755994688844168 0.16007535678186835 
0.1755994688844168 0.16007535678186835 
0.15688776789964162 0.15074597276630983 
0.0907725095576455 0.15285312621621722 
0.09685826368670045 0.16031639664071773 
0.0889358330479465 0.19154148044849223 
0.06261741189035719 0.17077158472577472 
0.06528490383996058 0.16850697094006223 
0.11121575674522974 0.17574067368591695 
0.1491031372847495 0.19238024900341624 
0.17563324497187077 0.15818512296694426 
0.1091747193666579 0.1725538315777184 
0.0773316907544404 0.16693853243384588 
0.13179285304030175 0.18571569301545526 
0.10038264009678005 0.1657288819350622 
0.16733333055417723 0.19949111604552172 
0.11906259668090653 0.191738478765268 
0.11906259668090653 0.191738478765268 
0.11564924780459793 0.1830631669446495 
0.1674653324461471 0.19736200012922278 
0.14961052241272108 0.18962819825626576 
0.1776533745254273 0.191915615454663 
0.1101677934059011 0.18708540481945818 
0.09348324648573628 0.19425979394558565 
0.15474160338232446 0.18793824212009105 
0.1346294225007287 0.19288379867283761 
0.17184658713479406 0.1909662210885192 
0.0691268317590106 0.20243183103726886 
0.062181490598516735 0.17553280546312974 
0.12621360874749354 0.17454653670120396 
0.1767476717124783 0.17124736708309996 
0.17552820946049053 0.13967299620145746 
0.1797841594640817 0.11596291522121466 
0.1754226946704127 0.1217609530508123 
0.1754226946704127 0.1217609530508123 
0.11121020047947594 0.15277683989363897 
0.13457401313845047 0.11436705631435623 
0.13457401313845047 0.11436705631435623 
0.12843942291806665 0.09475635329092766 
0.12843942291806665 0.09475635329092766 
0.12843942291806665 0.09475635329092766 
0.12518944425550388 0.09962390184032213 
0.12518944425550388 0.09962390184032213 
0.13990489902739725 0.13619737378986477 
0.13807192474326016 0.12868293474357234 
0.13807192474326016 0.12868293474357234 
0.13807192474326016 0.12868293474357234 
0.1381979703374355 0.1310130878725502 
0.1381979703374355 0.1310130878725502 
0.1312736272155232 0.1442347610363694 
0.13031626644889646 0.14667837751974014 
0.06974566259853576 0.14394224633571884 
0.07586580387377928 0.14707841936061614 
0.07586580387377928 0.14707841936061614 
0.08002414346177833 0.1074613541213262 
0.0954940507993105 0.11113503670494018 
0.0954940507993105 0.11113503670494018 
0.10124607229802629 0.1151571640597013 
0.10124607229802629 0.1151571640597013 
0.10124607229802629 0.1151571640597013 
0.10124607229802629 0.1151571640597013 
0.10124607229802629 0.1151571640597013 
0.10124607229802629 0.1151571640597013 
0.10124607229802629 0.1151571640597013 
0.10124607229802629 0.1151571640597013 
0.075935960780577 0.1058240132712559 
0.07674505217433647 0.10739082946878875 
0.07679885090323203 0.10747053171341903 
0.07679885090323203 0.10747053171341903 
0.07679885090323203 0.10747053171341903 
0.09934385103485813 0.1270504911339637 
0.09934385103485813 0.1270504911339637 
0.10268532772614715 0.12754967901559203 
0.10268532772614715 0.12754967901559203 
0.10268532772614715 0.12754967901559203 
0.09997659141606165 0.1424239458337124 
0.09997659141606165 0.1424239458337124 
0.09997659141606165 0.1424239458337124 
0.09997659141606165 0.1424239458337124 
0.08719896946131181 0.10442498226029928 
0.08719896946131181 0.10442498226029928 
0.08719896946131181 0.10442498226029928 
0.09390942539729631 0.10630137609976588 
0.09390942539729631 0.10630137609976588 
0.09098837359617196 0.10484407967011161 
0.09098837359617196 0.10484407967011161 
0.09099667762934074 0.10423278637246061 
0.09099667762934074 0.10423278637246061 
0.10415992603521541 0.10228701753027987 
0.11536834637650678 0.11055758660535855 
0.11536834637650678 0.11055758660535855 
0.11531809833284645 0.11059843870460526 
0.11531809833284645 0.11059843870460526 
0.11497699504941296 0.14228233032144952 
0.0911739178246387 0.16415676008634786 
0.0626874553412389 0.12465465090253149 
0.06595140901127175 0.141023574602063 
0.07217072277513532 0.1466879181506855 
0.11746948783108936 0.18803421452713528 
0.16173593938893932 0.18677511422169638 
0.11403333171823749 0.1600161233754877 
0.11403333171823749 0.1600161233754877 
0.1224794650720153 0.18587065771514819 
0.13313184530542183 0.1631719286557039 
0.15124345390010818 0.1767344796695658 
0.0706702189663904 0.17155244077756074 
0.14735319330682303 0.19160658042482814 
0.14735319330682303 0.19160658042482814 
0.0870117289130049 0.18140093584022157 
0.10761558245961321 0.18520528220134802 
0.10554453715470503 0.21663443163182225 
0.10554453715470503 0.21663443163182225 
0.10560083921299229 0.22054133879897928 
0.07187087528855067 0.18796132604842763 
0.14680840820973218 0.17224361099681465 
0.10403563249664197 0.21876144971350672 
0.13947596360603948 0.15996687915961857 
0.15556129486522635 0.1468578954112094 
0.14417631997391922 0.16320151840323682 
0.17502617179028424 0.16703182477901946 
0.16571340186143702 0.18534427425810182 
0.1061403329908136 0.20301838902621272 
0.12307748605027474 0.17992200798181596 
0.08775182679189633 0.1694884431726018 
0.1585880331238782 0.22515491504774895 
0.1585880331238782 0.22515491504774895 
0.1411633881406825 0.19309847775786074 
0.15981069269861398 0.21960090620177386 
0.15981069269861398 0.21960090620177386 
0.11687216856824245 0.21859451283176984 
0.11687216856824245 0.21859451283176984 
0.08212432261182032 0.14788245994424706 
0.08212432261182032 0.14788245994424706 
0.07719435296730026 0.17571735638340885 
0.14028356086665703 0.2287870151032904 
0.15329890599888157 0.23459526221947372 
0.0871133365201538 0.19924599963623565 
0.08300677069470516 0.20493392616831957 
0.15061184114841303 0.20724626880022343 
0.15061184114841303 0.20724626880022343 
0.14838064647586394 0.20815490806867415 
0.1472382925877255 0.20956664718498647 
0.1472382925877255 0.20956664718498647 
0.1472382925877255 0.20956664718498647 
0.12943359230541615 0.186745486905184 
0.17365503014027445 0.2283462609151231 
0.1768050909203415 0.24298784165163023 
0.1768050909203415 0.24298784165163023 
0.1768050909203415 0.24298784165163023 
0.1768050909203415 0.24298784165163023 
0.1768050909203415 0.24298784165163023 
0.1306486332233544 0.22492315113190428 
0.13316479760061997 0.23354325384359165 
0.17388354782376442 0.2278702514895717 
0.1447322851406935 0.16836697651478702 
0.12664497161758936 0.1777108936215837 
0.14717910511762727 0.16529059382510902 
0.1410243499896632 0.15153973291851747 
0.1410243499896632 0.15153973291851747 
0.09812641403638159 0.22847134561377427 
0.09321632565841195 0.2068845252295658 
0.09321632565841195 0.2068845252295658 
0.09321632565841195 0.2068845252295658 
0.06340360281178066 0.17156507575815205 
0.13593111627908339 0.19054294869953348 
0.13593111627908339 0.19054294869953348 
0.17523759004988315 0.23869453183743428 
0.16098331421895817 0.23074479230833095 
0.159286104662284 0.22675260450949142 
0.15811910854918687 0.22098327409893764 
0.15874937103687173 0.2221672467275896 
0.15737268821830777 0.2220990925148618 
0.14447470516055141 0.16529511824655657 
0.07651657080195047 0.1854340867649987 
0.10198645377626853 0.18366688560331704 
0.15518663210031078 0.16148711710051272 
0.09482212547429046 0.1954528448729032 
0.0839607543685001 0.20854601063584707 
0.16863864166657533 0.18992621468067383 
0.16288214427372122 0.1854786079104388 
0.11258193442862036 0.170367396022572 
0.14000851864028394 0.1827958258094238 
0.08296167744375527 0.22961667847416797 
0.08296167744375527 0.22961667847416797 
0.08993712221215071 0.21453602862969326 
0.09527515792806823 0.15194328608426888 
0.08364441130258617 0.1432968008597737 
0.08508814983315546 0.13480351110809158 
0.1343085114254466 0.1617855547894585 
0.13650997534825488 0.1676542828425702 
0.08789668105907887 0.1791087742030571 
0.15867374673615442 0.2084638030941509 
0.15867374673615442 0.2084638030941509 
0.15684397312208626 0.21644728592369525 
0.15684397312208626 0.21644728592369525 
0.15684397312208626 0.21644728592369525 
0.1474938382907355 0.2198226221228072 
0.1474938382907355 0.2198226221228072 
0.14731144506631963 0.21065306968812525 
0.09382076239167063 0.21574900810725534 
0.14817226049571164 0.16952664974788595 
0.18142659841027792 0.15694964852201915 
0.15932186484130667 0.17341793146654094 
0.1808095178159056 0.18699945959705674 
0.08177746584944375 0.18085211096301462 
0.11102174061271063 0.16764570127419376 
0.06695604253992338 0.17474828368107817 
0.14626309221566955 0.20043329712559582 
0.1301942222211635 0.20399725211845954 
0.179198543001443 0.24849302062843734 
0.1724950568294204 0.24245574709302284 
0.1724950568294204 0.24245574709302284 
0.17298454897559348 0.24959649989002936 
0.17298454897559348 0.24959649989002936 
0.1783177458699666 0.25466737844294024 
0.1744486173630584 0.24987431041234465 
0.17360354779378956 0.2427548838762407 
0.1783050823134275 0.2450862859588062 
0.1783050823134275 0.2450862859588062 
0.17115139857909595 0.2268569610389442 
0.16903459184053657 0.2271860994994601 
0.16903459184053657 0.2271860994994601 
0.16903459184053657 0.2271860994994601 
0.16903459184053657 0.2271860994994601 
0.16903459184053657 0.2271860994994601 
0.1377824473363152 0.20705744081480817 
0.1377824473363152 0.20705744081480817 
0.10408850405246972 0.17515992606573158 
0.11813880831088197 0.17133116454123604 
0.11598483353009618 0.17103811350054127 
0.12449753733616237 0.19702233354206217 
0.13169184124182398 0.1993453717362644 
0.11196933870578635 0.19737464899635593 
0.09906300823157192 0.16778868699247254 
0.17358137963192932 0.15656054928933308 
0.17358137963192932 0.15656054928933308 
0.17358137963192932 0.15656054928933308 
0.17358137963192932 0.15656054928933308 
0.09874711779264464 0.19076578050525403 
0.06521961730844536 0.16060087262837108 
0.1483699127322126 0.179555060518774 
0.09517516553434865 0.15942424474995268 
0.09517516553434865 0.15942424474995268 
0.06897991460941662 0.17134196417649855 
0.12226775146414215 0.1638850903732545 
0.11859501041705942 0.15978645875211459 
0.11859501041705942 0.15978645875211459 
0.14794455390188188 0.1903471318152013 
0.1472533085625766 0.1972387686106557 
0.06501784761324952 0.20568436884765115 
0.12445726570450909 0.1838134419837501 
0.06320647511887248 0.17883823300152416 
0.12191795518791476 0.17914827750901063 
0.07645708004608977 0.16989700623338996 
0.14156356970287592 0.16827684470973828 
0.08802033715701366 0.1851901557611415 
0.100028247408021 0.1806691422049824 
0.10228437163752158 0.17092039229684408 
0.08397848443465383 0.17153867231961312 
0.16377432873430472 0.16037131950781672 
0.16377432873430472 0.16037131950781672 
0.15822738792452967 0.16408336665616283 
0.16560313757239886 0.15140845254923627 
0.1530755769794971 0.1375137688837351 
0.1551157873521825 0.13835027792364196 
0.16308516516960744 0.1177079850673225 
0.16308516516960744 0.1177079850673225 
0.16308516516960744 0.1177079850673225 
0.1763459210726771 0.11735576015499544 
0.1763459210726771 0.11735576015499544 
0.1763459210726771 0.11735576015499544 
0.1763459210726771 0.11735576015499544 
0.1763459210726771 0.11735576015499544 
0.1763459210726771 0.11735576015499544 
0.153133747162068 0.13260956605660265 
0.15116233301934656 0.1614678885998351 
0.06781487786779723 0.22888734385597875 
0.06781487786779723 0.22888734385597875 
0.06781487786779723 0.22888734385597875 
0.06781487786779723 0.22888734385597875 
0.06958942425305438 0.19964826731818183 
0.06958942425305438 0.19964826731818183 
0.10372535326894482 0.20363988244409215 
0.10372535326894482 0.20363988244409215 
0.07286817418211075 0.1822744869561007 
0.07357236601424173 0.17530333062998713 
0.15873443604897217 0.19080700286083607 
0.09376148397281583 0.14862581057427987 
0.09376148397281583 0.14862581057427987 
0.10166501558666188 0.12516717069726205 
0.09624023563583681 0.1327972165548183 
0.09581198083217951 0.13233845750019257 
0.08614210250750261 0.10329843371561512 
0.08614210250750261 0.10329843371561512 
