0.10165742253670039 0.12417005550799076 
0.11201501914637474 0.1596174194841406 
0.10281633221410641 0.18236512872514482 
0.1255967419008388 0.15961315428761916 
0.13625303174799108 0.14661889353069338 
0.13625303174799108 0.14661889353069338 
0.10880023252831461 0.19657260965630774 
0.12523984778292338 0.1848908905247905 
0.14908193266808592 0.1458228285689918 
0.16289765072317572 0.14493647268844265 
0.16450949160342548 0.137514807204556 
0.15198772500021124 0.13695894411570167 
0.15068585562269893 0.13337089953716286 
0.15068585562269893 0.13337089953716286 
0.14819050381203455 0.155555799653516 
0.14819050381203455 0.155555799653516 
0.1481017360972977 0.15688695008406178 
0.14010664448260457 0.15459327576552376 
0.12727604245286833 0.16109737893106332 
0.12210698351255166 0.12067526478649354 
0.12604534383034166 0.1218087049161515 
0.12726668985505846 0.11530283884633348 
0.12512331305218008 0.12062451794532464 
0.10295664785757878 0.09635818882060437 
0.10489726064466223 0.10227769898940645 
0.12155505408469053 0.1207520130017238 
0.12483892545864385 0.14816719128485942 
0.10254997313077525 0.1020434300139974 
0.09274448691341801 0.09485822530660903 
0.09274448691341801 0.09485822530660903 
0.10648312270987542 0.1493903792132424 
0.11019282927739014 0.14901142965522166 
0.1450994740303714 0.17680805337547492 
0.10518784858911084 0.1570528647876572 
0.11118124332366221 0.16397092767743543 
0.10343680158738741 0.17948908203626737 
0.11403907143076429 0.17265973474455007 
0.15032726620576733 0.19542637597768847 
0.15024673447260972 0.2096786058885422 
0.17119797461443564 0.1467955043023666 
0.1344722824087652 0.13763730800776502 
0.1344722824087652 0.13763730800776502 
0.13388775695057198 0.1387238517837957 
0.11381393393690442 0.14805594813062134 
0.11381393393690442 0.14805594813062134 
0.11959360954076925 0.1515837172775004 
0.07280729475312026 0.19643361218181188 
0.07770285559066818 0.20614105261261764 
0.07770285559066818 0.20614105261261764 
0.08080453586009019 0.2072867273834556 
0.153512206116157 0.18359651359651794 
0.11085702104137418 0.1571620616537932 
0.15141397163292805 0.1934534402845393 
0.12290392275833363 0.18381314629512313 
0.12271434411406433 0.1486883220234595 
0.08965024627074517 0.18139798510690625 
0.13223049823143662 0.2042104879834762 
0.12656333511920717 0.21679282555448606 
0.12591849081062895 0.21743741864163796 
0.1542256481789081 0.2176385222291945 
0.1542256481789081 0.2176385222291945 
0.1507442680961614 0.21681732626059844 
0.15130504931440797 0.21663333782088284 
0.16770480246957092 0.2227758604248771 
0.16770480246957092 0.2227758604248771 
0.1713917000029508 0.22394306197753597 
0.1713917000029508 0.22394306197753597 
0.1713917000029508 0.22394306197753597 
0.09248939114063644 0.1677990602278488 
0.10924383987316186 0.13430337535293496 
0.10924383987316186 0.13430337535293496 
0.10924383987316186 0.13430337535293496 
0.1497221048112134 0.11258461988162817 
0.16081168572551457 0.12109115712583302 
0.1545617336543712 0.12063205600740702 
0.1435902891592494 0.1113127697951535 
0.08029248020210249 0.20884632554007077 
0.07992732431152548 0.21759546337092245 
0.14292109259051958 0.1589112715033705 
0.08620324458649153 0.1793784494073136 
0.06912551520888793 0.2080379108405541 
0.10151558655355862 0.1573223974761545 
0.11802643723346312 0.1478824911410194 
0.1309000196321114 0.12438157064525729 
0.17615538215149748 0.11720715502204203 
0.16404958555207197 0.14596514968058208 
0.16404958555207197 0.14596514968058208 
0.16404958555207197 0.14596514968058208 
0.16404958555207197 0.14596514968058208 
0.16404958555207197 0.14596514968058208 
0.1608223423494056 0.14711120310067183 
0.1608223423494056 0.14711120310067183 
0.1608223423494056 0.14711120310067183 
0.16672020192433035 0.1421369284033166 
0.16672020192433035 0.1421369284033166 
0.16672020192433035 0.1421369284033166 
0.17983429877392987 0.10121112235384187 
0.14564482967360676 0.12687802556169622 
0.15484219148026562 0.1690024125564821 
0.06550370377407312 0.1711281005599823 
0.10222406108304624 0.17730337997175732 
0.07996037409754257 0.1958831704740958 
0.06424153712047599 0.16500380304584328 
0.10368347031414617 0.19553524809501913 
0.08208274953018654 0.16642995595651613 
0.06671637374733681 0.20393549508011538 
0.06671637374733681 0.20393549508011538 
0.11905498702083962 0.19996485757160637 
0.1719487657945064 0.16335744205183322 
0.09310786148764189 0.18198485841030596 
0.12217522662776426 0.1922639857369427 
0.1786068826083257 0.1625142176343325 
0.1786068826083257 0.1625142176343325 
0.11994062774572864 0.16589980530186385 
0.17127552113954791 0.17471888930752655 
0.09497320849142939 0.16569738170756232 
0.1081080967480803 0.14794655330454332 
0.1081080967480803 0.14794655330454332 
0.1081080967480803 0.14794655330454332 
0.1081080967480803 0.14794655330454332 
0.10854452133690004 0.14854234518296813 
0.10439750233698206 0.15970379594251277 
0.07014216330433079 0.16240109142289383 
0.11105858611040742 0.1706652689920228 
0.07139511542488924 0.15892798276583447 
0.12507118783689644 0.2064051395427316 
0.06663163146400206 0.20136226204784838 
0.06663163146400206 0.20136226204784838 
0.15687400678175023 0.15690066841697847 
0.08390054339804578 0.17700663150948284 
0.07360284829787672 0.15322293161461414 
0.061286270408497365 0.14737999509508018 
0.06686404257115547 0.14544056047148565 
0.06686404257115547 0.14544056047148565 
0.06686404257115547 0.14544056047148565 
0.06686404257115547 0.14544056047148565 
0.06686404257115547 0.14544056047148565 
0.06686404257115547 0.14544056047148565 
0.06686404257115547 0.14544056047148565 
0.09362879237187086 0.1445459690595145 
0.09472696109367133 0.14002442644812713 
0.09372260436544308 0.13923484537811712 
0.06523415005592684 0.18157815026270344 
0.11078168882221669 0.19421931124221042 
0.11078168882221669 0.19421931124221042 
0.13941745069934916 0.20395432633448626 
0.125762267815701 0.15100440489981665 
0.11492338856022193 0.11669478384296889 
0.12223603750277207 0.13089463750969674 
0.13262875009856634 0.11653152352245849 
0.14103777248018717 0.1383728646569064 
0.14103777248018717 0.1383728646569064 
0.1380786895595337 0.13411897538971015 
0.1380786895595337 0.13411897538971015 
0.1380786895595337 0.13411897538971015 
0.1380786895595337 0.13411897538971015 
0.15874217480126776 0.132910050760507 
0.15874217480126776 0.132910050760507 
0.16685877335940968 0.12255698982416272 
0.17564043584872183 0.11928946998872798 
0.17373572304678966 0.12181733735249965 
0.17282721337979048 0.11666718485097696 
0.15595351881297248 0.11815025770991969 
0.15595351881297248 0.11815025770991969 
0.15595351881297248 0.11815025770991969 
0.15475331403681789 0.13249968285177863 
0.139015104626066 0.12977017761118245 
0.13223581882992247 0.22663745021495327 
0.13510962116459801 0.20403728466569176 
0.16235734970102964 0.18126984291701956 
0.14914426531085306 0.16315567311081347 
0.09591946130610048 0.1852357994988052 
0.08275061437048872 0.24515455180755258 
0.07366569775873999 0.25347050037299285 
0.07366569775873999 0.25347050037299285 
0.07366569775873999 0.25347050037299285 
0.07366569775873999 0.25347050037299285 
0.07366569775873999 0.25347050037299285 
0.1061980834271149 0.1880555846418061 
0.09151620998784388 0.16628711478222297 
0.09151620998784388 0.16628711478222297 
0.10391473643800735 0.19010582292169323 
0.16396672938005424 0.17982685931585887 
0.16511661312457399 0.19190816778034703 
0.16051940007611795 0.1867527090288879 
0.08361149138005233 0.1900806804141931 
0.11756060617073914 0.17451576813752193 
0.06873401068905087 0.16461184636570608 
0.10477100036196381 0.22010346458200145 
0.10949030419904421 0.23487314636392417 
0.08986173847168734 0.20879005648293675 
0.08986173847168734 0.20879005648293675 
0.08986173847168734 0.20879005648293675 
0.0867489139316315 0.2040387903628402 
0.09101892486629012 0.20902029304844014 
0.061757988768309 0.23207323399911592 
0.061757988768309 0.23207323399911592 
0.061757988768309 0.23207323399911592 
0.061757988768309 0.23207323399911592 
0.06862247983384934 0.22524718745234 
0.06862247983384934 0.22524718745234 
0.08604735443668413 0.21566413939220141 
0.08042836473434709 0.17836705230419064 
0.10933828965971312 0.17193915199868523 
0.144153978368912 0.2040861568489909 
0.144153978368912 0.2040861568489909 
0.09680819898083243 0.19019095581602874 
0.06296087180286905 0.19300397670349193 
0.13595065384144972 0.1653710841239998 
0.09631243542409267 0.2025414844603452 
0.07095349807798249 0.22302143093147594 
0.07095349807798249 0.22302143093147594 
0.07095349807798249 0.22302143093147594 
0.18033190574012697 0.18809509116885306 
0.07906386308812226 0.19329652846750342 
0.1366559312704515 0.18440292907107242 
0.092053785336723 0.16512682358950634 
0.1190578311044873 0.1923526608167883 
0.14549171777601141 0.16076668988874865 
0.1119257918866543 0.1725625825639464 
0.10270274406665245 0.15409427534642645 
0.07756143168481312 0.15330640043532076 
0.07756143168481312 0.15330640043532076 
0.08144814952104042 0.13817262858039459 
0.09396111270913136 0.1544342122372731 
0.164318433161146 0.18882913990191164 
0.14466020984008987 0.17234865501477376 
0.11917510781634263 0.16993916298975767 
0.16373589805730687 0.16684744895866116 
0.1403411914235696 0.1848930491598602 
0.13833514881499245 0.18155989143550805 
0.13629298303457688 0.20094543757264677 
0.13678588282892537 0.2030762150515833 
0.13678588282892537 0.2030762150515833 
0.06078916985557035 0.15895974294519422 
0.12655922466826472 0.20888565618331184 
0.13566792176819592 0.20532100497696165 
0.08700874515652328 0.18379086060941474 
0.1614252021809799 0.23458940650974244 
0.16662931184575713 0.20613218632969288 
0.16512861835258894 0.19711189042002958 
0.16842826042516096 0.1688172593375591 
0.15915551483573562 0.14876042801331663 
0.15915551483573562 0.14876042801331663 
0.15915551483573562 0.14876042801331663 
0.15846929910721447 0.13678914233589995 
0.14947043908668228 0.1373016028107617 
0.14947043908668228 0.1373016028107617 
0.17564018391117514 0.19852499918819186 
0.15981964540067198 0.185311547315645 
0.08292760887440251 0.172308976550214 
0.10993667732380648 0.17334754580550524 
0.09826011295257021 0.1909683672188398 
0.1790237748267059 0.1788586181198027 
0.08056833078275075 0.1884972056451569 
0.08056833078275075 0.1884972056451569 
0.10982641685562869 0.1854102522784257 
0.0829447957160401 0.18030032116742606 
0.16909945887978275 0.16158308493977072 
0.12270600394539112 0.16808348015456318 
0.15530012317010508 0.15734776062703087 
0.11133514722370857 0.18841665431417456 
0.11336178131065466 0.21845443431559494 
0.11216316504867098 0.2201731019217409 
0.11080634336536735 0.22451215257114476 
0.11938225330134541 0.22359752925754253 
0.12030875854643386 0.22493546015715465 
0.12030875854643386 0.22493546015715465 
0.12056804857778212 0.22454404796665403 
0.1439120087688175 0.1506809232986255 
0.1439120087688175 0.1506809232986255 
0.07355280566953236 0.1572455510963141 
0.07083384677250273 0.2240623724666755 
0.07083384677250273 0.2240623724666755 
0.07083384677250273 0.2240623724666755 
0.08959263559923153 0.22079384659224757 
0.08959263559923153 0.22079384659224757 
0.09504903205071942 0.21276101646545714 
0.14272348116365582 0.1621925872109809 
0.13100689657236825 0.18678569466866599 
0.08621176849984977 0.20376563135074754 
0.08621176849984977 0.20376563135074754 
0.1168896021763399 0.1755397501249688 
0.1602425722148974 0.1827019628063192 
0.1309675882337727 0.2209289157517544 
0.1309675882337727 0.2209289157517544 
0.1309675882337727 0.2209289157517544 
0.13112121154552522 0.22094722570343567 
0.1329279276421826 0.22857145181456137 
0.17560501330597483 0.21053840443714616 
0.1360957086643741 0.15193254176087176 
0.13946890933437034 0.15501598549556597 
0.13946890933437034 0.15501598549556597 
0.13128824736116185 0.15533712764840338 
0.13034005616421104 0.13984808089121364 
0.13034005616421104 0.13984808089121364 
0.13034005616421104 0.13984808089121364 
0.13034005616421104 0.13984808089121364 
0.15733800800687997 0.14139970607589167 
0.16592115359279866 0.1344062463552514 
0.16592115359279866 0.1344062463552514 
0.16592115359279866 0.1344062463552514 
0.16592115359279866 0.1344062463552514 
0.16468257880673878 0.1298401168368269 
0.16468257880673878 0.1298401168368269 
0.16915171592649925 0.11207316238662068 
0.16915171592649925 0.11207316238662068 
0.16915171592649925 0.11207316238662068 
0.13703592633775502 0.12042010967099816 
0.13632148003338304 0.1172508439922214 
0.13632148003338304 0.1172508439922214 
0.14072415822954082 0.11330860405305256 
0.12985275590388162 0.15014053535210437 
0.12985275590388162 0.15014053535210437 
0.13852525917394548 0.16132129607980228 
0.13670894617739007 0.20660646678449135 
0.13670894617739007 0.20660646678449135 
0.15182040676860853 0.20638316528930364 
0.1491025009386275 0.15754707164107357 
0.17391250026396937 0.15860299833237876 
0.09278413406720047 0.19148934530320347 
0.13449089935162636 0.17470132398775137 
0.1396440093878749 0.16086257998526857 
0.17530196125653685 0.1848953831216805 
0.08918122365991084 0.16991083976217702 
0.06783817655688316 0.17555508915388154 
0.06701642659156526 0.17160184632481557 
0.16511477418613088 0.1694108328190315 
0.09747079802811169 0.15304312906945589 
0.06251687016338213 0.16948940080603672 
0.07351616581825457 0.1716476020110703 
0.10705438952651686 0.18936480189278881 
0.11386763489902546 0.20796484362198664 
0.14183337591432524 0.22586948020503106 
0.14420847065466852 0.22899299831913483 
0.14420847065466852 0.22899299831913483 
0.13947900298797422 0.22494744783604348 
0.13947900298797422 0.22494744783604348 
0.07399649630307262 0.22772090576357643 
0.07158397420595317 0.21438058752531305 
0.07330245897990906 0.21447422516410652 
0.07330245897990906 0.21447422516410652 
0.07330245897990906 0.21447422516410652 
0.07223924188174044 0.2367431276589303 
0.07928587495749029 0.2324650431813493 
0.07928587495749029 0.2324650431813493 
0.07811280197751566 0.23279469398323507 
0.07811280197751566 0.23279469398323507 
0.07811280197751566 0.23279469398323507 
0.07811280197751566 0.23279469398323507 
0.07811280197751566 0.23279469398323507 
0.07971564049291602 0.21586272518461438 
0.09106903179373288 0.1495514139590307 
0.09106903179373288 0.1495514139590307 
0.07952873545527062 0.1290021430278781 
0.07952873545527062 0.1290021430278781 
0.08492479025242183 0.13765216986125267 
0.08339440359712079 0.12793927260546853 
0.1168631578244042 0.14145302094673093 
0.12532886342109922 0.14295705265229053 
0.11590660007982817 0.11545666512527457 
0.11590660007982817 0.11545666512527457 
0.11590660007982817 0.11545666512527457 
0.11206470956837641 0.1331185581086347 
0.11206470956837641 0.1331185581086347 
0.11158406501285559 0.12904293953835352 
0.10424345270555216 0.13231167500915608 
0.10424345270555216 0.13231167500915608 
0.09662833663214934 0.15168347288352002 
0.07507238242573795 0.17824982989998792 
0.10587730745296103 0.1642267431672081 
0.10898851152989078 0.2041016702300551 
0.10898851152989078 0.2041016702300551 
0.09590076299080547 0.17491782451031948 
0.06714880419196415 0.21728438817196816 
0.06714880419196415 0.21728438817196816 
0.06573321566846232 0.21017028707953053 
0.06573321566846232 0.21017028707953053 
0.06573321566846232 0.21017028707953053 
0.06573321566846232 0.21017028707953053 
0.06573321566846232 0.21017028707953053 
0.15081403264053134 0.21338015188284995 
0.15081403264053134 0.21338015188284995 
0.14704299372177482 0.2078780601239391 
0.16392121562894993 0.2527505947128911 
0.16392121562894993 0.2527505947128911 
0.1635634789209442 0.2524065225962951 
0.1635634789209442 0.2524065225962951 
0.1635634789209442 0.2524065225962951 
0.1635634789209442 0.2524065225962951 
0.1635634789209442 0.2524065225962951 
0.15457672358049407 0.24648015072574525 
0.15457672358049407 0.24648015072574525 
0.15069092044508578 0.2159147849522946 
0.14488941862521026 0.20695998172125077 
0.1523095960232354 0.22097865377649148 
0.11951592876722375 0.23447803965752728 
0.11905030277599321 0.23785161954286016 
0.12038857080876038 0.23605391389185523 
0.12157316120835093 0.23703529356094186 
0.12157316120835093 0.23703529356094186 
0.12157316120835093 0.23703529356094186 
0.12157316120835093 0.23703529356094186 
0.119443077504291 0.23354305306459489 
0.13225175516490426 0.18886777635430163 
0.10482582276277162 0.1864388988964516 
0.15429243245383778 0.1699132819142615 
0.09269990364450537 0.19055794335301393 
0.15104357242639516 0.1682169914536939 
0.12834779397415824 0.19013852530581343 
0.10519839460684266 0.1638092151337223 
0.10519839460684266 0.1638092151337223 
0.11105095379545472 0.1836464195482102 
0.11732428795845516 0.17840826029671486 
0.07984917825893095 0.22814214207561523 
0.07984917825893095 0.22814214207561523 
0.07984917825893095 0.22814214207561523 
0.08925330676232 0.23469567542129202 
0.16296477789688113 0.14856995076819285 
0.16296477789688113 0.14856995076819285 
0.09895072921804375 0.20393174671289552 
0.1309699056285154 0.20841867189853341 
0.1359683440569483 0.20049936848544384 
0.1444932821263994 0.17465689595860182 
0.17547205199916355 0.16849553642828802 
0.1409174290750001 0.1946024044037892 
0.15166272290159913 0.19911378329378032 
0.15744921324774924 0.22424653363625482 
0.15744921324774924 0.22424653363625482 
0.15744921324774924 0.22424653363625482 
0.15744921324774924 0.22424653363625482 
0.15744921324774924 0.22424653363625482 
0.15033125477505377 0.252221435693766 
0.15033125477505377 0.252221435693766 
0.15033125477505377 0.252221435693766 
0.15033125477505377 0.252221435693766 
0.15033125477505377 0.252221435693766 
0.15033125477505377 0.252221435693766 
0.13415591481166433 0.23519857310000467 
0.1348644003708383 0.21771861747629795 
0.14368423261750543 0.2254662671881752 
0.13208888759961596 0.15965858531036778 
0.13208888759961596 0.15965858531036778 
0.1222360779161839 0.13477116954541724 
0.14904511111797752 0.22604712055717657 
0.14528759411753278 0.24016410786565512 
0.1221101614541798 0.24114426318187027 
0.12443745626001623 0.24263631393635202 
0.1107505415399268 0.23897863726801555 
0.10952052252032929 0.23903352542330797 
0.10740815226582125 0.21880253839325606 
0.13479974111595583 0.19801746682540625 
0.13790718008822148 0.18884146122565826 
0.11835192580237579 0.20510347011496555 
0.14578765946157335 0.18336316125393387 
0.0729289819028298 0.17961929585239092 
0.07081053917971948 0.17068332339899453 
0.08983240885396666 0.19039001091141922 
0.12697196298269928 0.21004096696383898 
0.12402970362272105 0.20814871456597084 
0.12402970362272105 0.20814871456597084 
0.1282594814297039 0.15504307625806557 
0.16496619251956599 0.12954740030161596 
0.16496619251956599 0.12954740030161596 
0.16496619251956599 0.12954740030161596 
0.16000857279245298 0.13995034550873506 
0.14593252980450616 0.21267506071965284 
0.1774756417298422 0.20525019726637914 
0.16951131168957284 0.1869805088941915 
0.06327202310006483 0.1929923283570425 
0.14474219523454077 0.1562501681945584 
0.14474219523454077 0.1562501681945584 
0.13792539593169556 0.17780675833249054 
0.1581347050820928 0.17914318805503757 
0.16738213177891578 0.12725744742727887 
0.16738213177891578 0.12725744742727887 
0.16738213177891578 0.12725744742727887 
0.14811839380941766 0.1466068789822619 
0.14811839380941766 0.1466068789822619 
0.17047236077125527 0.17939979419802063 
0.12609301091848846 0.18008388244810708 
0.1544762035906961 0.18406183858604494 
0.1631521871108843 0.15721881394021672 
0.12097561423899483 0.16814716749314867 
0.12775742981053545 0.18600543160770389 
0.15916530719631186 0.17296601917884677 
0.15956005828305772 0.12814313934984434 
0.17986266844434254 0.17681078715671783 
0.13839730660315655 0.16204226891714227 
0.1609488195210621 0.20148157715114828 
0.1609488195210621 0.20148157715114828 
0.17217809545416385 0.2181397379508917 
0.17217809545416385 0.2181397379508917 
0.17629924663085741 0.23297837159929224 
0.17629924663085741 0.23297837159929224 
0.173424214155444 0.2297535323036063 
0.15447092734284545 0.20296590769294628 
0.12347292134520087 0.20280969664850995 
0.06974530737831713 0.1485039397301925 
0.07158330083543307 0.14638992338963827 
0.07158330083543307 0.14638992338963827 
0.09443775041172836 0.16420828446459654 
0.13695583034907755 0.20519158562098658 
0.12812804166197614 0.2028515597009316 
0.15037760818993468 0.16269275599962962 
0.07546430734070259 0.22375994751452188 
0.07504762393362137 0.22487578417320636 
0.07504762393362137 0.22487578417320636 
0.06148166476683439 0.2238711471491116 
0.06460765829571578 0.22319323591754123 
0.06460765829571578 0.22319323591754123 
0.06460765829571578 0.22319323591754123 
0.06171419247884555 0.2279730789989874 
0.08018919864039642 0.2423095289765303 
0.08018919864039642 0.2423095289765303 
0.08018919864039642 0.2423095289765303 
0.08018919864039642 0.2423095289765303 
0.08018919864039642 0.2423095289765303 
0.07974092116275229 0.23928700064926658 
0.11034872706113762 0.17593010596677072 
0.14180245604549857 0.15655218617144526 
0.146456290684522 0.15787983234288452 
0.12416509413172497 0.1610732484186968 
0.11309935548242342 0.13954547719501975 
0.11309935548242342 0.13954547719501975 
0.11309935548242342 0.13954547719501975 
0.11913682664363717 0.12477020012560323 
0.11913682664363717 0.12477020012560323 
0.11683905184767147 0.11891432915802418 
0.07811458205082934 0.10647121276828975 
0.09280075482767888 0.1255443359390171 
0.09199240242779287 0.13538409058504183 
0.09199240242779287 0.13538409058504183 
0.09199240242779287 0.13538409058504183 
0.09763089598027022 0.146196275229001 
0.17287917576505815 0.21067580549571946 
0.17287917576505815 0.21067580549571946 
0.10746440590991244 0.20385511121269892 
0.1081813722195489 0.20199946277276531 
0.09122867239118462 0.16369626174286597 
0.07288816476048363 0.19805405895069172 
0.07288816476048363 0.19805405895069172 
0.07288816476048363 0.19805405895069172 
0.084845814906024 0.2054330934836018 
0.0686672871080857 0.19161316572254328 
0.16298009787877013 0.21920520127750953 
0.16560613792166742 0.22180046337842707 
0.16560613792166742 0.22180046337842707 
0.06348794526356807 0.2025093359888709 
0.09965051302275368 0.17325680065701354 
0.08577703282014922 0.1587696710011074 
0.08577703282014922 0.1587696710011074 
0.0896559645366739 0.17578755926359912 
0.08840020061416748 0.17161752204004058 
0.16454668050222931 0.1844720946922196 
0.1382284793100844 0.17897764854874676 
0.14969680512941613 0.1804209047056768 
0.1667025510872257 0.1437395179722848 
0.1577324973982446 0.13910982130395425 
0.1577324973982446 0.13910982130395425 
0.1594616915505277 0.14665336390081704 
0.17200529690190383 0.14265026717559928 
0.14616575893281153 0.1475482582949941 
0.17119172622548642 0.12448929106770201 
0.1785489122506923 0.12126791989870439 
0.1785489122506923 0.12126791989870439 
0.1785489122506923 0.12126791989870439 
0.1785489122506923 0.12126791989870439 
0.14976623167277953 0.14906332241203984 
0.14976623167277953 0.14906332241203984 
0.14976623167277953 0.14906332241203984 
0.151466468202799 0.1372899563840514 
0.12935849297096924 0.17368302645473718 
0.128257213452196 0.16598833417658698 
0.13027415820417104 0.13706829209024 
0.13027415820417104 0.13706829209024 
0.12452683888270102 0.14208326517296302 
0.15750413795425902 0.09889574446159198 
0.15750413795425902 0.09889574446159198 
0.15750413795425902 0.09889574446159198 
0.13952972228576374 0.11104634844083093 
0.13825938722309802 0.1504887196489334 
0.13338620204432436 0.16287303883169182 
0.13789158305232482 0.15142342745922663 
0.08858762906978261 0.1982626715343734 
0.16442759974449145 0.17397541747727807 
0.06805153389764995 0.1709567345146471 
0.1229880272288526 0.2014197115935997 
0.08360657680116772 0.17637774530824804 
0.16546237520449447 0.18426737358824816 
0.089472350714742 0.17141326831107076 
0.06192589368704025 0.12302213940718915 
0.06192589368704025 0.12302213940718915 
0.06192589368704025 0.12302213940718915 
0.06192589368704025 0.12302213940718915 
0.06280880471699127 0.1228286064218472 
0.09986202217554019 0.15885248345447883 
0.10571806436374256 0.17724711558440948 
0.1481645748199662 0.1748626001529562 
0.09850167655731541 0.19235267298188635 
0.0906041105520582 0.2012877698731188 
0.09158709136215948 0.20591058066220602 
0.09938056836711523 0.19572933986295174 
0.07077840011581236 0.18549479041839967 
0.10012966404853572 0.17590919720337497 
0.10697925492371796 0.1682866159528034 
0.14104775447426776 0.1751135276343183 
0.0831677791649398 0.19698914429571143 
0.0831677791649398 0.19698914429571143 
0.06596581466829105 0.16147217859128396 
0.06522731356782933 0.15559322197087183 
0.07756423614588817 0.19335426520455928 
0.08934277704750761 0.1605765059755239 
0.08122542888120247 0.16940766942837926 
0.07325128777617355 0.20225876029306258 
0.07475968678774239 0.1983534626362165 
0.13551639259847487 0.17393814351691775 
0.11107467860977283 0.22928344828245562 
0.11107467860977283 0.22928344828245562 
0.11107467860977283 0.22928344828245562 
0.11332091515739975 0.22476452669489527 
0.062389301320652735 0.23072426680582078 
0.12404979626202814 0.1769238745072707 
0.12990601052245315 0.19031182870214272 
0.07379353233331498 0.15387370353319954 
0.06849222760782551 0.15202899895711788 
0.13831280558850062 0.18315346943428343 
0.13092433587037566 0.1848958901010116 
0.0829952365714461 0.18217553063089542 
0.15560517279879132 0.18045012543974426 
0.13736696041022123 0.18761126059357905 
0.16113032449007794 0.1700179756100154 
0.1529066782146275 0.1388815735189167 
0.15302019394492677 0.13882603753168865 
0.17333293168516806 0.12407372311887732 
0.17553441692159433 0.11285800107521081 
0.17553441692159433 0.11285800107521081 
0.17553441692159433 0.11285800107521081 
0.14196063199071676 0.1376147263011926 
0.12716059554015552 0.09869829699293436 
0.12716059554015552 0.09869829699293436 
0.12716059554015552 0.09869829699293436 
0.12640747332009492 0.10143318689021921 
0.12640747332009492 0.10143318689021921 
0.12640747332009492 0.10143318689021921 
0.12640747332009492 0.10143318689021921 
0.12640747332009492 0.10143318689021921 
0.12640747332009492 0.10143318689021921 
0.13093415214933693 0.12391073353183008 
0.145447770423586 0.12935220887838986 
0.1522266261152489 0.11563010718346009 
0.15351564531093562 0.09941650810487163 
0.16405791106901324 0.09371208018424283 
0.12964362375173613 0.12764521693204472 
0.12964362375173613 0.12764521693204472 
0.11666693538569843 0.12176236024905152 
0.1140353411791234 0.1291805280938566 
0.11481302200971064 0.1312475512135058 
0.09025591810848942 0.0911704697460284 
0.09546778452093577 0.10178951474548714 
0.09546778452093577 0.10178951474548714 
0.09546778452093577 0.10178951474548714 
0.09546778452093577 0.10178951474548714 
0.09546778452093577 0.10178951474548714 
0.10108686731138948 0.12952891004439526 
0.11148494533569729 0.13979140874312984 
0.11148494533569729 0.13979140874312984 
0.07355748188255579 0.21464592007434552 
0.07355748188255579 0.21464592007434552 
0.07355748188255579 0.21464592007434552 
0.07355748188255579 0.21464592007434552 
0.08518871885219459 0.15826116867349357 
0.10173835089812727 0.1636469922061825 
0.1690354072236801 0.1910952688782831 
0.10751090141449342 0.21835205550683706 
0.10751090141449342 0.21835205550683706 
0.10751090141449342 0.21835205550683706 
0.13706751221733932 0.19727520439148966 
0.13706751221733932 0.19727520439148966 
0.14550576953500843 0.15939910545379388 
0.06917063953377137 0.1586452204761422 
0.1283238756504673 0.1766998468787309 
0.12314002814027822 0.18777847797077538 
0.15976458678810904 0.16739910582341674 
0.16946516446659957 0.1844438538797321 
0.17729233960906862 0.16029640413400806 
0.17700236670701133 0.15437055338834924 
0.13484917163022128 0.2083218247017816 
0.1396658269062039 0.21270496907342443 
0.13813164481127468 0.21560923280946934 
0.14029823498840058 0.22665853158092747 
0.1382727068717855 0.22331706959205616 
0.1382727068717855 0.22331706959205616 
0.13937281236962362 0.21532048252585176 
0.07281492006750082 0.15322202904859034 
0.08712922283592353 0.15551470577344254 
0.09966128936850215 0.14735534545955495 
0.15090745091695157 0.17807774759688458 
0.09075012555680939 0.17025701010650174 
0.1698832680407738 0.18025343086141674 
0.06235438891585515 0.18125356223866732 
0.06320878981707445 0.16960940145030443 
0.13499211444017495 0.18113883761086963 
0.1056362149130601 0.15941003388360972 
0.14542622521207973 0.20320164638754448 
0.1490878231483515 0.21049823496146908 
0.11177406285380921 0.1762460872248024 
0.09283115040794829 0.14912102790335727 
0.09432835847608256 0.15292649719396212 
0.11361317711875615 0.17297771299421988 
0.07051612871592844 0.1613045410073703 
0.09407588157755284 0.16129823979277946 
0.10624555586340505 0.1795291694626322 
0.08343338691213574 0.18198591115412954 
0.16745278937302532 0.18378576950440972 
0.0677652897479508 0.15679525051896825 
0.07166394948004869 0.173014191689953 
0.11157344578618933 0.20226477044730978 
0.11157344578618933 0.20226477044730978 
0.10932660425288016 0.20434952586861999 
0.11793237237902698 0.23851123970908286 
0.11898097838102818 0.23770960496611823 
0.07740669167988148 0.15903630840285324 
0.118144634107345 0.16115065200087808 
0.15468708128030834 0.19748503348791918 
0.15468708128030834 0.19748503348791918 
0.15690403437949535 0.1992909086137128 
0.15690403437949535 0.1992909086137128 
0.15690403437949535 0.1992909086137128 
0.15278391918301087 0.17878434144990193 
0.0826697530970731 0.1841512394648007 
0.08532325744743753 0.18274863447986286 
0.09731130120485798 0.2012714459333756 
0.08867019369706097 0.19548431223605564 
0.08867019369706097 0.19548431223605564 
0.08883478837763564 0.1952230876663274 
0.09149956607501586 0.19523286259792835 
0.15537837783217007 0.20123821299701364 
0.15537837783217007 0.20123821299701364 
0.11021771919372597 0.17127371399426544 
0.10673577676731397 0.13935178675722373 
0.10673577676731397 0.13935178675722373 
0.12609415343280717 0.1046519399638416 
0.12609415343280717 0.1046519399638416 
0.12609415343280717 0.1046519399638416 
0.12609415343280717 0.1046519399638416 
0.10797790248612288 0.13461869799009663 
0.11687044533697127 0.1778529804877827 
0.07657504738729391 0.18004643212758178 
0.07401212686266541 0.15580678413381 
0.11098977387259994 0.18176578678584548 
0.10956426420242431 0.19567284760248632 
0.10956426420242431 0.19567284760248632 
0.15979958106318923 0.16123751121067437 
0.15979958106318923 0.16123751121067437 
0.13724016483110502 0.1518058403663653 
0.11182182405824985 0.14473933836791697 
0.11182182405824985 0.14473933836791697 
0.08607890413096769 0.19788943552226854 
0.07245166842154051 0.18561438520792534 
0.07684559221170488 0.18722571939508587 
0.15721539524186723 0.1581785846786355 
0.13585764759306482 0.15754933211162087 
0.1059077545616536 0.21143412962686278 
0.1059077545616536 0.21143412962686278 
0.10447233992593782 0.21322840571633306 
0.10447233992593782 0.21322840571633306 
0.06232866672331466 0.1597103440058616 
0.14348749682381606 0.21535707895407194 
0.14212749013847248 0.21529199707783087 
0.14212749013847248 0.21529199707783087 
0.14319310045859399 0.2116774453849017 
0.1638927486053884 0.2408202387475934 
0.1638927486053884 0.2408202387475934 
0.1638927486053884 0.2408202387475934 
0.1638927486053884 0.2408202387475934 
0.11879295550060553 0.23034761073898424 
0.11879295550060553 0.23034761073898424 
0.09503630531354758 0.16490547432400712 
0.12654288549193687 0.15342336429123266 
0.1347144210036356 0.14540061162707005 
0.131465389126302 0.12574110531613034 
0.13463624398549973 0.11293695083993735 
0.13463624398549973 0.11293695083993735 
0.16351217006929925 0.1061920862246211 
0.16351217006929925 0.1061920862246211 
0.15253942054109093 0.10777999282103864 
0.15253942054109093 0.10777999282103864 
0.1496628012220612 0.17943580837072226 
0.06719867988797987 0.18689710950322394 
0.10058845956581858 0.17713203066681543 
0.1378580613467599 0.1678158951914962 
0.07398966689535832 0.15362004879397204 
0.07441308488184462 0.14134565545308453 
0.07441308488184462 0.14134565545308453 
0.07441308488184462 0.14134565545308453 
0.07441308488184462 0.14134565545308453 
0.1161487551681859 0.19732527151313997 
0.12578014771582186 0.24232097691282659 
0.12578014771582186 0.24232097691282659 
0.12505198904185996 0.23811351757493407 
0.14546565798318997 0.23607547196913842 
0.14546565798318997 0.23607547196913842 
0.14546565798318997 0.23607547196913842 
0.14546565798318997 0.23607547196913842 
0.14546565798318997 0.23607547196913842 
0.14546565798318997 0.23607547196913842 
0.14078918315160593 0.23699990454271122 
0.13828220660103405 0.2393513957277206 
0.13681980277214012 0.24456145134766943 
0.145954743715467 0.22711319180718398 
0.13620016510500796 0.21992368353009525 
0.12162348357976402 0.2164023965095621 
0.12199517874376582 0.2162751844822704 
0.06298532745645374 0.17679798027518961 
0.0801661582469185 0.1847828438522204 
0.06426787036115847 0.22767706947020871 
0.06426787036115847 0.22767706947020871 
0.06426787036115847 0.22767706947020871 
0.1575002362957287 0.20978680659586532 
0.08521596819094862 0.17288960264905986 
0.1026716421543525 0.1812933066883842 
0.1179787271421833 0.15019828876437666 
0.0718903755717746 0.19106186380398435 
0.10221389598989097 0.21786164131857955 
0.09207018078071931 0.23390855852247705 
0.15490467265336222 0.2064709066632116 
0.17732209960130002 0.19728993388687044 
0.17529292565210886 0.19828887116910587 
0.08189116002726621 0.1668188706251565 
0.07953766010235885 0.15976356526893631 
0.07255723970771384 0.13691539674023523 
0.07608670792330331 0.14461079705083651 
0.0894057018643318 0.15168887861755775 
0.17834255358088158 0.18052751553008722 
0.09496932248884729 0.16837404212324017 
0.10554892457541454 0.09075879433040937 
0.11810275167292199 0.11006668024824393 
0.11747807228973361 0.11017429642243828 
0.11747807228973361 0.11017429642243828 
0.10248063931637147 0.16088944903593716 
0.17211140642587014 0.17062073323352375 
0.15701940518881224 0.16282649586482908 
0.14991293413272294 0.16685629233603552 
0.17039610918343123 0.16018859782192327 
0.1710616848671895 0.14110638380789825 
0.1710616848671895 0.14110638380789825 
0.1710616848671895 0.14110638380789825 
0.1710616848671895 0.14110638380789825 
0.1710616848671895 0.14110638380789825 
0.1710616848671895 0.14110638380789825 
0.09814626114893044 0.17470301060286056 
0.08602472327865712 0.19193559841444202 
0.07180598987228715 0.1616454153377857 
0.10912418046854427 0.17097153537094067 
0.13198850509716126 0.18754361006810644 
0.13198850509716126 0.18754361006810644 
0.1326002282986052 0.1600075439551678 
0.1508556423097495 0.19918992700222768 
0.14255188208793015 0.1905031325481806 
0.061284682678701644 0.16226887608979965 
0.17803249803646856 0.1614887190933224 
0.15922305097942951 0.23480726546184216 
0.14768932228671514 0.22949163689357882 
0.14768932228671514 0.22949163689357882 
0.14768932228671514 0.22949163689357882 
0.14768932228671514 0.22949163689357882 
0.14889028771110843 0.22584426551337816 
0.14490235349799874 0.22826137455549755 
0.14490235349799874 0.22826137455549755 
0.15054815523837203 0.21772864133605668 
0.1371781803567369 0.21732117329193953 
0.1418134665479953 0.1982615400990221 
0.15747088205599966 0.1787854535077566 
0.15394646545788382 0.16697069517818658 
0.14863498226413457 0.13161660739450115 
0.15135181595195243 0.12924139809962773 
0.14892561302243987 0.13069647623008424 
0.09603694316183171 0.19272412917841725 
0.08705978903898283 0.1909249763181503 
0.062398008734239105 0.23827548105638127 
0.07679276497041372 0.24098973580903554 
0.07679276497041372 0.24098973580903554 
0.07679276497041372 0.24098973580903554 
0.07679276497041372 0.24098973580903554 
0.06840312003679173 0.18490794832038046 
0.16522620099891244 0.16465554692872097 
0.07431875852128228 0.16952245238764516 
0.07940593755866447 0.1848703917613627 
0.0655502607393264 0.17382993022291993 
0.17666327311752286 0.16292438017247612 
0.17666327311752286 0.16292438017247612 
0.17666327311752286 0.16292438017247612 
0.14682724531837701 0.16031803190644967 
0.14682724531837701 0.16031803190644967 
0.14883417362229964 0.18806988357391866 
0.16420928531679377 0.15864777371737904 
0.1280507196185473 0.1474582439886167 
0.1557685391826048 0.12598966898082578 
0.1557685391826048 0.12598966898082578 
0.1557685391826048 0.12598966898082578 
0.15405014615931423 0.14337861885568298 
0.1542525681111066 0.14237073378715032 
0.15448445467648944 0.13762229347698868 
0.15448445467648944 0.13762229347698868 
0.15448445467648944 0.13762229347698868 
0.15448445467648944 0.13762229347698868 
0.15448445467648944 0.13762229347698868 
0.1580487340502162 0.12963617604274288 
0.16089319958061551 0.12875207303523167 
0.13692082512508247 0.131958298681576 
0.13849425602400633 0.13430559773567322 
0.13660150636602353 0.13300167028985593 
0.07937534489920474 0.17921187544139328 
0.12160974948704656 0.17313677542435754 
0.127364979617752 0.1749384803786266 
0.1517222583335565 0.17268133894815257 
0.11779508229901711 0.21625043536751315 
0.11779508229901711 0.21625043536751315 
0.11779508229901711 0.21625043536751315 
0.11779508229901711 0.21625043536751315 
0.12152386514042204 0.21210814552766477 
0.12113890388984763 0.21244978465008924 
0.11702435137026793 0.21347346784132476 
0.11702435137026793 0.21347346784132476 
0.12715800206294278 0.23468236694693292 
0.14880221209222738 0.2511236466008723 
0.11515936976765864 0.21662074442719104 
0.09297033197069582 0.20476586219397572 
0.09297033197069582 0.20476586219397572 
0.09297033197069582 0.20476586219397572 
0.10603307935633746 0.18083009691437466 
0.17096858370298104 0.19216530482340452 
0.13431151510547537 0.1756106457931701 
0.12136682954284769 0.122593032676305 
0.12692624203798575 0.12103769524766848 
0.10863971428442531 0.12865757524816068 
0.10863971428442531 0.12865757524816068 
0.12209487499432006 0.1437219782429028 
0.07668341393595732 0.1632814657666733 
0.10484894007742622 0.18056379452728413 
0.11108416696022645 0.18907221710282013 
0.07377187657349993 0.15699729525372408 
0.09953153497183412 0.1580835141725886 
0.11806015244552388 0.18900586314412593 
0.16632777712497476 0.18513143115196692 
0.16957143380782902 0.17357113902132323 
0.12397984232308243 0.16712485159831192 
0.14782441001498275 0.1819898653209062 
0.16950296594979838 0.14950740408835184 
0.16955467312907171 0.14984751655359432 
0.1746800819762615 0.14734502306081315 
0.1746800819762615 0.14734502306081315 
0.17415573645757562 0.14888449956966818 
0.17415573645757562 0.14888449956966818 
0.17415573645757562 0.14888449956966818 
0.10512620441531034 0.2351893488382154 
0.10706716448513125 0.22907091440511596 
0.10634075361020562 0.23506734952415598 
0.1142923421567397 0.22432016222955464 
0.1339487424833068 0.1464530820350734 
0.13409112470421228 0.1466912732284985 
0.11583560577154987 0.12865556651197257 
0.11583560577154987 0.12865556651197257 
0.10968449906626798 0.11895181735499684 
0.10968449906626798 0.11895181735499684 
0.09669812535359804 0.10469368011488689 
0.10338957808653623 0.1314588029816987 
0.11024614280804362 0.14210473736884938 
0.11074701071051136 0.14511376962591097 
0.12427469195702655 0.1182862739362816 
0.12427469195702655 0.1182862739362816 
0.12012290166781378 0.1210822128001286 
0.10710045505483579 0.09188002045235022 
0.10967452006074631 0.09895725224011712 
0.1081452124968022 0.09723306404875297 
0.09901670191826478 0.11693553051212227 
0.09901670191826478 0.11693553051212227 
0.10479793840735316 0.16641966184286056 
0.1460946710544145 0.16369199908006835 
0.1749448518407656 0.14479267235856721 
0.07888353039842681 0.17263111696022904 
0.15894961956257603 0.1570415152703154 
0.15894961956257603 0.1570415152703154 
0.14949620674157776 0.15636808134452643 
0.14796486581302137 0.2314115686848933 
0.14796486581302137 0.2314115686848933 
0.14796486581302137 0.2314115686848933 
0.15592076865506813 0.2234884515744805 
0.164106504072436 0.2548242615254618 
0.16291794977514867 0.2542648258378438 
0.13751666567198695 0.1517684296187205 
0.16838081737552393 0.1350381530591517 
0.16838081737552393 0.1350381530591517 
0.17155880257874156 0.13025626960048337 
0.16584096833491876 0.14287048924888557 
0.173732452958872 0.18583333962147497 
0.1299722206639956 0.17883773355197843 
0.16159733634395562 0.18698614116842524 
0.16159733634395562 0.18698614116842524 
0.08199853832138483 0.16616115614232416 
0.06622663064398705 0.19406543041502572 
0.06622663064398705 0.19406543041502572 
0.09405555020901446 0.19379443732489024 
0.13435833323469729 0.17342344232965623 
0.10234961624667774 0.18710160061032965 
0.15934330278188358 0.19666164956198762 
0.12663618529262577 0.21570562289466422 
0.12498475240803782 0.21368951341328515 
0.11952414880850648 0.19884927873336167 
0.073752070444974 0.21633701093663973 
0.073752070444974 0.21633701093663973 
0.10902986510381575 0.2208553432093338 
0.11224787242111577 0.2244135792298455 
0.12847239131382987 0.15414534422341014 
0.12967354291406064 0.14646922241825508 
0.13743174192518182 0.1614729832497343 
0.09330654353607334 0.19104494192862387 
0.13032976070335148 0.20173589925768295 
0.13577597410738135 0.20528466586788888 
0.08751575621271727 0.16271765418478867 
0.1371811093301567 0.15701927750052477 
0.17179291184260673 0.1680064728264778 
0.16396958604481612 0.1594890267718606 
0.12985723210335112 0.15815765289887834 
0.11581836358168435 0.17611971147406735 
0.08816947908290093 0.14832930642436654 
0.09061882470275986 0.1471964029237908 
0.09036570127330593 0.14591444600865272 
0.09036570127330593 0.14591444600865272 
0.09036570127330593 0.14591444600865272 
0.09036570127330593 0.14591444600865272 
0.09057755138387487 0.14658745720770158 
0.09933004529705668 0.14839056218895724 
0.09801797194122241 0.1449326338668241 
0.106416055176741 0.15408812023783328 
0.106416055176741 0.15408812023783328 
0.08144136424432948 0.1844582347165715 
0.173673635067527 0.1609322337361469 
0.14836023629020975 0.18366576700371276 
0.10303965347745436 0.1931651314307944 
0.10109923359513198 0.19258096764445198 
0.12010648177055458 0.16355224760282933 
0.15114200250983487 0.18386142876302428 
0.15679653021812673 0.1824676406378382 
0.08685168432963893 0.14278098776340697 
0.08681372298772992 0.14278335395396063 
0.08728245507334076 0.12731819059355906 
0.10809306249110459 0.1403177364303635 
0.10809306249110459 0.1403177364303635 
0.10495748551872858 0.14044520303887945 
0.10306428484381633 0.14465933494297747 
0.06876532662697113 0.11782702997067966 
0.0660217522129761 0.11784796330617968 
0.06555271081998516 0.09973540338307624 
0.06555271081998516 0.09973540338307624 
0.06555271081998516 0.09973540338307624 
0.0798964529468562 0.13689478144468975 
0.10428459965289978 0.15287766524701293 
0.08609950673954295 0.14299805545870195 
0.08609950673954295 0.14299805545870195 
0.07582501431263075 0.1432808331763308 
0.07251671054144482 0.19295777141966577 
0.10041135323202502 0.17404181724402734 
0.09493321553732158 0.17290565348675627 
0.12475831969046222 0.23278879159643784 
0.12943743833590438 0.23412526179032397 
0.1310672558669361 0.18159316288479369 
0.10058327220552071 0.18722065784465675 
0.16598334114333255 0.17429576037552225 
0.12898261260235325 0.16786168800607026 
0.09283429680836959 0.18445474876327803 
0.10669768025276405 0.16615238601767132 
0.07974650217183069 0.19309580828428421 
0.08949107514062127 0.2117046003385806 
0.08949107514062127 0.2117046003385806 
0.08516177866304936 0.21770096819683388 
0.08516177866304936 0.21770096819683388 
0.07471586244962711 0.23055739035258857 
0.10271989459045179 0.2292643246056408 
0.09465482693019725 0.22702271932563695 
0.09465482693019725 0.22702271932563695 
0.09663260489240413 0.22732472827833777 
0.09663260489240413 0.22732472827833777 
0.09639512735468932 0.23846298945768946 
0.09639512735468932 0.23846298945768946 
0.09639512735468932 0.23846298945768946 
0.09514571826963247 0.2396026907955578 
0.09731343135660825 0.24139072363650876 
0.0971766317539447 0.24296899933267205 
0.0971766317539447 0.24296899933267205 
0.08165113350728993 0.24990374841399252 
0.08165113350728993 0.24990374841399252 
0.08023788611246502 0.24214671180482827 
0.08078584532428693 0.23665001998013993 
0.08078584532428693 0.23665001998013993 
0.08078584532428693 0.23665001998013993 
0.07628713758943734 0.24024571907557304 
0.07628713758943734 0.24024571907557304 
0.07571631879689492 0.24007045044374012 
0.07785218584472951 0.23338022166844907 
0.07785218584472951 0.23338022166844907 
0.07785218584472951 0.23338022166844907 
0.07003949967238202 0.22260114877747073 
0.07003949967238202 0.22260114877747073 
0.07003949967238202 0.22260114877747073 
0.15866184693386626 0.16025272078181726 
0.14345199949621118 0.14611088470488337 
0.16298211670240864 0.09931175714656146 
0.14730380897359996 0.1349370165467561 
0.14730380897359996 0.1349370165467561 
0.14714229035679188 0.14512176286435902 
0.17822064899077422 0.1266395731332453 
0.17822064899077422 0.1266395731332453 
0.16536623378457527 0.13912314802026238 
0.16054894242702372 0.13978953978553085 
0.1602136533945085 0.1399737860690844 
0.15892834411203158 0.13644373621022293 
0.1604219453829978 0.1384397035233925 
0.1604219453829978 0.1384397035233925 
0.1604219453829978 0.1384397035233925 
0.1509499459829278 0.13955358626818862 
0.1628313705380327 0.18787874594482856 
0.176776749982306 0.16794188674691032 
0.13761048869261056 0.19797898068997247 
0.1754721377152062 0.21667114286551392 
0.1754721377152062 0.21667114286551392 
0.12266895943516912 0.17520005251549126 
0.1586630312265848 0.1940330306010251 
0.1709854604560048 0.18901229006486203 
0.18104899599051766 0.20057617632028618 
0.12832107709150178 0.2000589706410695 
0.12832107709150178 0.2000589706410695 
0.07142020138506866 0.18661114028361686 
0.15528210104233664 0.20072037263500786 
0.09268652288565038 0.1766512903577637 
0.15201015577870053 0.1586528680712382 
0.1537765317944189 0.15630731133319065 
0.12231758930860637 0.19731748434099217 
0.10325773235810479 0.1868553980973008 
0.10325773235810479 0.1868553980973008 
0.09520698101311258 0.16653112249148835 
0.10924708977192432 0.1627672293207884 
0.061128648010669265 0.1895090461678764 
0.13221056011365262 0.205688925628264 
0.1359940251473971 0.20247862841108677 
0.17743731306020624 0.17215928261364657 
0.1786904790980955 0.1544784220941245 
0.07012931284305457 0.15412889754356954 
0.0694201622963888 0.09400074261467178 
0.0694201622963888 0.09400074261467178 
0.07113719385527023 0.09573316775932758 
0.07113719385527023 0.09573316775932758 
0.0713304809479237 0.099285101068421 
0.10743177931975881 0.16269661918593278 
0.14537595272919498 0.1955463709085054 
0.14537595272919498 0.1955463709085054 
0.17852891012763877 0.1574649780238972 
0.14770714143705804 0.19278191872979408 
0.14488396560950825 0.2483046105464004 
0.14488396560950825 0.2483046105464004 
0.0932106488140471 0.16268298748180438 
0.06738004045397425 0.2125111666379853 
0.07441484897045286 0.20592771399479942 
0.13521547537009734 0.15103193410561805 
0.138930737768237 0.1512786636157074 
0.08853336963488549 0.18412143496248634 
0.15088937067023028 0.17070892811046412 
0.09007265697371998 0.1744376853295941 
0.11272867733264175 0.1968398841599166 
0.06552955281038668 0.19876198296961767 
0.09459482888272715 0.16270724255213165 
0.09417739529418667 0.18133367391583513 
0.1741056239748211 0.16829931163458253 
0.1652167630330151 0.19330287300175358 
0.179458115054347 0.19377992046059056 
0.17930882726199254 0.19371816236434722 
0.07012921755080269 0.18485989508791922 
0.08058831374972067 0.19715889374621554 
0.1739990487346154 0.14957501975046514 
0.16348578534087835 0.14891159686002056 
0.13701377324404934 0.20090029130037199 
0.06567987767354176 0.16972111085469305 
0.06815325934602107 0.17047956196005676 
0.08660089795174669 0.2010666403168482 
0.16820858713153736 0.21156809768433077 
0.08705987311432212 0.177813414433493 
0.15207330313390294 0.16917706270352798 
0.07925180279716197 0.16333767598544216 
0.06927774483889723 0.19768116269144675 
0.11538109585302819 0.15647122100463198 
0.1511027273005788 0.1969150693629208 
0.15090826840278354 0.1985547932669556 
0.12963474833343658 0.17435148327271643 
0.0656240408636052 0.17749664341804897 
0.12046097123736876 0.1679852325605855 
0.10176109342897768 0.16954028077960387 
0.07883272449379879 0.1557746971416527 
0.09348335944453548 0.19650491626998026 
0.09633731681987591 0.15988929274597102 
0.07542222297904708 0.15069813854075353 
0.07542222297904708 0.15069813854075353 
0.10258559462781365 0.1593893683203193 
0.10038154148195456 0.17405978598107374 
0.1610318549969666 0.15792123995037594 
0.1610318549969666 0.15792123995037594 
0.156658033261096 0.1514767412051127 
0.10472804446956355 0.1819088762390387 
0.1319420621362008 0.16652601460487518 
0.12192283747110644 0.18652213934465356 
0.12664397149223836 0.16343460795358467 
0.10182073035662428 0.12339154576819772 
0.10273753532658597 0.14296909297105442 
0.0990702457281066 0.1484348644528643 
0.0990702457281066 0.1484348644528643 
0.09686557491250254 0.14808229429336273 
0.09337596667307406 0.15576902024209405 
0.0612866737544396 0.16447124495672155 
0.12130225972641497 0.18878663835330847 
0.11395479358507732 0.21104818249309157 
0.13919954405580987 0.15681348638361378 
0.13919954405580987 0.15681348638361378 
0.10431060006285134 0.19306617976592935 
0.110592536592063 0.21984795185198489 
0.0884259810727547 0.24415510086336906 
0.0884259810727547 0.24415510086336906 
0.0884259810727547 0.24415510086336906 
0.0884259810727547 0.24415510086336906 
0.0884259810727547 0.24415510086336906 
0.0884259810727547 0.24415510086336906 
0.11849439977776484 0.20818366873187003 
0.14428589938911346 0.23243823960384946 
0.15540002352977011 0.23875897751273553 
0.13668630988433852 0.21756255271856595 
0.13668630988433852 0.21756255271856595 
0.13668630988433852 0.21756255271856595 
0.14728426453195032 0.22600605709228683 
0.14728426453195032 0.22600605709228683 
0.14658883247072227 0.2269898874878645 
0.11004898556869346 0.1938984158625947 
0.12492599017438977 0.19673197377657387 
0.12492599017438977 0.19673197377657387 
0.14776875748647744 0.1582600417002403 
0.07447215605216506 0.18991237709120867 
0.1139130328930529 0.17397833985248495 
0.09502609020279788 0.18133028665005482 
0.17445809708946342 0.1754624292845204 
0.16014338312034715 0.18202789972566366 
0.14661394811022194 0.16353347603330975 
0.07401008921983417 0.160981368788578 
0.1454265232683283 0.19167723224449215 
0.10090087273205321 0.1487302809442047 
0.10090087273205321 0.1487302809442047 
0.10940273047674604 0.15201830773453667 
0.10999976050701028 0.15212904969375682 
0.0894136532738912 0.18324978724199123 
0.08998075217265424 0.23825143863866852 
0.09239484455384332 0.22048960458944367 
0.10898037161656084 0.19559455431402348 
0.07377795883304111 0.1462234058191217 
0.07377795883304111 0.1462234058191217 
0.07377795883304111 0.1462234058191217 
0.07377795883304111 0.1462234058191217 
0.07377795883304111 0.1462234058191217 
0.07302708683127743 0.18976654002971044 
0.1454881637199181 0.22074933846807904 
0.1454881637199181 0.22074933846807904 
0.1454881637199181 0.22074933846807904 
0.15171468526785709 0.22748776068501475 
0.13876583926248132 0.2117892387617434 
0.1496283917936838 0.17246951853170156 
0.13488699371006163 0.17430524096023375 
0.12349257392227038 0.16632649536046165 
0.10357425123086018 0.19440542087790666 
0.13663720480993452 0.1793521116482613 
0.09479392834149053 0.16362627358502413 
0.09479392834149053 0.16362627358502413 
0.13278724901517805 0.16521999274126836 
0.15080317862187093 0.1405947531724468 
0.1501725343637052 0.1410011128861045 
0.1501725343637052 0.1410011128861045 
0.1501725343637052 0.1410011128861045 
0.13819453556430095 0.11851849702413875 
0.13819453556430095 0.11851849702413875 
0.13819453556430095 0.11851849702413875 
0.13819453556430095 0.11851849702413875 
0.13088320590474103 0.1661679036940092 
0.1266253826711983 0.15975381096674934 
0.11985202381257506 0.13958839341342608 
0.11968858147178238 0.13811606664247306 
0.11968858147178238 0.13811606664247306 
0.11968858147178238 0.13811606664247306 
0.13056072054066878 0.13757215557658392 
0.13056072054066878 0.13757215557658392 
0.1270115888680513 0.14452267383374595 
0.127402595282585 0.14155132820101002 
0.13259887837081072 0.13038405829280675 
0.12657808777352061 0.12467636802102439 
0.12944121173098097 0.14158911923807022 
0.1291765700098876 0.11447279726682413 
0.1291765700098876 0.11447279726682413 
0.12376153218791011 0.1461144397327856 
0.13065420091520966 0.14996261060166433 
0.14388093944353347 0.20099073987028498 
0.12916250789115227 0.24288907865517714 
0.12916250789115227 0.24288907865517714 
0.12916250789115227 0.24288907865517714 
0.12640107985395926 0.2312440321699316 
0.10657752245556398 0.250957925798363 
0.10657752245556398 0.250957925798363 
0.10657752245556398 0.250957925798363 
0.10657752245556398 0.250957925798363 
0.10657752245556398 0.250957925798363 
0.08912540003354172 0.2479125179459647 
0.08912540003354172 0.2479125179459647 
0.1410447839575007 0.1520740751763441 
0.15646223274776833 0.14134082969533793 
0.15646223274776833 0.14134082969533793 
0.1521121311659377 0.14237092884325303 
0.1521121311659377 0.14237092884325303 
0.1521121311659377 0.14237092884325303 
0.06063747354033971 0.19847101006168602 
0.063212722300518 0.19402074272521108 
0.11529295201741724 0.21619057721452883 
0.11529295201741724 0.21619057721452883 
0.13159481854784438 0.15428498748298608 
0.13159481854784438 0.15428498748298608 
0.12478089613881316 0.19955594678411656 
0.12223986814829613 0.1604912837237903 
0.07040103309009538 0.15676784247935902 
0.09771603596474168 0.18656803178771128 
0.17411695436410393 0.18892124246227543 
0.1297109680123774 0.1987610725095364 
0.1297109680123774 0.1987610725095364 
0.07445298120785364 0.15789214812249264 
0.0711727609558329 0.19825707778974494 
0.08271711106364606 0.1662839227255643 
0.08460185864712212 0.1827875349650295 
0.08296728010755323 0.19107084840000957 
0.09974270879354387 0.19470099326858387 
0.06311224401111097 0.20104982305795535 
0.1245524150236228 0.19442327037994447 
0.12929484210420952 0.19261983027858515 
0.16506529101755818 0.19007220128380936 
0.16899957758961723 0.18260890611658434 
0.17827842407147626 0.1665166244415836 
0.09369282854846928 0.1872062663435617 
0.14689709873939052 0.15214272012595714 
0.14660316142784263 0.152191064922335 
0.16487726702720767 0.11768390776878784 
0.16487726702720767 0.11768390776878784 
0.16487726702720767 0.11768390776878784 
0.16087232103693694 0.12093517652391605 
0.17363887099551523 0.09505641825822558 
0.17363887099551523 0.09505641825822558 
0.17363887099551523 0.09505641825822558 
0.17664106871487817 0.09177759561144468 
0.17664106871487817 0.09177759561144468 
0.16363496498061147 0.10800783007282046 
0.16363496498061147 0.10800783007282046 
0.144068844166779 0.13565012241933694 
0.144068844166779 0.13565012241933694 
0.144068844166779 0.13565012241933694 
0.16489695926992187 0.11365537060997909 
0.14776699287995565 0.11233958094251051 
0.15136547014037122 0.124789347931305 
0.1529362516781997 0.12419778599544481 
0.14376696683758822 0.11921271211673734 
0.14866977377288124 0.12286831019576158 
0.14866977377288124 0.12286831019576158 
0.14866977377288124 0.12286831019576158 
0.15095913573244513 0.13199944007706146 
0.15095913573244513 0.13199944007706146 
0.15095913573244513 0.13199944007706146 
0.163616658905958 0.1830492472518794 
0.18061418336967092 0.12496221154748452 
0.18061418336967092 0.12496221154748452 
0.17621473778600188 0.1273223946176277 
0.17621473778600188 0.1273223946176277 
0.17621473778600188 0.1273223946176277 
0.17910695345528482 0.1271784318367732 
0.07080889001891265 0.15955170730973037 
0.11211595631473717 0.15272395168913136 
0.1001578026599322 0.13634788347569282 
0.1001578026599322 0.13634788347569282 
0.06099311186774413 0.1755222195426437 
0.1314577347051687 0.19968106524552554 
0.06287755542589456 0.1536056489014229 
0.13605467165156848 0.16941373199163237 
0.1540485671701378 0.13821586727769009 
0.17849120240144706 0.09041522654507321 
0.13148710646849102 0.14671729301296044 
0.13148710646849102 0.14671729301296044 
0.13270680832234277 0.14154009936072387 
0.1467422096704574 0.1070299683370487 
0.15362558036483856 0.1386467870992399 
0.16233490053022465 0.14679649241844017 
0.07985689409361388 0.15621557567226282 
0.09815672648795949 0.14521128896585456 
0.09015654042516871 0.11382036539810209 
0.09015654042516871 0.11382036539810209 
0.16084131383389547 0.20220425923740024 
0.16164931620803957 0.20162414421689726 
0.12138810157577329 0.1629958098368628 
0.1360683461189317 0.17350478289495905 
0.16939073724174977 0.21417810119717307 
0.16939073724174977 0.21417810119717307 
0.16939073724174977 0.21417810119717307 
0.16939073724174977 0.21417810119717307 
0.16939073724174977 0.21417810119717307 
0.16939073724174977 0.21417810119717307 
0.16939073724174977 0.21417810119717307 
0.17655065984639381 0.2142493809551415 
0.17730514832472044 0.21884307446987272 
0.17730514832472044 0.21884307446987272 
0.16283087294715956 0.2092825765518646 
0.16803150624806612 0.23628773150555138 
0.16803150624806612 0.23628773150555138 
0.15888250878946 0.22233464454225854 
0.09693808388521877 0.16016836073477075 
0.17085959267877826 0.1888043144875378 
0.07533488181847797 0.17600881974913052 
0.0611446202846333 0.1465576002682366 
0.0611446202846333 0.1465576002682366 
0.0611446202846333 0.1465576002682366 
0.0611446202846333 0.1465576002682366 
0.0611446202846333 0.1465576002682366 
0.06106643386618054 0.14835517902955112 
0.06106643386618054 0.14835517902955112 
0.06245829540954271 0.15032013939524522 
0.06245829540954271 0.15032013939524522 
0.06115770337098539 0.11438081158855877 
0.06115770337098539 0.11438081158855877 
0.06115770337098539 0.11438081158855877 
0.06115770337098539 0.11438081158855877 
0.07154101889503887 0.11815254599535718 
0.07154101889503887 0.11815254599535718 
0.07919937604888476 0.14480466894374708 
0.1432032411202296 0.14798378244599747 
0.1646316398804976 0.1843751214989765 
0.13768684258626615 0.17977988808254572 
0.16403406856319203 0.19102602236409508 
0.06304927807672661 0.18756780397615835 
0.06244534686786795 0.19673501523015308 
0.06244534686786795 0.19673501523015308 
0.08964473747287181 0.17197500400553556 
0.1144311673188682 0.1736182728811041 
0.12338709011718876 0.19782577709427962 
0.09457837021321697 0.15783035836905768 
0.06420505145538771 0.19327675036617645 
0.13022772485929726 0.15495405271296167 
0.12570054502727773 0.15636545983101702 
0.12570054502727773 0.15636545983101702 
0.1611736558844412 0.19506615488994886 
0.12794972556751208 0.15374351965732447 
0.13427010513502355 0.12138456636045476 
0.13427010513502355 0.12138456636045476 
0.13427010513502355 0.12138456636045476 
0.09800480654270477 0.22185257256239452 
0.099262178060554 0.25078570119867444 
0.099262178060554 0.25078570119867444 
0.11494864678035574 0.25020485232496686 
0.11308217658373662 0.2417485391107652 
0.10252839702997381 0.20098925037075652 
0.08652654238744753 0.2266755434674085 
0.08652654238744753 0.2266755434674085 
0.08125290653156554 0.18131479460130484 
0.14171430503024113 0.16670915913210854 
0.12067770746752299 0.17663802348444343 
0.12090185751394097 0.1851551288972806 
0.12752718632268922 0.17586662119398674 
0.07456827287322125 0.16765538705423136 
0.08541964210444412 0.17783872070721898 
0.13940763896570496 0.16041939048242243 
0.08606239725757317 0.1569274867962912 
0.08364765198939811 0.16620752763124655 
0.17319291438081832 0.1832910381810427 
0.07378365889120059 0.18612420129298252 
0.09479137149984013 0.20022935014897805 
0.08735202429269999 0.2189991093730574 
0.07567338393099368 0.22536322970831166 
0.07495872174599535 0.21308444407831567 
0.112162359989916 0.1985396495051483 
0.11190556931083728 0.19798543850046713 
0.12546400714265157 0.15767012733667737 
0.12546400714265157 0.15767012733667737 
0.12697440138117005 0.20707574131284592 
0.1466256404684672 0.2533753421002049 
0.1466256404684672 0.2533753421002049 
0.12640555669288245 0.21315569527964776 
0.11994301100813076 0.2243973997490153 
0.11994301100813076 0.2243973997490153 
0.11010022014121194 0.21378441371131196 
0.16894472210361494 0.16866316557011315 
0.14804528032893297 0.16361535576653025 
0.13542285998745818 0.17873674263231012 
0.1784171091194951 0.17089024570151362 
0.10996362423468574 0.17091495077807686 
0.1296581974927924 0.17329460351067985 
0.14728435315764588 0.15849111818035996 
0.07016091202436424 0.1817010627978507 
0.12022160117928382 0.19089097563607324 
0.16226088500858948 0.16261290842639128 
0.09138572981253093 0.19044560999688126 
0.1681316343675271 0.19634913402392282 
0.17032521740155257 0.19362518186725167 
0.1703213240063009 0.19341542942346346 
0.10196473688875049 0.19371148356981543 
0.17999678014568168 0.19374044905494517 
0.06317421226258138 0.15647367862472883 
0.13897683550138085 0.18350838604810513 
0.09656289875167598 0.1925388400595994 
0.1457338865501001 0.181282854380671 
0.158075790354295 0.16717218810393966 
0.12202540774590867 0.17927482147965812 
0.07289714420222414 0.16292583380500877 
0.07231986332520779 0.13311977265816036 
0.06163170508061921 0.12288617016498718 
0.06079944429921322 0.12185283236229044 
0.06079944429921322 0.12185283236229044 
0.06079944429921322 0.12185283236229044 
0.07091286647330997 0.12349925441713411 
0.07091286647330997 0.12349925441713411 
0.07091286647330997 0.12349925441713411 
0.07091286647330997 0.12349925441713411 
0.07091286647330997 0.12349925441713411 
0.07091286647330997 0.12349925441713411 
0.07091286647330997 0.12349925441713411 
0.06530744625867674 0.10471203040855064 
0.17188790184120523 0.20455938580313626 
0.12058050920076654 0.20606533324339865 
0.12259734564803726 0.20584412817802755 
0.09199895472315749 0.23226555220484435 
0.08828407808039603 0.17928016587268011 
0.16902358783405255 0.18085344995942107 
0.12536034193304735 0.16749565014716367 
0.17645747708070472 0.16488472988936542 
0.1530039780004452 0.2021871901916821 
0.14786342691556403 0.22752920343058686 
0.15198178172166907 0.21092150418240385 
0.1507031955881213 0.25050226496336325 
0.1408262935308513 0.22750254797616662 
0.1408262935308513 0.22750254797616662 
0.10679128621249903 0.217212814803796 
0.10381884276603681 0.21807724807487372 
0.09671131468549818 0.22719193610529492 
0.09558210826643779 0.2285910205664889 
0.10122999947409152 0.2386523714125405 
0.09714488624651015 0.22978998054251626 
0.09714488624651015 0.22978998054251626 
0.09714488624651015 0.22978998054251626 
0.095980920949469 0.22323203254708007 
0.09589533450028877 0.23427691172128173 
0.1458872996541366 0.21480129218513455 
0.1458872996541366 0.21480129218513455 
0.15689433486518367 0.2416612037394107 
0.1561172503107923 0.23322212813799786 
0.1459098600507371 0.20953823346171846 
0.16048136516357384 0.21612566094087896 
0.07823084981948616 0.20516040471911595 
0.06715673423133975 0.17779464396558017 
0.15182556795659533 0.16067537229210183 
0.12126579720534825 0.15262851448457568 
0.10714576227240988 0.15100467927280717 
0.1448145947338382 0.14827212415392974 
0.13049365534475588 0.1750233410362983 
0.10564243629100273 0.15654794917967135 
0.11495860228125358 0.145494413342434 
0.11560508261525046 0.14459766301193283 
0.11560508261525046 0.14459766301193283 
0.11560508261525046 0.14459766301193283 
0.11560508261525046 0.14459766301193283 
0.11333463607606879 0.1543902465625371 
0.15876100744278673 0.1613393340409332 
0.15876100744278673 0.1613393340409332 
0.17294333326564934 0.1494406282851566 
0.17955490021947773 0.14947335970998965 
0.15913237874117103 0.1343944331453724 
0.16311322927103827 0.13437408712763121 
0.16311322927103827 0.13437408712763121 
0.17677345301171032 0.12292230998662282 
0.1549023856873597 0.15428012841494643 
0.1448937736825329 0.1204399620453584 
0.14851719289341211 0.11854581138161098 
0.17291551114426826 0.1051398324686501 
0.15758523933130816 0.11397660146955038 
0.15758523933130816 0.11397660146955038 
0.15758523933130816 0.11397660146955038 
0.15758523933130816 0.11397660146955038 
0.10903384832098019 0.15991267179504726 
0.10055870831614465 0.15186476642884073 
0.06349623658894088 0.20686352689131846 
0.07409927130150094 0.205309854333806 
0.07409927130150094 0.205309854333806 
0.07000388378460405 0.2458922464902244 
0.07106220925008222 0.24456212833989965 
0.08221242961768631 0.23417894279439197 
0.09050229963069853 0.1982007597613486 
0.12610957975474751 0.15332002466670056 
0.12568721103321473 0.15238046621776727 
0.1034334156114029 0.20079938453125795 
0.1034334156114029 0.20079938453125795 
0.06278844936724957 0.16548146638736266 
0.09238653617004153 0.15891419938482426 
0.06771265380185339 0.19080370903002644 
0.0606885185136152 0.1517125590453692 
0.0606885185136152 0.1517125590453692 
0.0606885185136152 0.1517125590453692 
0.13593050308669355 0.1816161852384035 
0.1035206933109549 0.1854483253822636 
0.12754395615637232 0.1720272614375274 
0.18141016624321557 0.1714797843410165 
0.17273850173095856 0.17648522186973312 
0.09015770202551036 0.17122737323909018 
0.1512655516316578 0.1952812099283408 
0.1367624703608743 0.1901654269389574 
0.09080372694190018 0.22425334100423694 
0.07167431873992977 0.23156111179979916 
0.07167431873992977 0.23156111179979916 
0.10797859087832898 0.2280909466899083 
0.08525809861180238 0.22226712768824042 
0.11313044867465816 0.1694132387612914 
0.07156355131241944 0.20101997256962612 
0.15995659011968488 0.17549330706718147 
0.16979601653075088 0.15588754337702043 
0.14111516749059702 0.16485231907213568 
0.12906029207718656 0.15581119670246102 
0.1220919565976335 0.16061980737128687 
0.1307979705480556 0.14197743248596284 
0.1760280572055264 0.10344127793786832 
0.17308038431665906 0.11970728041846682 
0.15903735742434166 0.13444448695758543 
0.1591006309869889 0.13459724507468082 
0.1591006309869889 0.13459724507468082 
0.1591006309869889 0.13459724507468082 
0.14948944415975998 0.12350310897205112 
0.1508807012937578 0.1552931289171068 
0.15049779851725803 0.14124181629821234 
0.1747883036243162 0.15598440336979136 
0.1747883036243162 0.15598440336979136 
0.1747883036243162 0.15598440336979136 
0.10519520448043622 0.15736900704406376 
0.10850989729728153 0.156087602023208 
0.17042806500519886 0.18878548561092617 
0.08320641531437073 0.1565747280408475 
0.10251378591269222 0.20207424498414206 
0.1113444169242192 0.1753086114364309 
0.15094237453214238 0.20217979526351507 
0.10402684920141791 0.15489172689698769 
0.11356124596966315 0.165138420949397 
0.07184563264999325 0.15468178525171947 
0.0912518069178615 0.18363921802601219 
0.1197163446479912 0.1892943805919955 
0.12452035311868383 0.1933329841843636 
0.12452035311868383 0.1933329841843636 
0.08242628222773488 0.17756881404383368 
0.17857096084862195 0.16534806197959767 
0.08208865179698994 0.18498330990486206 
0.17075580437111174 0.18392584693452435 
0.10629895877956082 0.1673026467935367 
0.12890111214087033 0.22192993178451675 
0.131324036167576 0.22398080294813014 
0.131324036167576 0.22398080294813014 
0.12303618892731694 0.2095009846802942 
0.1288912958023231 0.23956413138233001 
0.13619013998363744 0.24714969817017318 
0.13619013998363744 0.24714969817017318 
0.13619013998363744 0.24714969817017318 
0.13619013998363744 0.24714969817017318 
0.13619013998363744 0.24714969817017318 
0.13627967892717016 0.24716765536381935 
0.11351084807957265 0.24856297682836961 
0.1436723708080372 0.18293671816619708 
0.17896505327242668 0.209362055741532 
0.1481148462040915 0.21113851133869638 
0.14808414297556388 0.20951830563309995 
0.14808414297556388 0.20951830563309995 
0.08267945438565584 0.20159691938101976 
0.08267945438565584 0.20159691938101976 
0.08267945438565584 0.20159691938101976 
0.08614669947842404 0.18023854443983184 
0.08721644783932987 0.16555785744959142 
0.12330946897761172 0.18976627434630672 
0.1530247015150275 0.13634775091072773 
0.16918457009619392 0.12674521295999885 
0.17133651202337635 0.1280218981066391 
0.16798447926621463 0.12841994390114467 
0.16827812944197712 0.14778029219538813 
0.16827812944197712 0.14778029219538813 
0.08993083141136049 0.17883789861299776 
0.0936397648009934 0.18493027760103142 
0.0835730938126639 0.18953426253718975 
0.16539960310692273 0.17803160486303057 
0.16174796543790235 0.18070203144758895 
0.13638758081387975 0.18348195798047762 
0.09912817707956392 0.18744294383496501 
0.09506700223893379 0.19593266000113585 
0.0862140313706369 0.17315443524974614 
0.13210195143846643 0.17222544114568233 
0.11422964611396147 0.16833074811696241 
0.12990422463075757 0.1695672450776225 
0.09100738970312172 0.17377577962224544 
0.091276784503629 0.17945317525116714 
0.129486417454585 0.17415013046481218 
0.14233956355388094 0.17141297951562534 
0.1331264866274217 0.13113201880011854 
0.12649744546787967 0.13870027435804996 
0.1182583230715472 0.1385020184420052 
0.10957297939801008 0.14244943473773078 
0.11090275107407391 0.1423551835863294 
0.11595066237600163 0.14322268006872105 
0.11595066237600163 0.14322268006872105 
0.13417348626761874 0.137096583840269 
0.16299626792249147 0.20911464301932645 
0.1648244445214764 0.18603896852586374 
0.10261475957801422 0.19548939643922872 
0.1524913044445271 0.17533857418994533 
0.16243062654903015 0.19177424145934496 
0.17287877264622276 0.24919035351829233 
0.17287877264622276 0.24919035351829233 
0.17287877264622276 0.24919035351829233 
0.17287877264622276 0.24919035351829233 
0.17089562341895043 0.24873092141153313 
0.14780319277089907 0.2515459662855562 
0.14780319277089907 0.2515459662855562 
0.14780319277089907 0.2515459662855562 
0.14780319277089907 0.2515459662855562 
0.14780319277089907 0.2515459662855562 
0.14780319277089907 0.2515459662855562 
0.14780319277089907 0.2515459662855562 
0.14658031456921855 0.2549837296192063 
0.14658031456921855 0.2549837296192063 
0.14658031456921855 0.2549837296192063 
0.13131554424675002 0.22984178828575008 
0.12920355343318474 0.2419579767831505 
0.12920355343318474 0.2419579767831505 
0.12879726605761496 0.24049312060395045 
0.12879726605761496 0.24049312060395045 
0.12879726605761496 0.24049312060395045 
0.12879726605761496 0.24049312060395045 
0.12516819305187254 0.24525720976322946 
0.12516819305187254 0.24525720976322946 
0.12516819305187254 0.24525720976322946 
0.12516819305187254 0.24525720976322946 
0.12516819305187254 0.24525720976322946 
0.12683499136586435 0.25471785482350306 
0.12683499136586435 0.25471785482350306 
0.12683499136586435 0.25471785482350306 
0.12683499136586435 0.25471785482350306 
0.14684139898663878 0.2562798011455758 
0.14684139898663878 0.2562798011455758 
0.14684139898663878 0.2562798011455758 
0.14684139898663878 0.2562798011455758 
0.14684139898663878 0.2562798011455758 
0.14684139898663878 0.2562798011455758 
0.14684139898663878 0.2562798011455758 
0.14684139898663878 0.2562798011455758 
0.14684139898663878 0.2562798011455758 
0.14684139898663878 0.2562798011455758 
0.11386285371314346 0.20768466183962772 
0.12232092813604059 0.2313704925437961 
0.12220795596270602 0.23155203127824528 
0.12144525941916415 0.2278179828519823 
0.08832322236246737 0.22673830806340597 
0.0661404945813071 0.14738616564390747 
0.06111325634522923 0.13980288281671444 
0.06111325634522923 0.13980288281671444 
0.06111325634522923 0.13980288281671444 
0.06111325634522923 0.13980288281671444 
0.06111325634522923 0.13980288281671444 
0.06111325634522923 0.13980288281671444 
0.11735348270937865 0.164410564857842 
0.12571394365914648 0.1538263580078793 
0.15468140957546586 0.19743034736803727 
0.14938158210720598 0.19938084486764954 
0.1350669700696588 0.20796273122048411 
0.13511399961961504 0.2086604007831929 
0.1154335274255911 0.19224351070912332 
0.1311161798009055 0.20456152560684973 
0.09379558035530768 0.2106044450931528 
0.17262587013215594 0.18445634544830192 
0.13361920764217292 0.17056500948315867 
0.0738772064887752 0.18543628560936526 
0.08080602462418436 0.16767664323639916 
0.11031054832298649 0.18527771113575744 
0.16267533951395297 0.20878770616116538 
0.16267533951395297 0.20878770616116538 
0.16267533951395297 0.20878770616116538 
0.0963583709588109 0.161289425701627 
0.09097942944155502 0.18663400298024885 
0.06376294615631573 0.18895595359213016 
0.07819519339052317 0.18620395990659575 
0.15094879692429125 0.1875054131000385 
0.12361659082715329 0.1792308852316983 
0.1416987082342763 0.1909738085230606 
0.15924786871988178 0.18272931117209337 
0.17543912264610817 0.22061431701414685 
0.17543912264610817 0.22061431701414685 
0.12543512183041383 0.15165450033709418 
0.10286782212804357 0.1939636013423412 
0.10382473416688628 0.2015250142250903 
0.10382473416688628 0.2015250142250903 
0.16598161047460974 0.2034204533140563 
0.09123711011610956 0.18449711145450434 
0.07237394551090687 0.16456640513077483 
0.0741169025630439 0.20472548938057725 
0.0741169025630439 0.20472548938057725 
0.08454217148876227 0.18352889929920874 
0.0735146824489784 0.16972612188191877 
0.14478196833412235 0.17405365214524207 
0.06221455962436657 0.2257667070323459 
0.06270508883479688 0.22589031363859532 
0.10116138284163398 0.21074894742600145 
0.09273320264865648 0.22083982532691565 
0.08750906219201389 0.1783720961964948 
0.11230203160198841 0.18237896137511778 
0.11459288372228991 0.19840914448703728 
0.12714451198099125 0.17586173453771162 
0.1321197247890854 0.15794862579477967 
0.13102236551101626 0.15296013987227725 
0.13178727324208234 0.15383743621595908 
0.11275891689932876 0.142044964756111 
0.11870732092081118 0.15599867227030342 
0.09475035305846675 0.11059742642546938 
0.0935917350204167 0.11556884288711042 
0.09919186829648992 0.11439154091554596 
0.105765441085827 0.12605288595898384 
0.08242443952544017 0.11299857253344496 
0.08242443952544017 0.11299857253344496 
0.07933959978054335 0.11305354981518038 
0.07933959978054335 0.11305354981518038 
0.07933959978054335 0.11305354981518038 
0.08055284759475234 0.12453274029101855 
0.13547631447674133 0.2514803610439345 
0.13547631447674133 0.2514803610439345 
0.13547631447674133 0.2514803610439345 
0.1297590959043863 0.2461524802554963 
0.1284626941925034 0.24397978230371783 
0.12693539819970887 0.24320375433879687 
0.12539080138209008 0.24733909226569367 
0.06285620674527388 0.2328981916635653 
0.08170458034631858 0.22998435360892394 
0.10605603193655673 0.19974432438192297 
0.10640205397578174 0.20124510644262084 
0.10917795112445242 0.20989865621711595 
0.10966121505699684 0.21003272409494353 
0.10369663306826077 0.20163134367880034 
0.10829044646382358 0.19923971912475225 
0.08125569419635842 0.1945851973257286 
0.08264005022536622 0.20128648607422508 
0.0705124579862027 0.17822701502581084 
0.07231576131724718 0.20072783527682683 
0.07231576131724718 0.20072783527682683 
0.07231576131724718 0.20072783527682683 
0.07231576131724718 0.20072783527682683 
0.0764912751578658 0.24416204315080597 
0.0764912751578658 0.24416204315080597 
0.0764912751578658 0.24416204315080597 
0.0764912751578658 0.24416204315080597 
0.0940141596014894 0.2350357944664488 
0.0940141596014894 0.2350357944664488 
0.0940141596014894 0.2350357944664488 
0.09946822496018559 0.23295052291723947 
0.10632154050685873 0.2287242261957101 
0.10632154050685873 0.2287242261957101 
0.10467495654156847 0.22119549804462424 
0.14661868334797384 0.21808280027827248 
0.12309281404320672 0.22745203636031439 
0.12450944984558965 0.22895571864671632 
0.15875375812342882 0.18791196829202175 
0.0928643882231839 0.18217491721389975 
0.1812059654426279 0.18449102211609691 
0.10859391137968051 0.1743692433307124 
0.16998544290719028 0.1558979717148552 
0.1029102084011603 0.20443168956849772 
0.1029102084011603 0.20443168956849772 
0.16256392054505342 0.17790080319013096 
0.09753424247939954 0.1664134314249127 
0.10756760349732422 0.1634548766088047 
0.10756760349732422 0.1634548766088047 
0.13608817706307896 0.16122092830818333 
0.0747145517001561 0.1658628812410912 
0.11919352328650457 0.16609663168155844 
0.10459117368727398 0.17580366837285313 
0.09814349376587815 0.20011720331043148 
0.09713112733468092 0.19158523343795733 
0.08806940804425184 0.20387663013995436 
0.09146018107477855 0.20745271424782236 
0.09146018107477855 0.20745271424782236 
0.08191232126625365 0.15888581732756957 
0.1521193212236674 0.15901957285106505 
0.11151703820323007 0.20973953408361548 
0.06851156348452528 0.1811201274313366 
0.123318534730214 0.17118447404200343 
0.158071236066677 0.1847603396155439 
0.16246860996847698 0.13948939761708992 
0.16228897765557193 0.14006886234912733 
0.16059204330111101 0.12329317056485885 
0.16059204330111101 0.12329317056485885 
0.1757456742945533 0.11250533506268784 
0.1757456742945533 0.11250533506268784 
0.14290274874629114 0.12036771438248602 
0.14250947516247384 0.11956357896778079 
0.17135178872698414 0.18624880084670264 
0.1756635482134925 0.16541541787462655 
0.15766875255160923 0.1938869830932747 
0.18094705796986207 0.201103956650617 
0.09635829148922481 0.22223623619528599 
0.14143989321121866 0.15901818443865523 
0.13802347719399588 0.15466862459512054 
0.17703438278645356 0.18747672591606085 
0.14846016086142225 0.16191373572569986 
0.1646927775977335 0.15496774855053358 
0.16484626845190853 0.1630505735637264 
0.11952693552727262 0.14353711388890347 
0.12780744121593215 0.14988093078061346 
0.09051169108931016 0.1928064243562165 
0.08931090735688252 0.20793180362570618 
0.14423095451742046 0.15398306472726866 
0.12889404605472965 0.12457811586559 
0.12889404605472965 0.12457811586559 
0.14219197318783017 0.1193884897205414 
0.14219197318783017 0.1193884897205414 
0.1639583098229458 0.09940748040505507 
0.06989538641018105 0.16295023063325673 
0.13686784530275897 0.18429048035680026 
0.06224011022932839 0.17373543116960782 
0.10219834481977408 0.16789553608748475 
0.06538244030479579 0.15618469467482052 
0.15802479264250474 0.17991564553219463 
0.15695977877694306 0.16818187837805687 
0.15441998657944767 0.18790732666213827 
0.14236678636905023 0.2246026571945094 
0.14140184009608353 0.1775444110626009 
0.1553568942141183 0.1691130029511673 
0.17092669909204278 0.1552418520757403 
0.1701265836383191 0.1557004363916436 
0.11095437619881993 0.16971170378417746 
0.10303582889060295 0.17629912389955613 
0.13973902771208763 0.183479669178121 
0.11067534177095956 0.16878618802021472 
0.15106773669014706 0.1928482538486283 
0.06942888185362478 0.18928961934531 
0.09175930426324505 0.15977992357054777 
0.12984393265216476 0.24195248262303215 
0.14618703242887265 0.17371327417315852 
0.12459035146120957 0.18085122053878727 
0.11878322042815227 0.15334400263213807 
0.13692374339832913 0.15584878339984348 
0.18079685724981653 0.18656758606846538 
0.13206455763401653 0.2190414893615591 
0.08078757135200054 0.15299080143434146 
0.06938291677864211 0.17262875707112774 
0.12459270938249933 0.16046452683117507 
0.10906494904632723 0.1494693022693276 
0.10906494904632723 0.1494693022693276 
0.13419342593539935 0.176042079683293 
0.09083692213105557 0.18571116137093008 
0.09083692213105557 0.18571116137093008 
0.09027987232608467 0.1861483684578383 
0.1200809837975828 0.2111927212121261 
0.15070905103958557 0.18739687436306426 
0.12657925454014293 0.1940125341274044 
0.12547405183263774 0.23967954337685154 
0.1408765294989216 0.14690760111031445 
0.14154044594188503 0.15723973008008332 
0.12814995084985095 0.09479077048073398 
0.12814995084985095 0.09479077048073398 
0.12814995084985095 0.09479077048073398 
0.11414772799748205 0.10710051084193621 
0.10104104104500528 0.09244627880510264 
0.09872755223340343 0.1539973310675857 
0.06484797793076319 0.14499330191190782 
0.06484797793076319 0.14499330191190782 
0.06486958148250979 0.14434127397979454 
0.06486958148250979 0.14434127397979454 
0.11095257832688338 0.21042909432087653 
0.13160343882588912 0.17357642309068969 
0.13661493908112288 0.15949171708712934 
0.16873458223205418 0.11812182124201306 
0.16633755818129903 0.13930489774609933 
0.16633755818129903 0.13930489774609933 
0.16633755818129903 0.13930489774609933 
0.16633755818129903 0.13930489774609933 
0.16633755818129903 0.13930489774609933 
0.16633755818129903 0.13930489774609933 
0.16633755818129903 0.13930489774609933 
0.16687883530663433 0.14075165373379706 
0.15428510076997426 0.18386049692800455 
0.06352954164388118 0.15820689586308387 
0.16445754362411685 0.19037102187915028 
0.17634475588868387 0.18286306814269948 
0.1381955622270652 0.1709102076604109 
0.14743940007077544 0.18369612350134143 
0.10919848059522336 0.1789817083634813 
0.1186781348433959 0.20160786364527095 
0.12071465320484019 0.2216006316577594 
0.1139321384291834 0.22460502030100482 
0.11228951636951531 0.2228465380053278 
0.07301922716091303 0.15167089295848918 
