0.1797252818027424 0.25245647469743987 
0.14749620836275046 0.09471565110354045 
0.1283683374652148 0.13489251099564303 
0.12151314765595816 0.12885287029542142 
0.12453837285450678 0.13039446650638808 
0.12453837285450678 0.13039446650638808 
0.11633762022431102 0.12853224630468826 
0.11633762022431102 0.12853224630468826 
0.114489617807015 0.1355983728498995 
0.114489617807015 0.1355983728498995 
0.114489617807015 0.1355983728498995 
0.11481571311123151 0.1356616368870049 
0.11481571311123151 0.1356616368870049 
0.11481571311123151 0.1356616368870049 
0.14534278063385148 0.098128792142996 
0.14396869905919973 0.12914063990349167 
0.14399855669027206 0.13319728994787783 
0.14399855669027206 0.13319728994787783 
0.14399855669027206 0.13319728994787783 
0.14399855669027206 0.13319728994787783 
0.13930752433311305 0.13537669649470546 
0.14985804818240725 0.10352140150558378 
0.14985804818240725 0.10352140150558378 
0.14985804818240725 0.10352140150558378 
0.14994163516908945 0.10306909392660163 
0.14994163516908945 0.10306909392660163 
0.17179655838587618 0.09053122165649787 
0.17179655838587618 0.09053122165649787 
0.1736321322638833 0.08942966595798352 
0.1738720250120022 0.10510803232493297 
0.13892147914265415 0.12333045177296859 
0.1263031183272207 0.12349405710726263 
0.1471628068337517 0.1277787388287281 
0.15592773034457844 0.15009134823651255 
0.15592773034457844 0.15009134823651255 
0.06862882012643937 0.18483204955704907 
0.168234960941915 0.17782185128928224 
0.07966857570766167 0.16418572641089288 
0.10947273327710413 0.1874143930024386 
0.08360650215362701 0.16791342986941052 
0.11194169696653286 0.18455582009280241 
0.10371380737475952 0.15504280832374034 
0.1436797542940792 0.16628341884874412 
0.1502990788341415 0.18931836500916852 
0.1502990788341415 0.18931836500916852 
0.16043369032957705 0.18608685078304465 
0.13261323996759095 0.17765007213254286 
0.10537826486868146 0.1590081140530544 
0.06365792032997268 0.1717161168796317 
0.14730066390583987 0.16739870107539026 
0.07932341640101467 0.1819782320841141 
0.10659538258740298 0.1734738887389454 
0.06920908726672415 0.18562724861959873 
0.06819872145142775 0.1808444814772375 
0.1587926680871854 0.1995668197433491 
0.10246538185409333 0.22347618627024163 
0.10246538185409333 0.22347618627024163 
0.17984384954651533 0.19180791383392062 
0.0815787372292001 0.18794033112452999 
0.07970857201082371 0.1936340321994524 
0.16442904672809955 0.19456339499907527 
0.09219783705035133 0.16371331772267617 
0.10012908900159516 0.1843760567031989 
0.09700060506395172 0.14455277810127082 
0.10883648436950566 0.14108218991896723 
0.11288893142253281 0.14198745820242148 
0.11288893142253281 0.14198745820242148 
0.11288893142253281 0.14198745820242148 
0.10926312315714201 0.13790123558097211 
0.10926312315714201 0.13790123558097211 
0.10926312315714201 0.13790123558097211 
0.11122581460856407 0.1426845446868799 
0.11122581460856407 0.1426845446868799 
0.12402563654026104 0.14248143854796808 
0.12402563654026104 0.14248143854796808 
0.12413334388167793 0.14204846051456693 
0.12851763646187853 0.14145230214215307 
0.11722828024772808 0.10121885812939027 
0.13209743170336624 0.11148384973455301 
0.18080570942830843 0.15971932905814792 
0.12870407797684308 0.15835578466863032 
0.11896255215921084 0.14617053565047924 
0.10611234512529746 0.14876737452840733 
0.08628010804039879 0.1198220393231547 
0.06641300505892958 0.12177460117012655 
0.07225038512086752 0.1262089906148922 
0.07225038512086752 0.1262089906148922 
0.06313359649902214 0.12627954686170711 
0.06313359649902214 0.12627954686170711 
0.06313359649902214 0.12627954686170711 
0.06165264444068967 0.1250804219243898 
0.06176099953515698 0.12924948648878715 
0.06176099953515698 0.12924948648878715 
0.06176099953515698 0.12924948648878715 
0.09836762266621313 0.1317803345463473 
0.1065861142212594 0.10304991114438888 
0.1065861142212594 0.10304991114438888 
0.10688229290393686 0.10365445623367468 
0.10688229290393686 0.10365445623367468 
0.10579146647721882 0.0977606991492417 
0.10579146647721882 0.0977606991492417 
0.10579146647721882 0.0977606991492417 
0.10042919138649253 0.14975970266043181 
0.06386221026559533 0.21493872493370264 
0.16459479254825485 0.15594538089392324 
0.06738001626202277 0.16094245036698507 
0.06316961749497628 0.15179484494669046 
0.06736471912252895 0.15396179173887664 
0.07424871750078951 0.147643106708264 
0.14802074177765337 0.2135882227234973 
0.15965403897226538 0.2439608893637253 
0.16271075711179372 0.22151689081173165 
0.1412563701248373 0.22033169621086746 
0.1412563701248373 0.22033169621086746 
0.08047902183740091 0.18593024105372874 
0.08047902183740091 0.18593024105372874 
0.06395625864741576 0.16672483360208443 
0.15034738453016916 0.17361455017105 
0.10454024449482678 0.23394160994450727 
0.08390473431864182 0.15891785050200707 
0.08378125296650289 0.1901894607671539 
0.13066832801324185 0.1837405094158324 
0.09158776444427189 0.1670656342347993 
0.08162738252752043 0.15643219986098206 
0.08238256027183274 0.14629267105633087 
0.08238256027183274 0.14629267105633087 
0.0782843856709065 0.2061625884733675 
0.12350195643504933 0.19840250651805258 
0.1424942466820258 0.2051712510269365 
0.06383066341090476 0.19628017953331423 
0.06383066341090476 0.19628017953331423 
0.06383066341090476 0.19628017953331423 
0.061439131915275585 0.21414900103964507 
0.07607272203060775 0.22051682205425355 
0.0853639674213671 0.2166192546404549 
0.0853639674213671 0.2166192546404549 
0.0714579042347607 0.23307315093320313 
0.0714579042347607 0.23307315093320313 
0.06985907534666877 0.23511256640812792 
0.07192760849712465 0.24329386504051642 
0.07192760849712465 0.24329386504051642 
0.07192760849712465 0.24329386504051642 
0.08748922697838475 0.2219075149730928 
0.09751158102511293 0.18409619637744537 
0.1302669997053004 0.19495945775886592 
0.14784245461044138 0.20895834323969362 
0.16136029979757235 0.17676061832490045 
0.1101103204029649 0.18485799828625604 
0.10895622465950514 0.18428950969812719 
0.0811458443124408 0.2145747929881356 
0.0811458443124408 0.2145747929881356 
0.0811458443124408 0.2145747929881356 
0.15089710980166066 0.22255696863625152 
0.06844885961810825 0.15279597885121785 
0.13942479257573598 0.21338219990365703 
0.11939986157454036 0.24794485431848676 
0.11245941085433878 0.23413870924745067 
0.11245941085433878 0.23413870924745067 
0.10068070974953047 0.23647217062818904 
0.10068070974953047 0.23647217062818904 
0.10548558955401714 0.22264289695222517 
0.10548558955401714 0.22264289695222517 
0.10961260943924638 0.23275381160117115 
0.10961260943924638 0.23275381160117115 
0.10040296423267885 0.23059551750624674 
0.10040296423267885 0.23059551750624674 
0.10040296423267885 0.23059551750624674 
0.10255087647959615 0.23582640347690023 
0.10255087647959615 0.23582640347690023 
0.10255087647959615 0.23582640347690023 
0.10255087647959615 0.23582640347690023 
0.11342173788130311 0.250678425349413 
0.11342173788130311 0.250678425349413 
0.09408964079173207 0.15197951713105995 
0.15286800279091073 0.1925988579572391 
0.15286800279091073 0.1925988579572391 
0.09395704710818059 0.19112619143913204 
0.10154916955445498 0.1567387523312314 
0.11846820604683694 0.19673576718862673 
0.1078263101800252 0.17432525248940545 
0.07531656789358422 0.15333167643286827 
0.10598219342333554 0.18498483723798054 
0.1299837071485333 0.19015230476308675 
0.07210129240520861 0.2030210355649356 
0.074991208395055 0.2125927286894529 
0.07155797953347119 0.21247469300031252 
0.1500188237489628 0.1528903495660281 
0.15023990785766958 0.15317930452881667 
0.15023990785766958 0.15317930452881667 
0.12842884384611025 0.21451715331298696 
0.06946597651228542 0.17996163483593874 
0.06202215160604256 0.1502491762815376 
0.1760477534995995 0.1854929124790198 
0.10883881039131413 0.14875906436393826 
0.12606662299388655 0.18640584941794655 
0.1273770053895019 0.20406561266693185 
0.1273770053895019 0.20406561266693185 
0.12324069622374309 0.15281896916098037 
0.14697375635115448 0.21239243288927961 
0.15743542481072723 0.23249574665058342 
0.15743542481072723 0.23249574665058342 
0.15743542481072723 0.23249574665058342 
0.15775175566969626 0.25278318223700325 
0.15775175566969626 0.25278318223700325 
0.15775175566969626 0.25278318223700325 
0.13424926929343928 0.2214076426853961 
0.11519027017123114 0.22519594919289607 
0.11519027017123114 0.22519594919289607 
0.09249291572618903 0.21835431764634153 
0.08727734931088403 0.21569496823423712 
0.08727734931088403 0.21569496823423712 
0.08727734931088403 0.21569496823423712 
0.0780826385978163 0.21904135162546867 
0.08585389770916826 0.22197935265830748 
0.08585389770916826 0.22197935265830748 
0.07767865211196032 0.23145011622085654 
0.14770857991894418 0.19756009109009587 
0.14770857991894418 0.19756009109009587 
0.1166111648715576 0.16788719975839655 
0.07683063911568089 0.19314422914703405 
0.07375584267870613 0.19379063836047516 
0.07568085744073069 0.19537242412229885 
0.07568085744073069 0.19537242412229885 
0.14101211730565213 0.1818570254122482 
0.13836404447359543 0.17121439051597032 
0.1574535297727975 0.18063690460350507 
0.08614592119180586 0.2015782375145747 
0.08280796665406662 0.20462167293654043 
0.17135878758756717 0.1929795757992017 
0.16801763411421217 0.2301932604768735 
0.16801763411421217 0.2301932604768735 
0.13921440564326273 0.14892798054767925 
0.1252028858846449 0.15444634061183965 
0.12538006163210771 0.15438486419960862 
0.12060394696466056 0.12696080920360733 
0.12060394696466056 0.12696080920360733 
0.11386310219102935 0.11913914326292449 
0.11386310219102935 0.11913914326292449 
0.10318482834357091 0.14435220012013458 
0.10364074972991119 0.1455911598394588 
0.1147432532971994 0.15037971320004537 
0.1058333354055486 0.15476508072691364 
0.09726494622621451 0.15566205070979572 
0.0926527837255602 0.1902893737723673 
0.16388286252670847 0.18506447505633453 
0.1393575952256425 0.22022794054903355 
0.1345741414508755 0.22431273374499786 
0.1345741414508755 0.22431273374499786 
0.13658448080269875 0.21618938660065967 
0.09345273505918866 0.21695325431667092 
0.09345273505918866 0.21695325431667092 
0.09345273505918866 0.21695325431667092 
0.11757185023964403 0.19326215613417397 
0.14739858065013858 0.19673670835341928 
0.15251473491630602 0.2514539570050589 
0.15251473491630602 0.2514539570050589 
0.0693667943734098 0.1431258154373709 
0.0693667943734098 0.1431258154373709 
0.0693667943734098 0.1431258154373709 
0.06896392087506728 0.14181022020476294 
0.06896392087506728 0.14181022020476294 
0.06742215267433772 0.17277615624060788 
0.08612725792124949 0.17801033886015444 
0.10384550118427271 0.1810897085737741 
0.09739799085200765 0.16411714182350293 
0.1540514678115822 0.17143067238669935 
0.13571079573806175 0.16969297011839762 
0.11764881641125491 0.11090284197387594 
0.124735108168131 0.12867279722145755 
0.124735108168131 0.12867279722145755 
0.11803241151970018 0.10988691003321162 
0.11803241151970018 0.10988691003321162 
0.11803241151970018 0.10988691003321162 
0.11803241151970018 0.10988691003321162 
0.11803241151970018 0.10988691003321162 
0.11782177266524828 0.10878429997713557 
0.11782177266524828 0.10878429997713557 
0.11782177266524828 0.10878429997713557 
0.11820087688916506 0.12823064791298253 
0.11762886653153165 0.13116962787215178 
0.11762886653153165 0.13116962787215178 
0.11762886653153165 0.13116962787215178 
0.11762886653153165 0.13116962787215178 
0.11762886653153165 0.13116962787215178 
0.11096124136702215 0.14298974098605546 
0.09317650899035909 0.12071956711182662 
0.09317650899035909 0.12071956711182662 
0.07568692919864128 0.10098304498971268 
0.09361495212529078 0.14472170218962474 
0.17095104183185858 0.19945486203034465 
0.17051152955401547 0.1948214547535283 
0.08010562209281455 0.1650113332377767 
0.0649768406741714 0.21112715300932342 
0.09755068705781433 0.16736951751767315 
0.14889710411675727 0.24435702252512786 
0.1635812698738457 0.1996615791887299 
0.11700880464758613 0.1663002729851118 
0.12369050220137534 0.1843495515730292 
0.12369050220137534 0.1843495515730292 
0.11365944175847478 0.14134771975440147 
0.10534022301662052 0.13441482607896416 
0.1373786036463568 0.1874627222103076 
0.06149001206358792 0.17884864422974805 
0.11360629241379398 0.18114812355244939 
0.1722504781762959 0.17644918961718994 
0.1510316200008857 0.2210018387930358 
0.15145045957613934 0.2210526333262969 
0.15145045957613934 0.2210526333262969 
0.15145045957613934 0.2210526333262969 
0.15702007433942072 0.24712198686766046 
0.15702007433942072 0.24712198686766046 
0.15877923553220166 0.24963078641878944 
0.165768298263346 0.22811503130465843 
0.165768298263346 0.22811503130465843 
0.165768298263346 0.22811503130465843 
0.165768298263346 0.22811503130465843 
0.1445252940601163 0.22837283830070013 
0.1473122176076445 0.2317405782709263 
0.17758435470536568 0.1532346420265654 
0.17758435470536568 0.1532346420265654 
0.17758435470536568 0.1532346420265654 
0.17758435470536568 0.1532346420265654 
0.1624076120827635 0.14793604824235054 
0.06885620315905058 0.18556005212453705 
0.10775200416122191 0.1846125012982939 
0.15621099065739277 0.18178790450582735 
0.11553154012369402 0.14818448073939225 
0.10956277564654651 0.1333566321293047 
0.10317074572027898 0.13321119746267515 
0.10317074572027898 0.13321119746267515 
0.1273070527235185 0.09695233994931206 
0.12518076108120535 0.10277487506788238 
0.13025329558216148 0.12557892221095346 
0.14072662338969177 0.09240626831726363 
0.14072662338969177 0.09240626831726363 
0.11455111635089142 0.13574077160412693 
0.11455111635089142 0.13574077160412693 
0.11737455551845337 0.12295765652985881 
0.11737455551845337 0.12295765652985881 
0.11737455551845337 0.12295765652985881 
0.12358736175856923 0.12567802128971975 
0.12261347075469306 0.1443545698332827 
0.11945206358840854 0.1542554262477052 
0.12258067288926972 0.11837662665814627 
0.12258067288926972 0.11837662665814627 
0.12258067288926972 0.11837662665814627 
0.1181488469285355 0.13627903755528858 
0.1181488469285355 0.13627903755528858 
0.1181488469285355 0.13627903755528858 
0.1181488469285355 0.13627903755528858 
0.13282111802593155 0.14070071194262534 
0.1262700946441018 0.10519479695832377 
0.13270001248606828 0.13478854270085502 
0.13270001248606828 0.13478854270085502 
0.13270001248606828 0.13478854270085502 
0.13006261818719095 0.12925837361401774 
0.12460972107523235 0.13359408779810578 
0.12460972107523235 0.13359408779810578 
0.12460972107523235 0.13359408779810578 
0.11136581191070057 0.12187943291159416 
0.11136581191070057 0.12187943291159416 
0.07781230937855418 0.19460112316283507 
0.07781230937855418 0.19460112316283507 
0.08385222712184491 0.15408354508496 
0.08385222712184491 0.15408354508496 
0.08167514751744064 0.1902780313452237 
0.14075559134311202 0.1798396603853027 
0.1043542904759706 0.1929502239907589 
0.17649561560771138 0.21236829512348374 
0.17649561560771138 0.21236829512348374 
0.10339030536116015 0.2023792110484757 
0.15384148472537934 0.1806469112383323 
0.15520590831901454 0.20866917470035445 
0.13621662823601485 0.19522910298142676 
0.1543104636954937 0.18983457125577222 
0.13774259063119818 0.2073930159372832 
0.11299504043685152 0.17887707532594688 
0.0779106678107282 0.17554835765303156 
0.12228087947032278 0.1702975024907938 
0.09896331085387684 0.1676336781755948 
0.17906526282575008 0.18415995468118768 
0.10214173994570185 0.19879064899382073 
0.1622152909307978 0.1746411351601498 
0.16046304971327116 0.1503401095055713 
0.16046304971327116 0.1503401095055713 
0.07606744932832021 0.18739248606961897 
0.11240621885054536 0.18294875562819057 
0.16975341358225068 0.24418259661406136 
0.16944658007267124 0.24336630517214577 
0.1630908812749087 0.2434306192380675 
0.1578350568258795 0.2450268517666972 
0.1578350568258795 0.2450268517666972 
0.16066338581281933 0.2450591675692989 
0.16066338581281933 0.2450591675692989 
0.16066338581281933 0.2450591675692989 
0.16046834483416153 0.2539014428015338 
0.16046834483416153 0.2539014428015338 
0.16046834483416153 0.2539014428015338 
0.16046834483416153 0.2539014428015338 
0.16046834483416153 0.2539014428015338 
0.16046834483416153 0.2539014428015338 
0.14165568826088845 0.24051789423429812 
0.12518056959469867 0.2369400406678139 
0.12518056959469867 0.2369400406678139 
0.13097444900811314 0.2311963038344316 
0.11127218604534089 0.23402677413978562 
0.16201597146232166 0.17253924204818433 
0.10346733685634876 0.19646524658289288 
0.10497173221204151 0.23314708900484382 
0.10497173221204151 0.23314708900484382 
0.10570287819854278 0.231863281513166 
0.08702614382950269 0.2419057772126428 
0.08702614382950269 0.2419057772126428 
0.08655433563892694 0.23504023803777227 
0.08361396866922158 0.24128724945247165 
0.10649256117406264 0.22882309233204687 
0.0886913613452376 0.25379083586989604 
0.0886913613452376 0.25379083586989604 
0.0886913613452376 0.25379083586989604 
0.0886913613452376 0.25379083586989604 
0.0886913613452376 0.25379083586989604 
0.0886913613452376 0.25379083586989604 
0.08794833920264816 0.2416628037913476 
0.08794833920264816 0.2416628037913476 
0.08794833920264816 0.2416628037913476 
0.09002867795257895 0.23712760774646605 
0.08723280411623013 0.25251025979848757 
0.08723280411623013 0.25251025979848757 
0.09151063902148918 0.2442161358758537 
0.09151063902148918 0.2442161358758537 
0.08744325275745088 0.22510642301294426 
0.07024174208325899 0.24387148821738508 
0.07024174208325899 0.24387148821738508 
0.07902182011485746 0.22813489528635142 
0.06280318721408741 0.24155755758970437 
0.06280318721408741 0.24155755758970437 
0.06280318721408741 0.24155755758970437 
0.06280318721408741 0.24155755758970437 
0.06362254796726126 0.24180685129869628 
0.06362254796726126 0.24180685129869628 
0.06362254796726126 0.24180685129869628 
0.06362254796726126 0.24180685129869628 
0.06362254796726126 0.24180685129869628 
0.07330091667021195 0.23819191893743152 
0.07195050883181611 0.23590324058686576 
0.07195050883181611 0.23590324058686576 
0.07195050883181611 0.23590324058686576 
0.17321010543183293 0.23898328692209728 
0.17321010543183293 0.23898328692209728 
0.17321010543183293 0.23898328692209728 
0.17321010543183293 0.23898328692209728 
0.17321010543183293 0.23898328692209728 
0.17321010543183293 0.23898328692209728 
0.17321010543183293 0.23898328692209728 
0.1646399938866626 0.2345445801516041 
0.1646399938866626 0.2345445801516041 
0.1646399938866626 0.2345445801516041 
0.1646607583275326 0.23454131029929942 
0.1646607583275326 0.23454131029929942 
0.1445010357836856 0.23842857776844167 
0.14186048557099487 0.217425587737051 
0.14219917487684786 0.21823601947163174 
0.17831598775642915 0.2353589416532714 
0.17831598775642915 0.2353589416532714 
0.17831598775642915 0.2353589416532714 
0.15782196676870947 0.19469294198989573 
0.15658462793671435 0.19488789707560533 
0.06728095209146474 0.20058774894891224 
0.1777243004576209 0.2173728392180797 
0.1777243004576209 0.2173728392180797 
0.1777243004576209 0.2173728392180797 
0.17731162677427328 0.216787483754827 
0.17731162677427328 0.216787483754827 
0.17731162677427328 0.216787483754827 
0.17731162677427328 0.216787483754827 
0.17731162677427328 0.216787483754827 
0.17731162677427328 0.216787483754827 
0.17354763909647294 0.2109766064463007 
0.14615186834352004 0.1996108763313986 
0.0642410732345623 0.20445563472307066 
0.06845921827098445 0.2036852207637953 
0.06845921827098445 0.2036852207637953 
0.09544363312951445 0.15564171744588876 
0.1547605857612773 0.19016683339633353 
0.06122177506289789 0.1774356834755588 
0.07489991646677023 0.18484939212308457 
0.1370297685129076 0.19563044475552924 
0.11842553385333227 0.20459974462620467 
0.10841786813605295 0.154412320359504 
0.14536490347460349 0.17106081533308234 
0.14955405958405504 0.2006981233569486 
0.1735661068407448 0.21858433886257747 
0.1735661068407448 0.21858433886257747 
0.1699883287135277 0.21163568775683778 
0.1719574324900969 0.2302608480424575 
0.15551602403800693 0.19456404892498494 
0.15551602403800693 0.19456404892498494 
0.17444656041007628 0.15986008466562007 
0.13936310814729397 0.14811089043455075 
0.13936310814729397 0.14811089043455075 
0.11332046267906752 0.1508405817620695 
0.12219897529747627 0.1241315322463833 
0.16646816956984406 0.09470653262633488 
0.16204516353215487 0.11077441436865473 
0.18113515917838172 0.09448709318187873 
0.18113515917838172 0.09448709318187873 
0.16847213167210645 0.09888709195203804 
0.16847213167210645 0.09888709195203804 
0.15083866805136129 0.1445660584487679 
0.15083866805136129 0.1445660584487679 
0.14425024463942523 0.11433614633896313 
0.14605076895893387 0.12380006201879701 
0.14666676188684843 0.12243378182200254 
0.14666676188684843 0.12243378182200254 
0.1497066811564044 0.11958269602642393 
0.1497066811564044 0.11958269602642393 
0.1497066811564044 0.11958269602642393 
0.1497066811564044 0.11958269602642393 
0.14953937041064763 0.1279839302948999 
0.1467946757268546 0.2019890282289924 
0.14622390903894011 0.19921424632740997 
0.15329957530520089 0.2520529946106218 
0.1407660549988457 0.2160505507374499 
0.1407660549988457 0.2160505507374499 
0.1605360612342433 0.2562807830458099 
0.1521716631474317 0.23899411898728354 
0.1521716631474317 0.23899411898728354 
0.1418773301588277 0.228835865224088 
0.13175391098063183 0.23506550891593828 
0.13666164468968398 0.23631582379685917 
0.15122540766686843 0.1680156039812311 
0.16748069698477677 0.13565985340674513 
0.16748069698477677 0.13565985340674513 
0.16748069698477677 0.13565985340674513 
0.16636547212373687 0.13838729060225752 
0.16636547212373687 0.13838729060225752 
0.15757374305213592 0.13488682173223626 
0.1534409029121399 0.12571624753563534 
0.1650742569123152 0.11524215257854814 
0.16708210488905834 0.15219432570348246 
0.0967351611827541 0.2093323783787118 
0.0968701927193456 0.20890403748073355 
0.1767105313025732 0.17287427926750434 
0.06983763000823208 0.19292083711616223 
0.12139441958871411 0.16247622320422603 
0.13645242086801096 0.1875428716007982 
0.09811261811299934 0.18193409834730187 
0.10882906906392976 0.1611595477264047 
0.16307537982539339 0.16145943235148905 
0.0995410872826068 0.20122433220105773 
0.1313678161986184 0.15607168691427026 
0.12411797960270574 0.1428019325642948 
0.12512030251194808 0.1488801124487121 
0.13017109997124449 0.14678912831548233 
0.1292747973453696 0.14625781624759196 
0.1308181400186378 0.14834656702253762 
0.15186428072614397 0.19234565230288678 
0.1600292212442068 0.20988333242862933 
0.1600292212442068 0.20988333242862933 
0.1600292212442068 0.20988333242862933 
0.1600292212442068 0.20988333242862933 
0.11539234140796688 0.14954138111530438 
0.11539234140796688 0.14954138111530438 
0.13109572010587361 0.18476406045434146 
0.17828336115214188 0.15540720355781468 
0.180795952386669 0.1781169043239366 
0.15064175551267148 0.20842651558224295 
0.14468126197679387 0.22104005446334019 
0.14468126197679387 0.22104005446334019 
0.1616639464275554 0.20956177823411937 
0.1620012548730353 0.2094844271582432 
0.1721101445267686 0.19212818504965462 
0.0684298653536336 0.194896781702152 
0.07444898853960467 0.18910044025907843 
0.16988794691198383 0.1794902104828095 
0.16144234287928586 0.18107591070629428 
0.17224445390326504 0.19305556367975793 
0.12345068756147659 0.1966465503791135 
0.13259140785138654 0.24134947171153842 
0.10367383715352091 0.2467027204439358 
0.09758349895014629 0.2505138205393276 
0.09758349895014629 0.2505138205393276 
0.10512510012096374 0.250783130902022 
0.10512510012096374 0.250783130902022 
0.10877415142764836 0.2507038108046486 
0.12240782924545676 0.25194705318310245 
0.12240782924545676 0.25194705318310245 
0.12214168904952191 0.2519210738290624 
0.07824085339403383 0.17392245151289853 
0.16141290142988654 0.15813813000065424 
0.09891780659239602 0.1718943526546157 
0.08973112394482043 0.20691093214482953 
0.062165957632367624 0.1623882537646325 
0.14631944874761504 0.17241888567033561 
0.15681381866547556 0.186533084837905 
0.17862150966202778 0.20458952126746732 
0.17862150966202778 0.20458952126746732 
0.16782277066118462 0.1898890704648018 
0.15887818900047807 0.1829711818144615 
0.14677444347121893 0.23856401858372994 
0.13156808533434433 0.19614857174403144 
0.13133661248292713 0.19037761987678625 
0.08520012967507254 0.2117779292166592 
0.1129994491780862 0.20204157841502168 
0.09510770564710276 0.15570726262126922 
0.11116382849236624 0.15226171056532758 
0.11259570908115919 0.15231464883560028 
0.1686886209361998 0.1668352867262786 
0.1790518342902079 0.14815705878001073 
0.1790518342902079 0.14815705878001073 
0.1790518342902079 0.14815705878001073 
0.1790518342902079 0.14815705878001073 
0.17639417808606736 0.14976223854197224 
0.14774670905411125 0.1650629525696028 
0.06875966493612169 0.1702925560229659 
0.10525431833628696 0.18437467122041196 
0.08379697457414331 0.22561675706962592 
0.08379697457414331 0.22561675706962592 
0.08379697457414331 0.22561675706962592 
0.07970779921242216 0.23312811329902405 
0.06910846030509843 0.24944032931198565 
0.06910846030509843 0.24944032931198565 
0.06910846030509843 0.24944032931198565 
0.06910846030509843 0.24944032931198565 
0.06910846030509843 0.24944032931198565 
0.06910846030509843 0.24944032931198565 
0.06910846030509843 0.24944032931198565 
0.06870491151854907 0.2527628798426511 
0.06870491151854907 0.2527628798426511 
0.06870491151854907 0.2527628798426511 
0.1308101175970192 0.14699774228221038 
0.13954208609180382 0.14702760920901015 
0.158330137398576 0.15291125707288358 
0.14442519027039402 0.20168232499940186 
0.1412182871826672 0.20069850302634987 
0.14053125267484323 0.22334166305033687 
0.1401482675157485 0.220728413241146 
0.13632337818287546 0.2152722575556539 
0.16327221323166297 0.2408772168542739 
0.1676006819672308 0.24026069424860996 
0.16704194367458816 0.24552270619853322 
0.16282574331035543 0.24171684623535664 
0.16282574331035543 0.24171684623535664 
0.16551735599321837 0.24665057279773597 
0.16551735599321837 0.24665057279773597 
0.1695020060385857 0.25507645655884914 
0.1695020060385857 0.25507645655884914 
0.1695020060385857 0.25507645655884914 
0.1695020060385857 0.25507645655884914 
0.14151011054165377 0.24418342883996877 
0.14151011054165377 0.24418342883996877 
0.14151011054165377 0.24418342883996877 
0.14151011054165377 0.24418342883996877 
0.13261552648292846 0.2500385678943458 
0.13261552648292846 0.2500385678943458 
0.13261552648292846 0.2500385678943458 
0.13267281559904662 0.24970286733650454 
0.13267281559904662 0.24970286733650454 
0.13267281559904662 0.24970286733650454 
0.14898120972698944 0.23695596547513356 
0.14898120972698944 0.23695596547513356 
0.1531161761884327 0.23955834862824596 
0.1531161761884327 0.23955834862824596 
0.15155836307655088 0.24306895850274277 
0.15766975722890236 0.2486404365859648 
0.15766975722890236 0.2486404365859648 
0.1507245105951744 0.21834347067298626 
0.16225019872930743 0.22228732481256752 
0.16225019872930743 0.22228732481256752 
0.16225019872930743 0.22228732481256752 
0.16225019872930743 0.22228732481256752 
0.06491911777776628 0.19778611514983907 
0.11770065497910573 0.19021852262691222 
0.1201473975813866 0.2019524498459599 
0.0993473084369283 0.19397643932241396 
0.09820172708570502 0.18675324089252843 
0.17824948003061064 0.20135455348776618 
0.0825349292678638 0.18055872491683608 
0.1347365286038359 0.18091170416361538 
0.12922890687022276 0.21642207509928874 
0.12073828747675192 0.22094036215922 
0.12228029596402992 0.22237349685676366 
0.12228029596402992 0.22237349685676366 
0.12228029596402992 0.22237349685676366 
0.1501572477764133 0.2364552653024844 
0.1559650876179338 0.2384490026659349 
0.16808884477062053 0.23081424153264643 
0.16670956043352242 0.22952008482395483 
0.1656416010311711 0.2292813630801478 
0.17467891389505236 0.23943806033401066 
0.16132129967628708 0.22473240836456357 
0.1619554336598549 0.22292602372663609 
0.15081619538148722 0.20503140747254706 
0.15081619538148722 0.20503140747254706 
0.1284717993954698 0.19851982748157299 
0.17524670828463149 0.15908034981117877 
0.07046273577295031 0.18278338593800902 
0.12313918501213883 0.16986444315164756 
0.10485746367531605 0.18536123880538832 
0.13606529966665357 0.1873589138816278 
0.14609288827888067 0.14766516617188105 
0.14609288827888067 0.14766516617188105 
0.14359753525641916 0.14074942910858068 
0.14359753525641916 0.14074942910858068 
0.14310211812120183 0.13947998078280996 
0.17133187384908521 0.2165508323399884 
0.17464867727189226 0.2170454539286734 
0.08404286599114509 0.2358644637587895 
0.17536779467308616 0.15244487549885327 
0.17536779467308616 0.15244487549885327 
0.17999897872471635 0.2051238233503434 
0.17999897872471635 0.2051238233503434 
0.17999897872471635 0.2051238233503434 
0.17695003287763467 0.18787255135597963 
0.17020253663176177 0.1919931050155466 
0.16838138852000464 0.1862896982991411 
0.16838138852000464 0.1862896982991411 
0.06891262834038989 0.20668903816579343 
0.06891262834038989 0.20668903816579343 
0.13070778670483563 0.17485858907384075 
0.1316601857386759 0.16503928685992975 
0.12816916570824227 0.11423367099762385 
0.12816916570824227 0.11423367099762385 
0.12816916570824227 0.11423367099762385 
0.12816916570824227 0.11423367099762385 
0.12816916570824227 0.11423367099762385 
0.12816916570824227 0.11423367099762385 
0.12816916570824227 0.11423367099762385 
0.12816916570824227 0.11423367099762385 
0.12816916570824227 0.11423367099762385 
0.14307831590179976 0.09740904108415135 
0.15142269231412436 0.1344901384769875 
0.13746672494180479 0.13857091983498737 
0.12963180428256835 0.0961014501655226 
0.130950757347837 0.10161662191633822 
0.12171233736847123 0.1391318727354229 
0.12171233736847123 0.1391318727354229 
0.11202866834348599 0.12671339162354794 
0.1114136226073702 0.0996727806108033 
0.11141485363358597 0.0986173961406995 
0.12615470020793212 0.13378377412664438 
0.12615470020793212 0.13378377412664438 
0.12615470020793212 0.13378377412664438 
0.1252352273735467 0.13541546397622148 
0.11536770565312379 0.11804196149186487 
0.11747268891220031 0.13016426519494934 
0.11947824526712808 0.13549939432448832 
0.11947824526712808 0.13549939432448832 
0.12407074746293763 0.11129944762458757 
0.06698349268510005 0.20858545961001138 
0.1801958471828033 0.18782043279394708 
0.16031199794074863 0.19046360351858396 
0.09510596636900988 0.17008218792215835 
0.13106175085349042 0.18621069155213518 
0.14065635136401006 0.18337547174622287 
0.07248774408528796 0.20107716187855307 
0.06342045055041717 0.2102348234958363 
0.12219972629310315 0.21769979859185168 
0.07936714038526349 0.17876297115258827 
0.16957992627248591 0.1620457788404746 
0.1272803412840548 0.20869246359313826 
0.13764518611281829 0.16414127571846238 
0.1675686584769669 0.12963811345941534 
0.16727778220604683 0.1784155273577423 
0.1660921059580752 0.16348544866820058 
0.1785311828511153 0.18744172373857973 
0.06729715372696315 0.18432380667470125 
0.14808583533398012 0.194906472910429 
0.12011468256036764 0.20148459995577822 
0.12011468256036764 0.20148459995577822 
0.1076883183065169 0.1840168399952911 
0.15701862246515177 0.16687163466596885 
0.1462391069564756 0.1483745033265064 
0.17511444033005452 0.17140542509776066 
0.16667703399958236 0.16853390127873064 
0.12053965629980606 0.1831479856543896 
0.13012020527448565 0.1563080137284304 
0.13238390906979047 0.1516399540599594 
0.1582027872530294 0.11850459216165056 
0.15677150182716104 0.12924914959031353 
0.15677150182716104 0.12924914959031353 
0.1517494224651888 0.13587586743880126 
0.1517494224651888 0.13587586743880126 
0.1517494224651888 0.13587586743880126 
0.1517494224651888 0.13587586743880126 
0.1586934053307119 0.121863231925045 
0.15521799500536052 0.12631183747375058 
0.1728730518673482 0.12175844927077129 
0.16211983509555097 0.13350933982708657 
0.17122709522070031 0.13084123525776903 
0.17122709522070031 0.13084123525776903 
0.17122709522070031 0.13084123525776903 
0.17058071044360182 0.1113931734099436 
0.17058071044360182 0.1113931734099436 
0.16839347592350856 0.1197506201235835 
0.16839347592350856 0.1197506201235835 
0.16839347592350856 0.1197506201235835 
0.16839347592350856 0.1197506201235835 
0.09885935464708455 0.16177458733145098 
0.09885935464708455 0.16177458733145098 
0.10570336166801939 0.13259207885135327 
0.10046987544744643 0.13142083692388107 
0.10046987544744643 0.13142083692388107 
0.0931401529607838 0.14492678591133235 
0.09310128226290992 0.14447710665762023 
0.10570096450681712 0.22445354632952702 
0.09245608523244023 0.24454514638644848 
0.13146410507973502 0.23790378286942526 
0.13216942537170673 0.247551451731498 
0.13216942537170673 0.247551451731498 
0.13216942537170673 0.247551451731498 
0.13981805889105425 0.25304297188475633 
0.13980286451171903 0.2529458973084924 
0.13480185994675592 0.23324723306765077 
0.1352795939584162 0.23366449818807664 
0.12619604634705872 0.23743670714156523 
0.11831316379725985 0.23389296928527767 
0.11245275328667373 0.20932485179325136 
0.11200604934868946 0.2089728264417245 
0.11200604934868946 0.2089728264417245 
0.16772701122165679 0.2356327348669574 
0.16772701122165679 0.2356327348669574 
0.16772701122165679 0.2356327348669574 
0.16772701122165679 0.2356327348669574 
0.16772701122165679 0.2356327348669574 
0.16772701122165679 0.2356327348669574 
0.16772701122165679 0.2356327348669574 
0.16893769937412845 0.23703635646397928 
0.1467317855598404 0.22494399085254618 
0.1467317855598404 0.22494399085254618 
0.1467317855598404 0.22494399085254618 
0.1467317855598404 0.22494399085254618 
0.16868736767764667 0.21766610364718864 
0.16868736767764667 0.21766610364718864 
0.16868736767764667 0.21766610364718864 
0.1688723950696617 0.21801305448856906 
0.13914258396616067 0.22526072774228112 
0.1391985100891183 0.19632209045141474 
0.18128920074620594 0.21443995545238792 
0.18128920074620594 0.21443995545238792 
0.18128920074620594 0.21443995545238792 
0.08895214663942738 0.15719042744611098 
0.14362911220729738 0.16123742154304005 
0.17247719553265456 0.1981704247491175 
0.07090769777202563 0.19924626517178057 
0.11171564844037968 0.1917365100774707 
0.1019304313887043 0.1935651680768992 
0.09517541454670608 0.2048497599103334 
0.16388307999763624 0.16058417159871038 
0.0761244018708967 0.19612164103038504 
0.1486961560486702 0.19129551622030774 
0.07266864888304549 0.18223741501404295 
0.1710616848671895 0.14110638380789825 
0.1710616848671895 0.14110638380789825 
0.1710616848671895 0.14110638380789825 
0.1681603021037115 0.14214283978797926 
0.1681603021037115 0.14214283978797926 
0.17063646918429376 0.13548710438939215 
0.1744679631772164 0.13233823424842486 
0.1744679631772164 0.13233823424842486 
0.1744679631772164 0.13233823424842486 
0.1744679631772164 0.13233823424842486 
0.1744679631772164 0.13233823424842486 
0.1744679631772164 0.13233823424842486 
0.1744679631772164 0.13233823424842486 
0.17125538303914664 0.1338617047274582 
0.17125538303914664 0.1338617047274582 
0.1719848075344945 0.134385650080466 
0.1719848075344945 0.134385650080466 
0.1719848075344945 0.134385650080466 
0.1719848075344945 0.134385650080466 
0.17568809999169868 0.13314191953035417 
0.17568809999169868 0.13314191953035417 
0.16124771575741992 0.13966779951135114 
0.1613479529774961 0.13976007117665673 
0.1613479529774961 0.13976007117665673 
0.15978186168376918 0.13782845302305383 
0.15978186168376918 0.13782845302305383 
0.16888850609936645 0.10193811699159044 
0.16297490467511833 0.1230865203629255 
0.16297490467511833 0.1230865203629255 
0.16297490467511833 0.1230865203629255 
0.17085843414517904 0.10746506627600518 
0.17085843414517904 0.10746506627600518 
0.16025934879660186 0.11390142107468265 
0.15422295330520375 0.13382743959031113 
0.15422295330520375 0.13382743959031113 
0.17491732771694699 0.09929499486164778 
0.15548569723502176 0.11534179737745884 
0.15819359955727924 0.11326156498258355 
0.15819359955727924 0.11326156498258355 
0.15566639279630412 0.11720272418153035 
0.1672276398903565 0.1155998126446295 
0.1672276398903565 0.1155998126446295 
0.1672276398903565 0.1155998126446295 
0.1609118653420944 0.1439154234716511 
0.16506515756851614 0.13798824496783313 
0.17954113295851618 0.13921931086744604 
0.17954113295851618 0.13921931086744604 
0.06447247990443955 0.21122722448386133 
0.11650709825214108 0.18554544352813596 
0.08862582533100852 0.20161580297304896 
0.09705944697681225 0.17597401270929036 
0.10478595060150231 0.15060772290308863 
0.1084947784898602 0.15673465118880767 
0.12832250707802817 0.15962038936891199 
0.0720505516508075 0.19010787510037536 
0.11448727267511773 0.15636166019583933 
0.10472807062543266 0.14427863113212588 
0.10472807062543266 0.14427863113212588 
0.13018623460119338 0.1502583835371018 
0.12614416248445703 0.1476968064757512 
0.10859745043728784 0.1449405711437337 
0.0846191852204362 0.1445706099746231 
0.07215648550242323 0.12914129962709303 
0.07215648550242323 0.12914129962709303 
0.07495233256050647 0.1323601904497544 
0.08891726026228604 0.15051959115234975 
0.10436173902127066 0.19879456912284588 
0.1586649158978228 0.1818203854435099 
0.1087829925536122 0.16441680004876594 
0.12430623872752938 0.17565001339912967 
0.09106786887011915 0.20099637818964777 
0.09106786887011915 0.20099637818964777 
0.117134950365755 0.17608102687542732 
0.06260760715624983 0.19579947512830392 
0.07191961558884319 0.19199578313413793 
0.07191961558884319 0.19199578313413793 
0.12780912009960232 0.19626655875265278 
0.11940070773458031 0.22711167835758667 
0.07991771547116475 0.1606982407141107 
0.1791725766171715 0.2012405689883544 
0.16823895687995422 0.18998950254325533 
0.17903267702128928 0.20329121007179213 
0.17903267702128928 0.20329121007179213 
0.17903267702128928 0.20329121007179213 
0.17903267702128928 0.20329121007179213 
0.1706446908668685 0.21822827143348072 
0.1706446908668685 0.21822827143348072 
0.1706446908668685 0.21822827143348072 
0.1706446908668685 0.21822827143348072 
0.1706446908668685 0.21822827143348072 
0.1706446908668685 0.21822827143348072 
0.17231246362319613 0.2318907207019276 
0.17231246362319613 0.2318907207019276 
0.17231246362319613 0.2318907207019276 
0.09135317393171195 0.15118539242028842 
0.08203230484585575 0.2073698839113102 
0.08203230484585575 0.2073698839113102 
0.0876913866002704 0.20589229823105132 
0.08895896684006753 0.20552252447039215 
0.06528424933435822 0.24333789451466276 
0.06528424933435822 0.24333789451466276 
0.06794065666054451 0.23593728066443648 
0.06988674722378337 0.23606097159476505 
0.07606541338574657 0.2285514681308231 
0.07606541338574657 0.2285514681308231 
0.0671650522403321 0.250289408350811 
0.0671650522403321 0.250289408350811 
0.08228530337530388 0.22482236632141714 
0.08228530337530388 0.22482236632141714 
0.08228530337530388 0.22482236632141714 
0.087718219956833 0.22179888361542058 
0.07314037002031037 0.15486140627676745 
0.06146854010624325 0.15903375073052367 
0.06146854010624325 0.15903375073052367 
0.10286159379333742 0.1885014988316508 
0.09624905329107575 0.20050746151733942 
0.08593817236819368 0.18589954009237233 
0.08470788969527485 0.21373578099033708 
0.08311147800145452 0.214508886870804 
0.0777837577439832 0.22155803122778747 
0.17114428671800333 0.19436484660500639 
0.12675828315428952 0.15677700294977823 
0.17708236008178424 0.17894327280828218 
0.1382129100739934 0.20296221138817278 
0.11497316802783691 0.18671655723594657 
0.0788102859113297 0.17994349854834996 
0.15895494072429284 0.1870900984793379 
0.06680019852886346 0.19668961362847276 
0.12424426256064892 0.16745968419579194 
0.11406456563145301 0.1580412859460726 
0.07258303152795083 0.1811450499284167 
0.12129508169436415 0.1817232940660209 
0.11432249963532973 0.15555113922155994 
0.1734150767143896 0.21108926073759932 
0.1724755670279296 0.21457006299517004 
0.17869226187301976 0.2136227278710297 
0.06124028568540001 0.1672872653886552 
0.1631816607427427 0.20010848708243437 
0.15437725836749 0.2093933796314414 
0.15611674519023455 0.21089547072051748 
0.15611674519023455 0.21089547072051748 
0.16774087161830364 0.2277773929657595 
0.16774087161830364 0.2277773929657595 
0.06578062722471413 0.1876255706629023 
0.07099083929157658 0.20731181503511173 
0.07099083929157658 0.20731181503511173 
0.07095615251189315 0.2193485410395249 
0.07095615251189315 0.2193485410395249 
0.06915715890284688 0.22938109307025423 
0.06638162369097159 0.24114551799104983 
0.08561073791592343 0.20726931632176449 
0.08660820017397443 0.20454764254673563 
0.06858044394779915 0.22123884865425755 
0.07551345100144284 0.19058790106457707 
0.07809764495067587 0.16026349287436076 
0.1446685031720028 0.172971322324505 
0.13799107027631366 0.1602304397060231 
0.09867810231294365 0.15790380771730117 
0.09867810231294365 0.15790380771730117 
0.07719197863070806 0.16359927752949519 
0.12869500493897013 0.19444094352469868 
0.10750417718806825 0.18822119909686 
0.16749669490673824 0.1750647338818917 
0.08425738768986493 0.19587899542114023 
0.1509510313720107 0.17978001552771258 
0.07795203074359996 0.1915907778186421 
0.17847728235162783 0.18844377794653464 
0.17775926287557603 0.18986876565209887 
0.09082184032893091 0.1684681060632927 
0.18124008838322314 0.20763195780867297 
0.17136443434098178 0.14912684798300543 
0.17136443434098178 0.14912684798300543 
0.18049060675323159 0.12361942610157559 
0.18049060675323159 0.12361942610157559 
0.18049060675323159 0.12361942610157559 
0.17574008671569835 0.1271228706517124 
0.17574008671569835 0.1271228706517124 
0.175318745333113 0.13135796924007528 
0.15332743020607997 0.12725145682316147 
0.15332743020607997 0.12725145682316147 
0.17130122392354344 0.1290350808056057 
0.17130122392354344 0.1290350808056057 
0.13639065342889772 0.1867104883380008 
0.133660500748381 0.16280600510379975 
0.09830786087444002 0.15922194630007327 
0.09629187162822123 0.15826111048413022 
0.08968248967334173 0.20310464256979072 
0.07124562069360102 0.17540607396276717 
0.12301044052897692 0.18074129468385186 
0.10569793685998106 0.21240679396855425 
0.10570144392102261 0.21233425407030554 
0.1077888475474594 0.21824253432740093 
0.1261394852266433 0.19832303533747794 
0.1466162360783075 0.159185588566432 
0.17455070836650755 0.10268595365055819 
0.1746229969605846 0.10212006537568731 
0.1746229969605846 0.10212006537568731 
0.17013752867997525 0.11258891171622697 
0.17013752867997525 0.11258891171622697 
0.17013752867997525 0.11258891171622697 
0.17013752867997525 0.11258891171622697 
0.16826619018659017 0.11634604338166553 
0.16826619018659017 0.11634604338166553 
0.17937697040931122 0.12589642346968904 
0.1775904655988272 0.12838418889704523 
0.17788616239898736 0.12781825667466082 
0.17788616239898736 0.12781825667466082 
0.1782810855304029 0.12810663407458192 
0.1782810855304029 0.12810663407458192 
0.1782810855304029 0.12810663407458192 
0.1688789972317789 0.20368237470824563 
0.0753026347391953 0.16658902049256505 
0.15308514810035018 0.1808562623492274 
0.1076017011336396 0.15362505965200082 
0.10815859780878592 0.15236023004808213 
0.11944976719771194 0.12949475655496906 
0.11944976719771194 0.12949475655496906 
0.1315588568104799 0.13700226192397577 
0.13125230088828913 0.14956155702533236 
0.13329004638092973 0.14543041483307967 
0.13329004638092973 0.14543041483307967 
0.13453170204683704 0.13558858084640923 
0.13229228508814075 0.1428188335933247 
0.14164206547086905 0.13580229409386818 
0.13679976095468002 0.1380891585007555 
0.13858276461179886 0.13582967518248218 
0.13889587832017444 0.13876177618227675 
0.14211436388529217 0.14957692665885844 
0.14211436388529217 0.14957692665885844 
0.1504884552011489 0.12347361777724294 
0.14567260154099476 0.17470267330557782 
0.1682724577753271 0.18239540781547428 
0.17895768211061394 0.19730146692791123 
0.09615493875079903 0.16865346555790714 
0.08449604801337293 0.20448181389525558 
0.08449604801337293 0.20448181389525558 
0.08968704174302558 0.20181870679252814 
0.10827644406523201 0.20057187245321773 
0.10559494356667717 0.17348380098462873 
0.1063142505022179 0.1687715142479208 
0.1059395328821746 0.16797414461226395 
0.16967381568573353 0.18026907235840844 
0.09979930829831318 0.16529314555376515 
0.16097189352363095 0.16005699655195668 
0.17077413336899527 0.21465926622867687 
0.17077413336899527 0.21465926622867687 
0.17077413336899527 0.21465926622867687 
0.17077413336899527 0.21465926622867687 
0.17077413336899527 0.21465926622867687 
0.0723723005502893 0.16475036579299998 
0.08380350883920078 0.15983206298937408 
0.07284098031510892 0.15566449160669704 
0.07535723181430934 0.1800865182592345 
0.17220845023025666 0.1911592834881877 
0.08497392923427459 0.18681570415328794 
0.07629172640178081 0.19211573276522803 
0.11113422064658657 0.15900694838751062 
0.10912112242962162 0.1715505402077927 
0.09615784560377018 0.19077276538908566 
0.16400626150761818 0.1636647431258185 
0.1368264792646131 0.23152708620826168 
0.1368264792646131 0.23152708620826168 
0.1368264792646131 0.23152708620826168 
0.1368264792646131 0.23152708620826168 
0.08653032731177865 0.20133855756265062 
0.10996933503559714 0.19321804122620875 
0.12158617844722205 0.18696360081983568 
0.13941327020203037 0.21160990700320337 
0.13941327020203037 0.21160990700320337 
0.13941327020203037 0.21160990700320337 
0.13755499028708248 0.2089277080619361 
0.13755499028708248 0.2089277080619361 
0.0746536758430625 0.22241770621319545 
0.09724203706804185 0.20325148637083906 
0.17550234938603848 0.19795262585302972 
0.1511448559659761 0.14997692573032556 
0.1511448559659761 0.14997692573032556 
0.1511448559659761 0.14997692573032556 
0.1511448559659761 0.14997692573032556 
0.09210421848064937 0.1913060833400655 
0.1091393705025033 0.19913580528530397 
0.105597325879978 0.1975078054602116 
0.11636966026836455 0.17605695362195586 
0.13107550142149327 0.18728174494841918 
0.13384579793294382 0.19358182031293308 
0.13527367936974888 0.19486493021344695 
0.13527367936974888 0.19486493021344695 
0.08763684997542763 0.15738766802024678 
0.14002300885261015 0.21517865494087143 
0.14002300885261015 0.21517865494087143 
0.14884754442635295 0.21287210992368055 
0.1548175001537394 0.2120906937280698 
0.15437764777043025 0.20778560963587722 
0.16130419465420337 0.21000567511550244 
0.06563182103796178 0.19186848567756695 
0.1675068428383969 0.18306559291661928 
0.1677476847278945 0.19825670331817735 
0.15515520883435235 0.20608511957003642 
0.13535975980438564 0.1838159993934399 
0.13535975980438564 0.1838159993934399 
0.136530910274818 0.21472999376935126 
0.136530910274818 0.21472999376935126 
0.136530910274818 0.21472999376935126 
0.12569982170730362 0.21338450386526528 
0.12170042990004402 0.2031448057934431 
0.11822053577674013 0.21584201954059193 
0.11822053577674013 0.21584201954059193 
0.11406937648457428 0.1894783078007377 
0.12644979548418245 0.17055809996471777 
0.14294937853780748 0.1492179474152675 
0.14294937853780748 0.1492179474152675 
0.1627591768047812 0.15774976148426015 
0.1627591768047812 0.15774976148426015 
0.15961199721609995 0.14722619914029866 
0.15961199721609995 0.14722619914029866 
0.17627631061176036 0.14735978040811906 
0.17627631061176036 0.14735978040811906 
0.17886185058199552 0.10372763141989474 
0.17886185058199552 0.10372763141989474 
0.1314646502456272 0.12029532415565888 
0.12369757694095534 0.11408972061498059 
0.13456167864321564 0.12810987270552937 
0.15355712215596387 0.15807729815148663 
0.15382801162803783 0.156705452947744 
0.12753010418110064 0.16431749249591718 
0.10543420248684648 0.166723526387161 
0.08748088418671562 0.17713481173757026 
0.10399416006820031 0.19845512356331155 
0.09852469205072314 0.1751026090022067 
0.07814093736243655 0.17641504084939236 
0.12609441009117509 0.2034094591328906 
0.17514236355784407 0.15517324158290466 
0.13692766136521914 0.176398554369838 
0.16704752286563923 0.16796945771573826 
0.1311820604789511 0.17286659095002657 
0.17021665726621243 0.17943869670519266 
0.1490443849690775 0.17136986288261088 
0.15705194194592972 0.15185443540696258 
0.0646408573935208 0.17567651653009883 
0.1207185709898524 0.16727059112499162 
0.14003174086159967 0.1496698707189821 
0.13733850461949623 0.1490487516401002 
0.10812947993054842 0.16948880154642854 
0.1385658245520277 0.11303193666189507 
0.16637105420390513 0.08960133017144625 
0.16637105420390513 0.08960133017144625 
0.16637105420390513 0.08960133017144625 
0.1614389065491953 0.10098989874945494 
0.1444479699755857 0.1372368768745748 
0.1074642021433802 0.15003933889905907 
0.11092571890808212 0.15091992788110892 
0.11092571890808212 0.15091992788110892 
0.11092571890808212 0.15091992788110892 
0.11788798308971363 0.1521326011194827 
0.1561317231992273 0.1677088687617234 
0.07269776129426918 0.23314113811443626 
0.07269776129426918 0.23314113811443626 
0.15851407486915964 0.14809659496099886 
0.15851407486915964 0.14809659496099886 
0.1686253981239513 0.13043534752643915 
0.1686253981239513 0.13043534752643915 
0.1773219489686359 0.12777235956152472 
0.1773219489686359 0.12777235956152472 
0.1773219489686359 0.12777235956152472 
0.1773219489686359 0.12777235956152472 
0.16558100485030453 0.13946333106855902 
0.16558100485030453 0.13946333106855902 
0.16558100485030453 0.13946333106855902 
0.1510522046662053 0.1357164093517464 
0.12184834017680911 0.1412659880475123 
0.1227317850505476 0.1370854886609204 
0.10991276240243725 0.1452818118719228 
0.09137013417644621 0.17190229908597612 
0.0930428467494205 0.16533633379906085 
0.11693487629190416 0.16315029107156168 
0.17162236290502494 0.1737583579470712 
0.16063234194309559 0.15784590699500356 
0.10130783709273475 0.16245096809447768 
0.17635929141977746 0.18755150479082944 
0.09329922484738873 0.1459093272920499 
0.1101693834027006 0.14875913877505478 
0.1037190266400375 0.13338697237567915 
0.08544761112136526 0.10899974196273571 
0.08544761112136526 0.10899974196273571 
0.08544761112136526 0.10899974196273571 
0.0720788406472568 0.09628324125031418 
0.07563923732265275 0.1058225627968498 
0.07563923732265275 0.1058225627968498 
0.07585011090825752 0.11164981044868805 
0.07585011090825752 0.11164981044868805 
0.08829417934868122 0.14148086628601522 
0.08829417934868122 0.14148086628601522 
0.08639802496627712 0.13717875327564144 
0.08639802496627712 0.13717875327564144 
0.08639802496627712 0.13717875327564144 
0.0799051977531445 0.11864368908858504 
0.08269103965601203 0.1926910901529849 
0.09199819881508348 0.17205692584815507 
0.09714620504741459 0.15872102346029537 
0.1412868811993721 0.17498206573196187 
0.17859823980370898 0.16614104198307733 
0.09344898247309631 0.19307315105618464 
0.07008698690730747 0.22103848272033674 
0.10269903609379638 0.254337419740503 
0.10269903609379638 0.254337419740503 
0.10269903609379638 0.254337419740503 
0.10269903609379638 0.254337419740503 
0.10269903609379638 0.254337419740503 
0.10269903609379638 0.254337419740503 
0.10269903609379638 0.254337419740503 
0.10269903609379638 0.254337419740503 
0.10269903609379638 0.254337419740503 
0.10269903609379638 0.254337419740503 
0.10269903609379638 0.254337419740503 
0.10269903609379638 0.254337419740503 
0.10310783554517712 0.25330719317421113 
0.10310783554517712 0.25330719317421113 
0.10310783554517712 0.25330719317421113 
0.10001743988132597 0.2436258094249274 
0.10001743988132597 0.2436258094249274 
0.09714225412155286 0.23576223788454012 
0.08541384306045172 0.24316600736233956 
0.08541384306045172 0.24316600736233956 
0.08541384306045172 0.24316600736233956 
0.08541384306045172 0.24316600736233956 
0.0832363931311145 0.2502737260672444 
0.0832363931311145 0.2502737260672444 
0.0832363931311145 0.2502737260672444 
0.0867142355738521 0.24525965949842543 
0.0867142355738521 0.24525965949842543 
0.10725431004117865 0.2124332807805803 
0.10788917790213666 0.20937226326854672 
0.10788917790213666 0.20937226326854672 
0.10788917790213666 0.20937226326854672 
0.17966819113093113 0.1826054232605316 
0.07793588616115912 0.17166658392936446 
0.15596679703565935 0.1899071024905084 
0.15596679703565935 0.1899071024905084 
0.18044740384675378 0.1789324717975082 
0.16817088946864123 0.18859272570020683 
0.07392453042880133 0.17341456293205923 
0.16109095450396133 0.2020622894530278 
0.14511838097390994 0.1960430958542549 
0.08990432884680821 0.1619778408337761 
0.1662934159661698 0.15723644977336976 
0.13279233536274496 0.19814299726312232 
0.1299023123677425 0.1954048650282481 
0.08217301881804479 0.16951612435653596 
0.14204865858491014 0.21343166053749035 
0.07559610958723441 0.15558035080825752 
0.1046940347071974 0.17524250116058568 
0.1161879274938077 0.16720165588834288 
0.10517018743892523 0.2076028062876924 
0.10517018743892523 0.2076028062876924 
0.11619568831969006 0.23044802407729198 
0.11619568831969006 0.23044802407729198 
0.11619568831969006 0.23044802407729198 
0.11619568831969006 0.23044802407729198 
0.07688460948992883 0.16785492514724437 
0.10630320148219181 0.15855882975317634 
0.10534361297190695 0.11944785336927952 
0.11844000418907426 0.13979231171336007 
0.12438091470968955 0.15626954191039413 
0.15143486165043096 0.12537639752340501 
0.15143486165043096 0.12537639752340501 
0.15006696198033856 0.12688127358727183 
0.15250873565826395 0.1267337401106207 
0.15076264857243563 0.11875298961708375 
0.15076264857243563 0.11875298961708375 
0.11345083034016393 0.2126722570475052 
0.12551013653027696 0.19870039070631923 
0.12370261914693675 0.19669973752587755 
0.14516354381030694 0.22292566865172708 
0.15265921842053104 0.22227306400843125 
0.16319866540365255 0.23769331333573882 
0.16295403212939427 0.23760275523221236 
0.16295403212939427 0.23760275523221236 
0.16295403212939427 0.23760275523221236 
0.15805948169254236 0.2345658461352097 
0.1717151002536487 0.2477393560858801 
0.1717151002536487 0.2477393560858801 
0.1717151002536487 0.2477393560858801 
0.16068451851484236 0.20527031293270717 
0.14925086422403988 0.20658951752759372 
0.14925086422403988 0.20658951752759372 
0.14958106687253048 0.20641469035755597 
0.14958106687253048 0.20641469035755597 
0.14958106687253048 0.20641469035755597 
0.1648965954518762 0.17136704198184347 
0.1526488331293709 0.22884315673784456 
0.10999244782017062 0.2123470348149021 
0.14915710892689243 0.18451441675252786 
0.07977377690649266 0.19017421922006822 
0.1428585221596859 0.15026085162191943 
0.1606711996619975 0.16226519504036327 
0.07701489544962739 0.1704935840956118 
0.08660155325764138 0.2068844829820754 
0.10760723513227077 0.20438879416598651 
0.06735570193632852 0.2146991013449732 
0.06735570193632852 0.2146991013449732 
0.12222534431390103 0.18745606487146532 
0.10193977157223208 0.1985997609360422 
0.1611810094885589 0.16680708233091904 
0.17491564626834266 0.1521156622379624 
0.17491564626834266 0.1521156622379624 
0.10354714712637794 0.17105061102439323 
0.1271529402522202 0.20575158669374857 
0.1271529402522202 0.20575158669374857 
0.1271529402522202 0.20575158669374857 
0.12923587650902707 0.1969686821720229 
0.06260369084463448 0.14924926353368664 
0.06260369084463448 0.14924926353368664 
0.06260369084463448 0.14924926353368664 
0.08135830959821262 0.15053963953820862 
0.08276667491382175 0.1496219342335003 
0.07660706559421948 0.16075210546178625 
0.09129294596592916 0.15308992492937842 
0.0917791767923077 0.1561802230416437 
0.15594432481730902 0.21319744137987073 
0.1710408695980501 0.18748368979275476 
0.1721644974276719 0.21681002779680852 
0.1721644974276719 0.21681002779680852 
0.1721644974276719 0.21681002779680852 
0.10838728904693014 0.18791692421775022 
0.16479002884060823 0.18726238399476744 
0.13321521897005503 0.21576638040552817 
0.1559911044539808 0.21730237367921554 
0.15233286740003776 0.2104618609309463 
0.09844152055918162 0.25355521457442076 
0.09398301688981112 0.23381231351326004 
0.07356685707800481 0.25512495975456306 
0.07356685707800481 0.25512495975456306 
0.07356685707800481 0.25512495975456306 
0.07356685707800481 0.25512495975456306 
0.07874164528349284 0.24642737888408106 
0.07874164528349284 0.24642737888408106 
0.07881430453452361 0.2265703106036131 
0.08476331430798845 0.21617662227943327 
0.08476331430798845 0.21617662227943327 
0.15018420045914888 0.16542082540127376 
0.1685328428021846 0.15630145638019033 
0.08416624698332728 0.19811310042483954 
0.1314474929238374 0.19586335416768064 
0.1397652130292064 0.18384640870130203 
0.1270762564041142 0.2057358388291619 
0.1270762564041142 0.2057358388291619 
0.06139840511129146 0.15859303997630697 
0.16622698327129218 0.16621634080598083 
0.10594802287948409 0.16572045293141086 
0.11258665701831708 0.145419886493621 
0.1163699677254896 0.1786203223430798 
0.13408342564461517 0.18127579148064754 
0.179475448833045 0.18941975945441641 
0.13495611892000958 0.16892495586854417 
0.09736837415425662 0.1891988196777556 
0.1164662005282721 0.19078739662300484 
0.1356426258685371 0.22289191627261312 
0.1356426258685371 0.22289191627261312 
0.1356426258685371 0.22289191627261312 
0.1356426258685371 0.22289191627261312 
0.1706427523718087 0.2547804541086015 
0.13863662750768221 0.24811752487956146 
0.13863662750768221 0.24811752487956146 
0.13863662750768221 0.24811752487956146 
0.14361849612991479 0.22665849308815053 
0.13232488822842833 0.2333373331372191 
0.13232488822842833 0.2333373331372191 
0.12406670563490318 0.2068791192043 
0.12328111742276232 0.20871917474721863 
0.11879108613494563 0.2029123207211625 
0.1441258157856895 0.18300199942125034 
0.06681306317145407 0.1585875206606597 
0.08416370475347353 0.20458334606450984 
0.08296806287174342 0.20928705882469456 
0.13378976672963572 0.14834496935309702 
0.11649157579810446 0.09972914713015628 
0.11021328674213063 0.11866662079014112 
0.11011537233246815 0.11867972895561947 
0.09799262382375952 0.10110065846446314 
0.09799262382375952 0.10110065846446314 
0.09730652078246918 0.0983450315446771 
0.09730652078246918 0.0983450315446771 
0.09730652078246918 0.0983450315446771 
0.0814859523886723 0.13313105829216634 
0.0814859523886723 0.13313105829216634 
0.17051161209838459 0.16113899796902975 
0.17918498952909867 0.1959671484836346 
0.17918498952909867 0.1959671484836346 
0.17918498952909867 0.1959671484836346 
0.17918498952909867 0.1959671484836346 
0.09741967949404604 0.20027418065407648 
0.08343370505359449 0.1859100550524697 
0.07265167225126021 0.1781595829527986 
0.14869456926620697 0.1829455326958396 
0.09393147138805066 0.18757838599599036 
0.09789490960622885 0.19512587331310066 
0.14970928548429924 0.18464200408868414 
0.09627716920807296 0.19917898223624428 
0.09099519377509223 0.21152763280566222 
0.1746550819784462 0.23371061858578235 
0.17307289092614564 0.2308869698886979 
0.17307289092614564 0.2308869698886979 
0.17307289092614564 0.2308869698886979 
0.1189560922418717 0.15072730545748572 
0.06929805086555277 0.1330614495505001 
0.0813298481532547 0.13346933126751187 
0.08012728266202739 0.13046665331983648 
0.08012728266202739 0.13046665331983648 
0.08012728266202739 0.13046665331983648 
0.08012728266202739 0.13046665331983648 
0.09380310824086431 0.147387334530854 
0.08968051238113947 0.1368733778727284 
0.08881210049012993 0.13659484854780043 
0.06589853701949633 0.11773679463100667 
0.06581001765619135 0.15284762224829354 
0.06581001765619135 0.15284762224829354 
0.06581001765619135 0.15284762224829354 
0.11262659210339446 0.17078642600680455 
0.09250323699522091 0.18896991239791153 
0.13335220112215437 0.1875392064419622 
0.16112672200565664 0.16303187052665008 
0.1581735603323628 0.1583094342156317 
0.1581735603323628 0.1583094342156317 
0.1592878104532841 0.14006506379104644 
0.15113471690999397 0.12678703769616578 
0.15099135817235054 0.12498912792459742 
0.15099135817235054 0.12498912792459742 
0.17177284362455758 0.11201015975829395 
0.17722024247957224 0.10595167848897755 
0.17722024247957224 0.10595167848897755 
0.1639318919950083 0.11962741276010526 
0.1639318919950083 0.11962741276010526 
0.16034542308164107 0.12206150312351016 
0.15898365843814374 0.12811419892556167 
0.15070012520337833 0.14364594108682904 
0.10471223328620724 0.16201186535617723 
0.10720642167794556 0.19344909454219622 
0.09613046734792566 0.21118686662213912 
0.10070069796101322 0.19163661925616138 
0.11217907673485898 0.24633041384744 
0.11217907673485898 0.24633041384744 
0.11275881978393698 0.25634191620512226 
0.11623975699882697 0.24323208128000207 
0.11623975699882697 0.24323208128000207 
0.11623975699882697 0.24323208128000207 
0.11623975699882697 0.24323208128000207 
0.11623975699882697 0.24323208128000207 
0.11623975699882697 0.24323208128000207 
0.11623975699882697 0.24323208128000207 
0.11623975699882697 0.24323208128000207 
0.11800449287270379 0.2405820695972903 
0.12642052451094712 0.25152825143811885 
0.134539183698616 0.2528069942327064 
0.12687358222992356 0.2509048024871301 
0.11100787405245803 0.2485673412164102 
0.11100787405245803 0.2485673412164102 
0.11100787405245803 0.2485673412164102 
0.11645128281548903 0.24499891829192383 
0.11645128281548903 0.24499891829192383 
0.13002357315499927 0.255888015944453 
0.13002357315499927 0.255888015944453 
0.13002357315499927 0.255888015944453 
0.13002357315499927 0.255888015944453 
0.11903495966280819 0.24908176850115052 
0.11903495966280819 0.24908176850115052 
0.11874209744676648 0.2542979420815053 
0.11822579932370748 0.24063177985873038 
0.1416088037876937 0.25095684862325296 
0.14183606131523974 0.24408204728039648 
0.138689454965942 0.2483191627204906 
0.138689454965942 0.2483191627204906 
0.138689454965942 0.2483191627204906 
0.138689454965942 0.2483191627204906 
0.138689454965942 0.2483191627204906 
0.138689454965942 0.2483191627204906 
0.14050885737460705 0.2424688001695695 
0.14050885737460705 0.2424688001695695 
0.14305497894947908 0.25447875740301357 
0.13287957880711362 0.24971330379356332 
0.13287957880711362 0.24971330379356332 
0.13287957880711362 0.24971330379356332 
0.12962015939030905 0.24240233333418343 
0.12730181385516195 0.19463911093451328 
0.15280526736835806 0.1537441004673956 
0.15280526736835806 0.1537441004673956 
0.15106370503935695 0.12747400869108405 
0.15782192697302064 0.16743166642292756 
0.17718822013364238 0.19329315120739357 
0.17962730355764925 0.1719309007801208 
0.15286286126435877 0.2020461355788821 
0.07170061775922222 0.17058390158534464 
0.09518374129160413 0.1800970615935145 
0.1435270003675014 0.18884461060613658 
0.1435270003675014 0.18884461060613658 
0.12698422456721473 0.17809587748519004 
0.09651920997551255 0.17384615144122195 
0.159393829787916 0.17052254952019633 
0.1438658307084525 0.24087855281311854 
0.14206204765610506 0.2407633558952989 
0.14206204765610506 0.2407633558952989 
0.1453557156188357 0.2480357151802854 
0.1480324498684596 0.2531261159303645 
0.1230292441250354 0.24970433856984386 
0.1230292441250354 0.24970433856984386 
0.12659045459054996 0.22764780834908754 
0.12659045459054996 0.22764780834908754 
0.1332180420465194 0.2262527457822458 
0.1332180420465194 0.2262527457822458 
0.11455003247530962 0.22635462143644106 
0.10086528859769259 0.21931938480864552 
0.1028283594598741 0.22589525320275267 
0.1025103475372848 0.22385144085047204 
0.10915368556814475 0.2119488788380674 
0.10497732740419734 0.21654520259265292 
0.10435855155499954 0.22102288400643721 
0.10435855155499954 0.22102288400643721 
0.0998775826934602 0.22723585577680605 
0.17288808914738418 0.2198555906460974 
0.1734171795889505 0.21940614182726131 
0.1737072547009595 0.2195175283156068 
0.1737072547009595 0.2195175283156068 
0.1737072547009595 0.2195175283156068 
0.18019380393431142 0.22755319864871112 
0.18019380393431142 0.22755319864871112 
0.18019380393431142 0.22755319864871112 
0.14726577089501186 0.20400945512614296 
0.10815608182851631 0.17109615401744993 
0.13184756419920005 0.1521931792813186 
0.15770997972506604 0.20190962838807808 
0.12325217358853183 0.1722366856145664 
0.1197893270454609 0.17999155613954892 
0.08239240330437293 0.22284024545291295 
0.17584617028902547 0.2097422493485092 
0.17584617028902547 0.2097422493485092 
0.1676123970115157 0.20370793940145918 
0.1676123970115157 0.20370793940145918 
0.1666554349087657 0.20044729805372016 
0.17821303737891292 0.19500135637000196 
0.08884578754586692 0.16725902026074718 
0.09455072985477905 0.14548162143771465 
0.09831165493388046 0.15644271855504552 
0.0895035043575041 0.1516937614542772 
0.10379211574619204 0.15341734538179294 
0.12592901361994074 0.16727804513023678 
0.11992469146415546 0.15541002981220373 
0.16102941861829123 0.1718908655266519 
0.095554638648571 0.15924639183767297 
0.10371201586246431 0.19103225668397755 
0.11176485477074342 0.16549963920107896 
0.09220274703406361 0.20380415344752786 
0.09298364764803026 0.19366414868666434 
0.16618298258122213 0.1994929981020567 
0.17333028401680042 0.18412930247791934 
0.1639493183212928 0.16398789709397416 
0.07768721488532698 0.14617006968450885 
0.12756270607947953 0.22529829222886036 
0.13422369603774034 0.21124365363996192 
0.13422369603774034 0.21124365363996192 
0.1785576697590882 0.2544306875983615 
0.1785576697590882 0.2544306875983615 
0.1785576697590882 0.2544306875983615 
0.1785576697590882 0.2544306875983615 
0.1785576697590882 0.2544306875983615 
0.1785576697590882 0.2544306875983615 
0.1785576697590882 0.2544306875983615 
0.17751986518842516 0.25155779779511933 
0.16968200025425445 0.24031405677768244 
0.16968200025425445 0.24031405677768244 
0.15754767805066652 0.23441722856045885 
0.16409390765925644 0.23873998279163205 
0.16471647691305843 0.24416438620345798 
0.15736284229863776 0.23479573661213646 
0.15847487523495035 0.2409158591745433 
0.15847487523495035 0.2409158591745433 
0.1588690316118126 0.2440517115564915 
0.1588690316118126 0.2440517115564915 
0.15515003149827916 0.25169731661480277 
0.14713685655125983 0.22212691202435528 
0.11819719814586281 0.19196244774822707 
0.11557103278433734 0.19722348323964858 
0.15674492684730598 0.16443623964404205 
0.16884462440576906 0.16101865498830575 
0.17669230601249553 0.19491248929888083 
0.08111783504217908 0.22180377732717815 
0.07840051958981224 0.24049993625219418 
0.07840051958981224 0.24049993625219418 
0.07840051958981224 0.24049993625219418 
0.07840051958981224 0.24049993625219418 
0.1522878646175213 0.16070852709612415 
0.15600939724714002 0.19249712832783628 
0.16677088067406295 0.19425676995814958 
0.13644893741485575 0.17379565188674911 
0.0714918145274234 0.18328700292793657 
0.08291788352816137 0.1716310598409861 
0.11558194651183734 0.16681875864113488 
0.07827456548558202 0.1886097827411562 
0.06188708719410717 0.21773831931124962 
0.06188708719410717 0.21773831931124962 
0.06188708719410717 0.21773831931124962 
0.06188708719410717 0.21773831931124962 
0.07226839742484237 0.20376334854509082 
0.07497016285748882 0.20915474440463572 
0.07497016285748882 0.20915474440463572 
0.07497016285748882 0.20915474440463572 
0.16371058426526403 0.17758240173716855 
0.07497016285748882 0.20915474440463572 
0.07497016285748882 0.20915474440463572 
0.07497016285748882 0.20915474440463572 
0.16250456990854614 0.15220872054089965 
0.16250456990854614 0.15220872054089965 
0.16250456990854614 0.15220872054089965 
0.16493037759595353 0.19877199140808674 
0.10715004272832793 0.22588346612578178 
0.13383073307462323 0.17073111212177738 
0.14485234323804544 0.18037021012885324 
0.062116997052979 0.15555709242651092 
0.06100866611102115 0.12876020475562452 
0.0784097647756896 0.1763687044349664 
0.08995800323889482 0.157551493920695 
0.09915485988018936 0.18260883924461332 
0.11219196261100498 0.16040032869551804 
0.11219196261100498 0.16040032869551804 
0.11128088839465941 0.11389313389037088 
0.11508595645565664 0.11322297944749617 
0.11508595645565664 0.11322297944749617 
0.11508595645565664 0.11322297944749617 
0.11592909553764813 0.12343198570318209 
0.11762939036943051 0.12499901954838857 
0.11762939036943051 0.12499901954838857 
0.11762939036943051 0.12499901954838857 
0.11762939036943051 0.12499901954838857 
0.11762939036943051 0.12499901954838857 
0.11646640058996469 0.12887246596147106 
0.11646640058996469 0.12887246596147106 
0.10698085707722318 0.12790294201542293 
0.10910776396618707 0.12933647452341188 
0.11456902775215105 0.14811763299802408 
0.14100942738776898 0.19836391698696712 
0.12354708080122247 0.21909399194501658 
0.12633537932744204 0.22249621265037905 
0.15440253969480267 0.19969667269056351 
0.148138475576521 0.21096489188201364 
0.14956039133000248 0.21451988342131917 
0.14938797132978215 0.21445004116789687 
0.11340630849243835 0.16008612370914918 
0.08163615933437894 0.18712601667096518 
0.14903165045053268 0.1857147353250838 
0.11380991422490991 0.19652061856968334 
0.10087153419713142 0.19392337273656612 
0.06298118594816546 0.1872033282960015 
0.08062401592500013 0.160404238018419 
0.11373830224608805 0.19495238732390124 
0.1365658633213525 0.2288775696233345 
0.1365658633213525 0.2288775696233345 
0.13756124238049172 0.23498956271056975 
0.1297145782769131 0.2329539512316782 
0.12814554210649187 0.23460855022961163 
0.09016338926132178 0.2209365807584329 
0.09016338926132178 0.2209365807584329 
0.09016338926132178 0.2209365807584329 
0.09016338926132178 0.2209365807584329 
0.0864794637745247 0.20850586211949437 
0.10757423048291145 0.22160584828702656 
0.12911314062342635 0.24969899630300652 
0.10962725901436604 0.25512461031863665 
0.10962725901436604 0.25512461031863665 
0.10962725901436604 0.25512461031863665 
0.10950059050871944 0.25536265804861613 
0.10950059050871944 0.25536265804861613 
0.10950059050871944 0.25536265804861613 
0.10950059050871944 0.25536265804861613 
0.10924427767334932 0.2538445945571618 
0.10924427767334932 0.2538445945571618 
0.10753903935428617 0.24374498314807735 
0.10753903935428617 0.24374498314807735 
0.10753903935428617 0.24374498314807735 
0.1061724066266647 0.24742577164779334 
0.1061724066266647 0.24742577164779334 
0.1061724066266647 0.24742577164779334 
0.1196533275279308 0.22086464814232087 
0.11344703890184563 0.22471404996848343 
0.11344703890184563 0.22471404996848343 
0.10641822183603745 0.15648175727495495 
0.10641822183603745 0.15648175727495495 
0.16521667121928146 0.19092261724320025 
0.13010114743224788 0.18233170175892188 
0.16090888420941957 0.19220259465499903 
0.11835080764645717 0.1630303946990028 
0.07558869329866709 0.15856149238475895 
0.172036980306615 0.1672390644364814 
0.09690513402846958 0.17499825063059382 
0.09326818944197326 0.18266602270946186 
0.11996044814401467 0.17061532749942998 
0.17654173521840272 0.2026920282657162 
0.17654173521840272 0.2026920282657162 
0.18122197513735533 0.22787235199496242 
0.18122197513735533 0.22787235199496242 
0.17939632790789384 0.21800029149884684 
0.17939632790789384 0.21800029149884684 
0.17939632790789384 0.21800029149884684 
0.17431428846494562 0.2183614350089589 
0.17431428846494562 0.2183614350089589 
0.17431428846494562 0.2183614350089589 
0.1580421060436137 0.21614619103657745 
0.13544895603093648 0.15419748185427895 
0.1060139344195841 0.21563130215561743 
0.10368639479645331 0.25142783434985466 
0.10368639479645331 0.25142783434985466 
0.10368639479645331 0.25142783434985466 
0.10836644931116955 0.24487767676877492 
0.10836644931116955 0.24487767676877492 
0.10836644931116955 0.24487767676877492 
0.10840136979394474 0.2397489485415809 
0.11074821727460812 0.2401519318669446 
0.11611659779652675 0.2553302149279945 
0.1172560251712586 0.25453564484384894 
0.1172560251712586 0.25453564484384894 
0.11207782952597897 0.2438253713180945 
0.12072654415069958 0.16273266676348025 
0.09433572083353142 0.2009298993931064 
0.09466887039410546 0.20379188126696415 
0.09147890976478965 0.2364794413463453 
0.09147890976478965 0.2364794413463453 
0.08163823779729112 0.24637093164973992 
0.08067273940093404 0.22855937567703147 
0.08067273940093404 0.22855937567703147 
0.07480821980929514 0.24302149305422077 
0.07480821980929514 0.24302149305422077 
0.07480821980929514 0.24302149305422077 
0.07480821980929514 0.24302149305422077 
0.09655781004031007 0.23025356422437823 
0.09732013398194196 0.22963523660993682 
0.10977999777113298 0.18473789307710645 
0.06691695935208036 0.18240118983628967 
0.17638147843259955 0.17775060851544147 
0.12313929792695248 0.17665720247541086 
0.14159130251261667 0.1807735381730988 
0.13251736315295476 0.19741428529024693 
0.06516662266800079 0.18446779691573806 
0.14700863940657544 0.18301742401491852 
0.12465314358622921 0.17769668806744532 
0.11495897660196273 0.18820832127357792 
0.14300425288672458 0.14920336170648082 
0.14273428791695944 0.14941424958689853 
0.14273428791695944 0.14941424958689853 
0.13768340556602732 0.14073084793397353 
0.12671661987419805 0.1280671113225349 
0.11788719243203169 0.14507060934629695 
0.07654266714846306 0.15267447451183905 
0.07654266714846306 0.15267447451183905 
0.09665111532565736 0.15795042172265694 
0.09665111532565736 0.15795042172265694 
0.06334954437302716 0.1583072820693167 
0.06922922861132938 0.1875201747462299 
0.08953198038486868 0.14331859200092711 
0.09008599663017096 0.14411349163960346 
0.093669966913982 0.15002492376241186 
0.08524378159319318 0.18558175394792167 
0.12058905337090814 0.2242941243299844 
0.12336817497221439 0.2233600691567965 
0.12495314081138523 0.22984470729279768 
0.13512261013454385 0.24435312408157084 
0.1318662647887088 0.24009101412128236 
0.1318662647887088 0.24009101412128236 
0.1318662647887088 0.24009101412128236 
0.12863306534570626 0.24590709631942995 
0.12863306534570626 0.24590709631942995 
0.12863306534570626 0.24590709631942995 
0.12863306534570626 0.24590709631942995 
0.13008192136202126 0.2444196307185031 
0.11876759495478857 0.15554438104352689 
0.10026938306708409 0.13193009669631467 
0.09028540714867052 0.11109426834543551 
0.09308153890040892 0.10950886146079039 
0.10718548380375759 0.1368574278817467 
0.08105703865091934 0.13116757899253928 
0.08015917180868457 0.1373262619689033 
0.08015917180868457 0.1373262619689033 
0.06707397367024247 0.11869674732514472 
0.06525856441658176 0.15288996701143734 
0.06534321857923135 0.14635685265163692 
0.06534321857923135 0.14635685265163692 
0.06534321857923135 0.14635685265163692 
0.06534321857923135 0.14635685265163692 
0.06534321857923135 0.14635685265163692 
0.06534321857923135 0.14635685265163692 
0.06534321857923135 0.14635685265163692 
0.06534321857923135 0.14635685265163692 
0.06534321857923135 0.14635685265163692 
0.06534321857923135 0.14635685265163692 
0.06534321857923135 0.14635685265163692 
0.06275697712745656 0.141259261898274 
0.06275697712745656 0.141259261898274 
0.06275697712745656 0.141259261898274 
0.06275697712745656 0.141259261898274 
0.06275697712745656 0.141259261898274 
0.06225235331155496 0.14099251132585985 
0.06225235331155496 0.14099251132585985 
0.06225235331155496 0.14099251132585985 
0.06225235331155496 0.14099251132585985 
0.06225235331155496 0.14099251132585985 
0.08412218645133913 0.13891836184207074 
0.06508736701018905 0.12629731774274816 
0.06508736701018905 0.12629731774274816 
0.06508736701018905 0.12629731774274816 
0.06508736701018905 0.12629731774274816 
0.06717085812209932 0.13025314578518005 
0.07356686656912301 0.13407690759066115 
0.07470226497059639 0.13855253676695578 
0.07470226497059639 0.13855253676695578 
0.07470226497059639 0.13855253676695578 
0.07470226497059639 0.13855253676695578 
0.07470226497059639 0.13855253676695578 
0.07470226497059639 0.13855253676695578 
0.07877020608304382 0.1420213098511809 
0.07877020608304382 0.1420213098511809 
0.07955194414016141 0.1480541218053013 
0.0746523412527778 0.11843785776848681 
0.0746523412527778 0.11843785776848681 
0.0746523412527778 0.11843785776848681 
0.10573233607000788 0.13073380810099955 
0.11261940753177037 0.1407590302512952 
0.11261940753177037 0.1407590302512952 
0.11445930881760144 0.14795850562960153 
0.11445930881760144 0.14795850562960153 
0.11530216614641346 0.13691459132339248 
0.11530216614641346 0.13691459132339248 
0.11304450737513572 0.1375845477546367 
0.11304450737513572 0.1375845477546367 
0.11673365629700999 0.12863465396558987 
0.11673365629700999 0.12863465396558987 
0.1109448788215173 0.11703900752203958 
0.1109448788215173 0.11703900752203958 
0.10728062369759622 0.12099364213087739 
0.10252562233013054 0.11070828852941156 
0.10331864353914533 0.11314706691998154 
0.10331864353914533 0.11314706691998154 
0.07735646127827779 0.09422423824806986 
0.11799600636139174 0.13754122467195926 
0.1306376652446349 0.14863558532541596 
0.1282357996174972 0.14462284700675598 
0.12355335614225557 0.15396693831542946 
0.11775496339758729 0.13664390904985485 
0.11775496339758729 0.13664390904985485 
0.12063766546432912 0.13574959391827646 
0.12063766546432912 0.13574959391827646 
0.12063766546432912 0.13574959391827646 
0.12624776274483013 0.13270570981988344 
0.12624776274483013 0.13270570981988344 
0.12884850106929477 0.12725708524092977 
0.12884850106929477 0.12725708524092977 
0.12884850106929477 0.12725708524092977 
0.12884850106929477 0.12725708524092977 
0.12884850106929477 0.12725708524092977 
0.14049730585778566 0.09909690914007066 
0.14049730585778566 0.09909690914007066 
0.13830068782994254 0.10986449915466522 
0.13830068782994254 0.10986449915466522 
0.13830068782994254 0.10986449915466522 
0.13830068782994254 0.10986449915466522 
0.13830068782994254 0.10986449915466522 
0.13830068782994254 0.10986449915466522 
0.13830068782994254 0.10986449915466522 
0.14225079521881706 0.1514956910714074 
0.14225079521881706 0.1514956910714074 
0.13739990874214353 0.1410118536783984 
0.13739990874214353 0.1410118536783984 
0.13763638937828365 0.1404841611481393 
0.13763638937828365 0.1404841611481393 
0.14239355724313807 0.14779310024910447 
0.1365694608381872 0.13443417126383117 
0.13464823731632028 0.13631603518351568 
0.13464823731632028 0.13631603518351568 
0.1466492477456385 0.13612888073367455 
0.15729169189946768 0.12059638365896164 
0.15729169189946768 0.12059638365896164 
0.15591535524625244 0.13435587436213364 
0.16909671263929396 0.17511339856187383 
0.1641533738748771 0.16925208122286983 
0.11934199309146191 0.16713443685333051 
0.10039701074612307 0.166087203570625 
0.08683826603372281 0.1375553591315186 
0.08692945872275999 0.14368739079226978 
0.08692945872275999 0.14368739079226978 
0.08692945872275999 0.14368739079226978 
0.08959061442421903 0.1741609938830597 
0.09972277793556782 0.1963550480947887 
0.09972277793556782 0.1963550480947887 
0.0888577954234336 0.17344745315567364 
0.16482799222234296 0.18146418507561102 
0.121919830206764 0.1948869343401829 
0.14906733505706268 0.2145717583030025 
0.17760110294149611 0.17816532408230584 
0.1047942062639064 0.16490218974228707 
0.07888036321191158 0.1720343936907148 
0.07806676901086791 0.1899839191134491 
0.11561073107501518 0.17342306972057994 
0.06981118923803074 0.13834243467402982 
0.06981118923803074 0.13834243467402982 
0.06981118923803074 0.13834243467402982 
0.08736485234831978 0.19513387065413443 
0.08634276790839882 0.198489978967344 
0.09967044926504226 0.25510603286758016 
0.09967044926504226 0.25510603286758016 
0.09967044926504226 0.25510603286758016 
0.09967044926504226 0.25510603286758016 
0.1761637180746158 0.22674161587250893 
0.1761637180746158 0.22674161587250893 
0.07784292863383574 0.2243770860877095 
0.07784292863383574 0.2243770860877095 
0.1287139689180451 0.22128733208701146 
0.13521442827650393 0.2482420869879643 
0.12673819893199567 0.244458106128411 
0.12673819893199567 0.244458106128411 
0.12147585168617557 0.21537099142178667 
0.06613496370989962 0.20837496867136293 
0.06613496370989962 0.20837496867136293 
0.06613496370989962 0.20837496867136293 
0.06613496370989962 0.20837496867136293 
0.08238353435295785 0.22018915422706725 
0.08238353435295785 0.22018915422706725 
0.08238353435295785 0.22018915422706725 
0.08067347161365085 0.21576557395163137 
0.17428880246953402 0.20861547710183315 
0.10811226267039052 0.18730674369225309 
0.11488884852126142 0.1563095551044386 
0.13115938531978777 0.15847458431014638 
0.07671805558015668 0.15005970125238144 
0.06607773190034509 0.17789447488965904 
0.14961660381180386 0.15817394998392592 
0.07032476348257662 0.22698758138549116 
0.0944688981619615 0.21474345329763866 
0.09712095036938019 0.216433715008997 
0.08531947057555463 0.21952885389980606 
0.12778610695636072 0.16619884029619142 
0.15023100069877543 0.2050576702976003 
0.13829651159456058 0.208206201654961 
0.13829651159456058 0.208206201654961 
0.12943001503433976 0.20688618640029074 
0.1212652978861305 0.23654126213601168 
0.12495897340161938 0.21827247560049243 
0.15557930828658298 0.20073614226202305 
0.1549676266435915 0.20621612397386546 
0.1549676266435915 0.20621612397386546 
0.09942620266930811 0.15870746809532693 
0.10606821667641314 0.19666343483973278 
0.08220960412768458 0.1739433900052283 
0.1420164598558483 0.1990686748290121 
