0.07462245754418134 0.15379766545047283 
0.10058002367900945 0.19471157328420807 
0.08144116154703049 0.14560192534785904 
0.08144116154703049 0.14560192534785904 
0.09094929295349757 0.14327541603668462 
0.08350424730010489 0.14507316437865952 
0.08350424730010489 0.14507316437865952 
0.11869657449461701 0.2223751558917212 
0.11854439074845637 0.22188891628003754 
0.11145333487737903 0.23773284948964196 
0.12573828865009823 0.213788487082271 
0.10962881041802428 0.1796412167454945 
0.17875211110571138 0.18745714736051236 
0.06362573498813487 0.18896495352811443 
0.13342196243223406 0.16197048894626045 
0.13723331162585586 0.18611740786712197 
0.08865263172180327 0.18358564554809143 
0.15025175578049252 0.21661073655846955 
0.15025175578049252 0.21661073655846955 
0.155676586204953 0.1793797834905463 
0.11723439937702335 0.22789845255065086 
0.1087026988624028 0.24396756010589146 
0.1087026988624028 0.24396756010589146 
0.1087026988624028 0.24396756010589146 
0.10705774365858811 0.23681814056937528 
0.10705774365858811 0.23681814056937528 
0.10705774365858811 0.23681814056937528 
0.10705774365858811 0.23681814056937528 
0.10705774365858811 0.23681814056937528 
0.10861558075747299 0.23325545464789446 
0.09347103059577885 0.25264221496722866 
0.09347103059577885 0.25264221496722866 
0.09347103059577885 0.25264221496722866 
0.09347103059577885 0.25264221496722866 
0.09347103059577885 0.25264221496722866 
0.09347103059577885 0.25264221496722866 
0.09347103059577885 0.25264221496722866 
0.09347103059577885 0.25264221496722866 
0.09347103059577885 0.25264221496722866 
0.09347103059577885 0.25264221496722866 
0.09347103059577885 0.25264221496722866 
0.09347103059577885 0.25264221496722866 
0.09347103059577885 0.25264221496722866 
0.09347103059577885 0.25264221496722866 
0.10926026204525915 0.24263205692663087 
0.10926026204525915 0.24263205692663087 
0.11567644168140957 0.25337736256450244 
0.11567644168140957 0.25337736256450244 
0.11045163697323464 0.23634642003174292 
0.11071096512021826 0.23621612143530527 
0.11071096512021826 0.23621612143530527 
0.11071096512021826 0.23621612143530527 
0.10902270073613457 0.24570441680351623 
0.10902270073613457 0.24570441680351623 
0.10902270073613457 0.24570441680351623 
0.1026015975234103 0.2512822016669583 
0.1026015975234103 0.2512822016669583 
0.1026015975234103 0.2512822016669583 
0.1026015975234103 0.2512822016669583 
0.10238890641365168 0.252099419619336 
0.10238890641365168 0.252099419619336 
0.10242998873818146 0.25127148133675414 
0.10242998873818146 0.25127148133675414 
0.10242998873818146 0.25127148133675414 
0.10340634763875309 0.25137919466642483 
0.10340634763875309 0.25137919466642483 
0.13282654158696902 0.20179778236265922 
0.1421905787043251 0.19549992572751296 
0.14283571825774097 0.1716198159521066 
0.08440947467562065 0.20066838773730292 
0.08440947467562065 0.20066838773730292 
0.1132896034672086 0.1845944438573224 
0.11620889399908217 0.15928724568634856 
0.11334475688935006 0.20376277545900487 
0.11334475688935006 0.20376277545900487 
0.11387358431758436 0.23832130479056338 
0.11387358431758436 0.23832130479056338 
0.11406776693965259 0.23969200116973985 
0.13182096705343957 0.25151097561919566 
0.13182096705343957 0.25151097561919566 
0.12922537355291652 0.2510039620480066 
0.12933678689512626 0.2520466207964803 
0.12933678689512626 0.2520466207964803 
0.12933678689512626 0.2520466207964803 
0.12933678689512626 0.2520466207964803 
0.12933678689512626 0.2520466207964803 
0.12933678689512626 0.2520466207964803 
0.12933678689512626 0.2520466207964803 
0.12933678689512626 0.2520466207964803 
0.12933678689512626 0.2520466207964803 
0.12933678689512626 0.2520466207964803 
0.126150976182088 0.25182581228233947 
0.126150976182088 0.25182581228233947 
0.125600303965432 0.237907686905286 
0.07810849648503253 0.18108884881132542 
0.14056041202513492 0.15556279261568 
0.140679193226054 0.1610030462873409 
0.10237679796614242 0.15626015722877454 
0.14028571115386304 0.23537109540240547 
0.08170215525027266 0.1979903833567451 
0.08008604314320919 0.17519089947881553 
0.08349543780838806 0.2037877212801695 
0.0684695803632614 0.22700745337675743 
0.0684695803632614 0.22700745337675743 
0.0684695803632614 0.22700745337675743 
0.06638969725627313 0.2273675477092095 
0.06638969725627313 0.2273675477092095 
0.1720472272537249 0.15996558044693562 
0.12352053950036121 0.17105499658306297 
0.09994981443935894 0.19549849316426327 
0.08703096457120041 0.18786558344986315 
0.16958345395002933 0.2041679803924451 
0.11247600632026983 0.19647805170676808 
0.17236266971947695 0.1717169707134006 
0.10986473451163947 0.1740437940032804 
0.09743964150507899 0.18401220894952852 
0.09395645809183231 0.17891981545406402 
0.1286847964886411 0.1718286533500513 
0.07014814385712168 0.17282581871886654 
0.13293316892839807 0.17823013882397906 
0.07598786086436235 0.18945960249651536 
0.16795064950525815 0.1818719731830667 
0.06532192728992374 0.2046282569295286 
0.145197409650149 0.16672916537447574 
0.08277450757249563 0.16663689126870682 
0.12806246419635176 0.18667098049646977 
0.12150654377528823 0.18119685455918438 
0.12001155998117016 0.15551453415596866 
0.13289693528994662 0.20439398565812134 
0.13289693528994662 0.20439398565812134 
0.08651779781781843 0.1850240352487621 
0.09027812215806921 0.19852078309055216 
0.09323636576389419 0.1922389285892226 
0.09323636576389419 0.1922389285892226 
0.12333647039242507 0.19646583617037622 
0.12333647039242507 0.19646583617037622 
0.16651613786550218 0.176491912265834 
0.12544779020900398 0.15206306194439817 
0.1360487487374601 0.20705883774984235 
0.1360487487374601 0.20705883774984235 
0.10747002962580637 0.2480566384596738 
0.10188639668755273 0.254244859163865 
0.10188639668755273 0.254244859163865 
0.10188639668755273 0.254244859163865 
0.10188639668755273 0.254244859163865 
0.11297659197909705 0.23758169101389634 
0.11069039289971781 0.19432786657249904 
0.14464003371581108 0.14866789957114862 
0.14464003371581108 0.14866789957114862 
0.1559446733027614 0.141884279086689 
0.1559446733027614 0.141884279086689 
0.1559446733027614 0.141884279086689 
0.1559446733027614 0.141884279086689 
0.16392337027841739 0.12535882427562897 
0.16392337027841739 0.12535882427562897 
0.16392337027841739 0.12535882427562897 
0.14780004251518528 0.15885522157240053 
0.07117168495474158 0.19539947783699355 
0.07117168495474158 0.19539947783699355 
0.10714848723679804 0.18374700797312193 
0.13161420932581105 0.16768381138729951 
0.16962285402476424 0.1493622043148991 
0.10055667281293183 0.18701880292857587 
0.1527638185445248 0.18333472425051733 
0.1797509999439422 0.1775236512051094 
0.10491962787463412 0.22222011063086589 
0.09861144580953128 0.1962151901339953 
0.16126087521659274 0.1987469599920524 
0.130206814707864 0.23426523775049007 
0.130206814707864 0.23426523775049007 
0.1261888610833487 0.25302832760278465 
0.1261888610833487 0.25302832760278465 
0.12310700839864949 0.2449458057239786 
0.12310700839864949 0.2449458057239786 
0.12310700839864949 0.2449458057239786 
0.12812168636514037 0.25005951095233714 
0.1294096548224334 0.25081764892116104 
0.14469248230478282 0.23543490256579422 
0.14469248230478282 0.23543490256579422 
0.1647522906444745 0.25655121272288617 
0.1647522906444745 0.25655121272288617 
0.1647522906444745 0.25655121272288617 
0.1647522906444745 0.25655121272288617 
0.1647522906444745 0.25655121272288617 
0.12433665119517445 0.16615695489867682 
0.15416208639638643 0.20943627760365377 
0.15416208639638643 0.20943627760365377 
0.17187992875779104 0.18466697938302265 
0.06727345876400644 0.1606184565404079 
0.06533830625659556 0.17872510864079919 
0.14999171396749977 0.19002020610979173 
0.1276640051429986 0.17970253939188033 
0.10291954603642345 0.16861403466300848 
0.1457720808722243 0.23403261505060036 
0.1457720808722243 0.23403261505060036 
0.15099103642646558 0.2524590312112893 
0.14943772044731954 0.25598626077640874 
0.14943772044731954 0.25598626077640874 
0.14943772044731954 0.25598626077640874 
0.14943772044731954 0.25598626077640874 
0.14943772044731954 0.25598626077640874 
0.1404023582225498 0.22930730306206468 
0.1404023582225498 0.22930730306206468 
0.14006765619979866 0.23172077530756666 
0.12486742996832034 0.2267689230129375 
0.12486742996832034 0.2267689230129375 
0.12486742996832034 0.2267689230129375 
0.11873181849988722 0.2132142075433387 
0.11717318986447445 0.21178199696085553 
0.1321470686601237 0.21869714055910855 
0.1321470686601237 0.21869714055910855 
0.12951913642512028 0.22703621433939625 
0.12396379376768149 0.22887336659663812 
0.17666110885691874 0.21947422847227482 
0.17907220990724557 0.2249945284687746 
0.17907220990724557 0.2249945284687746 
0.17907220990724557 0.2249945284687746 
0.16883777444079634 0.22284473693647025 
0.16562824544503923 0.22115684081963322 
0.16562824544503923 0.22115684081963322 
0.16562824544503923 0.22115684081963322 
0.16509229975222972 0.22181798230084387 
0.1749995025871954 0.22922186120113808 
0.1749995025871954 0.22922186120113808 
0.17299312015477344 0.21779742682384612 
0.16891315115012817 0.2224201484625898 
0.13084572868819394 0.21679592930876201 
0.1428097917202335 0.2087896731091236 
0.1428097917202335 0.2087896731091236 
0.1428097917202335 0.2087896731091236 
0.10410995643843124 0.2083741191737384 
0.14614142071644992 0.1922926923673362 
0.14614142071644992 0.1922926923673362 
0.12613971650271052 0.206416348645917 
0.09562772663428445 0.15094833554265588 
0.09128812364572415 0.15478659008628745 
0.06508937343830913 0.16078423632331795 
0.17152801145109348 0.1546107243745209 
0.17152801145109348 0.1546107243745209 
0.10304377741568027 0.1815393301187306 
0.1129719477953468 0.2286265760678937 
0.14738618723255148 0.15648515758144535 
0.18129269286451805 0.1750596790657198 
0.09846488564759436 0.17870828293501187 
0.1533914594896842 0.18466661785973632 
0.10390538865591681 0.1974565462199566 
0.10390538865591681 0.1974565462199566 
0.15491189941241476 0.2139415576991992 
0.15491189941241476 0.2139415576991992 
0.15918013199519504 0.25373078090162615 
0.15918013199519504 0.25373078090162615 
0.15918013199519504 0.25373078090162615 
0.1484203413179494 0.21806123118608897 
0.1484203413179494 0.21806123118608897 
0.1484203413179494 0.21806123118608897 
0.15599031929027837 0.1912408527713915 
0.15764466501065993 0.19612085299690452 
0.16288046332767978 0.19873674427932692 
0.1333618971750543 0.1873938113346087 
0.12933627554879806 0.1668900356310631 
0.1603578563459681 0.19569817790576752 
0.06307942324733154 0.17864146270959508 
0.1420993042694865 0.17751824888976087 
0.1413216360714943 0.19968237392875127 
0.15630119056249742 0.18779321083796932 
0.06356861638336807 0.20145603099354162 
0.16912619220285627 0.1929283445325218 
0.1657772213549522 0.1997978161227873 
0.15242748370399548 0.19345444993774424 
0.1418974787748834 0.18924410736859812 
0.12388319785628818 0.1542051705886891 
0.09635809668436882 0.20081614997871455 
0.15701049992645352 0.1918354690301114 
0.1445446080762524 0.19441939133295155 
0.1793646043342258 0.2243214454809842 
0.1793646043342258 0.2243214454809842 
0.1489255777256276 0.2182526894066573 
0.14899518474442852 0.21576923136034123 
0.14899518474442852 0.21576923136034123 
0.18029175709690157 0.19375343328824962 
0.1587232879077359 0.15856190499344738 
0.15278098891064715 0.18654677333046885 
0.15149322961380013 0.19554473711666678 
0.08438409706652526 0.1663365329709236 
0.09755716895618716 0.16995588992890234 
0.09238868759098631 0.16542202093847974 
0.09236440051767114 0.17039272497385366 
0.14269216784583022 0.1769046614597063 
0.08285925791902321 0.18305317219478834 
0.1642787463904047 0.16856035262396735 
0.09552205547146288 0.18060142635560417 
0.12158571513036365 0.16380178220662794 
0.16346764929669014 0.19465269237452648 
0.1589865482734829 0.15465193531132515 
0.1589865482734829 0.15465193531132515 
0.12996159395199763 0.16303311245891342 
0.12519672220538924 0.17355917492720296 
0.13370511223056863 0.18404156147060013 
0.1693636643845343 0.19613207134060898 
0.12751288856392656 0.18327620743287365 
0.13887934567223026 0.18529727754107078 
0.08895077268423521 0.17051671788937645 
0.1552727446025468 0.15845920400836438 
0.14215262368424764 0.14693076476876366 
0.14199323753042828 0.14679654884360843 
0.10274232277798487 0.17509380961820864 
0.08854700406023089 0.17353461288788732 
0.07467372563273571 0.1486163780880505 
0.07467372563273571 0.1486163780880505 
0.07467372563273571 0.1486163780880505 
0.07467372563273571 0.1486163780880505 
0.07954517302633143 0.1179202545895447 
0.07954517302633143 0.1179202545895447 
0.0866415420487469 0.12068746300622361 
0.10721768085355475 0.12950468771843482 
0.10721768085355475 0.12950468771843482 
0.10721768085355475 0.12950468771843482 
0.11073896425841565 0.13668207560114784 
0.09073812537710306 0.16439953190473736 
0.14638427377067195 0.1547580543357906 
0.13344024725135373 0.16494406480910584 
0.11728899018193586 0.14408640261450756 
0.11923336284937605 0.14276277272675514 
0.133828291813423 0.11532685310822136 
0.133828291813423 0.11532685310822136 
0.133828291813423 0.11532685310822136 
0.13772267181289263 0.13061126260836847 
0.13772267181289263 0.13061126260836847 
0.13772267181289263 0.13061126260836847 
0.13772267181289263 0.13061126260836847 
0.13772267181289263 0.13061126260836847 
0.15263654292159168 0.1194893916746606 
0.15006374216286286 0.12072631090311133 
0.15006374216286286 0.12072631090311133 
0.15006374216286286 0.12072631090311133 
0.1315496875444953 0.1194659054507867 
0.1315496875444953 0.1194659054507867 
0.1315496875444953 0.1194659054507867 
0.1315496875444953 0.1194659054507867 
0.12986400628243702 0.12580714955447578 
0.1560754074945356 0.10548146503459627 
0.15629122784987237 0.1125582349350474 
0.14341379812809799 0.13907914039310726 
0.1805300772947924 0.11667957083379786 
0.1805300772947924 0.11667957083379786 
0.18068489543054636 0.1165443571547814 
0.1734427360758047 0.12478499717446771 
0.15813771400009732 0.14419783368673328 
0.16142049337259431 0.19998143573169685 
0.12301105502290649 0.16137330649044887 
0.11650726650583235 0.16258942374477992 
0.11602703377828172 0.16257796190416016 
0.08959519715172716 0.11747337901199711 
0.08959519715172716 0.11747337901199711 
0.09388005794444336 0.13247395486402477 
0.08087351331979648 0.14165811279683302 
0.07792234323501407 0.1325601596412086 
0.07696531944277221 0.1297967746961029 
0.07696531944277221 0.1297967746961029 
0.07985571416249088 0.14264953589625295 
0.07133052818710015 0.1871027552619819 
0.08654992271770642 0.16612850262575904 
0.1709121008247272 0.1813352738179757 
0.07844438878869688 0.1660625607874264 
0.10259180271868339 0.17139260014926272 
0.176863566849233 0.19507409850741975 
0.11734892856305396 0.1639537115423563 
0.1803426842173323 0.15757144576849463 
0.1321494098785328 0.17980671020030906 
0.13622053605818019 0.15816704019647065 
0.15773907194473452 0.17575956301317158 
0.14056342083383294 0.19970209449380316 
0.10687686241306585 0.21486254964228957 
0.11288670267394621 0.17287156036660756 
0.13374863395468994 0.16620636727249788 
0.13774151804671542 0.15623889851137102 
0.12682111450473316 0.1512198187201766 
0.06848078774315616 0.19263119188569408 
0.10832622172073195 0.19350944363967787 
0.06784878324970114 0.18712155334545655 
0.16530369440539552 0.14965023787241158 
0.16530369440539552 0.14965023787241158 
0.14980976952975883 0.22527913207403297 
0.14980976952975883 0.22527913207403297 
0.14980976952975883 0.22527913207403297 
0.11511826907460482 0.1915632267787869 
0.08601630987833614 0.2114140688000504 
0.08728522475923266 0.21131454216027876 
0.07299943975143275 0.15137986969593623 
0.12359386535721235 0.20157020060651126 
0.12383584483302756 0.2015396980179581 
0.1234932731706153 0.20814720344898663 
0.1234932731706153 0.20814720344898663 
0.1234932731706153 0.20814720344898663 
0.10439901830327412 0.1901303739618146 
0.12374733646464042 0.14282991947535714 
0.12374733646464042 0.14282991947535714 
0.10528488778667276 0.13041685747853396 
0.10512930407585683 0.13076556181893953 
0.13917200731792023 0.09386203534932422 
0.13917200731792023 0.09386203534932422 
0.13533289940152934 0.10926928257560037 
0.13533289940152934 0.10926928257560037 
0.13347172767255105 0.14466987288523467 
0.11763806914759103 0.1348442132519484 
0.09120418385473453 0.16697432648053986 
0.1499874127125587 0.18711962380231495 
0.1499874127125587 0.18711962380231495 
0.08013023456044208 0.16939139430164254 
0.10608761153264795 0.1833769595471924 
0.17591230222830526 0.18034991971526892 
0.13506479113909792 0.1601382153100562 
0.08696198982748693 0.1572194541851668 
0.07259486008466584 0.15207005838636287 
0.07919820763330947 0.15504768857217124 
0.0897985393825162 0.14854866737731348 
0.07772358092888162 0.13447980163864232 
0.06386568168719882 0.12524919815635846 
0.06320655637171774 0.12512087245819373 
0.06320655637171774 0.12512087245819373 
0.06320655637171774 0.12512087245819373 
0.06320655637171774 0.12512087245819373 
0.1792354219819434 0.1948567592406403 
0.1792354219819434 0.1948567592406403 
0.08905783433208629 0.17951123555919016 
0.0674087387917142 0.19539803503693284 
0.13069651189323722 0.24040730584688008 
0.08713522372964677 0.1584071049105541 
0.08243157988887001 0.16654146906541367 
0.08240210692269684 0.21581773929992776 
0.08240210692269684 0.21581773929992776 
0.17064574039358898 0.19105040209401852 
0.1580717255917204 0.18713582906188872 
0.09587354644332337 0.1596186107643233 
0.09666529771563265 0.17933880651897158 
0.13505476312716433 0.18076291736016692 
0.1480328733071192 0.16760188374935675 
0.18101447209421784 0.20545021885634593 
0.18101447209421784 0.20545021885634593 
0.15603400660599742 0.2072980254629581 
0.17649819571793593 0.2220191587159515 
0.17649819571793593 0.2220191587159515 
0.1633531897103669 0.2256849326333318 
0.08436999083957333 0.20228179465507487 
0.07752882900061782 0.21863828048077105 
0.068673637293343 0.20161314703600425 
0.07636118577985765 0.19487586206239654 
0.08131108111076611 0.15216740044816576 
0.08131108111076611 0.15216740044816576 
0.08131108111076611 0.15216740044816576 
0.1316883458463764 0.15661768077239152 
0.16405138496182148 0.15025959825810437 
0.16405138496182148 0.15025959825810437 
0.12174966600668582 0.1666174540697046 
0.14656341142124105 0.17874115139636104 
0.09472647134430387 0.15560073547415357 
0.10629950637895506 0.10919643538898996 
0.10629950637895506 0.10919643538898996 
0.10629950637895506 0.10919643538898996 
0.10393439269900244 0.11724139690385316 
0.08768509725965427 0.16935306123858151 
0.14375293534533584 0.18802062990551166 
0.07229136205008127 0.1864024958610115 
0.14853325281541674 0.16694787566655328 
0.06852418045107914 0.17627187156006618 
0.06632627466487964 0.18495589989516148 
0.1223614488032024 0.17356001147525837 
0.11071309809113554 0.23418577354511655 
0.11193049414295009 0.2319855503924647 
0.09182977458200313 0.22833610871105198 
0.09182977458200313 0.22833610871105198 
0.17021332366002695 0.2498262972393126 
0.17021332366002695 0.2498262972393126 
0.17032695349441482 0.2533057825651857 
0.17032695349441482 0.2533057825651857 
0.1319114228387296 0.21415690989459635 
0.14898513411242986 0.21346500631367415 
0.14674825498456762 0.20291801368860832 
0.14391952702556113 0.217698084133732 
0.10253733111763996 0.22191486971452404 
0.10069692086894728 0.22734135466315009 
0.09827256225446032 0.19090302811102153 
0.1586751069567229 0.19209010883332178 
0.08616589876222694 0.17309521819494356 
0.08497977365066327 0.19940389755039886 
0.07954588823429268 0.17999527504141027 
0.09491145247185216 0.18282208205076161 
0.13400704858354695 0.18435552935105207 
0.08355920903042005 0.22670438401160384 
0.08355920903042005 0.22670438401160384 
0.08355920903042005 0.22670438401160384 
0.08526332176454776 0.23669177660098362 
0.08526332176454776 0.23669177660098362 
0.08741019712714626 0.23805846780504197 
0.08741019712714626 0.23805846780504197 
0.11869528302493468 0.20621519123638665 
0.1142301196161191 0.20849618600750497 
0.13502245347809216 0.2313701933841828 
0.13511470148194252 0.2310603320818012 
0.14572301339636012 0.2301937372827776 
0.14177900972416194 0.23090109252880378 
0.14149170845423786 0.21801499366304083 
0.14149170845423786 0.21801499366304083 
0.14149170845423786 0.21801499366304083 
0.14149170845423786 0.21801499366304083 
0.14149170845423786 0.21801499366304083 
0.14149170845423786 0.21801499366304083 
0.1096924459016817 0.2028863977196106 
0.14487067325481598 0.2049729920767431 
0.14487067325481598 0.2049729920767431 
0.14487067325481598 0.2049729920767431 
0.0681621681227716 0.16055620746439747 
0.10546095617676078 0.1799567159353846 
0.15188784907410915 0.2079738168004716 
0.150636200908428 0.20875186841959906 
0.14942378297676095 0.20826127136126393 
0.1763025837866659 0.19548492465348782 
0.1786789048879131 0.17815767816261985 
0.13865561288697698 0.16702512610179351 
0.13865561288697698 0.16702512610179351 
0.1278283495167572 0.17673452237342976 
0.15465235839224561 0.18373698838533767 
0.12456025190847234 0.16375263500291226 
0.10678398136077832 0.15673174823780162 
0.11691140738471617 0.1045443003021766 
0.11691140738471617 0.1045443003021766 
0.11691140738471617 0.1045443003021766 
0.11691140738471617 0.1045443003021766 
0.12279108485004815 0.11596640965753997 
0.10159174183014101 0.15847155015914882 
0.08841921250063407 0.14286396623462713 
0.06878076767088001 0.1120531458111062 
0.06878076767088001 0.1120531458111062 
0.07272331327020927 0.11266635471402635 
0.07614872877063314 0.12643906927163528 
0.06377829058299268 0.0952104835422583 
0.06377829058299268 0.0952104835422583 
0.06377829058299268 0.0952104835422583 
0.06377829058299268 0.0952104835422583 
0.06377829058299268 0.0952104835422583 
0.08395860425667716 0.126884338101675 
0.08395860425667716 0.126884338101675 
0.08545924219020244 0.12747807448296164 
0.08545924219020244 0.12747807448296164 
0.08545924219020244 0.12747807448296164 
0.08545924219020244 0.12747807448296164 
0.07187041434410274 0.1156990576645668 
0.15768820192899574 0.15667485184338667 
0.17056853567690264 0.22085264734341442 
0.16689855049798535 0.15830469899396224 
0.1770118559394757 0.1547026438903234 
0.1682132940229865 0.18003206354344858 
0.13783526796752962 0.15719819351480782 
0.1348405198809132 0.19297854413365248 
0.14451109226729156 0.16539021204434573 
0.14518012509240869 0.1606785977126206 
0.14851155011412573 0.19997821377331643 
0.1623587234051688 0.1995111593154561 
0.09869871019061806 0.16382091775418714 
0.14275603598666803 0.22606051323710757 
0.14275603598666803 0.22606051323710757 
0.14958110739949027 0.20673213644918337 
0.07859318747354894 0.16783981022442057 
0.07435971330799904 0.17664002614314556 
0.11409711198465043 0.2039124516732799 
0.10687354810725605 0.20427902559198594 
0.07310347667278969 0.15786691070553996 
0.14150449568006573 0.1760126751372655 
0.08176625486981864 0.1909980223263946 
0.12130771526639626 0.18468123791050617 
0.10235117628497037 0.18810348087146378 
0.08962159517073776 0.19908750905311967 
0.17754574010421703 0.20058391759822594 
0.16435745576617025 0.19067047312391183 
0.11520941899399284 0.16988634892819032 
0.10602229748254256 0.16375168949238778 
0.12911074488605567 0.1631923632782867 
0.1529803569665711 0.16071074446898745 
0.1529803569665711 0.16071074446898745 
0.13833795164748425 0.16367400879343538 
0.14886115120562426 0.15682421735381671 
0.14886115120562426 0.15682421735381671 
0.14886115120562426 0.15682421735381671 
0.17588537142473615 0.11628071398432455 
0.16662729612251004 0.1294303831876194 
0.1428607347081734 0.1578376091272035 
0.13970878133346729 0.15114580771186942 
0.13970878133346729 0.15114580771186942 
0.15396845802423678 0.1557304287858685 
0.1779825223286876 0.127558775878793 
0.1779825223286876 0.127558775878793 
0.1779825223286876 0.127558775878793 
0.1779825223286876 0.127558775878793 
0.1779825223286876 0.127558775878793 
0.1779825223286876 0.127558775878793 
0.1779825223286876 0.127558775878793 
0.16748697286395736 0.1387716620835503 
0.16759641217614893 0.14055544987932428 
0.1753389895150682 0.19424940938912222 
0.14674705925414372 0.2154194328308878 
0.14674705925414372 0.2154194328308878 
0.17493186755818602 0.25493955626763154 
0.1577354447797771 0.25294298026034123 
0.1577354447797771 0.25294298026034123 
0.1577354447797771 0.25294298026034123 
0.14959302147594233 0.2482491700017766 
0.14787453667918685 0.2508136372415297 
0.1322593464778154 0.2510974456787735 
0.12400979217537654 0.22787979899982125 
0.12400979217537654 0.22787979899982125 
0.11125859594825034 0.22395076631040933 
0.11125859594825034 0.22395076631040933 
0.10847421933343623 0.2080552569453789 
0.10847421933343623 0.2080552569453789 
0.12420528519538299 0.23073508384963967 
0.12420528519538299 0.23073508384963967 
0.09328282302305115 0.24332949539857002 
0.09328282302305115 0.24332949539857002 
0.09328282302305115 0.24332949539857002 
0.09328282302305115 0.24332949539857002 
0.08182685801868456 0.24687983191187096 
0.08182685801868456 0.24687983191187096 
0.11448209453602093 0.20533302309462653 
0.12831037799499623 0.20811133784842903 
0.11470047517304638 0.16229687104642995 
0.07535220937987237 0.18054795501858653 
0.09549126767608992 0.19937206214747027 
0.09574798687635662 0.19765866622532768 
0.08473619518051206 0.16743317808157338 
0.06333009271722517 0.14425369927967358 
0.06333009271722517 0.14425369927967358 
0.10455222384383181 0.23012380471589233 
0.12394691079646951 0.21922809189765052 
0.12394691079646951 0.21922809189765052 
0.09841049037897243 0.23398700179030957 
0.09841049037897243 0.23398700179030957 
0.09841049037897243 0.23398700179030957 
0.09841049037897243 0.23398700179030957 
0.0714998281857864 0.24615281554480814 
0.0714998281857864 0.24615281554480814 
0.07147354535603531 0.25370659316508665 
0.08210429010272502 0.24608677455882394 
0.08210429010272502 0.24608677455882394 
0.08210429010272502 0.24608677455882394 
0.08210429010272502 0.24608677455882394 
0.08224189217411043 0.24646961427617273 
0.10960826382220493 0.2100846367435964 
0.13688034012564435 0.19761649548278076 
0.14253812187332096 0.17024434457789947 
0.16723227045312872 0.18542264767986585 
0.06510006400511523 0.19401324366919825 
0.09599506890430073 0.171723966236599 
0.09852971019858046 0.1609952128022275 
0.14533329163992986 0.22084710713031708 
0.14533699319259605 0.21936457309493596 
0.15924151960658983 0.22794162086782277 
0.15924151960658983 0.22794162086782277 
0.16367041876782085 0.23190538498311863 
0.10736290579940778 0.18735514316262342 
0.13553331748712658 0.19129459213616246 
0.09672885671800366 0.19345707417992283 
0.17985127993015695 0.1921329303379925 
0.060798344413897615 0.15871900865322827 
0.14329005833395353 0.1981406147710426 
0.14329005833395353 0.1981406147710426 
0.13704333475261066 0.2086648875764573 
0.14280239704132489 0.22787321199059282 
0.13723990689437945 0.24053340728622813 
0.13723990689437945 0.24053340728622813 
0.13902936630677779 0.23581580782226705 
0.14722639026751022 0.24655463407061512 
0.14722639026751022 0.24655463407061512 
0.0886997756911338 0.19333480804471934 
0.0886997756911338 0.19333480804471934 
0.08993131549858245 0.17151162334111372 
0.09154727139345767 0.19118070361779535 
0.13491172386052805 0.17560792078530338 
0.13554022300118113 0.1285472499693639 
0.13350773365907795 0.12334237656728113 
0.1471620800036344 0.14725258056334717 
0.12739570182619217 0.17763068938140636 
0.15897408199215468 0.1733749240067167 
0.15597131655079377 0.18064243714802738 
0.09726523355287017 0.18812631026144444 
0.1385826100794604 0.16143674893308102 
0.11642570196912337 0.21026721141120908 
0.10617514138767938 0.20942270078350125 
0.15076562705001445 0.16299189766480957 
0.15272695523598936 0.14770368132714204 
0.06460003862353139 0.1656705728493029 
0.1337975140658851 0.1777921912257729 
0.14814216626921278 0.2046193133125834 
0.07572286916048555 0.22735704888051395 
0.07591507950955823 0.22799614579988461 
0.07793768668464258 0.23388772450352127 
0.08980817509991831 0.2264690194900205 
0.08980817509991831 0.2264690194900205 
0.08980817509991831 0.2264690194900205 
0.08534894290278178 0.23648347567931327 
0.08534894290278178 0.23648347567931327 
0.09627803446018594 0.24001494682584815 
0.09627803446018594 0.24001494682584815 
0.09627803446018594 0.24001494682584815 
0.09861709781576473 0.2151616598714339 
0.1370885209963399 0.19106229316894838 
0.1776462078465877 0.1634216938368082 
0.06160647177795987 0.16130304455781208 
0.06160647177795987 0.16130304455781208 
0.06160647177795987 0.16130304455781208 
0.1714932129762828 0.1677426308067172 
0.15695224760379445 0.16165447299499733 
0.17400093818504667 0.15867898309369854 
0.10190840265893616 0.21031963714140686 
0.10291698343490059 0.20572594717245657 
0.09632687567766604 0.21146706427719503 
0.09632687567766604 0.21146706427719503 
0.09610232971076361 0.21033114914144313 
0.09602879993322203 0.21591676405417587 
0.09602879993322203 0.21591676405417587 
0.09602879993322203 0.21591676405417587 
0.09602879993322203 0.21591676405417587 
0.09602879993322203 0.21591676405417587 
0.09646309405449618 0.17249153670065354 
0.11816570658446018 0.17551181678178235 
0.11037654011304122 0.20383209138701133 
0.11250690256540868 0.20556233195893087 
0.11107459989897026 0.223579169830671 
0.11217442250960225 0.2296577025210465 
0.11706203330587736 0.2453694456778484 
0.07060618658596006 0.2519476352538736 
0.09649483647849111 0.22321170194277087 
0.08756564669225814 0.23017658863268145 
0.08756564669225814 0.23017658863268145 
0.08756564669225814 0.23017658863268145 
0.11207719091705315 0.2391889604203188 
0.11207719091705315 0.2391889604203188 
0.11207719091705315 0.2391889604203188 
0.11207719091705315 0.2391889604203188 
0.11207719091705315 0.2391889604203188 
0.11207719091705315 0.2391889604203188 
0.11109675771228236 0.24104091336339206 
0.1213943938098111 0.22419520134453186 
0.1213943938098111 0.22419520134453186 
0.173863380438311 0.15518279296415607 
0.14085091648460132 0.19126722299356835 
0.09718803756700589 0.18830091719237127 
0.09718803756700589 0.18830091719237127 
0.09718803756700589 0.18830091719237127 
0.16016215208590556 0.18004956825869833 
0.14167291876262178 0.1887636956047388 
0.12285085429514639 0.18152377769392133 
0.16403142510398927 0.1731193994100822 
0.06184527815328936 0.17995152208808504 
0.1446473420249558 0.16988971034304148 
0.13844222189741065 0.18890640197720018 
0.16364884433170318 0.15519999962073375 
0.1414300183573824 0.16698442787997309 
0.1751329318524817 0.16275687225818064 
0.1751329318524817 0.16275687225818064 
0.07781910069744546 0.19608755872188563 
0.08450224632884208 0.17297606160139278 
0.08931351854986837 0.17466545868899241 
0.11567706422606032 0.19035748888787787 
0.06476086416979324 0.17272150341527362 
0.11856845610769683 0.1726608255314673 
0.09843110990795607 0.16992668749315054 
0.12069593686760482 0.22858293806771907 
0.13083832186492636 0.2244891957118895 
0.13083832186492636 0.2244891957118895 
0.13456958192508384 0.23135487831623416 
0.09584615063272303 0.17310697445797285 
0.12148851518707325 0.11282504478585145 
0.12148851518707325 0.11282504478585145 
0.13260188931984598 0.12511808343707825 
0.13260188931984598 0.12511808343707825 
0.13351362165157604 0.12431880274819276 
0.10582827226677322 0.15186638617864762 
0.10582827226677322 0.15186638617864762 
0.11354355941918792 0.18967485135807027 
0.12246015489460277 0.19492957761456942 
0.17505119665934293 0.1632732978010582 
0.09389359150845769 0.15955336312009866 
0.0883941433230846 0.15371540275684825 
0.07526958066851451 0.13632028669052965 
0.11363743572248093 0.1470904072205674 
0.15746617231636 0.2237509157022881 
0.15674823453364925 0.22424364234442046 
0.15674823453364925 0.22424364234442046 
0.15674823453364925 0.22424364234442046 
0.15674823453364925 0.22424364234442046 
0.15674823453364925 0.22424364234442046 
0.16240890734664487 0.19248614478888598 
0.16253606615175734 0.19196351273867632 
0.06499268725305883 0.1831978043738663 
0.14791060597158498 0.17860745440828804 
0.17130302156762595 0.20012178731694477 
0.09795128118972841 0.1539618923563899 
0.176751326989736 0.19419770516805276 
0.176751326989736 0.19419770516805276 
0.176751326989736 0.19419770516805276 
0.12549649706995086 0.16852751329856155 
0.09836603626585867 0.17914933351086865 
0.07678744325074914 0.17469577783140094 
0.0739167580680434 0.19516160733147656 
0.07520347279248989 0.23172896545796023 
0.0862704357298671 0.23369954019873176 
0.0862704357298671 0.23369954019873176 
0.0862704357298671 0.23369954019873176 
0.0862704357298671 0.23369954019873176 
0.11745428140972172 0.22502165006039687 
0.12374699379966934 0.22219158460935517 
0.12110170166195074 0.2177648612279308 
0.12044752072542769 0.21801709439532183 
0.08096827761758986 0.20407245092026916 
0.15417156804470128 0.15088330494820046 
0.15417156804470128 0.15088330494820046 
0.17516986847530824 0.1334330123583059 
0.17681504733285291 0.13354253375963998 
0.17681504733285291 0.13354253375963998 
0.17681504733285291 0.13354253375963998 
0.1764973704444207 0.13410168151914834 
0.1764973704444207 0.13410168151914834 
0.1764973704444207 0.13410168151914834 
0.1764973704444207 0.13410168151914834 
0.17401887513459566 0.14551596595671815 
0.17401887513459566 0.14551596595671815 
0.17401887513459566 0.14551596595671815 
0.17401887513459566 0.14551596595671815 
0.14257445404408142 0.15505806202000144 
0.08334294599675808 0.16380515684048622 
0.06548365396984927 0.1966077180575358 
0.06548365396984927 0.1966077180575358 
0.06548365396984927 0.1966077180575358 
0.07427363862537736 0.14957567522367715 
0.07789609661364354 0.11081545121992209 
0.07789609661364354 0.11081545121992209 
0.07789609661364354 0.11081545121992209 
0.08011634306776824 0.11030632417124799 
0.09731012068818064 0.1280555836725204 
0.1301587094245447 0.147175448870295 
0.1301587094245447 0.147175448870295 
0.1276624627801674 0.22146087607540696 
0.06178172776714953 0.20104654761702515 
0.16383033588568768 0.18052450173053813 
0.17483710618742182 0.18210658289054085 
0.10172045489937634 0.1761600605707429 
0.1453541887307265 0.2177026203405331 
0.1453541887307265 0.2177026203405331 
0.1453541887307265 0.2177026203405331 
0.1453541887307265 0.2177026203405331 
0.14128111053417663 0.2084196702654356 
0.16709705774951192 0.15254228755413077 
0.16709705774951192 0.15254228755413077 
0.16709705774951192 0.15254228755413077 
0.17697911871705807 0.2079938548323538 
0.17697911871705807 0.2079938548323538 
0.17667675660878618 0.20619739003316728 
0.17667675660878618 0.20619739003316728 
0.07624492986547185 0.18200916453320712 
0.09037646976164086 0.21149351960291657 
0.09517675621033232 0.17826122627977808 
0.1302577847369359 0.16647282843038258 
0.130825494260987 0.16397431128110687 
0.14143424025555273 0.14653447290460675 
0.14137097582105795 0.14213873646123185 
0.17147768828475646 0.1270643216067544 
0.17339791926304116 0.12729977008378407 
0.17339791926304116 0.12729977008378407 
0.1706110730849641 0.12900882419703474 
0.1706110730849641 0.12900882419703474 
0.1662807432760229 0.11504010610681195 
0.1652770069791109 0.11630468501878782 
0.16450062582713315 0.11255465982095819 
0.16679239456025197 0.11134107597240006 
0.16941282230404642 0.10318300077699524 
0.16663232354845128 0.15199768836187239 
0.1789876588992183 0.13810956221547044 
0.1789876588992183 0.13810956221547044 
0.17299086703094285 0.14733565005863367 
0.12903432259787162 0.1496973521837696 
0.12903432259787162 0.1496973521837696 
0.12903432259787162 0.1496973521837696 
0.14601472727555698 0.1397978412946608 
0.14568795025387532 0.11229192106336834 
0.14568795025387532 0.11229192106336834 
0.14568795025387532 0.11229192106336834 
0.14568481066332664 0.148725448848972 
0.12018768273395322 0.1720926456135362 
0.07662122518926663 0.1678954875012807 
0.12684600842121382 0.16933263966590142 
0.10855109471536117 0.19322031503189588 
0.09624584265322825 0.18792117327159752 
0.11670966385069215 0.16268842887460308 
0.07071880044452751 0.18008994496264435 
0.06576931699125979 0.19466955384956314 
0.16788645859120155 0.17902070514361726 
0.10720497143098166 0.1625349925962351 
0.15664759356645352 0.14003421219631929 
0.1616642454088567 0.13713022139216435 
0.1616642454088567 0.13713022139216435 
0.1616642454088567 0.13713022139216435 
0.1616642454088567 0.13713022139216435 
0.1616642454088567 0.13713022139216435 
0.1616642454088567 0.13713022139216435 
0.16168485580136518 0.13526063838949187 
0.18021216638396537 0.1251693414138196 
0.18021216638396537 0.1251693414138196 
0.18021216638396537 0.1251693414138196 
0.18021216638396537 0.1251693414138196 
0.18021216638396537 0.1251693414138196 
0.18021216638396537 0.1251693414138196 
0.18021216638396537 0.1251693414138196 
0.18021216638396537 0.1251693414138196 
0.18120189728080413 0.11346143949638067 
0.18120189728080413 0.11346143949638067 
0.18120189728080413 0.11346143949638067 
0.18120189728080413 0.11346143949638067 
0.15370172673245996 0.16450738991501507 
0.10314424819042083 0.19727539730174604 
0.15443574575474625 0.18714130715822333 
0.10716157752056762 0.178748217441373 
0.12800668282904135 0.17262811412221768 
0.13576772911539353 0.1773437635990721 
0.10824963260998954 0.1623668656810292 
0.14831327912954237 0.1856610116218369 
0.1545904485207567 0.15440521375401797 
0.08934975801857462 0.15508667573982884 
0.06098803635762469 0.1809037099972537 
0.1310113843203151 0.15953153630259193 
0.13175459129301523 0.1586549860665489 
0.10733816340114447 0.1428730966542663 
0.1669763023989922 0.2187514879853425 
0.13290894735218386 0.18428492992628723 
0.07735392059404117 0.18310834605157542 
0.1758519063820935 0.1691222325862334 
0.10039583862802325 0.16713473291164643 
0.08230758667714272 0.1401095551161481 
0.0879815703076261 0.14341918885875957 
0.06427775915765604 0.11203515406465567 
0.08591013370835357 0.14404719056333126 
0.09583562030970251 0.11825988786633089 
0.09153831337030266 0.1104690375871804 
0.09153831337030266 0.1104690375871804 
0.09153831337030266 0.1104690375871804 
0.07849158359419373 0.17894756060018302 
0.17285297908261688 0.1843779341974497 
0.15581521775701915 0.15595024788810027 
0.1431449866228813 0.16913919560613105 
0.06425422851639537 0.17707030172454405 
0.16851673213985718 0.17878485268614613 
0.12086066524079403 0.16000726545301475 
0.11577731637354624 0.0880438327478407 
0.11577731637354624 0.0880438327478407 
0.11930347749224927 0.1461099442015115 
0.11939791920872997 0.1451029345213964 
0.12356567295174833 0.182635357929646 
0.1601358542901941 0.1844336359714765 
0.1397870696917759 0.18873369694564496 
0.11995987486336725 0.18639703455199935 
0.1407332877778532 0.15808941091807094 
0.15513864251639709 0.15478257597363856 
0.14757019039866237 0.14300382958181934 
0.14757019039866237 0.14300382958181934 
0.14805150864116096 0.1434462235153649 
0.14770320869181322 0.14182565581591927 
0.14770320869181322 0.14182565581591927 
0.07544959276570469 0.18622083335648953 
0.12124276466995491 0.1812969170987625 
0.07017247945699769 0.17282769908140908 
0.14573810162428108 0.19407740258987907 
0.13220830046770016 0.17705198801344132 
0.06974713542515688 0.19920520452009127 
0.10932550583699628 0.1891658655056857 
0.06949812386492321 0.17681130376084359 
0.1619050911129839 0.18115308705662525 
0.16422403597198532 0.17252512384338328 
0.16115353555067774 0.14407963962859804 
0.16115353555067774 0.14407963962859804 
0.16115353555067774 0.14407963962859804 
0.16115353555067774 0.14407963962859804 
0.15976136597014573 0.12568632359323229 
0.15058836300702447 0.139604864493994 
0.15058836300702447 0.139604864493994 
0.15058836300702447 0.139604864493994 
0.13828425430521774 0.14151692906762348 
0.1299219216009288 0.12190517033363281 
0.1299219216009288 0.12190517033363281 
0.1299219216009288 0.12190517033363281 
0.13108739514836903 0.12249970166553274 
0.12400169374105416 0.10396289339561046 
0.12400169374105416 0.10396289339561046 
0.12400169374105416 0.10396289339561046 
0.10967297584725244 0.1790157945817516 
0.09808118734268162 0.15877706461157068 
0.09808118734268162 0.15877706461157068 
0.07190886390634098 0.17015361153378739 
0.06288576147915548 0.19186756206849465 
0.17983007695208475 0.19484975095521886 
0.08745001241097819 0.1678741786029877 
0.06895160438982886 0.16026456708333964 
0.0640996044292742 0.1570253890903065 
0.0640996044292742 0.1570253890903065 
0.11476237534755718 0.18849996411243855 
0.08315586363031391 0.1923526917610452 
0.12061297926951081 0.1789317364462488 
0.10095652298258632 0.24767891631894026 
0.11636091427883435 0.23176690189219532 
0.12338519454630034 0.2248084903920586 
0.0939794357671242 0.22165036825662113 
0.06862659926546565 0.23902119068831548 
0.06862659926546565 0.23902119068831548 
0.06862659926546565 0.23902119068831548 
0.06862659926546565 0.23902119068831548 
0.06862659926546565 0.23902119068831548 
0.07681268168198821 0.2375919455942286 
0.07681268168198821 0.2375919455942286 
0.07414381162576945 0.23925216062937993 
0.07414381162576945 0.23925216062937993 
0.10328954582347177 0.2118147948930627 
0.11086213979548015 0.21577887437338886 
0.1065910413015849 0.2007316934549151 
0.07457821524047478 0.15548403921078705 
0.10406817202410246 0.1807800596122344 
0.09953942971753754 0.1658193950486434 
0.15281693629347345 0.19101452231569435 
0.12490181123119655 0.18145025027306677 
0.1527401754659771 0.19149177609761875 
0.10944344223701018 0.16220228551963622 
0.1087799500278887 0.1389236189436059 
0.1628773378966867 0.16108775904245753 
0.1537110768853283 0.17969261513356358 
0.07367613586033436 0.1881915693958298 
0.0874368334528661 0.18664537037644058 
0.13529183591839955 0.2091450020341558 
0.13866208735376537 0.21157716369127563 
0.12409228924115553 0.21006871885728684 
0.1179237528609208 0.21337500245303018 
0.11843635162862082 0.21544720615291524 
0.1180202118552035 0.2188164839256732 
0.11491068352198364 0.21451813554689558 
0.11491068352198364 0.21451813554689558 
0.12126774013626682 0.22746193209831084 
0.1543129642909413 0.22586617101237058 
0.1543129642909413 0.22586617101237058 
0.1488714222577095 0.20651192005431204 
0.17242596627443074 0.23423064156965456 
0.17245888562549927 0.23322025294378868 
0.17245888562549927 0.23322025294378868 
0.17245888562549927 0.23322025294378868 
0.1767631028023708 0.23219051950278793 
0.06159047253724727 0.1813137506839334 
0.06391892604464308 0.1650219184508565 
0.12971613022257117 0.1838380092466799 
0.10168881202570508 0.19235954613693285 
0.06362932603008085 0.1885673377150873 
0.09437999618069681 0.1744616602710781 
0.08812254017954897 0.13918829356682422 
0.09033106121211522 0.15075765007749878 
0.08152344588636193 0.1481106243023007 
0.07245742522885414 0.13238039804699916 
0.07246771160083113 0.13214531388091044 
0.07427803385017576 0.14911056349410695 
0.07542954630271748 0.14663395039967597 
0.07542954630271748 0.14663395039967597 
0.07542954630271748 0.14663395039967597 
0.0851269335815108 0.14659510748721127 
0.0851269335815108 0.14659510748721127 
0.08863430784810294 0.14523561547288485 
0.0803007243007608 0.12665898869675196 
0.0973813707102745 0.15375694626486222 
0.10790775331743896 0.1456082341881351 
0.12650237055069546 0.12587701308387772 
0.12650237055069546 0.12587701308387772 
0.16849791099481806 0.16700810783852812 
0.15945302000383363 0.161028466369595 
0.0623246542066636 0.1616575457418607 
0.0623246542066636 0.1616575457418607 
0.0623246542066636 0.1616575457418607 
0.0623246542066636 0.1616575457418607 
0.10705734665738002 0.1644886843172322 
0.16969925196523117 0.1672704906728278 
0.1531573547878525 0.1861786559901621 
0.1260952159211167 0.19917381978592077 
0.09518436803734989 0.17129372873967053 
0.07925471576183482 0.19436001767765 
0.1019487281120461 0.15650584012824686 
0.12435811955731302 0.15264611092905517 
0.1404430667793145 0.1821247687890359 
0.13488207130953753 0.17768846660333035 
0.16737379173297462 0.17855698826319052 
0.09798920509161435 0.17254400762164498 
0.12974614834276058 0.16644745637000427 
0.14446692088695284 0.10681719231161325 
0.15132914841242256 0.13499409591588862 
0.15132914841242256 0.13499409591588862 
0.15132914841242256 0.13499409591588862 
0.10079196684169989 0.17608477876982942 
0.08051403362793606 0.15320579103992824 
0.07656896993042686 0.13146480033077695 
0.07169896319193428 0.12242722113665841 
0.07169896319193428 0.12242722113665841 
0.07169896319193428 0.12242722113665841 
0.07169896319193428 0.12242722113665841 
0.07169896319193428 0.12242722113665841 
0.06963905823020344 0.10417302218322619 
0.0695227292460995 0.11032082603403877 
0.0695227292460995 0.11032082603403877 
0.0695227292460995 0.11032082603403877 
0.0695227292460995 0.11032082603403877 
0.08014679717558106 0.1296690074919253 
0.08014679717558106 0.1296690074919253 
0.08014679717558106 0.1296690074919253 
0.08107053167296653 0.12717626217617942 
0.0856443459684086 0.14022673737790817 
0.07659948998442467 0.11812086606211067 
0.07659948998442467 0.11812086606211067 
0.07650782916069614 0.11962030678647975 
0.07650782916069614 0.11962030678647975 
0.10578280449848809 0.1348595653221731 
0.10578280449848809 0.1348595653221731 
0.10848693912536304 0.1358832661200597 
0.10848693912536304 0.1358832661200597 
0.10376849568904147 0.1550636265293933 
0.10487617781419711 0.15620840472714276 
0.16916580188336167 0.17699820083433698 
0.150140833355772 0.1585959600710756 
0.150140833355772 0.1585959600710756 
0.10086293688209078 0.2013087309776417 
0.10086293688209078 0.2013087309776417 
0.06590460985688285 0.1726497248613399 
0.07565356517933358 0.19831576782713162 
0.07160836652865862 0.19606410253906056 
0.10652574583698221 0.1830273211670388 
0.09257016617704511 0.22231832479432834 
0.08773104377111632 0.2332158732323787 
0.0888828481008782 0.24183604564208033 
0.11366386389448728 0.2149187586816554 
0.10642597405130462 0.22839571933414987 
0.11657636642704933 0.23000512152588282 
0.08014456761399866 0.15114008344219065 
0.08288755426456142 0.14383946981064827 
0.07739787110078367 0.12344652246222407 
0.07262732714640271 0.1182550953264447 
0.17554136171315154 0.17003078942168962 
0.07686652270415631 0.1673444003272237 
0.10605167068386542 0.1663406963514843 
0.1579131304445694 0.18713993089247308 
0.1681950417510354 0.16676250158864728 
0.14901109543844288 0.18266053309776123 
0.14248497432402152 0.15802965982135114 
0.14212401812606032 0.13929260143656574 
0.14212401812606032 0.13929260143656574 
0.16514622699350762 0.13410348164565372 
0.16533970770382556 0.13333625244428868 
0.16682700239467033 0.1299829057816863 
0.16682700239467033 0.1299829057816863 
0.14221677817462916 0.14902679253423404 
0.15434104366478107 0.14901798645384473 
0.16103275392919905 0.10607124488439151 
0.1655689704862647 0.13944797640467171 
0.114137790385541 0.1762880587398175 
0.14352908067548573 0.19285373922364274 
0.07317817152905257 0.18380654221305404 
0.07016181098436344 0.17906933266603148 
0.11102622593558603 0.17408842681079795 
0.08224188069659369 0.20784719580879238 
0.06884314156881055 0.15859079818517482 
0.09183816786461088 0.1498075154867865 
0.14936304057869806 0.15486052166598208 
0.06456984195254863 0.16473822245363795 
0.07506073269910415 0.2060656011523656 
0.07506073269910415 0.2060656011523656 
0.07506073269910415 0.2060656011523656 
0.07506073269910415 0.2060656011523656 
0.07506073269910415 0.2060656011523656 
0.06655850376446736 0.16925120435938176 
0.1582396804630013 0.1824756394589216 
0.12547100249160714 0.16253436859007175 
0.11749755414823597 0.15431594988535258 
0.12065347259371052 0.16410827427528543 
0.09981819851212004 0.16453412082606375 
0.11278756026269882 0.14873904139504235 
0.11278756026269882 0.14873904139504235 
0.12123426436009598 0.14968496121656782 
0.11863980333053512 0.14059864004521094 
0.12421250308854155 0.14284561260895964 
0.08593602763626434 0.11414011177790605 
0.08593602763626434 0.11414011177790605 
0.09486358545378293 0.1354512647620346 
0.09486358545378293 0.1354512647620346 
0.07395744088942739 0.1302371268755088 
0.09963293006059254 0.13671270954904866 
0.09963293006059254 0.13671270954904866 
0.09702296798759623 0.14509155718112415 
0.09685009126735293 0.14081418523809786 
0.09620358623381292 0.13756504107541762 
0.09620358623381292 0.13756504107541762 
0.11439785733441571 0.1948418507515221 
0.12665467808458591 0.1874442207477295 
0.12296873665909176 0.1898658937611254 
0.14618470663109406 0.19061664111222437 
0.14522234012926505 0.20679042933372072 
0.13081717232506415 0.17252095620371619 
0.14780752678612313 0.184106065244651 
0.14074921243853245 0.15665561730778774 
0.13973395202780903 0.1558940614405401 
0.0772519322319697 0.171319191683438 
0.06489926602000068 0.2064148946862332 
0.1713885216731892 0.1784659075815103 
0.16380761144745357 0.17919979409639714 
0.08645292126210194 0.17260071200263763 
0.1611739458449054 0.1876277824045144 
0.1253640444368341 0.22265014306554518 
0.06745834741751795 0.22081748795531084 
0.10331689988878875 0.21482282129283142 
0.0923749863228477 0.2110047304768624 
0.0911023892883578 0.213180095018863 
0.0946687487222084 0.2104237950424721 
0.08114930728431648 0.1880027783876307 
0.09817110893388617 0.18803269405253875 
0.09785784073139994 0.16846934991039908 
0.10549811516699292 0.1427663750950836 
0.10549811516699292 0.1427663750950836 
0.10549811516699292 0.1427663750950836 
0.11332410423906236 0.08877295282345538 
0.12151043782477432 0.10108034567617724 
0.12717881967133995 0.11124647971173142 
0.0977108294424011 0.1462688551794188 
0.10226785129459945 0.14635362636908497 
0.10226785129459945 0.14635362636908497 
0.1299779163917112 0.23246527513516554 
0.12732563881714223 0.24742568858434372 
0.12070621854574587 0.24083616247679443 
0.12070621854574587 0.24083616247679443 
0.12107435475530863 0.2391057645736967 
0.14173574509125694 0.17046115534435713 
0.14472742641781128 0.17893857006286853 
0.15133107366566956 0.21124447759210535 
0.16010573202678188 0.23316631520163694 
0.16010573202678188 0.23316631520163694 
0.16010573202678188 0.23316631520163694 
0.16010573202678188 0.23316631520163694 
0.1583383448706667 0.2298212953284753 
0.16391411546425347 0.2428565745104751 
0.16391411546425347 0.2428565745104751 
0.1639983734816194 0.24339525801379208 
0.16461872002063382 0.25347058055517724 
0.13243164078110017 0.2125661401614462 
0.12664387077886083 0.23422268135434443 
0.12664387077886083 0.23422268135434443 
0.072805968862165 0.20814474214180453 
0.07770492778052869 0.2018140092664043 
0.07915122069649179 0.23006547688032475 
0.0786152109674579 0.22975781609986357 
0.0786152109674579 0.22975781609986357 
0.07403406054329506 0.23401273443003445 
0.07590457483613992 0.16520953236753927 
0.0643573541729082 0.145082155750147 
0.0643573541729082 0.145082155750147 
0.0643573541729082 0.145082155750147 
0.0643573541729082 0.145082155750147 
0.0643573541729082 0.145082155750147 
0.0643573541729082 0.145082155750147 
0.14584857320605468 0.14319457394703075 
0.1451428057035623 0.1437767804156287 
0.1451428057035623 0.1437767804156287 
0.1600111843374253 0.13155283370015555 
0.16743588482128124 0.11585966033903192 
0.10224036559487705 0.16452978687398126 
0.10101670676548107 0.16672552861784093 
0.07688422106668118 0.20127710233683194 
0.08249484004581681 0.20145304822281654 
0.0763567451349472 0.19950140947297473 
0.0763567451349472 0.19950140947297473 
0.09715408419631733 0.17650099861118054 
0.15301267714782932 0.18557947689844692 
0.14626053860783012 0.20012379663984414 
0.1570755437112058 0.2187099247544647 
0.11861671721904353 0.20515360399230226 
0.11861671721904353 0.20515360399230226 
0.11861671721904353 0.20515360399230226 
0.11861671721904353 0.20515360399230226 
0.0682653974275311 0.22213903442335656 
0.0682653974275311 0.22213903442335656 
0.06073443109911569 0.23704452732718645 
0.06073443109911569 0.23704452732718645 
0.06426202601826478 0.23237843335271952 
0.06611408927833834 0.2291438310020711 
0.06611408927833834 0.2291438310020711 
0.11089055894740021 0.21164386209919642 
0.11454730043925576 0.2193772237275753 
0.11454730043925576 0.2193772237275753 
0.10351377455920029 0.1700120476427771 
0.17544236225458715 0.16078033123476926 
0.17263267708950894 0.11794597220282169 
0.17263267708950894 0.11794597220282169 
0.17263267708950894 0.11794597220282169 
0.17263267708950894 0.11794597220282169 
0.17263267708950894 0.11794597220282169 
0.18073098404886617 0.10798638004337201 
0.18073098404886617 0.10798638004337201 
0.18073098404886617 0.10798638004337201 
0.18073098404886617 0.10798638004337201 
0.18073098404886617 0.10798638004337201 
0.15653500680589472 0.13627800597378653 
0.15653500680589472 0.13627800597378653 
0.13404832414983203 0.17064277044986068 
0.17855318118662034 0.16394771657621496 
0.09613765575019478 0.17799003761587356 
0.1800617164477378 0.16823181623680772 
0.17402896752955804 0.16785713508960975 
0.0990546718736813 0.19385275735875787 
0.08199165436914406 0.22963235810886082 
0.08047351047128491 0.22788057116424043 
0.08047351047128491 0.22788057116424043 
0.08047351047128491 0.22788057116424043 
0.11856553118535429 0.1931784465792143 
0.08373613971167929 0.2308200540153566 
0.08373613971167929 0.2308200540153566 
0.08373613971167929 0.2308200540153566 
0.08373613971167929 0.2308200540153566 
0.09215289889791516 0.2251749513733146 
0.09484716078952868 0.22128968285225364 
0.09484716078952868 0.22128968285225364 
0.09484716078952868 0.22128968285225364 
0.1391589604511262 0.16672832468591056 
0.14846715320738826 0.11299492638542699 
0.14846715320738826 0.11299492638542699 
0.12896369666208646 0.13056628818476496 
0.12896369666208646 0.13056628818476496 
0.12896369666208646 0.13056628818476496 
0.13083467990785605 0.14045067324947275 
0.13083467990785605 0.14045067324947275 
0.13083467990785605 0.14045067324947275 
0.13538288084388003 0.14420914626028006 
0.1638267049213576 0.11149560522597747 
0.15814252039616714 0.11226607147793782 
0.15814252039616714 0.11226607147793782 
0.16022293663356482 0.11022635410597353 
0.16022293663356482 0.11022635410597353 
0.16022293663356482 0.11022635410597353 
0.16022293663356482 0.11022635410597353 
0.16022293663356482 0.11022635410597353 
0.16022293663356482 0.11022635410597353 
0.1518046999654551 0.12963500594880178 
0.1518046999654551 0.12963500594880178 
0.1518046999654551 0.12963500594880178 
0.14968958569967222 0.135924805085076 
0.12923337680740102 0.20212827836267128 
0.11815338969810432 0.1827951946007061 
0.061736364793119516 0.13178756544751827 
0.06129353262054982 0.12711390147986706 
0.07263535508764599 0.12266031875414803 
0.08337934363340961 0.14920451499926946 
0.08035002485077732 0.14984029131518817 
0.0863412457579692 0.11565099036129588 
0.10938924455311358 0.14369515462167873 
0.07982537554396857 0.19833839332050063 
0.13368418098718549 0.15930707802700575 
0.12046271651496268 0.20756757172288748 
0.07193407721914073 0.2400828861268436 
0.07193407721914073 0.2400828861268436 
0.07044816060145888 0.2531976627049298 
0.07227608926650006 0.24716228246667604 
0.1054557526446134 0.22524303616206107 
0.1054557526446134 0.22524303616206107 
0.13796224515055058 0.196835615871301 
0.13609560407261886 0.19417056612181088 
0.15695431008546507 0.23056456457228974 
0.15695431008546507 0.23056456457228974 
0.15375277937198908 0.22022441773489343 
0.15357429951836785 0.22067286706955766 
0.12328838028067013 0.19770505156275206 
0.11044659447018279 0.16675537559392328 
0.0639584729150891 0.19135252258091767 
0.13589157601727517 0.15942188617163072 
0.16822884213767134 0.17142066258991923 
0.087866834293432 0.1969539088164266 
0.08003953258905076 0.15921442546513895 
0.14742690280781112 0.17081738034749724 
0.06928125526421225 0.15857771872374946 
0.13244916976120769 0.2070997969967374 
0.11484049937560918 0.15223329181078435 
0.10763006774754494 0.147751891553249 
0.09746755337030513 0.11919607635218318 
0.09521926430163072 0.11883421088976683 
0.09521926430163072 0.11883421088976683 
0.0659358690619306 0.12887500010503936 
0.07027101798475995 0.11990895713564886 
0.07027101798475995 0.11990895713564886 
0.07871998411540139 0.15257547629633655 
0.07411805789850916 0.1391640979158923 
0.07566332448752999 0.14290075528493446 
0.07773419248647309 0.18215088467726348 
0.0669321460099276 0.15038589228488042 
0.0669321460099276 0.15038589228488042 
0.09543861385436915 0.15177242218544215 
0.09574512311782361 0.1492608371330423 
0.09574512311782361 0.1492608371330423 
0.07813794029794983 0.185399844145087 
0.06839084389462502 0.15999233333828472 
0.09144030779889316 0.16371586677576488 
0.06741682137179322 0.19053273686582378 
0.10463441159038538 0.17121123566170338 
0.14960828588657157 0.17680529877820791 
0.16239074160600056 0.20151232659268356 
0.12525130893674125 0.2009636838255845 
0.13328877554990007 0.21454126513535748 
0.13395204204044706 0.21857216648187044 
0.13395204204044706 0.21857216648187044 
0.13395204204044706 0.21857216648187044 
0.11957769780445296 0.19548103482070228 
0.12259168856329507 0.2252918500458809 
0.12170310066776567 0.22216221391527582 
0.12170310066776567 0.22216221391527582 
0.12414261366887486 0.2035099821552923 
0.1334317478875232 0.2138982206689079 
0.1334317478875232 0.2138982206689079 
0.10999895104938195 0.22443059652881917 
0.1450219368254842 0.18047195963392107 
0.16020384195500906 0.205332222617108 
0.1602912844340196 0.2055478716975883 
0.1707544349697068 0.1638828786550956 
0.17400352381931933 0.15582986428335002 
0.06185689196680126 0.19077767687755504 
0.16934602867860607 0.19009632087750225 
0.08934493474514478 0.21792801941315315 
0.08543431071582336 0.20680207616406732 
0.1601350735180419 0.1933012496859939 
0.09955928468576816 0.18456441528281115 
0.1777326361996775 0.21577374455012688 
0.17628005360311458 0.21470201456074517 
0.17628005360311458 0.21470201456074517 
0.17628005360311458 0.21470201456074517 
0.14676812187173183 0.15213381744566265 
0.11778405530821504 0.15764725963403833 
0.1791132558103613 0.16998863986692364 
0.18040984020117676 0.178294976348896 
0.13466277917906927 0.15002451678637968 
0.10452302477333227 0.1906385083736093 
0.12676723824799477 0.1867980451402667 
0.16767981279420036 0.16951710211336798 
0.07263035531856979 0.1769380158823522 
0.0778334303244352 0.1614593334410711 
0.14577230546082276 0.19718782351027586 
0.14543796135121284 0.1969577927610658 
0.11343797849054282 0.1725331852702239 
0.15850364965252442 0.20579868405056392 
0.1478302772626376 0.2008576620759412 
0.1478302772626376 0.2008576620759412 
0.1478302772626376 0.2008576620759412 
0.14682967115652537 0.1971996511532836 
0.14820433862428894 0.1885956695480028 
0.16324921326558425 0.1616011289968596 
0.16324921326558425 0.1616011289968596 
0.1714818649610342 0.10867755673102775 
0.1714818649610342 0.10867755673102775 
0.1714818649610342 0.10867755673102775 
0.15875313045129244 0.14487378099497944 
0.16026274332326687 0.14473021517408063 
0.16026274332326687 0.14473021517408063 
0.1773840073438261 0.15191360375730042 
0.1769588508936179 0.1524841388722789 
0.061514644696467655 0.17018383990640512 
0.17498775157515042 0.2026859240684402 
0.12113370192032225 0.17604106086575189 
0.09833006865167172 0.18700319471944463 
0.1543575056982857 0.17456206386484246 
0.07284119528051637 0.17296401641965392 
0.0711236120046259 0.18424145056822344 
0.17824360900475134 0.16313895017209962 
0.1063863546650327 0.17129414708893126 
0.16869073548464963 0.17612332250555232 
0.16256508340305972 0.1602880894288227 
0.16169685381012064 0.15641964677713432 
0.16169685381012064 0.15641964677713432 
0.14540308086524484 0.14780685503528923 
0.14375618072495067 0.14332776027346272 
0.1448058905468243 0.1422571224391101 
0.14315182508671648 0.14230436637108604 
0.14315182508671648 0.14230436637108604 
0.134469260782884 0.10990498209870936 
0.13685851991327433 0.10649822308894116 
0.13685851991327433 0.10649822308894116 
0.13685851991327433 0.10649822308894116 
0.11083275612848321 0.13216618095392307 
0.11297002050064493 0.12869103869459697 
0.11297002050064493 0.12869103869459697 
0.11297002050064493 0.12869103869459697 
0.11297002050064493 0.12869103869459697 
0.11297002050064493 0.12869103869459697 
0.11762379688025093 0.1354121185627141 
0.11762379688025093 0.1354121185627141 
0.11762379688025093 0.1354121185627141 
0.09364331736256129 0.10642348788572989 
0.09364331736256129 0.10642348788572989 
0.09115136119629902 0.14478197507524634 
0.09115136119629902 0.14478197507524634 
0.09115136119629902 0.14478197507524634 
0.0803093199507554 0.12896667184122484 
0.07828482351632009 0.12146392845490382 
0.07594229348651223 0.1013059531648044 
0.07819320107557205 0.13804276268386179 
0.11749255782962084 0.2107213446467035 
0.08229433075446278 0.1942204348923709 
0.09247918178892603 0.20315759759933089 
0.09549799034211219 0.23343290806492226 
0.13032628920240175 0.17143057109177634 
0.11735907141602722 0.146405437900209 
0.12672698922521458 0.18617910791929546 
0.08188564644630494 0.16849175032185598 
0.12165266235911495 0.17462470309476563 
0.17915725762732682 0.18588655555216888 
0.0809261969260895 0.16193099959373605 
0.16570579540141667 0.16590311580196715 
0.07820937199378826 0.18132837700856383 
0.09787751439507267 0.16664765957072628 
0.0629594167515182 0.20566351478982278 
0.13877607450040763 0.19567520673173835 
0.11680390361346801 0.18509314313044276 
0.13577414507290106 0.17793093960947337 
0.1374227609813812 0.17186818646962496 
0.09820718506466945 0.1305760620380836 
0.1086106967028649 0.18103901968891792 
0.12453563283093795 0.15702696962306573 
0.11624645683072818 0.1933436370314373 
0.10653955224473265 0.18973179877063567 
0.1432442197389138 0.1904831683982659 
0.14564567839244089 0.17845383103587278 
0.1710702417773325 0.21881025469256238 
0.13428425944602845 0.17929390936234516 
0.1463660849817949 0.19237832239442387 
0.16372119172340574 0.17945216840166536 
0.1416661245916356 0.17112402089995818 
0.12920272765846377 0.18467091500750424 
0.12947714540556438 0.2031529032722725 
0.15745752639521363 0.18991922975329922 
0.15745752639521363 0.18991922975329922 
0.15653899600371257 0.17494765745261834 
0.12178187440363242 0.16299726366016573 
0.1398859368648946 0.12094668924109497 
0.13908424647181195 0.11842233527573875 
0.13908424647181195 0.11842233527573875 
0.15579482165282457 0.09857345136707327 
0.12966662659048428 0.11108155495981237 
0.11086096801891612 0.12270432265234775 
0.11086096801891612 0.12270432265234775 
0.11118422588981726 0.11719736746913303 
0.09980556274819465 0.11520308526371549 
0.08878212834593836 0.11448813744942438 
0.08878212834593836 0.11448813744942438 
0.08878212834593836 0.11448813744942438 
0.10250151752396686 0.12959511471370785 
0.10250151752396686 0.12959511471370785 
0.09408497085507242 0.12261900402247597 
0.0899933097866467 0.1364484787894546 
0.08200673380806835 0.12078968066905829 
0.09386165791798472 0.11547832775553656 
0.06430183199756043 0.10494840339588588 
0.06430183199756043 0.10494840339588588 
0.06430183199756043 0.10494840339588588 
0.09037369952019443 0.10240717140469767 
0.09037369952019443 0.10240717140469767 
0.09037369952019443 0.10240717140469767 
0.09517333911315806 0.11109581721660167 
0.09358368617747564 0.10221350988752635 
0.09358368617747564 0.10221350988752635 
0.09358368617747564 0.10221350988752635 
0.09358368617747564 0.10221350988752635 
0.09358368617747564 0.10221350988752635 
0.09377354284338278 0.102279715837778 
0.09339158282966341 0.146653878574441 
0.0995675040943945 0.14552540405299652 
0.0775102587472343 0.13478099348301936 
0.0775102587472343 0.13478099348301936 
0.0775102587472343 0.13478099348301936 
0.0775102587472343 0.13478099348301936 
0.0752753977454382 0.13426607361483878 
0.0752753977454382 0.13426607361483878 
0.0752753977454382 0.13426607361483878 
0.0752753977454382 0.13426607361483878 
0.07547420446730393 0.13527688681256164 
0.07604304034324696 0.13670314714897924 
0.09367174051820415 0.14283247122752452 
0.09367174051820415 0.14283247122752452 
0.16587568291991853 0.15084453390539312 
0.16587568291991853 0.15084453390539312 
0.17226402933393584 0.15167324299831675 
0.17226402933393584 0.15167324299831675 
0.17226402933393584 0.15167324299831675 
0.1805590690842643 0.16029150807956602 
0.07991392895691475 0.17495116046182624 
0.17727799613766335 0.15490106678053064 
0.17727799613766335 0.15490106678053064 
0.17727799613766335 0.15490106678053064 
0.08373139933597566 0.18851888840938896 
0.12289239510045197 0.2072404762281404 
0.12078162674719939 0.2055484644130704 
0.12078162674719939 0.2055484644130704 
0.11872688130094246 0.21536325281025587 
0.11116468849363796 0.2435081168315234 
0.11116468849363796 0.2435081168315234 
0.11144806830602816 0.2383346201375599 
0.11122171981522527 0.24720062962356834 
0.11122171981522527 0.24720062962356834 
0.10990613167784324 0.2231918693205428 
0.10849186347950411 0.18646972742557422 
0.12945034777705267 0.16380151175075824 
0.12623256075667602 0.11190610856151977 
0.1275147297120759 0.11258271560247454 
0.1260083006998102 0.12936284001795317 
0.1260083006998102 0.12936284001795317 
0.13540741086963987 0.117290219091141 
0.13540741086963987 0.117290219091141 
0.13610161490434516 0.11002074441027129 
0.14988676251563432 0.1386562898498207 
0.14988676251563432 0.1386562898498207 
0.11672349807259833 0.16306628336163256 
0.11672349807259833 0.16306628336163256 
0.12736020805048243 0.15273682195070354 
0.1538696530914183 0.12709256612529946 
0.11928972184405096 0.18221789988367332 
0.15925494585183336 0.17923627776663836 
0.08630542810579994 0.16726416806999786 
0.09129706253085454 0.1647244192274414 
0.07536153863298928 0.1766894837129042 
0.07302300005380999 0.20402103731715562 
0.08894667563405664 0.1925126325561168 
0.08629251925022693 0.20874406586788802 
0.0759243985236814 0.21723571639895078 
0.1636718099362108 0.1509505981376974 
0.1636718099362108 0.1509505981376974 
0.17582280873927952 0.15193710493347432 
0.17582280873927952 0.15193710493347432 
0.17582280873927952 0.15193710493347432 
0.17582280873927952 0.15193710493347432 
0.1166526801801417 0.19334983206461848 
0.1301105159748187 0.21933870392733962 
0.1553779068288269 0.2501681923381463 
0.1553779068288269 0.2501681923381463 
0.1556306050303602 0.2409567987524729 
0.1571984217817922 0.2421585059200953 
0.1571984217817922 0.2421585059200953 
0.14257085044171997 0.22487273832005636 
0.13892790781505096 0.21945616494964404 
0.13960131201790515 0.21917293152908113 
0.14107418559072532 0.21795583928484394 
0.15111559748705544 0.23875974846082698 
0.15111559748705544 0.23875974846082698 
0.15111559748705544 0.23875974846082698 
0.13413069550110146 0.23474674288957753 
0.14417247695917149 0.23673740840851568 
0.14417247695917149 0.23673740840851568 
0.15532666025373812 0.25060294196208044 
0.15587132850971483 0.2317922989843536 
0.13723021585496234 0.2308668563427607 
0.13723021585496234 0.2308668563427607 
0.13443951772994375 0.22796618221338033 
0.13443951772994375 0.22796618221338033 
0.13443951772994375 0.22796618221338033 
0.13443951772994375 0.22796618221338033 
0.13443951772994375 0.22796618221338033 
0.13443951772994375 0.22796618221338033 
0.13443951772994375 0.22796618221338033 
0.13443951772994375 0.22796618221338033 
0.13593747046279836 0.22772124165229252 
0.13593747046279836 0.22772124165229252 
0.06749133884702543 0.18915809197052422 
0.14245202795848738 0.199809817806733 
0.16614807480741256 0.21265780677020255 
0.16614807480741256 0.21265780677020255 
0.11193869912501016 0.25241958261534275 
0.11818298178349419 0.2294203184572789 
0.11818298178349419 0.2294203184572789 
0.113696826789128 0.22563133368476945 
0.113696826789128 0.22563133368476945 
0.16993254691077023 0.15968912475918295 
0.15381390994597943 0.16926598016641575 
0.15676947250103684 0.20095997631106186 
0.11921709317257972 0.20963747401752747 
0.11962438963202912 0.20552330606206298 
0.13482982193128532 0.18767880748331842 
0.14730458552253695 0.19311529590268028 
0.11659718852767736 0.2016071418519208 
0.12937345637259898 0.17451527385274618 
0.16872222591141595 0.17495583409998328 
0.1325753303509457 0.15805237799695684 
0.07406271898565511 0.167626345221559 
0.06794491395309511 0.10051265951160099 
0.0679508639857004 0.10123611411572415 
0.0679508639857004 0.10123611411572415 
0.0679508639857004 0.10123611411572415 
0.0679508639857004 0.10123611411572415 
0.0679508639857004 0.10123611411572415 
0.0679508639857004 0.10123611411572415 
0.10866110026315433 0.17823101687422482 
0.1236964810666874 0.17560692161816266 
0.12876332771965948 0.19590426988324816 
0.13515193995117852 0.23247075551081003 
0.13515193995117852 0.23247075551081003 
0.15114827386335916 0.2449759896367501 
0.15114827386335916 0.2449759896367501 
0.15043602839710174 0.24236662754971977 
0.15043602839710174 0.24236662754971977 
0.15043602839710174 0.24236662754971977 
0.1504609030150195 0.2423300983162835 
0.1494565203592629 0.24163056663348786 
0.1422964615894173 0.23819637491983775 
0.15298027832461594 0.2121465859910811 
0.15298027832461594 0.2121465859910811 
0.1745205458492418 0.20865619566634577 
0.12323118753298291 0.18664526364423484 
0.1039071823887839 0.1694866697962325 
0.11035799314258253 0.15719204458802763 
0.09216067567013966 0.11982276744403852 
0.09216067567013966 0.11982276744403852 
0.09117189946421755 0.1271480329094349 
0.08269565154697857 0.1250770247614175 
0.08441354046331252 0.11575917147492593 
0.10795428113862074 0.13387123727392483 
0.10795428113862074 0.13387123727392483 
0.10795428113862074 0.13387123727392483 
0.0978358909611029 0.11758084090843374 
0.0978358909611029 0.11758084090843374 
0.08660437933554424 0.10870283943220979 
0.1012260120596751 0.13246258034988997 
0.09138658740893932 0.13432932821739788 
0.0737104650430593 0.1371778723748933 
0.07779549386953695 0.12237319863386881 
0.07779549386953695 0.12237319863386881 
0.07834204045619575 0.12496528616541477 
0.0877072514023695 0.13284725373595818 
0.0877072514023695 0.13284725373595818 
0.11301776382997634 0.12143119492136728 
0.11301776382997634 0.12143119492136728 
0.11274892696978982 0.12091224219367315 
0.11455473949360385 0.13846935183390344 
0.1246646927630379 0.1410809170599733 
0.15405924383452066 0.1699976306400595 
0.13840340642961751 0.16753768583646061 
0.10554393936715442 0.17881720692601014 
0.06935207314186627 0.19067776075937237 
0.14859936245587738 0.18851822846677965 
0.07952785583257611 0.17566218712612816 
0.10254249047874553 0.16908073684178018 
0.11415893560070976 0.190987171364328 
0.12820686194587966 0.17350147525815324 
0.17199395521560915 0.14520235051805844 
0.17199395521560915 0.14520235051805844 
0.1700113423643254 0.14424070246174447 
0.17261334548389137 0.14150109658465862 
0.17639985664732186 0.1284435768711072 
0.18115821458140585 0.12888699571976991 
0.18115821458140585 0.12888699571976991 
0.18115821458140585 0.12888699571976991 
0.18115821458140585 0.12888699571976991 
0.18115821458140585 0.12888699571976991 
0.15255334258531783 0.13600112541757176 
0.16643294476694398 0.10793955500456735 
0.15473789642444702 0.1321001615355077 
0.18085495706873975 0.13788402458525853 
0.18085495706873975 0.13788402458525853 
0.18085495706873975 0.13788402458525853 
0.07938911156507748 0.17351680647643222 
0.07141649808182199 0.17460423110686696 
0.07633859243943703 0.1740880956971201 
0.10530060445913365 0.1729463014379456 
0.06304471506437809 0.15918683023008798 
0.12528694664094014 0.1626752039378974 
0.09090934630014251 0.1571914988819968 
0.1403537324149047 0.1694811932496409 
0.09464901109349559 0.21020021187947263 
0.062070591844150674 0.24209858939075285 
0.06334563429934036 0.1998128582487771 
0.06334563429934036 0.1998128582487771 
0.08139032683685764 0.20361152514303107 
0.06827200032363842 0.2039405777796118 
0.16904512689905743 0.17682766898279406 
0.17114714624709784 0.16666775991002883 
0.14833057053433496 0.21699247915952424 
0.15606721941189078 0.2157409540197904 
0.15588138792272654 0.21611514760812647 
0.16512703302298093 0.2542665004931881 
0.16512703302298093 0.2542665004931881 
0.16512703302298093 0.2542665004931881 
0.16512703302298093 0.2542665004931881 
0.16512703302298093 0.2542665004931881 
0.16512703302298093 0.2542665004931881 
0.16512703302298093 0.2542665004931881 
0.16309367277838008 0.23584507284516884 
0.1601066960233323 0.19154336202393824 
0.16477361877538035 0.20781497373263752 
0.16477361877538035 0.20781497373263752 
0.16477361877538035 0.20781497373263752 
0.06187104238181931 0.15765319147900872 
0.12105371419756561 0.1868943827075772 
0.15122155470154636 0.1899605734814543 
0.15122155470154636 0.1899605734814543 
0.15008802322384238 0.1850493471264763 
0.15263164600615414 0.17480705121497014 
0.0636527894880306 0.1919211953531415 
0.11793777630280823 0.15323019330437893 
0.12021840668587364 0.1372532502307544 
0.11902718189297504 0.13796805969955167 
0.12483388683360666 0.13975329452199067 
0.12483388683360666 0.13975329452199067 
0.16501551418461757 0.17606921877498835 
0.11832961838724235 0.17617355158083334 
0.11275944598534095 0.16405363135881298 
0.09008599663017096 0.14411349163960346 
0.08695241293943702 0.12356530109802058 
0.09637694546812552 0.1417356371401126 
0.08921951904981006 0.1375095342747845 
0.08921951904981006 0.1375095342747845 
0.08047387482619381 0.11570598291380285 
0.08047387482619381 0.11570598291380285 
0.08047387482619381 0.11570598291380285 
0.08047387482619381 0.11570598291380285 
0.07293842612734242 0.11724183218073937 
0.07293842612734242 0.11724183218073937 
0.07666804207451121 0.12148269936538342 
0.07666804207451121 0.12148269936538342 
0.10682406116457069 0.19820008318867324 
0.10682406116457069 0.19820008318867324 
0.0674180972285587 0.16603399470900587 
0.16251567860978236 0.17375510643210745 
0.06310539751061586 0.16156034937172017 
0.06551921717251384 0.16351982353368172 
0.1047164993225605 0.1698042907123908 
0.16954597730950446 0.1591695987626301 
0.16954597730950446 0.1591695987626301 
0.17445431427019747 0.14906703088640538 
0.17445431427019747 0.14906703088640538 
0.17445431427019747 0.14906703088640538 
0.17445431427019747 0.14906703088640538 
0.1640717727033855 0.15375790905491798 
0.1745808824780887 0.14006063667187457 
0.14794033930235356 0.12931188971045804 
0.14300827761729204 0.1254336460097412 
0.13368454169640387 0.10955932799685704 
0.14048238901023777 0.12550961280253975 
0.14048238901023777 0.12550961280253975 
0.1342621232653731 0.09876748971392073 
0.1342621232653731 0.09876748971392073 
0.1360770411426873 0.10480810804766344 
0.1360770411426873 0.10480810804766344 
0.13779079822330734 0.10957017634296 
0.13779079822330734 0.10957017634296 
0.13779079822330734 0.10957017634296 
0.13779079822330734 0.10957017634296 
0.13779079822330734 0.10957017634296 
0.12403525087919726 0.11744407694504126 
0.12403525087919726 0.11744407694504126 
0.1290046480565465 0.10818121163377228 
0.12541277985672544 0.13961045661547425 
0.12331991814828339 0.1362372509064042 
0.14609269524931146 0.12393282641565641 
0.14609269524931146 0.12393282641565641 
0.1506530145040365 0.11737940588150805 
0.1506530145040365 0.11737940588150805 
0.14613912254104489 0.12237953541729632 
0.14613912254104489 0.12237953541729632 
0.13912142517228718 0.13150226249632302 
0.14858434375649068 0.1284414896049489 
0.16343221015870613 0.13165137375645605 
0.17631695351920662 0.10073361886980314 
0.15121875244906688 0.14752835752392904 
0.16578974207323494 0.1398877962553395 
0.16578974207323494 0.1398877962553395 
0.1694441523341162 0.13657771552952003 
0.1694441523341162 0.13657771552952003 
0.1694441523341162 0.13657771552952003 
0.1694441523341162 0.13657771552952003 
0.1691687584434034 0.13945328017809833 
0.17050517999990117 0.11380097165595666 
0.17050517999990117 0.11380097165595666 
0.17050517999990117 0.11380097165595666 
0.17050517999990117 0.11380097165595666 
0.17050517999990117 0.11380097165595666 
0.06802077783268734 0.1790295598318288 
0.07446985318546494 0.18980496803211983 
0.06853621046417922 0.1955513575542393 
0.15910027531118728 0.1815544855144656 
0.1404691869912521 0.18125821464138098 
0.06095105615570182 0.1695033577324757 
0.09543895497777741 0.2074088132295402 
0.09705265692067125 0.20590295629581074 
0.11398463952147012 0.19734811605989105 
0.12731657849515945 0.18318958052138049 
0.1810603803465386 0.1840926995965981 
0.09677530913598589 0.19670573310118047 
0.06633198673159466 0.16505369388336216 
0.13749872510672928 0.1811654246142039 
0.13644798104570396 0.22198832863723555 
0.13644798104570396 0.22198832863723555 
0.13644798104570396 0.22198832863723555 
0.13073924910520718 0.2300466380882784 
0.13073924910520718 0.2300466380882784 
0.13073924910520718 0.2300466380882784 
0.13073924910520718 0.2300466380882784 
0.08941671025700236 0.2241980639805774 
0.09282985152173588 0.22263891343261244 
0.09490870863970502 0.2431643861439402 
0.09406962012184607 0.2544122140607608 
0.09406962012184607 0.2544122140607608 
0.09406962012184607 0.2544122140607608 
0.09406962012184607 0.2544122140607608 
0.10516439560131285 0.23880901295708323 
0.11528772730208893 0.21431013949768685 
0.10561365319498597 0.23815492724524834 
0.10561365319498597 0.23815492724524834 
0.11090485917893572 0.2320744283131177 
0.11090485917893572 0.2320744283131177 
0.11419433486046457 0.24002261420525522 
0.11419433486046457 0.24002261420525522 
0.11419433486046457 0.24002261420525522 
0.11439951241052784 0.23835233899470734 
0.11670599233893376 0.21702370574503185 
0.11670599233893376 0.21702370574503185 
0.08371076100565818 0.1649811409708447 
0.1502353840651972 0.20416497466546224 
0.16222743622315777 0.25279127307537597 
0.16222743622315777 0.25279127307537597 
0.16222743622315777 0.25279127307537597 
0.16222743622315777 0.25279127307537597 
0.16222743622315777 0.25279127307537597 
0.16222743622315777 0.25279127307537597 
0.15173389897040981 0.2309296389411366 
0.1465662638038475 0.22115256234418718 
0.1676415729955089 0.208839464602472 
0.07233617995177738 0.15233426214699336 
0.16855119356535192 0.16547535043598732 
0.11867309491909125 0.20403648523711562 
0.12313308640558705 0.19885948708059448 
0.06486473099896656 0.1850037426402096 
0.18140891352135236 0.14883652646557083 
0.18140891352135236 0.14883652646557083 
0.18023574801910575 0.1484562600581934 
0.18023574801910575 0.1484562600581934 
0.18023574801910575 0.1484562600581934 
0.18023574801910575 0.1484562600581934 
0.18023574801910575 0.1484562600581934 
0.1812556193692426 0.14854693396000632 
0.1812556193692426 0.14854693396000632 
0.1812556193692426 0.14854693396000632 
0.1812556193692426 0.14854693396000632 
0.1812556193692426 0.14854693396000632 
0.12036842996441058 0.14646901936985499 
0.12036842996441058 0.14646901936985499 
0.0621758297591912 0.1866971833149794 
0.151096272021673 0.1925774322787821 
0.15360652081407136 0.19119752642393123 
0.07340842419630628 0.1682181310583496 
0.11070518432389896 0.16192485417913713 
0.09094334030200629 0.18218504223256515 
0.07747805979711944 0.1929372175160396 
0.15690859439749225 0.16937931682863752 
0.09182783126767244 0.19576617666625895 
0.06326780284660949 0.17542725995419817 
0.09952421488645763 0.1814693525250297 
0.07894367982916556 0.17310811274167426 
0.1782894845816716 0.16022724640040498 
0.1463741592369928 0.16223814547514068 
0.17690367224571174 0.14778164358319584 
0.12170690717751227 0.2272911078110557 
0.10781657036994036 0.23766173744811897 
0.11013485861136336 0.2324314810198393 
0.11013485861136336 0.2324314810198393 
0.11013485861136336 0.2324314810198393 
0.11013485861136336 0.2324314810198393 
0.09818656883560029 0.2535501831345881 
0.09818656883560029 0.2535501831345881 
0.09818656883560029 0.2535501831345881 
0.09818656883560029 0.2535501831345881 
0.10762493493769054 0.23250170522275898 
0.10709409487346694 0.23328580634905458 
0.10709409487346694 0.23328580634905458 
0.11000102369857337 0.22654923442034872 
0.1312566364287202 0.2260345138896719 
0.1312566364287202 0.2260345138896719 
0.11564664445097723 0.1619650033020857 
0.10941705446046789 0.1579934145620568 
0.09526231329139039 0.19711085074478102 
0.0746204108421648 0.20034297581761576 
0.0746204108421648 0.20034297581761576 
0.0746204108421648 0.20034297581761576 
0.07291039934899077 0.19369364514462545 
0.07291039934899077 0.19369364514462545 
0.07291039934899077 0.19369364514462545 
0.17301673377753465 0.17106374255106155 
0.1428060510144203 0.1445532190459388 
0.1428060510144203 0.1445532190459388 
0.15149426441481195 0.14501276984662437 
0.1536608478196348 0.13796159212086911 
0.172289444643141 0.20040269188853413 
0.172289444643141 0.20040269188853413 
0.15723032081426094 0.20286296108264085 
0.11048855936873507 0.20195265628397271 
0.09142182519939633 0.19290030630886165 
0.09991055662053666 0.19020299398737311 
