0.17465882953441209 0.2262930646226503 
0.12343249073585652 0.23043582386273648 
0.1275164955739069 0.2415322470748964 
0.12686166810856997 0.21268039872399602 
0.126460516232653 0.21573515050378084 
0.15407509526705127 0.22087709193368588 
0.15407509526705127 0.22087709193368588 
0.16647782185720586 0.23643012820169704 
0.1665687221927353 0.23444000108200835 
0.1665687221927353 0.23444000108200835 
0.1665687221927353 0.23444000108200835 
0.1665687221927353 0.23444000108200835 
0.1665687221927353 0.23444000108200835 
0.17898031459879782 0.24463126153710055 
0.07429631640834149 0.1486522793597309 
0.1357042065380873 0.17125029924033927 
0.12016200797797831 0.1465109081959148 
0.12016200797797831 0.1465109081959148 
0.11059435767882045 0.13261449839898654 
0.10432376963956375 0.13525748203054094 
0.10739779255402049 0.13614109744804262 
0.10739779255402049 0.13614109744804262 
0.11429426603279384 0.14739305940076747 
0.11429426603279384 0.14739305940076747 
0.10634437031242927 0.12662614046798312 
0.10604814796766399 0.13246905246718782 
0.10604814796766399 0.13246905246718782 
0.15005293867553315 0.16219081995439932 
0.0775488251881117 0.16506498849738885 
0.11655076533479485 0.22286386580706463 
0.11655076533479485 0.22286386580706463 
0.08446999043887611 0.1623224616307334 
0.12077045682880548 0.15019725418185395 
0.12735719474079826 0.14914850923294382 
0.10183050319290952 0.16364833268760637 
0.1499894292131269 0.16106310336450988 
0.09024027749858043 0.19890880601881505 
0.1431486188312207 0.1555297428201849 
0.13361771589104884 0.17776968245872318 
0.15244455749406857 0.17441997325993516 
0.16780571997297872 0.1673959641120858 
0.1511076782671396 0.16412121260015466 
0.1012947039706528 0.17907524112205092 
0.1329450129844324 0.22278127298440437 
0.13170703576926113 0.2239301984905444 
0.12316892264334806 0.20876415735103615 
0.12287271497005531 0.19007190078347724 
0.07997312106547705 0.1582805183976497 
0.16349171735672544 0.1990039351663259 
0.15709524209924874 0.1504925329761396 
0.15279539475816656 0.14532559026302977 
0.1491206393081323 0.14966240613612 
0.14346650727604984 0.15695531845848218 
0.15310655855379934 0.16006102605589664 
0.13427464397112387 0.19955692516230222 
0.11862972814202304 0.16885840542665914 
0.16982663739367665 0.18210042217104286 
0.15799787248117908 0.17599851743147563 
0.14937223048204223 0.18004716676046073 
0.11775148379337108 0.1693361985878311 
0.08491615878349991 0.16182534929719478 
0.14026186042482483 0.16448402776388865 
0.07399266361342965 0.1882500031853023 
0.09862181486906026 0.1827984816330399 
0.12879699634892708 0.17456270212436076 
0.08617863488684585 0.1862182384287273 
0.0673356641962621 0.21295862433743723 
0.06321548569293496 0.22781967634510045 
0.06675402509489088 0.2280269997617566 
0.06653973311008618 0.22804388964236574 
0.06653973311008618 0.22804388964236574 
0.06653973311008618 0.22804388964236574 
0.137770452960447 0.21798887766437194 
0.13890924737636712 0.22799626387858846 
0.1416657145911213 0.23114904414665705 
0.1452436796211096 0.2512367843201958 
0.1452436796211096 0.2512367843201958 
0.1452436796211096 0.2512367843201958 
0.1452436796211096 0.2512367843201958 
0.13552745062891663 0.24896783946262874 
0.1361348253111213 0.24926886790527247 
0.1361348253111213 0.24926886790527247 
0.1361348253111213 0.24926886790527247 
0.1361348253111213 0.24926886790527247 
0.1361348253111213 0.24926886790527247 
0.13629728066964944 0.24735424116569932 
0.13641436222015024 0.24749028338282597 
0.13641436222015024 0.24749028338282597 
0.13641436222015024 0.24749028338282597 
0.13641436222015024 0.24749028338282597 
0.13641436222015024 0.24749028338282597 
0.13641436222015024 0.24749028338282597 
0.13641436222015024 0.24749028338282597 
0.13641436222015024 0.24749028338282597 
0.13641436222015024 0.24749028338282597 
0.13641436222015024 0.24749028338282597 
0.14827655516902943 0.24561531008160326 
0.14922684755861168 0.24877702071543106 
0.15939259583637327 0.2554476610247056 
0.15000855918995112 0.23706955472518912 
0.1327940600032136 0.24108117625849712 
0.1327940600032136 0.24108117625849712 
0.1327940600032136 0.24108117625849712 
0.1327940600032136 0.24108117625849712 
0.1327940600032136 0.24108117625849712 
0.1327940600032136 0.24108117625849712 
0.14877004272708394 0.250062101505701 
0.14877004272708394 0.250062101505701 
0.14877004272708394 0.250062101505701 
0.174061690636777 0.25527695010686996 
0.174061690636777 0.25527695010686996 
0.174061690636777 0.25527695010686996 
0.174061690636777 0.25527695010686996 
0.15833752280887092 0.23327004474540164 
0.15833752280887092 0.23327004474540164 
0.15833752280887092 0.23327004474540164 
0.15833752280887092 0.23327004474540164 
0.16510614679034125 0.2354575162382974 
0.16510614679034125 0.2354575162382974 
0.11992237563885597 0.21713017877738677 
0.1313264432329651 0.21423186844942624 
0.1499781877417225 0.2290000578207483 
0.15630604422947544 0.22676183835203123 
0.16995837831384764 0.18143254371108541 
0.13478371228386757 0.20150310836315868 
0.09373394323397677 0.17030002989023357 
0.12861141993286843 0.18440327838952367 
0.1250873063140641 0.19216369065747363 
0.12665179077805072 0.16770118565200273 
0.12412650044338444 0.20990048950110507 
0.12246703359088817 0.2546379606897687 
0.12246703359088817 0.2546379606897687 
0.12246703359088817 0.2546379606897687 
0.11892771898470744 0.23300406759236772 
0.11892771898470744 0.23300406759236772 
0.11020357360925324 0.22943592373584695 
0.14889553254773863 0.19401170910821197 
0.17102367541418276 0.24216557544608952 
0.17102367541418276 0.24216557544608952 
0.17102367541418276 0.24216557544608952 
0.1743518599115443 0.2427264950530794 
0.18118901662699996 0.25579350614864493 
0.17655473364168195 0.25203988857079346 
0.17655473364168195 0.25203988857079346 
0.17655473364168195 0.25203988857079346 
0.17528574262565352 0.23629435264718246 
0.17528574262565352 0.23629435264718246 
0.17528574262565352 0.23629435264718246 
0.1743518118175474 0.23564311642960048 
0.1743518118175474 0.23564311642960048 
0.1743518118175474 0.23564311642960048 
0.1338131906734489 0.2222788208782706 
0.13986865222930278 0.21738465504549903 
0.12711272824512787 0.21099013005619344 
0.12508242646315731 0.22310077453592042 
0.13623483440750894 0.21388377627557736 
0.1500272052845539 0.24451809127940094 
0.1576759344624986 0.25422114073365004 
0.15252666213935018 0.25399735715819466 
0.14216704417838855 0.24872080914942907 
0.14216704417838855 0.24872080914942907 
0.11725794860022484 0.24829967216317153 
0.06308870910505365 0.19519351213353917 
0.13570878012569826 0.1571123097180131 
0.13894272138918617 0.11923498593836987 
0.13163960297808325 0.13243973108017196 
0.12637700382817763 0.15788615904629555 
0.1296703042769466 0.149995507480288 
0.13603413360798225 0.1585431081064203 
0.14613765627082714 0.12736081004215716 
0.1403404416731362 0.13534812521640266 
0.14017632959277562 0.14208389462333115 
0.14017632959277562 0.14208389462333115 
0.136749284776901 0.14505381733260236 
0.10255293768030589 0.17698711625165311 
0.1249055742869864 0.17919041015782555 
0.06462304083915814 0.18405151537220243 
0.17187837230904046 0.1871324199222175 
0.17333506246332256 0.18990862617027823 
0.08475994522169521 0.1578435059960849 
0.07617547907084352 0.1472019719665626 
0.17871637151196854 0.15358119432222067 
0.06847545399277397 0.16200640227009705 
0.10425213291835699 0.2013277563393567 
0.10425213291835699 0.2013277563393567 
0.10425213291835699 0.2013277563393567 
0.15314863808981227 0.17356597993759038 
0.16821063124989993 0.16030679596629796 
0.17871716848822936 0.13609189145931938 
0.15231752530518305 0.16219985411536703 
0.15297755424628695 0.12309379092630955 
0.16120752060869883 0.10920904320026648 
0.16120752060869883 0.10920904320026648 
0.07466892591176005 0.22048817828381914 
0.07466892591176005 0.22048817828381914 
0.07466892591176005 0.22048817828381914 
0.07455454985562525 0.22054067510556358 
0.07424834630800223 0.2205181798255171 
0.0738759086363368 0.21554952449717052 
0.0738759086363368 0.21554952449717052 
0.07668405969776801 0.23351292069640656 
0.0741018586686084 0.23351705288850763 
0.0741018586686084 0.23351705288850763 
0.0741018586686084 0.23351705288850763 
0.09514004419154307 0.22681096294757802 
0.09514004419154307 0.22681096294757802 
0.10493999299468379 0.2091813002464469 
0.06358937227583009 0.19861031872289125 
0.06358937227583009 0.19861031872289125 
0.09104305220878323 0.22336531558652636 
0.08338963757749682 0.24523844855193905 
0.08338963757749682 0.24523844855193905 
0.08352349808476095 0.2506732155880485 
0.08352349808476095 0.2506732155880485 
0.08352349808476095 0.2506732155880485 
0.08012175357919218 0.247945375776731 
0.08012175357919218 0.247945375776731 
0.09994295318985377 0.25085160192228395 
0.09684119591322579 0.24597096975135455 
0.09684119591322579 0.24597096975135455 
0.10036746555511755 0.24571516258565104 
0.10036746555511755 0.24571516258565104 
0.10003118948767901 0.24571297294585168 
0.0993359190137195 0.2483377688842204 
0.1137728227734463 0.23758470816302724 
0.1137728227734463 0.23758470816302724 
0.1137728227734463 0.23758470816302724 
0.11328046516502514 0.2441349890804822 
0.11955753714578155 0.2299456833550979 
0.06539476496533131 0.24203954629587138 
0.06539476496533131 0.24203954629587138 
0.06532815471935312 0.23744807239156057 
0.06201285090362897 0.2469823602448929 
0.06201285090362897 0.2469823602448929 
0.06201285090362897 0.2469823602448929 
0.06541670828519798 0.24000969255433308 
0.06541670828519798 0.24000969255433308 
0.06524212532051382 0.24021974993537318 
0.06524212532051382 0.24021974993537318 
0.06524212532051382 0.24021974993537318 
0.06524212532051382 0.24021974993537318 
0.06701221991842311 0.22856398235252223 
0.06701221991842311 0.22856398235252223 
0.06701221991842311 0.22856398235252223 
0.06701221991842311 0.22856398235252223 
0.06701221991842311 0.22856398235252223 
0.06701221991842311 0.22856398235252223 
0.06701221991842311 0.22856398235252223 
0.06701221991842311 0.22856398235252223 
0.06701221991842311 0.22856398235252223 
0.06838700934426883 0.19876047681254178 
0.07973872956606048 0.18084201543678657 
0.10894120519504112 0.165753025836183 
0.10491400708390186 0.1603639251734736 
0.10325419226495273 0.19391826847139995 
0.15397909095146867 0.15149060383774945 
0.1509643845916534 0.15369246589577834 
0.1509643845916534 0.15369246589577834 
0.12287488421432795 0.15943008852097063 
0.12141522420316031 0.15501440554882046 
0.1478038973926377 0.20061917848603042 
0.1486665132088939 0.2131282985582811 
0.1486665132088939 0.2131282985582811 
0.06165938392856429 0.187871481142888 
0.06843075997167283 0.15134690822162505 
0.18069231664040372 0.15302307477730903 
0.1813493340227203 0.15824923403213456 
0.07504570020976832 0.1813596967241166 
0.17128593530500394 0.17060490491459926 
0.1800220688510087 0.18017219315836097 
0.15713073757423185 0.16303440411275308 
0.075749102674072 0.18742424812765948 
0.07150683728499879 0.19086234344330405 
0.17576247518886928 0.18632955582676414 
0.1429286603460826 0.1930376740532036 
0.1707022567008555 0.18075198870519563 
0.11096441728950769 0.15916680052474938 
0.13003832693173709 0.170235468203457 
0.16788821577812935 0.1478198987049484 
0.087232621625256 0.20816217260571088 
0.090700908208833 0.22792370178999244 
0.15314121161545843 0.22025959297192943 
0.15314121161545843 0.22025959297192943 
0.14152706027814083 0.1735140551619462 
0.08077856830907398 0.18373900155420803 
0.17025692741193063 0.22886038275652254 
0.1681795411079845 0.2279146775381493 
0.14637139145400102 0.22488513550217265 
0.14637139145400102 0.22488513550217265 
0.14637139145400102 0.22488513550217265 
0.14637139145400102 0.22488513550217265 
0.14637139145400102 0.22488513550217265 
0.15085317008386018 0.23593030787776081 
0.06527326619705925 0.1775010341056014 
0.1309961588049506 0.16883337159536682 
0.17697426044788245 0.18421188859459717 
0.179806057502947 0.1502768141215331 
0.179806057502947 0.1502768141215331 
0.179806057502947 0.1502768141215331 
0.07628196896842701 0.18304613796221314 
0.08333651197488795 0.1912135901741986 
0.08260334766842035 0.17489257485357732 
0.06063194818483334 0.12398582469065435 
0.15823215203052993 0.14968958253655917 
0.1654393526884592 0.15136321761566368 
0.10641066202285007 0.2170867617593823 
0.1522583184027607 0.15621787585968103 
0.15844611667156097 0.16659396121029688 
0.13164568227131052 0.18504565533746006 
0.14273727320802546 0.17013169637829903 
0.09281735542900077 0.18172871359226891 
0.14614370635801338 0.15840552653412246 
0.12454696559059521 0.1538277276958464 
0.07493224039111128 0.17734063250551305 
0.1683901810236427 0.1952845489058422 
0.1567903806494065 0.19194189567447867 
0.1567903806494065 0.19194189567447867 
0.1678685868297038 0.17703775061941254 
0.09133978465049916 0.16946569864443445 
0.13896620720109282 0.1566561838565525 
0.13743240754075217 0.14101113673243182 
0.13024323733195486 0.18807526126117244 
0.13010185351688064 0.1794218144158016 
0.10284770491946016 0.15923061221288448 
0.09800955627739269 0.18508044623909228 
0.17745909682292166 0.19488834968835758 
0.14988591435624782 0.17170921945275752 
0.08671967741382935 0.17795797751939016 
0.17973723701885647 0.16162218601071152 
0.13295646436812109 0.23708701814488298 
0.10762912943165874 0.23906975067123656 
0.10773991176176873 0.23892592112445415 
0.12496202463755446 0.20132052670465256 
0.12488558292073626 0.20779140653489825 
0.12430885931912307 0.20390609117349173 
0.13778154620067756 0.16495155105575518 
0.12696082817356347 0.11722807352570863 
0.12283717001461102 0.10853525254807736 
0.1074469763729154 0.18286173791674676 
0.08930983170918477 0.21976603015145013 
0.10178821529760892 0.2265653224044048 
0.10075489829865127 0.22451551642564566 
0.08383032898985232 0.17840530089309167 
0.08834669523200404 0.15056974753988317 
0.07579853826295377 0.1441115011634111 
0.12299265757362415 0.19280967532096616 
0.07013850832873562 0.14174608856759854 
0.07013850832873562 0.14174608856759854 
0.08552625481612246 0.19001524400177475 
0.12681753360454787 0.17300829258727002 
0.15120089018042196 0.16201036975969327 
0.08640442424185626 0.16822502075055826 
0.16945563413970402 0.2002285670345726 
0.17487789031602619 0.21751809815242235 
0.07198143653677591 0.1924758564412009 
0.10046146118935959 0.1675096977078856 
0.09917097354864005 0.18632285216905742 
0.09142445511366731 0.15611762135586182 
0.08946599577343314 0.15399706397210303 
0.17800502806692303 0.20283093083955767 
0.17800502806692303 0.20283093083955767 
0.08226040498206319 0.20014423907297374 
0.07219772174584325 0.2114363570760996 
0.07219772174584325 0.2114363570760996 
0.07876126502762627 0.2161383195485843 
0.06836801241865148 0.2142716146997493 
0.06505577818113539 0.21433209728784705 
0.08161296141784716 0.2135608468123111 
0.11537520601169125 0.17612554900888816 
0.08355469469166919 0.16507926635842457 
0.0685783905315296 0.1652713494001362 
0.11818489240365787 0.23506557312695378 
0.11818489240365787 0.23506557312695378 
0.12376119685198195 0.2224213476849317 
0.12376119685198195 0.2224213476849317 
0.12376119685198195 0.2224213476849317 
0.13585072401483453 0.24646858097598215 
0.15789824756968318 0.2428110408890603 
0.10023647157092289 0.20457769725375316 
0.11733142697093776 0.211023459783923 
0.13294102308764566 0.21012137121135316 
0.17204146625605365 0.23837001126801413 
0.17204146625605365 0.23837001126801413 
0.14010960352904248 0.23382160880459787 
0.14010960352904248 0.23382160880459787 
0.13983483173582348 0.22897004567693427 
0.11422139158421898 0.16680339334397798 
0.07058883511076766 0.1837071709559152 
0.06700306742141392 0.17858578292622648 
0.09606807205295614 0.16264960334613282 
0.10144283829561038 0.17434502841477836 
0.11134281004242538 0.19757194442257986 
0.10365359252412554 0.2084848117161131 
0.09745286150420657 0.23056156591877075 
0.09745286150420657 0.23056156591877075 
0.11114618805818716 0.20555188951704104 
0.06738903167619877 0.2343112530474223 
0.11575678362563302 0.18832922884550488 
0.06812574582377237 0.16412549248806008 
0.12866410585798357 0.2121527010303067 
0.12982415811761983 0.1493984407653464 
0.12854685437974409 0.14259109924944646 
0.09095454238848692 0.17588532142139146 
0.10153302506986825 0.2016545118367612 
0.07252222517358005 0.2519297872846159 
0.07510284840629752 0.2516003159017526 
0.07510284840629752 0.2516003159017526 
0.08548464185093375 0.22406581137908627 
0.08248521341637839 0.2269569031555992 
0.08248521341637839 0.2269569031555992 
0.08248521341637839 0.2269569031555992 
0.08722489819554004 0.21871660196998624 
0.1011139584820265 0.21508564650828807 
0.10021482495084087 0.2079006038552089 
0.09296155934725739 0.21003747582761684 
0.09296155934725739 0.21003747582761684 
0.07500384229512413 0.1900365569746801 
0.06465173063460852 0.19108396788145035 
0.1366388716617897 0.16154263029757826 
0.13709708066972814 0.14374530995614615 
0.14391173505166927 0.133822912521049 
0.16814969661262488 0.10764663228346101 
0.15657868367354852 0.10850186682984406 
0.15657868367354852 0.10850186682984406 
0.15657868367354852 0.10850186682984406 
0.1561591029844757 0.13622369551679228 
0.1538691625171852 0.14326601283008836 
0.1538691625171852 0.14326601283008836 
0.168110952329602 0.13799334295279536 
0.15849320596784097 0.13533591749658264 
0.1492772176414382 0.12225633417644222 
0.15792026309926194 0.12489944664268043 
0.15792026309926194 0.12489944664268043 
0.157018561202715 0.11918275749695606 
0.1342572770291479 0.1334866463302091 
0.13181989976409375 0.13142663374436125 
0.13245737672684993 0.13195340042735457 
0.1149127937749026 0.14520360487196868 
0.1149127937749026 0.14520360487196868 
0.11072040011964351 0.15406253694587624 
0.13378731047914735 0.11675016469268389 
0.13002176724621622 0.13739965418140399 
0.13002176724621622 0.13739965418140399 
0.13193039542304402 0.13311309562137408 
0.13193039542304402 0.13311309562137408 
0.14749420075518807 0.12350528763426476 
0.12122521758955118 0.142334972802085 
0.14335492144622686 0.10462932071921452 
0.14335492144622686 0.10462932071921452 
0.14335492144622686 0.10462932071921452 
0.14335492144622686 0.10462932071921452 
0.13449145462636747 0.11562592662687157 
0.13453653355847417 0.11325552912006978 
0.1323943598589571 0.12656604822924028 
0.13406099398738816 0.11668477220321109 
0.13406099398738816 0.11668477220321109 
0.12957982802815343 0.1288877531099165 
0.1357563877631899 0.11223171507490214 
0.1357563877631899 0.11223171507490214 
0.1357563877631899 0.11223171507490214 
0.14062994960781428 0.11823780160558325 
0.1385890532202825 0.12689967664612484 
0.1385890532202825 0.12689967664612484 
0.13267839068080045 0.15502292686448782 
0.1368616232511726 0.14946200211960553 
0.16821443591597457 0.14002540752082662 
0.16821443591597457 0.14002540752082662 
0.16821443591597457 0.14002540752082662 
0.1567541423710437 0.19204637737822156 
0.112711032021781 0.15599366546434498 
0.11031950042763805 0.1566312772488317 
0.10646123106060434 0.14026353830105376 
0.06661455041443883 0.12693334905491305 
0.06661455041443883 0.12693334905491305 
0.07433239981288378 0.127678977820999 
0.07463917523885173 0.08654237002796784 
0.07918460276679411 0.09979613719516045 
0.08083397863590336 0.10003508865113224 
0.08335944674126711 0.10355749033230476 
0.08335944674126711 0.10355749033230476 
0.10318130103747514 0.13933605222499232 
0.10352334945045578 0.1306014526615597 
0.07560009695262808 0.17732237283457308 
0.12977313756258776 0.1700362942399449 
0.1697483028072181 0.11570870009128872 
0.1736161966177684 0.10857597784450944 
0.13453480837516785 0.12567411417507415 
0.13490941847862606 0.12615392405855375 
0.12505243835665364 0.1330271602292016 
0.10797130385798967 0.1266715122719609 
0.11468104643080959 0.1346225643341914 
0.1064936396096613 0.12927498254937841 
0.10552571336171172 0.12731467360730453 
0.10552571336171172 0.12731467360730453 
0.10662779910739191 0.1516344431311814 
0.10535413971285716 0.14890799622080442 
0.0794076323512554 0.16275617321508165 
0.0966142460472038 0.16699109373563506 
0.06593586297571591 0.1504477800866853 
0.06593586297571591 0.1504477800866853 
0.06593586297571591 0.1504477800866853 
0.06739282654754221 0.11186190554198881 
0.06739282654754221 0.11186190554198881 
0.0987139663271382 0.1413146486923998 
0.0987139663271382 0.1413146486923998 
0.11918052863286918 0.13315178831893673 
0.1234674410739209 0.10631234212078933 
0.10212779590596505 0.154305749675478 
0.10212779590596505 0.154305749675478 
0.07681153323793316 0.21043105574986232 
0.06052632615260555 0.24014211295019627 
0.06438167848973195 0.23700991017133022 
0.06438167848973195 0.23700991017133022 
0.06438167848973195 0.23700991017133022 
0.0722238121164321 0.2396390587313088 
0.0753473216248452 0.23110954860739605 
0.0753473216248452 0.23110954860739605 
0.08443474419310291 0.2343913097662772 
0.08443474419310291 0.2343913097662772 
0.08275540887392589 0.2340193729736509 
0.08275540887392589 0.2340193729736509 
0.14343349304880487 0.2102431308035024 
0.13604990758114216 0.22984190095467633 
0.13394516833682113 0.23080915538493793 
0.13394516833682113 0.23080915538493793 
0.13394516833682113 0.23080915538493793 
0.1354750187156828 0.2308050056466507 
0.13897257730169396 0.23285346173353905 
0.13703537524393553 0.23332043939455377 
0.13703537524393553 0.23332043939455377 
0.12195182057854018 0.2237440232158991 
0.08577553430304813 0.22623821137692104 
0.08577553430304813 0.22623821137692104 
0.08577553430304813 0.22623821137692104 
0.08045527194086727 0.2337105053099753 
0.0804970452632058 0.15857425898372599 
0.07281962887808263 0.1383853443700842 
0.0688962421178894 0.13122081437899585 
0.0688962421178894 0.13122081437899585 
0.06123804160083304 0.12243849506861511 
0.06123804160083304 0.12243849506861511 
0.09984847315959369 0.1261822921270612 
0.11184826563912469 0.13397672357741242 
0.11727296226811516 0.1338501151346869 
0.11024593553984824 0.13733814064504576 
0.11255421165591127 0.12230965339398467 
0.11255421165591127 0.12230965339398467 
0.11255421165591127 0.12230965339398467 
0.11374710888500776 0.1291187943448966 
0.11374710888500776 0.1291187943448966 
0.1153251032145321 0.13174940962162063 
0.06755293350325534 0.12092867707883995 
0.06755293350325534 0.12092867707883995 
0.06903185254894546 0.12844525485858646 
0.06903185254894546 0.12844525485858646 
0.06903185254894546 0.12844525485858646 
0.06903185254894546 0.12844525485858646 
0.1272436761482946 0.16072681492341695 
0.08958994910063307 0.16086476685333817 
0.09083367909047603 0.18041165777783177 
0.08845647886067816 0.17103276925281294 
0.1548308193740698 0.17461405514979045 
0.13161826924842399 0.17251426322877728 
0.11624995522121144 0.17556980738777855 
0.16716131690577096 0.18985233968238024 
0.12926587068137235 0.17069616652533012 
0.15766462892369934 0.20870262726857486 
0.14141624463587416 0.19526551166192102 
0.16554412060223178 0.1458026537375678 
0.0857139533033143 0.16952610900854684 
0.12121931518913767 0.17057027883450607 
0.10398806580517415 0.1805141304240549 
0.14204174318608553 0.2010103085685854 
0.14336700903269822 0.22213670316228296 
0.13995746165161324 0.2165920967462806 
0.06839692868203294 0.1604480168673703 
0.06839692868203294 0.1604480168673703 
0.18064195458977464 0.24121764461792203 
0.18064195458977464 0.24121764461792203 
0.15137814882516185 0.21291308778139484 
0.15137814882516185 0.21291308778139484 
0.15137814882516185 0.21291308778139484 
0.1699185748568583 0.19494952593999068 
0.08841200760728422 0.19218759881075245 
0.13482550521261244 0.17284617241678527 
0.1546832080683944 0.16982928923238463 
0.1500233245113901 0.17912698048906264 
0.1499799120665699 0.18750685835011435 
0.12491262854067034 0.17103082012493379 
0.11746649295294492 0.1812320292229416 
0.1726363788294458 0.19517785616444178 
0.09807956985945072 0.18577538241717378 
0.07986546939997391 0.17119997660482195 
0.11875180778501201 0.17331636959674004 
0.11375898318233538 0.1620714741028285 
0.155288944367867 0.15046121564982143 
0.155288944367867 0.15046121564982143 
0.0844813048349545 0.18357465536338138 
0.06978036063209787 0.14953898561824902 
0.06978036063209787 0.14953898561824902 
0.06804432643029792 0.14414174863290363 
0.08925313159263738 0.16703081622459237 
0.1275658617850231 0.1944286274394877 
0.1198130200648103 0.21209472296841803 
0.11453977697236406 0.24579592095244268 
0.11453977697236406 0.24579592095244268 
0.08481399064539048 0.20724780456896424 
0.07265704339130738 0.25129656105700454 
0.10747829250226454 0.22740336344481532 
0.10747829250226454 0.22740336344481532 
0.13943776177270628 0.2511763231998922 
0.13993613494906532 0.23672290583747815 
0.13993613494906532 0.23672290583747815 
0.06489676789499382 0.22033727030844868 
0.11527997129948458 0.1594291919526718 
0.10498399208852587 0.16589573872468255 
0.10147243641817612 0.11295591932388918 
0.10147243641817612 0.11295591932388918 
0.10147243641817612 0.11295591932388918 
0.12494231760306623 0.15003737948554996 
0.16415358199750119 0.15587782176981446 
0.15160349233427287 0.184457933569885 
0.0813773607697426 0.21014489705305006 
0.081725202342707 0.20984826649682875 
0.14492340330548323 0.20538107866563798 
0.1365155746257133 0.20849480598928571 
0.11294505997254141 0.18966692256312137 
0.10591987266467866 0.23602734115174584 
0.1402951261871338 0.2108182697383253 
0.1402951261871338 0.2108182697383253 
0.06487100408977903 0.22068272703477945 
0.07294055015943775 0.21060012475415016 
0.061225314179633256 0.2065762652157674 
0.061225314179633256 0.2065762652157674 
0.08814725872484264 0.20697372346566242 
0.060686847815411005 0.199799418677276 
0.16050912455505228 0.17003730753871485 
0.09617943874536122 0.1713729821554638 
0.08072218289047002 0.21688498402623801 
0.08072218289047002 0.21688498402623801 
0.07868749998169598 0.2224389894457188 
0.175695226637303 0.14548686135609018 
0.175695226637303 0.14548686135609018 
0.175695226637303 0.14548686135609018 
0.175695226637303 0.14548686135609018 
0.175695226637303 0.14548686135609018 
0.175695226637303 0.14548686135609018 
0.175695226637303 0.14548686135609018 
0.17806469864053132 0.13450590070334 
0.17806469864053132 0.13450590070334 
0.17806469864053132 0.13450590070334 
0.1775517716052185 0.13252721555630292 
0.15137042610573131 0.14492523812973687 
0.1658368465304086 0.12244166167262308 
0.1658368465304086 0.12244166167262308 
0.16105175316491063 0.09964737013872407 
0.16105175316491063 0.09964737013872407 
0.16105175316491063 0.09964737013872407 
0.14997417433911706 0.11556933445553481 
0.1518613491569668 0.11314333437898853 
0.1518613491569668 0.11314333437898853 
0.1518613491569668 0.11314333437898853 
0.1518613491569668 0.11314333437898853 
0.14535627803340764 0.14172176711654266 
0.14385043869076702 0.16997781966850437 
0.07318380145865405 0.2124769057660518 
0.07143283840546508 0.21247748909415357 
0.07143283840546508 0.21247748909415357 
0.06279914014815541 0.2192348120075927 
0.17909380756272653 0.21076682384361098 
0.17909380756272653 0.21076682384361098 
0.14982844642254017 0.1666022997050562 
0.16254090031396742 0.12968567600651867 
0.16254090031396742 0.12968567600651867 
0.17073050553194583 0.11482025548120679 
0.16116672340920413 0.12962176229113975 
0.13269652394197767 0.14605828072492782 
0.11494472716554738 0.0909636526374929 
0.11494472716554738 0.0909636526374929 
0.11494472716554738 0.0909636526374929 
0.11494472716554738 0.0909636526374929 
0.11549515310698268 0.08563706794404684 
0.09451629881786935 0.10925997302110538 
0.08271042685260921 0.09923418371693737 
0.08271042685260921 0.09923418371693737 
0.08469840163774983 0.10064020870624354 
0.08469840163774983 0.10064020870624354 
0.09009436223707358 0.10787606068261707 
0.09009436223707358 0.10787606068261707 
0.08591257711973442 0.10211983634726662 
0.10744957286098646 0.1216146775150374 
0.10744957286098646 0.1216146775150374 
0.1076717014022974 0.13843118989878908 
0.10281024990980434 0.14199808889418106 
0.09761426474368033 0.12953819561618407 
0.09761426474368033 0.12953819561618407 
0.09761426474368033 0.12953819561618407 
0.1642180543940073 0.1653366225087691 
0.0745418996590251 0.1878520492381142 
0.09978169983272497 0.19453571237961517 
0.10157171914680926 0.198820955738784 
0.08438618521279188 0.16861585631862291 
0.17178404508305156 0.18639279261887848 
0.12282307621676108 0.16675467554731677 
0.09822723053363597 0.17863250220379237 
0.12002940782389815 0.19536519539624525 
0.11794708429776968 0.19258596411304119 
0.17508416935746363 0.17665586033362307 
0.14578167409606438 0.17397233624650751 
0.14198101871496113 0.18611066046051483 
0.14672320227135177 0.21917308603073637 
0.13751209701812542 0.22638104047261598 
0.12176352134519158 0.17402971181661736 
0.07363839408009021 0.19356595873625582 
0.0769494365928326 0.25395565086947736 
0.0769494365928326 0.25395565086947736 
0.09211525429706614 0.22965040593777342 
0.08369925068848565 0.22176437782183445 
0.08157621877971669 0.22622487922267334 
0.08073423044873554 0.21643812288693262 
0.08073423044873554 0.21643812288693262 
0.08073423044873554 0.21643812288693262 
0.08073423044873554 0.21643812288693262 
0.08073423044873554 0.21643812288693262 
0.08073423044873554 0.21643812288693262 
0.08073423044873554 0.21643812288693262 
0.07543081862522283 0.22493757733030262 
0.07543081862522283 0.22493757733030262 
0.07543081862522283 0.22493757733030262 
0.08766264132519705 0.2065496910382833 
0.10824337122928934 0.22590877152725117 
0.0981355074719398 0.21659919368584402 
0.09321099982823147 0.21723511049482908 
0.09321099982823147 0.21723511049482908 
0.1716124117045173 0.17074966817899398 
0.07869493898884988 0.17348630874588758 
0.14414666843577972 0.19394948390003544 
0.1292788792232739 0.1953672425602203 
0.09852141513977614 0.20235481948978468 
0.09852141513977614 0.20235481948978468 
0.16669789270571644 0.19564021995550152 
0.1671689435500179 0.19630911086315186 
0.1720681749529694 0.16439773158527188 
0.10342880950046074 0.17238008914945416 
0.16370391907364124 0.20385006937153935 
0.13691393903254356 0.15549771193264245 
0.1413827993194222 0.20399106255135233 
0.1445093311424845 0.20497552997205937 
0.13753530164442235 0.17893946099342947 
0.16686672595999275 0.1777581775703456 
0.18132443730324266 0.13288172135322612 
0.18132443730324266 0.13288172135322612 
0.18132443730324266 0.13288172135322612 
0.18132443730324266 0.13288172135322612 
0.18132443730324266 0.13288172135322612 
0.18132443730324266 0.13288172135322612 
0.1788559759357223 0.13541652752909572 
0.16938124254077103 0.13505086849292106 
0.16938124254077103 0.13505086849292106 
0.16938124254077103 0.13505086849292106 
0.16938124254077103 0.13505086849292106 
0.1707162255308827 0.13524324336159482 
0.1707162255308827 0.13524324336159482 
0.1710593355271806 0.13157529240510069 
0.1710593355271806 0.13157529240510069 
0.18104154881621323 0.11977476603059395 
0.18104154881621323 0.11977476603059395 
0.1780086994381719 0.12590497953871405 
0.1786052674713498 0.12562805883601907 
0.1786052674713498 0.12562805883601907 
0.1786052674713498 0.12562805883601907 
0.1786052674713498 0.12562805883601907 
0.1786052674713498 0.12562805883601907 
0.1786052674713498 0.12562805883601907 
0.1786052674713498 0.12562805883601907 
0.17613891380010405 0.13298853391065907 
0.17613891380010405 0.13298853391065907 
0.17613891380010405 0.13298853391065907 
0.18136407191974518 0.13401485083110512 
0.18136407191974518 0.13401485083110512 
0.13387772167801854 0.14555914689694108 
0.11608616789180476 0.18194324126466566 
0.1097551530661968 0.16032930529472722 
0.07953377665511513 0.22899770180942222 
0.07953377665511513 0.22899770180942222 
0.07953377665511513 0.22899770180942222 
0.07953377665511513 0.22899770180942222 
0.07791666755714552 0.23148450139689666 
0.07900341141867116 0.23213141735016443 
0.08002961535340433 0.22145048208883478 
0.08002961535340433 0.22145048208883478 
0.15045642916107566 0.21054018425581644 
0.15045642916107566 0.21054018425581644 
0.17137585382376105 0.2438632260379347 
0.17137585382376105 0.2438632260379347 
0.17137585382376105 0.2438632260379347 
0.17137585382376105 0.2438632260379347 
0.17137585382376105 0.2438632260379347 
0.17309712439645206 0.24455574145134726 
0.17309712439645206 0.24455574145134726 
0.151981244394431 0.22100981701522918 
0.151981244394431 0.22100981701522918 
0.16018373479715436 0.24760166229745462 
0.1612960994756948 0.24937098426232757 
0.1612960994756948 0.24937098426232757 
0.1612960994756948 0.24937098426232757 
0.13888529972982885 0.20984538186372678 
0.14526112302551775 0.21499139615593185 
0.15371016808965202 0.21396564387334632 
0.15713936058359662 0.21702135089464755 
0.17389652783015175 0.23285001506565045 
0.17389652783015175 0.23285001506565045 
0.17389652783015175 0.23285001506565045 
0.15524582664958675 0.21244100898084822 
0.16991153633345163 0.21706765314924353 
0.16991153633345163 0.21706765314924353 
0.17691268227756185 0.23198031469219532 
0.17691268227756185 0.23198031469219532 
0.17691268227756185 0.23198031469219532 
0.17691268227756185 0.23198031469219532 
0.17691268227756185 0.23198031469219532 
0.07566032309607496 0.21345967275224237 
0.07566032309607496 0.21345967275224237 
0.07881135553279525 0.21779866569039347 
0.0790856538612983 0.22327904648690486 
0.06767329950729961 0.22019916445284832 
0.06767329950729961 0.22019916445284832 
0.06767329950729961 0.22019916445284832 
0.06767329950729961 0.22019916445284832 
0.06767329950729961 0.22019916445284832 
0.11871457603273355 0.16668634398772866 
0.07195344550158239 0.20644935093946254 
0.07237150042467567 0.20702959858524356 
0.07237150042467567 0.20702959858524356 
0.11970729973838933 0.203503843709588 
0.11154596222880737 0.25207210156447146 
0.11154596222880737 0.25207210156447146 
0.11154596222880737 0.25207210156447146 
0.11154596222880737 0.25207210156447146 
0.11154596222880737 0.25207210156447146 
0.10292128539579627 0.2218030214398573 
0.10292128539579627 0.2218030214398573 
0.09966544223567139 0.2185275943200682 
0.09966544223567139 0.2185275943200682 
0.10478971967816504 0.21069037416825362 
0.10046546875615112 0.21402022848479849 
0.10256647196052643 0.2133745078175892 
0.0798467059784921 0.1756287648947283 
0.09743594774551669 0.19959317370226778 
0.15971941339407797 0.19213957629565936 
0.17172023693522237 0.20903645035228216 
0.17427272643096223 0.23158268711183372 
0.17198709764267087 0.2321394334131293 
0.17128792075041605 0.2314868709686813 
0.17128792075041605 0.2314868709686813 
0.17128792075041605 0.2314868709686813 
0.17128792075041605 0.2314868709686813 
0.17128792075041605 0.2314868709686813 
0.17128792075041605 0.2314868709686813 
0.17128792075041605 0.2314868709686813 
0.17499166680148573 0.23655171665571217 
0.17499166680148573 0.23655171665571217 
0.17531953126207137 0.24327101007662366 
0.17531953126207137 0.24327101007662366 
0.17531953126207137 0.24327101007662366 
0.17531953126207137 0.24327101007662366 
0.17531953126207137 0.24327101007662366 
0.17531953126207137 0.24327101007662366 
0.17531953126207137 0.24327101007662366 
0.17531953126207137 0.24327101007662366 
0.1641509067749899 0.1431299659828423 
0.13883275436376583 0.14149626078058286 
0.13883275436376583 0.14149626078058286 
0.14395358624039895 0.15276253407330653 
0.12899998234985102 0.2106446560201236 
0.16190809441726622 0.21996458009951877 
0.1713730292039063 0.20059777987707844 
0.12137398538939839 0.1634047310245352 
0.10220415274798121 0.17264741774230966 
0.0669699529420865 0.17982044553220353 
0.07930775217781812 0.21300411496735658 
0.09358591494289326 0.17036363807289134 
0.07121985735781937 0.17372886692757855 
0.1790869291968968 0.19734437429124468 
0.15112149065210342 0.18184677255722237 
0.13701999241672203 0.16700698460171687 
0.08852115564524035 0.2051988441085923 
0.14485954908603643 0.14957694706045757 
0.14522984186320484 0.14906729495395774 
0.14522984186320484 0.14906729495395774 
0.14522984186320484 0.14906729495395774 
0.15448425615957098 0.1483805830805912 
0.15448425615957098 0.1483805830805912 
0.13135562911794718 0.15330334255886136 
0.10818503657297297 0.169187348383619 
0.06051873733012535 0.21228578333418582 
0.06051873733012535 0.21228578333418582 
0.06051873733012535 0.21228578333418582 
0.06051873733012535 0.21228578333418582 
0.06051873733012535 0.21228578333418582 
0.06276784367694505 0.17061682350043952 
0.09089155443597455 0.19769143392008617 
0.06943818248613304 0.15965352414662426 
0.06438597447648978 0.15506867341053354 
0.17784309372474058 0.17648379046042875 
0.06362426519426749 0.18068548875692853 
0.15901410771680913 0.1727301330638385 
0.15793616406499347 0.16994577735184865 
0.18069023399680423 0.16315178152742207 
0.0876567044566668 0.1780444520688002 
0.16163989819437985 0.16541809216065578 
0.13116481411419695 0.1793870142321602 
0.08584046263445017 0.1493582343330114 
0.12037218177951883 0.15724321858694243 
0.12617523270595987 0.1522041811278193 
0.06959464180649917 0.19486302731645863 
0.06994219247541751 0.19909132944380298 
0.15767088029674833 0.1984973105852254 
0.16269864996647945 0.20761255433120546 
0.14466471532177214 0.22342050291005966 
0.13841396086826455 0.23733917474931288 
0.13167049319036128 0.23882657048711828 
0.13167049319036128 0.23882657048711828 
0.13167049319036128 0.23882657048711828 
0.1331651845743363 0.23256863146382628 
0.11835300936840706 0.18463179485762185 
0.08547491314084217 0.18711436553236233 
0.09873622201104636 0.18021831951938835 
0.15320882792923915 0.18563048532389786 
0.07541938713976389 0.2023746804312399 
0.08195492781910024 0.20216750826095056 
0.09596064380952904 0.2068274740827729 
0.1636760581059207 0.1927954357381375 
0.17219172967856508 0.16990280445171316 
0.17786982038473023 0.20761084053835105 
0.1577480805601045 0.15893080587859643 
0.12613679547425743 0.17894764458002219 
0.12533117454374132 0.16813367377906305 
0.1444307978694754 0.1591341633346913 
0.17438187266756391 0.21475690399274036 
0.17545440146805802 0.21473546399813334 
0.17545440146805802 0.21473546399813334 
0.14331690323106036 0.20313953024918807 
0.15182966461681446 0.20833585513492864 
0.15827423773372057 0.15527168122200524 
0.0651881751018047 0.19061982199157324 
0.09705311598610133 0.20034667231700667 
0.12620215926865205 0.2501822303916458 
0.12620215926865205 0.2501822303916458 
0.12620215926865205 0.2501822303916458 
0.12408310653489789 0.2521841347582514 
0.12408310653489789 0.2521841347582514 
0.12408310653489789 0.2521841347582514 
0.12408310653489789 0.2521841347582514 
0.12408310653489789 0.2521841347582514 
0.12408310653489789 0.2521841347582514 
0.12573891137006285 0.18592338925292523 
0.17696181410954637 0.213936820118936 
0.16107884636709718 0.2090580546952234 
0.16107884636709718 0.2090580546952234 
0.16107884636709718 0.2090580546952234 
0.16129731562597943 0.2081359571652264 
0.16129731562597943 0.2081359571652264 
0.161087191144658 0.20544887409468057 
0.10857504572050303 0.18796238836218643 
0.06423250799341035 0.1829634012609008 
0.10857492111656847 0.18080855267124876 
0.1452427910129626 0.1731414959736374 
0.1264318447236294 0.19572300091632852 
0.15620714478728986 0.23317865016259806 
0.16622824117105062 0.24795052122477057 
0.15683933573421133 0.22842415446688896 
0.15683933573421133 0.22842415446688896 
0.0835799543606602 0.16463073715012702 
0.08478136150380766 0.16293054920842232 
0.07416817722346211 0.17300784132211003 
0.0628126688640791 0.14607539131095493 
0.06854166306308374 0.14396862542659092 
0.07200821796302054 0.13806704280286466 
0.07200821796302054 0.13806704280286466 
0.07234513100769298 0.13635757037339624 
0.07234513100769298 0.13635757037339624 
0.0748396818002612 0.13882452556319205 
0.0748396818002612 0.13882452556319205 
0.0748396818002612 0.13882452556319205 
0.07038243685652275 0.1372178523495854 
0.07038243685652275 0.1372178523495854 
0.07038243685652275 0.1372178523495854 
0.07038243685652275 0.1372178523495854 
0.07038243685652275 0.1372178523495854 
0.07038243685652275 0.1372178523495854 
0.07038243685652275 0.1372178523495854 
0.07038243685652275 0.1372178523495854 
0.07038243685652275 0.1372178523495854 
0.08845409228036454 0.20201393675704737 
0.10718681158021341 0.17684168724494498 
0.09641358704600234 0.1783605523014315 
0.0697221695869483 0.16459253212364897 
0.11773095921452703 0.1582415760501254 
0.12312072499152882 0.15522535491708384 
0.12391913060513522 0.2066632326744912 
0.12177070651897792 0.20603432393607177 
0.12584799850436268 0.21097792600760473 
0.14372099157092053 0.2461711002998243 
0.14227057527490908 0.23590914061842977 
0.14225835440682702 0.23588139558903565 
0.14225835440682702 0.23588139558903565 
0.14316090200743806 0.2421865735279724 
0.14822147877374756 0.24399683899217295 
0.14170999965359926 0.23698192096416526 
0.12522363738726075 0.21521234993969965 
0.12926990620046197 0.24043984177784775 
0.12893264587506698 0.24797472172844848 
0.10882087458351335 0.23275363397075985 
0.10722154030404622 0.22199580456516027 
0.08920405279169175 0.17188003126383802 
0.12146744870272833 0.17056149547081392 
0.11943112402792533 0.1885195953771086 
0.18077095405262172 0.19385381838654284 
0.14644249383292562 0.16362526680857736 
0.14644249383292562 0.16362526680857736 
0.16822790482614092 0.14334046654077476 
0.1582771514104373 0.14688668062540616 
0.14702301422817626 0.12167807536873879 
0.14702301422817626 0.12167807536873879 
0.14702301422817626 0.12167807536873879 
0.12860159134538274 0.17263842954504105 
0.117282550954857 0.20126491364225294 
0.11851149547820397 0.2051414379876613 
0.11851149547820397 0.2051414379876613 
0.11702984817339691 0.2058465900037746 
0.11702984817339691 0.2058465900037746 
0.13373826966807886 0.18470102574895172 
0.1345850779193226 0.18058286346727967 
0.11182857527144527 0.15512260693857619 
0.17501636317366234 0.19205880243792922 
0.10335902629411126 0.21594882711456162 
0.0672018156675509 0.21520814026639776 
0.0672018156675509 0.21520814026639776 
0.0932637971031618 0.1982415606896703 
0.08782816574804546 0.19871053023601065 
0.07352798383624268 0.19588735890200532 
0.14883094458976814 0.20014245319481683 
0.12913355146960548 0.1652891936889609 
0.09063138657350124 0.17872085532992088 
0.07737244072904521 0.19209386915967228 
0.1664388330355357 0.15208675885650147 
0.18059845588276555 0.14982462391743062 
0.18059845588276555 0.14982462391743062 
0.18059845588276555 0.14982462391743062 
0.18059845588276555 0.14982462391743062 
0.17910406074341811 0.14873233367337507 
0.1802993591731816 0.15713764527135693 
0.14995336639264423 0.15524958338822165 
0.08670242333963035 0.19349222175179392 
0.10651021301689444 0.1785812563811966 
0.08619886805337304 0.15662720360452326 
0.17827330390617835 0.17849982167992878 
0.0714091482792821 0.15278774733785877 
0.0714091482792821 0.15278774733785877 
0.0714091482792821 0.15278774733785877 
0.0714091482792821 0.15278774733785877 
0.066761212591159 0.12533965701043015 
0.066761212591159 0.12533965701043015 
0.066761212591159 0.12533965701043015 
0.06451341451436138 0.12662103854846746 
0.06451341451436138 0.12662103854846746 
0.06451341451436138 0.12662103854846746 
0.06451341451436138 0.12662103854846746 
0.07625530224940119 0.13545138835535778 
0.08085507873076103 0.15437840043636947 
0.15200431623698724 0.16629954700045432 
0.12499899963751493 0.1603605636563501 
0.15661048024043345 0.18938410556030894 
0.15549362593632418 0.18869628771686225 
0.06330328068111578 0.18542014722243091 
0.16867367760936625 0.2134373740432361 
0.16867367760936625 0.2134373740432361 
0.16867367760936625 0.2134373740432361 
0.17652199617454933 0.22023300777029461 
0.16192516863661383 0.20215292698773876 
0.1586020651348501 0.2170637455843729 
0.14987099385552083 0.2293620561186921 
0.14987099385552083 0.2293620561186921 
0.14987099385552083 0.2293620561186921 
0.12712405173004251 0.22454003435597447 
0.13693709957204286 0.23322085469056716 
0.13590019703015455 0.22827840214312445 
0.13590019703015455 0.22827840214312445 
0.12236813034018898 0.20395097122584832 
0.12236813034018898 0.20395097122584832 
0.12332385284478617 0.20397750874282425 
0.13295335390019508 0.16031487854012327 
0.11612356976716642 0.12655587024326134 
0.11142849936126331 0.12787211725653722 
0.10775669731322411 0.12170160223490614 
0.10549152340664669 0.14625392065579257 
0.10549152340664669 0.14625392065579257 
0.10549152340664669 0.14625392065579257 
0.10549152340664669 0.14625392065579257 
0.1538119235914214 0.1795586836757279 
0.16900074430475243 0.2124193231735678 
0.16900074430475243 0.2124193231735678 
0.17058142307618715 0.21911415829285197 
0.1682263699346703 0.21798131548777422 
0.1723138764123437 0.22415505393112262 
0.17560489963249298 0.2381258803266354 
0.14588852556778834 0.1953277100000744 
0.14891627329850715 0.17099719361309162 
0.10245742643816134 0.21007696755836372 
0.10822829832163415 0.16933130003366761 
0.10742599453773599 0.1664878570777423 
0.09078981561610805 0.16830305764525727 
0.18017153337363076 0.18579805916229636 
0.09630632348361653 0.16210917952406315 
0.061707889792101414 0.18249975754945136 
0.08209473502728568 0.1834501316579426 
0.08515021756490314 0.1839139783036376 
0.1406450946127395 0.20282161087423703 
0.09552009388050156 0.17328470648027988 
0.17443397135693162 0.18713408348340188 
0.17037396172840083 0.15024161741348246 
0.17037396172840083 0.15024161741348246 
0.12736441458718487 0.15918608197943543 
0.127191542902995 0.158924968397392 
0.169869850767997 0.21999337712776484 
0.169869850767997 0.21999337712776484 
0.169869850767997 0.21999337712776484 
0.169869850767997 0.21999337712776484 
0.16991217022697774 0.2200192569344584 
0.16991217022697774 0.2200192569344584 
0.08808814954956756 0.1801841261243332 
0.07466448551416044 0.18626606751609828 
0.11354380895486672 0.1706897140590015 
0.16338057579908374 0.19382689257442862 
0.06411032663368002 0.19580466671214936 
0.06411032663368002 0.19580466671214936 
0.15041675624138062 0.1655802698464752 
0.17993975585916383 0.20014745858501573 
0.17993975585916383 0.20014745858501573 
0.17993975585916383 0.20014745858501573 
0.1364394946770084 0.21993586636841192 
0.1364394946770084 0.21993586636841192 
0.1364394946770084 0.21993586636841192 
0.10736387502248454 0.22696013576001106 
0.09224292926822471 0.24037544512191486 
0.09224292926822471 0.24037544512191486 
0.09312391236021221 0.23259830620479938 
0.10319481789381493 0.24553251598511508 
0.11688807092803176 0.21261234702102458 
0.15144155319387353 0.19404578038817816 
0.15144155319387353 0.19404578038817816 
0.15144155319387353 0.19404578038817816 
0.1435400351677599 0.22860589914513768 
0.14450428944924193 0.22781405965924786 
0.14450428944924193 0.22781405965924786 
0.13687220500872604 0.24911396363351135 
0.13687220500872604 0.24911396363351135 
0.11794360859710154 0.24949096812923488 
0.11794360859710154 0.24949096812923488 
0.12459189471876297 0.25415277387075574 
0.12459189471876297 0.25415277387075574 
0.12459189471876297 0.25415277387075574 
0.1223066414117682 0.2549348656437151 
0.1223066414117682 0.2549348656437151 
0.1223066414117682 0.2549348656437151 
0.1223066414117682 0.2549348656437151 
0.1223066414117682 0.2549348656437151 
0.11755345645222551 0.2539483020452638 
0.11733434698221816 0.2519327754595649 
0.11733434698221816 0.2519327754595649 
0.0614524771702364 0.21142436941067 
0.0614524771702364 0.21142436941067 
0.0614524771702364 0.21142436941067 
0.09535935108161396 0.19645433274722174 
0.09154302367079721 0.21009416119059313 
0.06403171514847489 0.2013466570408952 
0.16517684761266485 0.1953792329534753 
0.16517684761266485 0.1953792329534753 
0.17541638883799857 0.20139182983115797 
0.10636695090519657 0.16549919788485112 
0.12732185427421536 0.15377131203847075 
0.11433822421512388 0.18087947007808652 
0.09504666280666277 0.18709431542913776 
0.06399958412303647 0.16191415260442654 
0.06399958412303647 0.16191415260442654 
0.13000299924622205 0.2181380535957743 
0.1108969590499066 0.2415374083433641 
0.1108969590499066 0.2415374083433641 
0.11277611341078203 0.23817521422069793 
0.10278508059072919 0.23671407483123208 
0.10598490536634834 0.23691706449486416 
0.1103125795209639 0.24891357725951174 
0.11328477281390312 0.22812827099359553 
0.10417554262746129 0.2543454299432597 
0.10417554262746129 0.2543454299432597 
0.10417554262746129 0.2543454299432597 
0.10417554262746129 0.2543454299432597 
0.10417554262746129 0.2543454299432597 
0.10417554262746129 0.2543454299432597 
0.10417554262746129 0.2543454299432597 
0.10417554262746129 0.2543454299432597 
0.12314219330963334 0.23237150896411463 
0.12078709805387283 0.22048391188423994 
0.12555915080112542 0.2209616033734501 
0.12555915080112542 0.2209616033734501 
0.11596380184024356 0.20971080232177944 
0.09350504035851147 0.17292468301147296 
0.14770275177989847 0.17073193835954895 
0.11533171555280333 0.1947228160491884 
0.13791462511682717 0.15581872954794942 
0.13791462511682717 0.15581872954794942 
0.1092993552909449 0.20309208146860322 
0.1092993552909449 0.20309208146860322 
0.08648955294947051 0.2194639602732225 
0.08533986642835543 0.19850329785723186 
0.08533986642835543 0.19850329785723186 
0.09459834116691544 0.20261495966820958 
0.09436526503709687 0.19862473667775848 
0.10643524118103997 0.20532158037899806 
0.11527358620568409 0.19371924781020872 
0.11527358620568409 0.19371924781020872 
0.12617213755700077 0.22468520277590287 
0.12889300682036203 0.222736985738323 
0.15581790531482348 0.20347908831005634 
0.1333390536241329 0.187042216412665 
0.127291997489049 0.22442786197654646 
0.08096126181817977 0.20557209183467373 
0.0811141318197485 0.20562893844201688 
0.08053267261600115 0.20966022252458022 
0.08147005110475676 0.20883607855742917 
0.11737844982982458 0.19908118103778136 
0.09717088998070816 0.2156181280196624 
0.08290625079442182 0.1930910092809972 
0.10059081413854848 0.15564714863742793 
0.14612037860218424 0.15843851057907019 
0.09190497917098776 0.17074865909134462 
0.10492809033549502 0.17871638201805468 
0.17967830330921514 0.17930896200497712 
0.16290289944251654 0.16351423542580645 
0.0965044374715764 0.15767605678439384 
0.10049477765185723 0.15412474378713775 
0.10576122433211704 0.15111611550764717 
0.10243172929310064 0.10639469524959808 
0.10357352289069045 0.12172074924820123 
0.06912474157064745 0.12749316441567826 
0.07559003586089144 0.1264024302411587 
0.07792640216577172 0.13026138085899913 
0.07792640216577172 0.13026138085899913 
0.07766053562208478 0.12844467606803664 
0.07766053562208478 0.12844467606803664 
0.07716337045283662 0.12030770596650356 
0.07716337045283662 0.12030770596650356 
0.0909426774363283 0.14426256241933963 
0.07764081007401624 0.1392318238731436 
0.07764081007401624 0.1392318238731436 
0.060531481203984536 0.12743993851370228 
0.06372973043035414 0.14080059301457098 
0.11304065921654302 0.18679965804365156 
0.11918573755360898 0.19397011568713254 
0.0793185658184831 0.1653978657094711 
0.13070506599791132 0.16855403618164036 
0.11999779343168834 0.2407726406541133 
0.11999779343168834 0.2407726406541133 
0.11999779343168834 0.2407726406541133 
0.12000556260012017 0.2412673036998209 
0.12000556260012017 0.2412673036998209 
0.12277076119336795 0.2317169293673051 
0.1307464954449991 0.22295509318737117 
0.1307464954449991 0.22295509318737117 
0.15122729638182963 0.23627459598145234 
0.15122729638182963 0.23627459598145234 
0.15122729638182963 0.23627459598145234 
0.15321188940334832 0.23785269210357757 
0.15321188940334832 0.23785269210357757 
0.15153318602626556 0.23879777125277032 
0.15153318602626556 0.23879777125277032 
0.15319706995987878 0.24422545843022708 
0.15319706995987878 0.24422545843022708 
0.14854772532503757 0.25185357541185455 
0.14575270601052953 0.24892846292051718 
0.14575270601052953 0.24892846292051718 
0.15293248426977749 0.24414367317761126 
0.15291144370243714 0.23974838487349343 
0.15291144370243714 0.23974838487349343 
0.0977629489653999 0.1904946441306207 
0.17883142287287723 0.19183424926518455 
0.1379070677164102 0.18224385940124285 
0.1398719743213988 0.18418676005643536 
0.13967390671154423 0.1762848635741255 
0.15791867399742135 0.17611709752599405 
0.1492580858053116 0.21542469064608372 
0.12235440429198702 0.22160991221960513 
0.13120346848613285 0.21656644836052108 
0.16228615646458944 0.1640730882756578 
0.1039237811068735 0.16447782073369938 
0.17929860012830237 0.16598333299919937 
0.11468359030466845 0.17047225221264264 
0.1506188199474381 0.16249941847919055 
0.08562652294096113 0.18475704723297517 
0.15585068839951244 0.2226570275765873 
0.15585068839951244 0.2226570275765873 
0.0646112860217623 0.23625610426290153 
0.0646112860217623 0.23625610426290153 
0.06486138894380075 0.20686512314846506 
0.07857650592219173 0.21401252080085645 
0.08098373800598908 0.21419303031689116 
0.06713529426363768 0.2355939068385911 
0.07382387687397869 0.21332665941698306 
0.1002948777390746 0.16939821622384776 
0.1447324435746996 0.19834525841593165 
0.16933128273031947 0.17425732946798664 
0.11712467096178687 0.1878100324001277 
0.11839289210885237 0.209150493804382 
0.11839289210885237 0.209150493804382 
0.09278834346007817 0.18882658218288798 
0.10471019174375379 0.2076685197022568 
0.10471019174375379 0.2076685197022568 
0.16048921954970674 0.16703670783099595 
0.17259560260095202 0.20182253960879956 
0.17259560260095202 0.20182253960879956 
0.17630028562830596 0.21001004774384177 
0.17630028562830596 0.21001004774384177 
0.17630028562830596 0.21001004774384177 
0.17943297737457306 0.16981864701122862 
0.17924924413146132 0.1444284208308441 
0.17924924413146132 0.1444284208308441 
0.17924924413146132 0.1444284208308441 
0.17924924413146132 0.1444284208308441 
0.16301709426911123 0.13859421848884668 
0.16301709426911123 0.13859421848884668 
0.16301709426911123 0.13859421848884668 
0.16301709426911123 0.13859421848884668 
0.1521692230182319 0.1532965932841847 
0.06558412906640375 0.17474921315165862 
0.09756671032200162 0.17523359662202723 
0.10678255274929299 0.2049655953949153 
0.11606690874650762 0.22415890121762494 
0.11822269596434924 0.21588711509701175 
0.11708198689520535 0.21623168914515725 
0.10194516564551384 0.23025251945898895 
0.12319490849639272 0.22088172903929404 
0.10651815159829467 0.18228859948362028 
0.17801787294832452 0.17994737701006167 
0.10936946837697678 0.18591143314190378 
0.17708390976252103 0.16595853856005455 
0.14412856207841135 0.17728892830258158 
0.12009450030350745 0.16145210742348584 
0.1236029966037714 0.14890056588913386 
0.11889736983092616 0.1497081354408472 
0.11889736983092616 0.1497081354408472 
0.11479947183234046 0.1452194202090694 
0.12219416314402202 0.13179989947330964 
0.12630511905188682 0.1375343416356031 
0.13669674186260558 0.14522377302663053 
0.12595774870886933 0.19841076852817474 
0.12928071101464764 0.19751118667085965 
0.11541278224960852 0.22042057887426758 
0.09745904560853143 0.1855400273922918 
0.14881611084419266 0.16992117598837447 
0.11274949266391532 0.15232057499761845 
0.11274949266391532 0.15232057499761845 
0.12337420078119585 0.14295684955653365 
0.11309700040458023 0.12373625879991473 
0.12193890586892733 0.1271643818740096 
0.12463041000727319 0.12786556236353538 
0.12463041000727319 0.12786556236353538 
0.12547682370957514 0.1277926157066933 
0.12911152913040555 0.1332331707091915 
0.12911806308794588 0.13320580233358587 
0.12911806308794588 0.13320580233358587 
0.12911806308794588 0.13320580233358587 
0.12911806308794588 0.13320580233358587 
0.12763744579834688 0.13020793116125762 
0.0735957956701817 0.18950822958596708 
0.17022948620088388 0.17026463446677467 
0.1397007865344223 0.19833802777774617 
0.13182557391658192 0.2360182215102924 
0.13187119530197325 0.23352364701240882 
0.14854118364582217 0.23504368055233033 
0.14854118364582217 0.23504368055233033 
0.14854118364582217 0.23504368055233033 
0.15040998729272764 0.23162583576650295 
0.15040998729272764 0.23162583576650295 
0.1425051580699435 0.24240809296646093 
0.1425051580699435 0.24240809296646093 
0.1425051580699435 0.24240809296646093 
0.1425051580699435 0.24240809296646093 
0.1425051580699435 0.24240809296646093 
0.14229905452130734 0.2216257586010872 
0.14229905452130734 0.2216257586010872 
0.14229905452130734 0.2216257586010872 
0.14229905452130734 0.2216257586010872 
0.15449671391100717 0.22991526550349803 
0.14832985366250867 0.2169176038296333 
0.16997740817261098 0.2266977621460423 
0.16948898736531576 0.2263475830400784 
0.1639887961395004 0.22752988029654303 
0.1441450004057468 0.2276070712922493 
0.1441450004057468 0.2276070712922493 
0.1441450004057468 0.2276070712922493 
0.1441450004057468 0.2276070712922493 
0.13289380452048366 0.23544468342752464 
0.13289380452048366 0.23544468342752464 
0.14695909467175763 0.22739137967442807 
0.16579773958399696 0.21249178382066963 
0.1682854313969578 0.23236382314356857 
0.17125879253408635 0.23378327335178534 
0.17125879253408635 0.23378327335178534 
0.17125879253408635 0.23378327335178534 
0.1694271830991018 0.23265191461589202 
0.14124164159401897 0.18751397129316835 
0.10572267201669824 0.16894212989372803 
0.10394619036247217 0.11935875073207394 
0.10394619036247217 0.11935875073207394 
0.10394619036247217 0.11935875073207394 
0.12709664025327125 0.14224890040067084 
0.12709664025327125 0.14224890040067084 
0.13800674049373507 0.14733019053984725 
0.15373555328371738 0.20928841229900716 
0.12931451366863614 0.2137436440147961 
0.13665237857039308 0.2133841815765694 
0.1433563534566617 0.23126609169293844 
0.14248305941132328 0.22778348784392966 
0.14248305941132328 0.22778348784392966 
0.14248305941132328 0.22778348784392966 
0.14580397158409983 0.23797581691095843 
0.14462654975883216 0.23867815403571746 
0.14462654975883216 0.23867815403571746 
0.15162019693450238 0.24594184583065537 
0.15074712624316655 0.24590954581859964 
0.15795609887701245 0.25227267851107743 
0.15795609887701245 0.25227267851107743 
0.15795609887701245 0.25227267851107743 
0.15795609887701245 0.25227267851107743 
0.15795609887701245 0.25227267851107743 
0.15795609887701245 0.25227267851107743 
0.15795609887701245 0.25227267851107743 
0.15795609887701245 0.25227267851107743 
0.15795609887701245 0.25227267851107743 
0.15795609887701245 0.25227267851107743 
0.15795609887701245 0.25227267851107743 
0.15795609887701245 0.25227267851107743 
0.136833771231543 0.214638145641303 
0.08675491588984628 0.16449350779514882 
0.08984400378120168 0.1672149348213149 
0.08515988742326629 0.16264063236817003 
0.13910090504644956 0.16742887014366695 
0.1037322533987006 0.1644933280559458 
0.0860697655169473 0.1424901575278297 
0.16846737246263502 0.18922980768538197 
0.07565061596882816 0.180358585977744 
0.1463081172598274 0.22148214584654663 
0.1557757036003161 0.18818333217026717 
0.15122300534606115 0.22410405655597973 
0.14348591421322882 0.2537179618742823 
0.14348591421322882 0.2537179618742823 
0.15125800473868617 0.2516070305989363 
0.14527796117726965 0.21950386614310008 
0.15306748342733062 0.24363704825918261 
0.14175984977912717 0.22232094451885076 
0.14175984977912717 0.22232094451885076 
0.16433496585207003 0.24978689333381515 
0.16433496585207003 0.24978689333381515 
0.16433496585207003 0.24978689333381515 
0.16433496585207003 0.24978689333381515 
0.16338032578458936 0.23589838347438172 
0.16291369666330002 0.23635461227296511 
0.16534240489716456 0.25531798773510905 
0.16534240489716456 0.25531798773510905 
0.16534240489716456 0.25531798773510905 
0.16054064605008952 0.22183954166182146 
0.16054064605008952 0.22183954166182146 
0.16054064605008952 0.22183954166182146 
0.16054064605008952 0.22183954166182146 
0.14895203931217751 0.22845115014638026 
0.1744844711221883 0.25278689714023267 
0.1744844711221883 0.25278689714023267 
0.1744844711221883 0.25278689714023267 
0.17434732193080532 0.2513498377663195 
0.17434732193080532 0.2513498377663195 
0.17434732193080532 0.2513498377663195 
0.17434732193080532 0.2513498377663195 
0.17434732193080532 0.2513498377663195 
0.17062483810833884 0.23165112262012122 
0.1615494684225987 0.23633599323276389 
0.1615494684225987 0.23633599323276389 
0.1615494684225987 0.23633599323276389 
0.1615494684225987 0.23633599323276389 
0.15322272959089975 0.22457997045402264 
0.15322272959089975 0.22457997045402264 
0.16165638189521456 0.2359794776415272 
0.08290588311243767 0.22077283871114686 
0.08290588311243767 0.22077283871114686 
0.08343328311070125 0.2320676233246895 
0.08343328311070125 0.2320676233246895 
0.08343328311070125 0.2320676233246895 
0.0748506333484693 0.2390059068208295 
0.0748506333484693 0.2390059068208295 
0.0660668749352886 0.24868274730949053 
0.07165055818937825 0.2438070316740759 
0.08582498479622988 0.22407037159270504 
0.08895983223254983 0.1807625469064146 
0.11438826610595004 0.18917835129733712 
0.14722978630950131 0.20724471320065063 
0.15821516302052888 0.15226884631092877 
0.15821516302052888 0.15226884631092877 
0.15821516302052888 0.15226884631092877 
0.17076416709780962 0.13087170560348266 
0.16590131400388566 0.12866897361066215 
0.1698158214553918 0.12386913344474784 
0.1662069750502554 0.12484216106829911 
0.16160652242175502 0.12662939654534477 
0.16160652242175502 0.12662939654534477 
0.17215048183987527 0.11474148421328241 
0.17215048183987527 0.11474148421328241 
0.17215048183987527 0.11474148421328241 
0.17170705781526258 0.11513390245266898 
0.17170705781526258 0.11513390245266898 
0.17170705781526258 0.11513390245266898 
0.17170705781526258 0.11513390245266898 
0.17170705781526258 0.11513390245266898 
0.1800635186773597 0.11165381882072298 
0.1800635186773597 0.11165381882072298 
0.1800635186773597 0.11165381882072298 
0.1800635186773597 0.11165381882072298 
0.1800635186773597 0.11165381882072298 
0.1800635186773597 0.11165381882072298 
0.16800311392498077 0.14535328294004798 
0.16537831741559011 0.14882792445268778 
0.180598643623002 0.15505661557594266 
0.10327873412778628 0.18683062692571692 
0.07696840586658968 0.20863448507686239 
0.08808486113546035 0.21215028509552847 
0.08808486113546035 0.21215028509552847 
0.17745235370903362 0.17441345300548544 
0.060924755052045323 0.17671167554757883 
0.13689891140828586 0.18875405829016706 
0.15815132042923247 0.1795728208371277 
0.08196772771003034 0.16099679731177127 
0.15905287288319866 0.1860265340907092 
0.14934924243348746 0.18361269706184763 
0.1404169287393652 0.19706110812185787 
0.10057681595562307 0.1848688533144185 
0.1261637605364662 0.18908218665392054 
0.1261637605364662 0.18908218665392054 
0.1261637605364662 0.18908218665392054 
0.12731247500968373 0.16812553741162903 
0.1728055798305208 0.18096618266219663 
0.1516738619216895 0.2040067598897135 
0.14998631045624952 0.20435388984197178 
0.14998631045624952 0.20435388984197178 
0.1765154158887463 0.19644410008335228 
0.09500278618705098 0.1952139750537235 
0.06720065775661242 0.21348575065790915 
0.06720065775661242 0.21348575065790915 
0.06720065775661242 0.21348575065790915 
0.06720065775661242 0.21348575065790915 
0.06720065775661242 0.21348575065790915 
0.178034963747738 0.20865115656398717 
0.17012831996948607 0.21018696755111813 
0.17012831996948607 0.21018696755111813 
0.17162911069789766 0.21305821129665842 
0.1306397425404559 0.1824729903517942 
0.12141612809352677 0.17501253259196503 
0.06120193851628253 0.1937014821732408 
0.06120193851628253 0.1937014821732408 
0.13810663277258134 0.18760062238728037 
0.1283382349648405 0.18413423773745916 
0.14733035369309586 0.17239952074453235 
0.0870928238587052 0.1690364367286912 
0.14900678022613084 0.15762969732056525 
0.15336373834510875 0.15434411564642553 
0.1367077610357027 0.16645419206725434 
0.10811587088151073 0.15754582591033867 
0.11362012236564274 0.11324356284927473 
0.11362012236564274 0.11324356284927473 
0.10388386957846756 0.12792132737956088 
0.10286904862836749 0.12382368169217782 
0.10286904862836749 0.12382368169217782 
0.10828780500202245 0.10756913101344834 
0.09734933158019196 0.10209419331753568 
0.09668500541203626 0.1336935140904182 
0.10437379458032546 0.12387965711115932 
0.10457372123680729 0.11350061439445178 
0.09838450687626188 0.10425254618991249 
0.13711898489756089 0.14812934306962594 
0.13711898489756089 0.14812934306962594 
0.13711898489756089 0.14812934306962594 
0.13711898489756089 0.14812934306962594 
0.1254026920406779 0.19834057673596162 
0.17172037963548653 0.17235321486712174 
0.15764886564228348 0.18517901416011817 
0.07746112255554036 0.17952200787274405 
0.11831020269221532 0.15860437987855094 
0.14311421553072912 0.15121663100798585 
0.1511907359390557 0.14634999581039995 
0.1511907359390557 0.14634999581039995 
0.1511907359390557 0.14634999581039995 
0.1511907359390557 0.14634999581039995 
0.11808431379213485 0.16964076216091645 
0.14991593996751157 0.19385262387516952 
0.14693894014426798 0.21988398702150153 
0.07637259883180134 0.204329745696292 
0.07637259883180134 0.204329745696292 
0.07637259883180134 0.204329745696292 
0.15852419939484105 0.1758632644774133 
0.06225463553616011 0.175937357635959 
0.17867483497072417 0.1897109276446534 
0.11495103794803774 0.19707826154028182 
0.1792492999863178 0.19091731084201055 
0.08264986549458515 0.1567182022366911 
0.11204691423481303 0.21420407381435894 
0.15064969011922794 0.20745225279423773 
0.14607691119552774 0.2237509249492946 
0.14323899287987035 0.22504129830894523 
0.08895120024183015 0.19013165584878475 
0.10949656298027298 0.16311036704973314 
0.107504292200447 0.1769936638146197 
0.12612553007573166 0.18532061598117916 
0.1744991212776137 0.1603472094599943 
0.062342112515785086 0.15813991601316843 
0.11011879930813015 0.24278986794911672 
0.10090646858863707 0.24401198788615208 
0.12243158673007667 0.2454891754395733 
0.12243158673007667 0.2454891754395733 
0.12036526241496742 0.23975880758769086 
0.13009784817924316 0.2285932739534709 
0.16228112658911611 0.2162708031803388 
0.15724032764439386 0.22849981430088998 
0.1530745957130919 0.23080993848607015 
0.12802724030029344 0.20540069808126585 
0.10374582803280659 0.22548585605336857 
0.10374582803280659 0.22548585605336857 
0.10374582803280659 0.22548585605336857 
0.12427057672432404 0.21142202341485494 
0.1160966805506699 0.19980480501614903 
0.14546938898451062 0.2054177500031368 
0.08087828827990723 0.19971313345936828 
0.07174807571067514 0.16246297320033948 
0.14711773552231394 0.18877688059155553 
0.17378084783856426 0.20050683638866967 
0.17378084783856426 0.20050683638866967 
0.15439927706840542 0.18077015539959929 
0.12309758361682127 0.15601225002831615 
0.11946461395402586 0.15801954588940803 
0.09470259766144562 0.17221706163980985 
0.11342796796942463 0.17333690536629925 
0.1296478741571551 0.19541319802278015 
0.09223505378689753 0.16305270647346887 
0.10105674879152138 0.18052738646296018 
0.062357698173028143 0.1813189461006006 
0.07945725260718697 0.15709157947721805 
0.12475471670976292 0.22080632239728426 
0.1259663482844122 0.22971379886633123 
0.12730277349289354 0.2332512540953704 
0.11522397102356005 0.24470568981280175 
0.10137107812546922 0.25023575002975873 
0.10137107812546922 0.25023575002975873 
0.09272466016248548 0.2530995766060646 
0.09272466016248548 0.2530995766060646 
0.09272466016248548 0.2530995766060646 
0.09272466016248548 0.2530995766060646 
0.105834653670631 0.24293384966466527 
0.105834653670631 0.24293384966466527 
0.105834653670631 0.24293384966466527 
0.105834653670631 0.24293384966466527 
0.1767101134157278 0.1578412311283918 
0.08457153998644623 0.1711347030008213 
0.17118493975391935 0.16941572815526496 
0.15639789563693574 0.18133070697513726 
0.14077853881676794 0.19158829492666776 
0.0916957735849211 0.16604116296550336 
0.09957064179399483 0.15747817736047415 
0.10351509754921681 0.17911553235472774 
0.08860691207160884 0.16359949604415966 
0.1651011047704349 0.16247082765516074 
0.08979282224101383 0.16865235021398464 
0.17589704333435122 0.21499389314046255 
0.17589704333435122 0.21499389314046255 
0.1527283457951718 0.2193905020442331 
0.136222294090969 0.22933500434719728 
0.11724271485705426 0.21816751348489402 
0.11724271485705426 0.21816751348489402 
0.10541260941659397 0.22259372927132368 
0.10541260941659397 0.22259372927132368 
0.10541260941659397 0.22259372927132368 
0.09904046897796692 0.22782313604861162 
0.10520365018100976 0.22895044830392744 
0.10520365018100976 0.22895044830392744 
0.09555138261209609 0.2393223132499332 
0.09555138261209609 0.2393223132499332 
0.09555138261209609 0.2393223132499332 
0.09461345802762652 0.23881824248039538 
0.09461345802762652 0.23881824248039538 
0.0802678934850489 0.24881622124220823 
0.07943653045053321 0.24604224312280093 
0.07943653045053321 0.24604224312280093 
0.08687824208920383 0.238940599325273 
0.08687824208920383 0.238940599325273 
0.08687824208920383 0.238940599325273 
0.1019951297484823 0.223930823591267 
0.09038246632779459 0.21045401587422982 
0.08376786250910759 0.21700310172871318 
0.08186050440793939 0.22251908188212638 
0.14162865635456726 0.17512557974767648 
0.0877937343003308 0.21591316637799463 
0.0880390094117298 0.21544490002501704 
0.08969955605604575 0.2133636656801733 
0.10143412130844019 0.1708252741668602 
0.18021963700412733 0.18803999797728935 
0.16432168459929664 0.1575569687333273 
0.13590871395023435 0.2033161067667194 
0.1748886075964832 0.1543758083303432 
0.1748886075964832 0.1543758083303432 
0.10239533607005674 0.15749310636561953 
0.10239533607005674 0.15749310636561953 
0.10239533607005674 0.15749310636561953 
0.10283478557030983 0.15850689681139793 
0.14122990803163307 0.15254597342391873 
0.14190068800702044 0.15451971101774975 
0.1674653324461471 0.19736200012922278 
0.11840862166502782 0.18910052811092223 
0.1372708601349855 0.19232664953767883 
0.15726814525996072 0.17299163636747453 
0.10536496389232691 0.17597798309787552 
0.09741837900219966 0.19141137298047578 
0.08494407083327069 0.20417137716101927 
0.09090310046859476 0.20068196787173692 
0.16930654534858106 0.1705573786831165 
0.1652430464572197 0.20492543013385814 
0.1652430464572197 0.20492543013385814 
0.13509576806574003 0.1592210333746489 
0.12771647479048187 0.17355900153494358 
0.07197079593334905 0.17572736587030588 
0.16853187888708945 0.17658186976185136 
0.14765003457156575 0.20128908187938813 
0.1310596281101965 0.17787258983777035 
0.07773489795719173 0.18823383488428036 
0.07727142276132377 0.19874076280183134 
0.07727142276132377 0.19874076280183134 
0.07727142276132377 0.19874076280183134 
0.08223600792056437 0.22635294919371285 
0.09059155936093156 0.19562150158199365 
0.12047831569121534 0.21892447738793763 
0.1380311751645611 0.24215445627722176 
0.13757511658215058 0.2253919078733302 
0.12718575427020554 0.20559207284237807 
0.1126928279265883 0.22203924489144194 
0.0827089916825145 0.2545471064070252 
0.08131374056871289 0.2554044111294113 
0.08131374056871289 0.2554044111294113 
0.08343511779542849 0.23540692364061808 
0.08941249276954502 0.21655684697331387 
0.091822545770609 0.2113898748641297 
0.091822545770609 0.2113898748641297 
0.12032427309478899 0.1510639875639475 
0.12032427309478899 0.1510639875639475 
0.11072235214490847 0.13722835197619448 
0.06083065270793159 0.14507610417035652 
0.11301930696345695 0.1865759723343177 
0.1384044169097977 0.2139368516582529 
0.13324215562766079 0.2221908230942632 
0.13486066042578032 0.22291077254056063 
0.13535740967383286 0.22210107179927302 
0.13535740967383286 0.22210107179927302 
0.13246258342110878 0.22214218580785483 
0.1401260992830839 0.15524018093564174 
0.1401260992830839 0.15524018093564174 
0.12228951638750045 0.16389883981874157 
0.1182352970504268 0.18642246195930098 
0.1707615376830815 0.1887908648146863 
0.17616225061665203 0.1712825510973283 
0.08666573419154354 0.1771425974883778 
0.1449877274869481 0.18363990230722924 
0.11075255486662815 0.1856087588984477 
0.0672652488269135 0.17906950008120356 
0.14133385392185138 0.20210793582366254 
0.14501508229654017 0.2041606312712326 
0.17488755525364788 0.20917037878953149 
0.17488755525364788 0.20917037878953149 
0.17488755525364788 0.20917037878953149 
0.17488755525364788 0.20917037878953149 
0.17488755525364788 0.20917037878953149 
0.17488755525364788 0.20917037878953149 
0.1750607012116443 0.2090454182875429 
0.13901614707317708 0.16853376265301795 
0.06495100588202876 0.2257804113428846 
0.07033771011603629 0.21928775642976794 
0.07033771011603629 0.21928775642976794 
0.07033771011603629 0.21928775642976794 
0.08202644662474014 0.20061944497320977 
0.06285974985793562 0.150801924161176 
0.06285974985793562 0.150801924161176 
0.06285974985793562 0.150801924161176 
0.1209543918404238 0.15243227327171666 
0.11788924222104677 0.13618146899493178 
0.06956244010474102 0.21281799500720924 
0.08413049410386292 0.19312761997234612 
0.1675627965167 0.1894433336227144 
0.15178194707538997 0.16678008098974578 
0.12049475318343214 0.17803088752385193 
0.09377875419495266 0.19677025383955032 
0.0789353419261002 0.16143850172909413 
0.06781732845921332 0.1573651524455003 
0.06455267367715611 0.18705780427920887 
0.07605597772666697 0.18050911439494655 
0.08448143758606055 0.2096442016497174 
0.07645654892583537 0.20940983972223062 
0.07645654892583537 0.20940983972223062 
0.07645654892583537 0.20940983972223062 
0.07600864416873648 0.20980660905193152 
0.07600864416873648 0.20980660905193152 
0.07600864416873648 0.20980660905193152 
0.07956887162046733 0.1510855556585356 
0.1656972528054119 0.1828915102706393 
0.08695797355236633 0.16239078665552556 
0.14536801739653876 0.20325222034177934 
0.08382562082360256 0.17744829467217266 
0.0863761290227247 0.17684775646889547 
0.09867724053519356 0.23141207651531853 
0.084364628272599 0.20455020378794697 
0.08533171174680182 0.19100597284767262 
0.09070364312185618 0.17832796543834833 
0.09244013014760039 0.1639221118946449 
0.10652239627974941 0.15686794842261734 
0.12198587955494875 0.2461792014941002 
0.14228710375278872 0.2546131516116855 
0.13515409628584243 0.2553364448260969 
0.13515409628584243 0.2553364448260969 
0.13515409628584243 0.2553364448260969 
0.13515409628584243 0.2553364448260969 
0.13080852186945957 0.25327244094297163 
0.13080852186945957 0.25327244094297163 
0.13080852186945957 0.25327244094297163 
0.13080852186945957 0.25327244094297163 
0.13574478525462974 0.2361998112561622 
0.12534491093370007 0.2387545490767018 
0.1336277096788624 0.2547122944940952 
0.1336277096788624 0.2547122944940952 
0.13449780318068694 0.2527394016995477 
0.13449780318068694 0.2527394016995477 
0.13449780318068694 0.2527394016995477 
0.13449780318068694 0.2527394016995477 
0.13714692593832914 0.2557412137051367 
0.13714692593832914 0.2557412137051367 
0.12761003585627717 0.24498060483992107 
0.12761003585627717 0.24498060483992107 
0.1466464560571326 0.21528394182491645 
0.1466464560571326 0.21528394182491645 
0.1466464560571326 0.21528394182491645 
0.1466464560571326 0.21528394182491645 
0.14454474908811102 0.21062960936563446 
0.16559588153119617 0.22819553649162422 
0.16509632727859203 0.22770177619964396 
0.16556119906527025 0.22835192505130866 
0.13906706061234572 0.20277564309918486 
0.15163243461911588 0.18085744913704738 
0.13055541392969278 0.1927480822502406 
0.18125090844076963 0.1590885108650379 
0.18125090844076963 0.1590885108650379 
0.08044569387302765 0.15783215881404045 
0.1399637956954753 0.1763556194814239 
0.129423333631478 0.17966998090115555 
0.08974459062392678 0.1795791794775835 
0.08003450889294646 0.18083832903494312 
0.10492470184945436 0.1830194197071913 
0.10823209994519105 0.186821652970904 
0.1581805531108802 0.16155539795928073 
0.15274754585669456 0.16228869477386879 
0.147329538526083 0.19888166252830633 
0.12139454217930322 0.14745058302365527 
0.10832579407256658 0.18450276756795536 
0.1235149899592573 0.16617571439205936 
0.12431676983725488 0.15749958535469596 
0.124412032480559 0.15539852088960243 
0.11325066998976172 0.15734333546760385 
0.15143675323212868 0.15206197897332302 
0.12562980042832317 0.17234111882841086 
0.11779993367165614 0.16081859303203302 
0.09813829646069966 0.17038183050438158 
0.10119658491375494 0.17485357793681255 
0.08010182786132389 0.16259649775821974 
0.14130693957228024 0.17523715991988303 
0.15448676811667017 0.14589317087646142 
0.15448676811667017 0.14589317087646142 
0.14642664951043294 0.14985916634958463 
0.14642664951043294 0.14985916634958463 
0.15714080331085295 0.13685951513369943 
0.15714080331085295 0.13685951513369943 
0.15714080331085295 0.13685951513369943 
0.15714080331085295 0.13685951513369943 
0.15714080331085295 0.13685951513369943 
0.156131070873478 0.1390347492672524 
0.1563330336496266 0.14006116994783904 
0.1355927351083139 0.15248144233267835 
0.11897595078453152 0.15408630451568373 
0.14250402119634065 0.1900582238566782 
0.12197702500198243 0.18823119609361263 
0.1296544716915666 0.17794138761963346 
0.11067634036350854 0.1971135823568495 
0.09299979116712845 0.24411932628839653 
0.09299979116712845 0.24411932628839653 
0.09299979116712845 0.24411932628839653 
0.09473109199711939 0.24280486700505347 
0.09473109199711939 0.24280486700505347 
0.17256585739343744 0.2192105376392585 
0.1791162839242253 0.22746988768664939 
0.1791162839242253 0.22746988768664939 
0.1791162839242253 0.22746988768664939 
0.1791162839242253 0.22746988768664939 
0.07307381339617904 0.18800584794471006 
0.12128532188281901 0.15488203347812848 
0.11278111015413889 0.10178685884798788 
0.11278111015413889 0.10178685884798788 
0.11278111015413889 0.10178685884798788 
0.10635588100922037 0.14180819719906712 
0.09983543421676674 0.11269086935766376 
0.1011176126963149 0.1010878892031822 
0.09945467246015344 0.11443898273909095 
0.09945467246015344 0.11443898273909095 
0.10583084947561078 0.13441200564999706 
0.10583084947561078 0.13441200564999706 
0.11847478407983641 0.13987796083514834 
0.13205954961279948 0.10998218100473314 
0.13205954961279948 0.10998218100473314 
0.13205954961279948 0.10998218100473314 
0.1627299485477276 0.08686242766756933 
0.1540875250973527 0.09159359973740687 
0.1540875250973527 0.09159359973740687 
0.15575796902854183 0.10674705240032303 
0.15575796902854183 0.10674705240032303 
0.15575796902854183 0.10674705240032303 
0.12357057201614269 0.15398052825845143 
0.08221686146144583 0.14855771031603077 
0.07582698301719104 0.14450671595136574 
0.07582698301719104 0.14450671595136574 
0.07484189849569045 0.1450754893625451 
0.08044213239101188 0.10377023164089902 
0.08044213239101188 0.10377023164089902 
0.08044213239101188 0.10377023164089902 
0.08044213239101188 0.10377023164089902 
0.08207942451120279 0.1184741175652432 
0.08207942451120279 0.1184741175652432 
0.08207942451120279 0.1184741175652432 
0.10348675793075743 0.17654178635553325 
0.1155833279876823 0.1921618411661125 
0.07795396404519944 0.19572563468257345 
0.16750061008803374 0.17549292434072367 
0.06451264259576675 0.15707788739351705 
0.09679119340106013 0.19508438445408444 
0.15482103072517792 0.1873997256661583 
0.15482103072517792 0.1873997256661583 
0.16059310432081805 0.22172102505233676 
0.18037870128032032 0.2189486054817212 
0.18037870128032032 0.2189486054817212 
0.12125589822687327 0.23331322637587584 
0.10327589419568983 0.23610725034243862 
0.10327589419568983 0.23610725034243862 
0.11004285719667842 0.23120642340772457 
0.11004285719667842 0.23120642340772457 
0.11004285719667842 0.23120642340772457 
0.11004285719667842 0.23120642340772457 
0.08992894195971478 0.2349072138238007 
0.0634623551557963 0.22711379904959006 
0.09318678838783681 0.16720858231019184 
0.08478920044488679 0.23829431202788398 
0.08478920044488679 0.23829431202788398 
0.08478920044488679 0.23829431202788398 
0.09073527349498933 0.22841245369502125 
0.1614193701877403 0.23778274796836738 
0.07561080794156226 0.1538019047135267 
0.07561080794156226 0.1538019047135267 
0.12739232794851968 0.1741372275013918 
0.13074123360262932 0.19398789580107656 
0.15621647050023207 0.23734418004591057 
0.15621647050023207 0.23734418004591057 
0.15621647050023207 0.23734418004591057 
0.15621647050023207 0.23734418004591057 
0.10991931115169938 0.15909014082194994 
0.10847566724677302 0.1583595555395059 
0.09530039276973272 0.2115224242486079 
0.08898397276805271 0.15891997176724557 
0.08898397276805271 0.15891997176724557 
0.14092359467422796 0.17430657746626943 
0.12474087029912646 0.19110737646664633 
0.09567379018768746 0.18147290635811628 
0.07997982976307873 0.15616468004066847 
0.10429487028170632 0.18232905621798892 
0.1772290437269099 0.16586185788077912 
0.15548271672245556 0.16320595419540967 
0.15925366407013286 0.15328247340218296 
0.12699302749311725 0.22881261681516787 
0.10908739672988607 0.23772299308131736 
0.10908739672988607 0.23772299308131736 
0.10908739672988607 0.23772299308131736 
0.11014645174008678 0.23614588536429976 
0.11014645174008678 0.23614588536429976 
0.10494337577617414 0.24167080233031746 
0.10494337577617414 0.24167080233031746 
