0.07563840446263254 0.24305372858714708 
0.08011148183555263 0.23624529838875574 
0.06853874742269524 0.1537648726894266 
0.1619051003145526 0.22660303652357877 
0.15811074603616404 0.2174205450363274 
0.1670145483484225 0.24069892815838312 
0.1670145483484225 0.24069892815838312 
0.1670145483484225 0.24069892815838312 
0.15357245913477685 0.23480636844600375 
0.16349533602940666 0.23076327939846397 
0.17613494401386387 0.24334535581823138 
0.17930115887437736 0.24879332334970541 
0.17930115887437736 0.24879332334970541 
0.17930115887437736 0.24879332334970541 
0.17930115887437736 0.24879332334970541 
0.17355001378376103 0.2444022622730972 
0.17355001378376103 0.2444022622730972 
0.17355001378376103 0.2444022622730972 
0.17355001378376103 0.2444022622730972 
0.17355001378376103 0.2444022622730972 
0.17728125719846802 0.24500955304806793 
0.09473733109339592 0.24267851591381082 
0.09242085034218543 0.24563147734099605 
0.09242085034218543 0.24563147734099605 
0.09242085034218543 0.24563147734099605 
0.09242085034218543 0.24563147734099605 
0.09242085034218543 0.24563147734099605 
0.09163206805867363 0.2409249437538529 
0.07753238004642485 0.25561062778824084 
0.07753238004642485 0.25561062778824084 
0.07753238004642485 0.25561062778824084 
0.07753238004642485 0.25561062778824084 
0.07753238004642485 0.25561062778824084 
0.07753238004642485 0.25561062778824084 
0.07753238004642485 0.25561062778824084 
0.07753238004642485 0.25561062778824084 
0.07591056310537601 0.24161770779849545 
0.07591056310537601 0.24161770779849545 
0.07597575010233745 0.24961305956082624 
0.07548950785215391 0.24521948829670323 
0.07548950785215391 0.24521948829670323 
0.16210185604847008 0.16627195430775762 
0.13231032992582092 0.14396346391660314 
0.10766119233305514 0.16699035192955633 
0.10918788765375344 0.20291352927921713 
0.08673430239472321 0.17169689784696712 
0.15145390120164628 0.1931029254286617 
0.15145390120164628 0.1931029254286617 
0.15145390120164628 0.1931029254286617 
0.10210839097687086 0.17196847627537457 
0.09648405279690504 0.1777401184479192 
0.11823587584414567 0.1650456421938788 
0.06148362910808983 0.18308930872337031 
0.13576125479777257 0.21006137652186987 
0.15798707640627158 0.23155657892543582 
0.06076371834858141 0.1919732195078379 
0.061277519597218555 0.19198456204868306 
0.10454357682134716 0.1948197150802699 
0.17847002498680364 0.2083061322268521 
0.13270812683546843 0.18699483302878667 
0.15269038819569236 0.1734777398667626 
0.1793282216439116 0.1730667553667004 
0.06239825438382274 0.16575834648192922 
0.09622871499650881 0.17495576054530038 
0.07497399756828958 0.15503587970018307 
0.15015438791802338 0.17475962407140513 
0.17582779629106676 0.18692753677037421 
0.06404873462146238 0.163088405120693 
0.13199629284650727 0.1555397852329338 
0.06968037682252178 0.15662825055909177 
0.10426064223570933 0.15760961534212387 
0.10426064223570933 0.15760961534212387 
0.11707004637134885 0.1473165114988858 
0.08805879088992549 0.19212416454096237 
0.15329359354420416 0.1597641758125417 
0.1278782739637936 0.2111381847443382 
0.1267499895726673 0.2152033647145749 
0.1267499895726673 0.2152033647145749 
0.11817615223476616 0.17771360806440142 
0.16605472278459404 0.21503726309544835 
0.16228856464813882 0.2177016030817443 
0.16228856464813882 0.2177016030817443 
0.07238157597683846 0.15838079492018234 
0.07238157597683846 0.15838079492018234 
0.1739225442464379 0.21173370775299485 
0.16894630403634742 0.22304208199999165 
0.1674902445668591 0.2203585330038923 
0.16345282292662394 0.22034333505758388 
0.16118096001563603 0.2197312508860405 
0.17322013753507384 0.22474742212262458 
0.17322013753507384 0.22474742212262458 
0.17322013753507384 0.22474742212262458 
0.17322013753507384 0.22474742212262458 
0.17322013753507384 0.22474742212262458 
0.08422092355514883 0.22156990769549947 
0.1421831536622011 0.16709543898190493 
0.12451450750017334 0.16117628239924855 
0.1554055133756443 0.18873548613252863 
0.06708001172885575 0.17162392709694416 
0.07640484737130084 0.18499418585456082 
0.07003436728994483 0.17660324986864212 
0.06989318180750843 0.18480032534464538 
0.09964480006864654 0.1805436561345031 
0.09329824620794902 0.20040789359189665 
0.1026035964507498 0.2162470075070361 
0.12001366753071187 0.21075863699230488 
0.10832158561324162 0.24249907751293076 
0.10832158561324162 0.24249907751293076 
0.10832158561324162 0.24249907751293076 
0.10832158561324162 0.24249907751293076 
0.10832158561324162 0.24249907751293076 
0.1177054225401509 0.24184103633895837 
0.1177054225401509 0.24184103633895837 
0.1177054225401509 0.24184103633895837 
0.1177054225401509 0.24184103633895837 
0.1177054225401509 0.24184103633895837 
0.12142608608451178 0.24046623064848863 
0.12142608608451178 0.24046623064848863 
0.09794446689341121 0.16849558944499546 
0.10072667780780385 0.16399620410625482 
0.10304038647491234 0.17497350368813958 
0.14979972183910825 0.20986530043310686 
0.14979972183910825 0.20986530043310686 
0.11110737104453136 0.15344836442978485 
0.11067160586441654 0.1200623607234151 
0.12863960061219734 0.14386483464882827 
0.09657938265103899 0.1660617649294644 
0.15606391825084193 0.16575618216588872 
0.15730484330914968 0.14354397895172588 
0.15728513121876436 0.14349284779746047 
0.1446445731383778 0.14538053922443106 
0.1446445731383778 0.14538053922443106 
0.1446445731383778 0.14538053922443106 
0.15494237928496818 0.13774886463221916 
0.15464048677543282 0.1390707666744651 
0.12949552163080966 0.15331062556843905 
0.16526823626254702 0.1426859831278839 
0.16526823626254702 0.1426859831278839 
0.16526823626254702 0.1426859831278839 
0.1645870470364797 0.14217424334924003 
0.168117191959756 0.13901601186193016 
0.168117191959756 0.13901601186193016 
0.168117191959756 0.13901601186193016 
0.16477914468378196 0.14137444252251907 
0.17204886754219448 0.14094193145088657 
0.16681305195046123 0.14523915689987293 
0.16681305195046123 0.14523915689987293 
0.16681305195046123 0.14523915689987293 
0.16998168564254088 0.1458844712058764 
0.16998168564254088 0.1458844712058764 
0.08463964002541849 0.16270233344167562 
0.07741127584192184 0.19160870919648865 
0.07371175497356124 0.19556361165033445 
0.07371175497356124 0.19556361165033445 
0.10311152374896645 0.19236753671728088 
0.12599105608202915 0.21441186643426696 
0.13572140389161327 0.19130835111592123 
0.0684097998622258 0.17088991828422267 
0.1250073925274762 0.22422050233428054 
0.12354494572939795 0.22831470368437293 
0.11761971066274526 0.22104552594675497 
0.11496253558979652 0.22101992603431092 
0.11496253558979652 0.22101992603431092 
0.16768291621139747 0.16213800191743843 
0.1092267274819457 0.15924268639783876 
0.15595703633088803 0.16518392771236262 
0.1561999347252082 0.15894474915961318 
0.0748117219161137 0.1706476781813281 
0.11808905670831979 0.15742906560766096 
0.1420995086248754 0.18542945738593927 
0.08591049996453497 0.17100968734178296 
0.12253217026695078 0.19603874093932389 
0.1714770094433612 0.19010439706773166 
0.12266618669673754 0.19189107580408105 
0.1679834521343178 0.16024374686161974 
0.13961980287306974 0.16553087472246902 
0.1438156756967432 0.1662281818538303 
0.15532241353897067 0.19709764734954588 
0.16915930249336797 0.2044043493247883 
0.09832070026782576 0.15959206433142692 
0.0994287426553968 0.14385026590058858 
0.0925143347555917 0.10573068604381829 
0.0925143347555917 0.10573068604381829 
0.11087111077755557 0.14040228923727835 
0.11087111077755557 0.14040228923727835 
0.11769643643299044 0.1528568744483254 
0.11769643643299044 0.1528568744483254 
0.11769643643299044 0.1528568744483254 
0.07051320011102805 0.12515648759317144 
0.07051320011102805 0.12515648759317144 
0.07051320011102805 0.12515648759317144 
0.07051320011102805 0.12515648759317144 
0.08872436764403382 0.12809559167234866 
0.08872436764403382 0.12809559167234866 
0.07786185939607362 0.11438970268659561 
0.07786185939607362 0.11438970268659561 
0.10264265070417475 0.1389514733201796 
0.12241809481933011 0.1378871116473375 
0.11384548374494234 0.1194805936188609 
0.1147072826148332 0.11344353723028235 
0.12182140560546834 0.12864977124114357 
0.11917631502908843 0.13510935823045858 
0.10290066334336084 0.1133090393080806 
0.1018223795434065 0.12426612288154537 
0.1018223795434065 0.12426612288154537 
0.10448126271493555 0.14062111036908118 
0.10370391665929526 0.1373362034256428 
0.09356632827531519 0.12695854715369492 
0.11708850163646695 0.15026477272270625 
0.12338756543855703 0.13497436608139746 
0.11538871187676368 0.10950334065470131 
0.11538871187676368 0.10950334065470131 
0.11538871187676368 0.10950334065470131 
0.09919017081034669 0.10127226263763114 
0.09824003065885141 0.1052602689087889 
0.09824003065885141 0.1052602689087889 
0.09824003065885141 0.1052602689087889 
0.09538757044019892 0.10193286232932801 
0.0791731491350006 0.12637231158340992 
0.08135363187745384 0.11734860704613195 
0.08135363187745384 0.11734860704613195 
0.08767408785210958 0.15201642033447565 
0.09060786139537338 0.14197906854549183 
0.09060786139537338 0.14197906854549183 
0.09060786139537338 0.14197906854549183 
0.06227646891163627 0.11905015559925204 
0.06227646891163627 0.11905015559925204 
0.06227646891163627 0.11905015559925204 
0.06227646891163627 0.11905015559925204 
0.07178062596858305 0.1298369860277802 
0.07178062596858305 0.1298369860277802 
0.07178062596858305 0.1298369860277802 
0.06703671257892688 0.10072667926473322 
0.0702361350089903 0.11951570929875813 
0.08746345242420608 0.12320095644810132 
0.08652016531338907 0.1226106087890213 
0.08652016531338907 0.1226106087890213 
0.08652016531338907 0.1226106087890213 
0.08652016531338907 0.1226106087890213 
0.0860067082727023 0.11320771657116688 
0.08959804569743471 0.11776902278394077 
0.0895850718516741 0.11959710461997597 
0.0895850718516741 0.11959710461997597 
0.0895850718516741 0.11959710461997597 
0.08894259352998021 0.13330535214757905 
0.095482823861029 0.13591462871781693 
0.11651538253233219 0.13496472402401322 
0.16390497215590266 0.16846715706255053 
0.0786347165828804 0.19717821558452478 
0.16518507437278793 0.16199487508754404 
0.10148098469066975 0.19703280552998217 
0.131830441624855 0.20223836682418028 
0.07685644765672547 0.1544211852178971 
0.07685644765672547 0.1544211852178971 
0.13719260852152942 0.15537636521928985 
0.14778056605152617 0.14039569820354308 
0.1476529925719988 0.14004134473447083 
0.1476529925719988 0.14004134473447083 
0.1476529925719988 0.14004134473447083 
0.1436268119537062 0.15093842281372902 
0.141256347673427 0.11244996883768801 
0.13892705106907732 0.10419624764256578 
0.13752000739569228 0.08894728905291421 
0.14188114286012668 0.11107021680788522 
0.14188114286012668 0.11107021680788522 
0.14188114286012668 0.11107021680788522 
0.14188114286012668 0.11107021680788522 
0.14188114286012668 0.11107021680788522 
0.14188114286012668 0.11107021680788522 
0.14328710750767212 0.11465255460474114 
0.14249544230539507 0.11604459804604426 
0.14249544230539507 0.11604459804604426 
0.1313967544421043 0.1383784283294546 
0.1313967544421043 0.1383784283294546 
0.1313967544421043 0.1383784283294546 
0.14046712939838468 0.11473796120477753 
0.15448705272188648 0.1175892231800221 
0.15448705272188648 0.1175892231800221 
0.15448705272188648 0.1175892231800221 
0.15679144903517614 0.1330043967692069 
0.13623288241681641 0.14308288260167457 
0.13623288241681641 0.14308288260167457 
0.1484354554092126 0.1277663300891535 
0.14915842152948497 0.12683487747369204 
0.127066969873521 0.1111181090938094 
0.12572910658800693 0.14554756601284938 
0.1312367549521202 0.14710805980506447 
0.1253387610006037 0.14849049128771388 
0.1253387610006037 0.14849049128771388 
0.11887791247396809 0.14535584006388846 
0.11894788649581657 0.1454142542769905 
0.12319952130219876 0.12116059168031376 
0.12319952130219876 0.12116059168031376 
0.12319952130219876 0.12116059168031376 
0.12045037679193349 0.09086859253552801 
0.12045037679193349 0.09086859253552801 
0.13789210319886805 0.133297334047142 
0.14172370246402793 0.12967855483705992 
0.1431093583229891 0.1858361111159635 
0.14254894745772637 0.21490211293080633 
0.17148993739178547 0.20478105737998814 
0.13380471289999143 0.17910045308996161 
0.09931984768509045 0.1977737867544928 
0.06848428960951175 0.22774104296955425 
0.06848428960951175 0.22774104296955425 
0.06835608945200329 0.2465519088350842 
0.06835608945200329 0.2465519088350842 
0.08510134480689359 0.24657887813067375 
0.08510134480689359 0.24657887813067375 
0.1049502360076844 0.23673695315098003 
0.1049502360076844 0.23673695315098003 
0.11518930349054357 0.23663185944140003 
0.11773507140049314 0.23533371081454793 
0.11773507140049314 0.23533371081454793 
0.13585416111432602 0.24204755257398308 
0.13546752538409884 0.2419230487416094 
0.1354516270777724 0.24464924459016424 
0.1395400764872289 0.24601617536186707 
0.14220022964010223 0.25513251508515095 
0.14680593008694842 0.2406787947587458 
0.14680593008694842 0.2406787947587458 
0.13633350685718365 0.2131906885378251 
0.13472949209356547 0.2091486276960128 
0.0643619765547302 0.18767629796591986 
0.17097244633472572 0.17747917695414422 
0.10632929611147066 0.17453990472259762 
0.1285209405135334 0.19757354935168508 
0.11213195552756833 0.21644080634313267 
0.11213195552756833 0.21644080634313267 
0.12077419381924695 0.23330232223259706 
0.12120535723163052 0.22395474855834147 
0.12120535723163052 0.22395474855834147 
0.12062353201863507 0.22340628805573548 
0.115740676028987 0.20531015916987486 
0.13248502000220663 0.16496626718114876 
0.14730388296420568 0.1409068950327888 
0.13535338854462925 0.1380060808456984 
0.13535338854462925 0.1380060808456984 
0.13534988457316127 0.13798180899274823 
0.13538977204675193 0.1378589704874052 
0.13538977204675193 0.1378589704874052 
0.10638237018242624 0.149975562294381 
0.10993332061128805 0.1431129084056225 
0.11172786270870658 0.1485384203344154 
0.1349703031986918 0.13091474060669392 
0.1349703031986918 0.13091474060669392 
0.1349703031986918 0.13091474060669392 
0.1402055097699369 0.13037734107794627 
0.12028497163903887 0.19058188437187834 
0.15257067760655946 0.1794256192824775 
0.11160580936733357 0.20463033863076138 
0.08732629795935624 0.20358485456152317 
0.11086010036595643 0.21300080027077758 
0.10970715071790099 0.21252843374753003 
0.10970715071790099 0.21252843374753003 
0.09742065740558757 0.18731962324983611 
0.09742065740558757 0.18731962324983611 
0.10627100449201152 0.16396133033139487 
0.09358921134261983 0.17878204852530455 
0.0694157355711891 0.1412152761984346 
0.08883102210701503 0.14687614660691478 
0.08883102210701503 0.14687614660691478 
0.08919852009952207 0.14528441502184095 
0.16839722275228725 0.1928541647651616 
0.09006157820281864 0.15475347897026423 
0.09006157820281864 0.15475347897026423 
0.08859182668549453 0.1617226025102865 
0.06436806353294486 0.23047913223091665 
0.06436806353294486 0.23047913223091665 
0.06436806353294486 0.23047913223091665 
0.06436806353294486 0.23047913223091665 
0.06436806353294486 0.23047913223091665 
0.06436806353294486 0.23047913223091665 
0.07346417941650195 0.21651937252565853 
0.07346417941650195 0.21651937252565853 
0.08565006968397906 0.2231322056013449 
0.08489725391096614 0.2100433882483489 
0.08489560839515703 0.20974405639728197 
0.08489560839515703 0.20974405639728197 
0.08294057063872008 0.21130629027459588 
0.15376064023215189 0.18897257219379782 
0.16895335688258198 0.19000599582580313 
0.07486519402431477 0.2056048228845597 
0.06572100303345899 0.22953466032542624 
0.18063095246664448 0.21879212913259216 
0.06579055107644065 0.22172127211567844 
0.08048269996998239 0.2115961605722132 
0.07651234255376022 0.2305087259097034 
0.10162374833082476 0.1947242576909404 
0.16855038115527352 0.1520470649102598 
0.18124191908054488 0.12243725846851708 
0.18124191908054488 0.12243725846851708 
0.1792487247307057 0.12204590677436616 
0.1792487247307057 0.12204590677436616 
0.17934241885061597 0.13103922773116514 
0.1503619126359666 0.12354800625064057 
0.1503619126359666 0.12354800625064057 
0.15017980717950252 0.12316337696062954 
0.16199008423082556 0.10575923674934973 
0.1633878545063409 0.1461316604344889 
0.12008696385872658 0.16842567914611967 
0.07862017940242377 0.18721244682210225 
0.07993540708373062 0.1861720077968223 
0.1307083616626312 0.18563634404427537 
0.1323216870033446 0.16441474459619754 
0.13585647644978793 0.17894170482250016 
0.15266011135034024 0.1792908409651143 
0.1480962390759093 0.15385109793997764 
0.15195287441039296 0.1401762744269578 
0.14443174683450571 0.13520564666620405 
0.14443174683450571 0.13520564666620405 
0.14443174683450571 0.13520564666620405 
0.14443174683450571 0.13520564666620405 
0.13853386757067343 0.13269362392705922 
0.13853386757067343 0.13269362392705922 
0.06858547137494096 0.1728361480012496 
0.07320008213846257 0.20059254395757442 
0.06265604294474948 0.16073545497722772 
0.1157870618217451 0.18688004481367101 
0.12837946840051148 0.20723457899937753 
0.12225468981409532 0.2082051404451019 
0.14742175057865847 0.19823391454042583 
0.16345544283272137 0.18792562666582052 
0.10523830197974793 0.19361479416832378 
0.11408974110133445 0.2109609615591272 
0.1024058497731976 0.19294251477281715 
0.11269699574980062 0.20947716029477853 
0.11269699574980062 0.20947716029477853 
0.11295276805097701 0.2059538596123923 
0.11597411754803758 0.22993972139355828 
0.12727588552899702 0.2293506960779783 
0.12727588552899702 0.2293506960779783 
0.10974053620016747 0.2323170003676801 
0.10974053620016747 0.2323170003676801 
0.09785197770657529 0.24917307776063793 
0.09785197770657529 0.24917307776063793 
0.10338369669815017 0.2227643729877236 
0.10338369669815017 0.2227643729877236 
0.10338369669815017 0.2227643729877236 
0.09914989822943822 0.22300346706497698 
0.09914989822943822 0.22300346706497698 
0.12213916504227335 0.18569873587668334 
0.06995085479784995 0.17318990898151249 
0.13798929599101772 0.17343414486023623 
0.14184621528201274 0.1694807660835376 
0.12361125620496562 0.19156625616667405 
0.13144805267629123 0.1724750060292592 
0.14781138473466454 0.15295387706211594 
0.13903286673406434 0.16662584015381596 
0.14549214647476597 0.15074981451438144 
0.14549214647476597 0.15074981451438144 
0.13767589390591528 0.14010689929719886 
0.13602486142520726 0.1374165543954471 
0.13665926344189072 0.14041424670232466 
0.1618928155731998 0.10697176577101607 
0.1618928155731998 0.10697176577101607 
0.16376655071998275 0.13626316486769277 
0.15832354629000808 0.12464765287157646 
0.15832354629000808 0.12464765287157646 
0.15832354629000808 0.12464765287157646 
0.16149377328921272 0.12068520126685292 
0.16149377328921272 0.12068520126685292 
0.16149377328921272 0.12068520126685292 
0.16475518698394348 0.15002375664481332 
0.16475518698394348 0.15002375664481332 
0.1761476611661344 0.1263727654425953 
0.1761476611661344 0.1263727654425953 
0.1665455313895879 0.13073588415185589 
0.1665455313895879 0.13073588415185589 
0.1665455313895879 0.13073588415185589 
0.1665455313895879 0.13073588415185589 
0.17477099737686352 0.11749795941312319 
0.17477099737686352 0.11749795941312319 
0.17477099737686352 0.11749795941312319 
0.17477099737686352 0.11749795941312319 
0.1306037804421037 0.13095319045791073 
0.10549854373137305 0.17069383365582172 
0.1441403693049154 0.22415610586546525 
0.16982782125480744 0.22951189662186267 
0.15734612188928956 0.24084748194085445 
0.15734612188928956 0.24084748194085445 
0.1717177286713266 0.23191915383941425 
0.1717177286713266 0.23191915383941425 
0.1717177286713266 0.23191915383941425 
0.16969702492164693 0.23580260228549255 
0.16694733018371988 0.2288432611021346 
0.16694733018371988 0.2288432611021346 
0.14311182887860766 0.16096956546208013 
0.11691277451835712 0.18845309468116173 
0.09052696128344773 0.21019645409378043 
0.0650914136229535 0.20130776758337826 
0.06709714725922723 0.2136122470853547 
0.0967471708507552 0.18999782458615852 
0.07722474222099988 0.18643833680823527 
0.10080409970814128 0.16609301141577598 
0.12069663104649304 0.20499942049231368 
0.12069663104649304 0.20499942049231368 
0.11217117903016599 0.1517609927336325 
0.10547809937271338 0.17055404623005063 
0.11657270316722876 0.18324664853363884 
0.11459604795936496 0.154789835520811 
0.11856386324300236 0.1300152314178419 
0.11459898629493658 0.10923459186298431 
0.11459898629493658 0.10923459186298431 
0.11459898629493658 0.10923459186298431 
0.11459898629493658 0.10923459186298431 
0.16009529970786293 0.21563891248918723 
0.16009529970786293 0.21563891248918723 
0.16203439707450976 0.2150780460872976 
0.16203439707450976 0.2150780460872976 
0.16203439707450976 0.2150780460872976 
0.16203439707450976 0.2150780460872976 
0.16203439707450976 0.2150780460872976 
0.14226004640648537 0.21567457642664625 
0.14226004640648537 0.21567457642664625 
0.1449213244722153 0.21787881066902395 
0.16360050585736824 0.21082905272007102 
0.16360050585736824 0.21082905272007102 
0.06744874732643759 0.16941279823492644 
0.12781111032734127 0.15714374653783894 
0.1337513593495409 0.1522346497770706 
0.1332249619785993 0.13982521958598498 
0.1332249619785993 0.13982521958598498 
0.14042970360780294 0.10734926970642034 
0.14042970360780294 0.10734926970642034 
0.14042970360780294 0.10734926970642034 
0.13739312067541481 0.17790608912671105 
0.13522595531726542 0.14805645448421956 
0.1766061385117317 0.19799833698986533 
0.06409156926101432 0.15023159281829293 
0.14782700766554152 0.1993572827228207 
0.17954107403381742 0.1844039323572577 
0.10668456765353396 0.17622828256518988 
0.07231089404053304 0.17443920993428602 
0.16802557781538474 0.1776242330193767 
0.1780474767463675 0.16212464494964743 
0.07941974363567034 0.20527588222554868 
0.08718140672947786 0.1971525579401707 
0.09568197568598835 0.19952081887065423 
0.09430368710570106 0.21340270313136409 
0.09430368710570106 0.21340270313136409 
0.09430368710570106 0.21340270313136409 
0.09430368710570106 0.21340270313136409 
0.17817807507347205 0.2305618985131491 
0.17817807507347205 0.2305618985131491 
0.1777013603283536 0.2310735601038476 
0.1777013603283536 0.2310735601038476 
0.1777013603283536 0.2310735601038476 
0.1777013603283536 0.2310735601038476 
0.1777013603283536 0.2310735601038476 
0.1777013603283536 0.2310735601038476 
0.17594163588457779 0.23765747575898039 
0.15844753403049422 0.23561894536044392 
0.1635810086256145 0.23991378491548748 
0.1635810086256145 0.23991378491548748 
0.1635810086256145 0.23991378491548748 
0.1610147538555032 0.23741919339307582 
0.1610147538555032 0.23741919339307582 
0.1610147538555032 0.23741919339307582 
0.17834818797556887 0.24479791749427426 
0.17658487151044217 0.24028110129100808 
0.17658487151044217 0.24028110129100808 
0.17658487151044217 0.24028110129100808 
0.15044263418787163 0.20880021831430418 
0.15044263418787163 0.20880021831430418 
0.14700453530033775 0.20949964914233182 
0.06707718040960912 0.20306132142574138 
0.0666145089338658 0.2022952189261486 
0.060942502810328855 0.14195475433826457 
0.060942502810328855 0.14195475433826457 
0.060942502810328855 0.14195475433826457 
0.060942502810328855 0.14195475433826457 
0.060942502810328855 0.14195475433826457 
0.060942502810328855 0.14195475433826457 
0.060942502810328855 0.14195475433826457 
0.060942502810328855 0.14195475433826457 
0.060942502810328855 0.14195475433826457 
0.060942502810328855 0.14195475433826457 
0.14809428530486474 0.17229437788282823 
0.08993176501895248 0.17568547142427376 
0.10920864022464899 0.19649093195785433 
0.11572346643266243 0.18993972822425167 
0.12247388922713498 0.18722357519734767 
0.1338449223806052 0.14556430948637084 
0.10692497912817699 0.21453996289698096 
0.1055089298207802 0.22813879170663115 
0.08924812179725838 0.2495764880509022 
0.09987936775516063 0.22139749130385142 
0.15246634058575403 0.15374031817651942 
0.15246634058575403 0.15374031817651942 
0.1526204688219546 0.1536898682323331 
0.17408453415661657 0.10725845031276442 
0.12864302081570814 0.1523825220110273 
0.17772044677863152 0.17061449041583887 
0.1676891202759906 0.19128446715322228 
0.14184267232418807 0.17436765267232482 
0.10530624397283711 0.1815153063789194 
0.10241617531480048 0.18054332328906642 
0.1658465565536034 0.17669852978635933 
0.16989063810112603 0.18548446809751118 
0.1272391289951754 0.15491893396389106 
0.1272391289951754 0.15491893396389106 
0.12484819658081116 0.13422835112851772 
0.14176655060461252 0.12687524664029973 
0.07519356534813558 0.17170578032385606 
0.1268550089368255 0.15663021539550787 
0.12689010767994838 0.15666348282712542 
0.11764658196584643 0.2155521988862918 
0.15470061605664923 0.19029848245029052 
0.15470061605664923 0.19029848245029052 
0.15470061605664923 0.19029848245029052 
0.15408976668367536 0.16559034732543565 
0.14633410798530105 0.1994845147230106 
0.17199161065702764 0.2506972293926448 
0.17199161065702764 0.2506972293926448 
0.17199161065702764 0.2506972293926448 
0.17199161065702764 0.2506972293926448 
0.17176958044529372 0.24909381547195472 
0.17176958044529372 0.24909381547195472 
0.17302591765740238 0.2513917642709503 
0.17302591765740238 0.2513917642709503 
0.140193577262683 0.18683613175276068 
0.14669711901914295 0.16498908158894496 
0.14853888828869685 0.1385049756374014 
0.14853888828869685 0.1385049756374014 
0.1639467528576628 0.11201717442371917 
0.16639383818564396 0.13925775266793058 
0.15766325332949677 0.13902776504211856 
0.15766325332949677 0.13902776504211856 
0.15766325332949677 0.13902776504211856 
0.11897641296769998 0.1949381327645772 
0.14502048397812028 0.21255223479355767 
0.1522943725690782 0.21605705363281186 
0.14222609243380885 0.22662317267308532 
0.14222609243380885 0.22662317267308532 
0.14464176685977986 0.1498204485387965 
0.15100576526279855 0.13994401565816736 
0.14407367874085003 0.13284749426710002 
0.14407367874085003 0.13284749426710002 
0.14407367874085003 0.13284749426710002 
0.14407367874085003 0.13284749426710002 
0.1525922571545848 0.12171185383485486 
0.1547811970160906 0.10875972085282903 
0.15501407550068888 0.11018709883957079 
0.1483072459686381 0.1003100755149731 
0.11160473297116762 0.1860579554526404 
0.1121186788212821 0.18000434931742895 
0.14306131735694105 0.18356570258615232 
0.11861396281246336 0.2014509870696533 
0.10571754811038632 0.22583180862823918 
0.10178572102108899 0.224327134527667 
0.1051916814234891 0.20199994335161264 
0.17142551197667202 0.19130957833184487 
0.12309787856792359 0.18505052220738633 
0.1527344495788848 0.17739182676546578 
0.17945377363345996 0.17139590386619627 
0.0845657652829007 0.16706587911185183 
0.1442959113107689 0.19392153097649645 
0.1180712440176015 0.17905434398471826 
0.0748164732367319 0.1871279718599076 
0.13341269091876998 0.19598836743513554 
0.14917194555736196 0.2168923750114376 
0.14917194555736196 0.2168923750114376 
0.16464249317091684 0.22784904216457888 
0.16464249317091684 0.22784904216457888 
0.165688381461783 0.23010906784544766 
0.1550741135720816 0.2138998507950488 
0.10564495177924889 0.21209318086528922 
0.13130560839992453 0.18175110011799483 
0.17602158863233067 0.16554940470522214 
0.10578354605499263 0.17062161718686708 
0.10249560938329726 0.16317071113968104 
0.13072472459502565 0.12014840197990735 
0.11669084840601818 0.19058211461984756 
0.08980613710598269 0.1815998379864593 
0.16070243820637667 0.18648192117336826 
0.12846536869051298 0.1718938642594139 
0.11769537388927039 0.18697416286071314 
0.12975763439813814 0.18224638036326252 
0.11922239030840187 0.17477395992117958 
0.11645981826622417 0.1304672362750831 
0.11609019193299691 0.13034189579034797 
0.1248174904871242 0.13833628270419787 
0.14990462847947042 0.1586687741538264 
0.1413346844139184 0.13864357322112647 
0.14131420561140814 0.1383206261342097 
0.1418454433228732 0.13875457574862896 
0.13852008925635156 0.13850164868633555 
0.14631487811930896 0.1128013358534261 
0.14802000934368106 0.12341736885485141 
0.14802000934368106 0.12341736885485141 
0.14802000934368106 0.12341736885485141 
0.18083947682662233 0.11343305616183431 
0.17543087645190394 0.11726785929402896 
0.17543087645190394 0.11726785929402896 
0.17543087645190394 0.11726785929402896 
0.1697293976869545 0.11963711440088459 
0.15224980171862862 0.12941084387557988 
0.15224980171862862 0.12941084387557988 
0.10344281226541344 0.150658805715135 
0.17987119043718777 0.17442786553946965 
0.09764251962743839 0.20748259759312102 
0.1658587264159309 0.17240709121468786 
0.14746238584665833 0.17598170369185742 
0.11547673425790726 0.1901127755499393 
0.10506532316837466 0.25316258413830695 
0.1283380121991559 0.22438762717006888 
0.1283380121991559 0.22438762717006888 
0.15379947285792706 0.2544137558858358 
0.15379947285792706 0.2544137558858358 
0.15379947285792706 0.2544137558858358 
0.15379947285792706 0.2544137558858358 
0.15379947285792706 0.2544137558858358 
0.15379947285792706 0.2544137558858358 
0.15379947285792706 0.2544137558858358 
0.15379947285792706 0.2544137558858358 
0.15435074963690706 0.25371268178507 
0.14124104444091395 0.25258670780416204 
0.17486558626115528 0.2118092612101262 
0.17571815903978 0.21236229801904627 
0.1712608472496821 0.21577086632629228 
0.15590301051435726 0.19609626279591916 
0.15590301051435726 0.19609626279591916 
0.1747822123631622 0.24605023243027624 
0.1517945331349155 0.20181240715781307 
0.159440132522544 0.1975424532460421 
0.08955190465289292 0.16023818640834006 
0.12966492115319314 0.19989262933681637 
0.1054757342865147 0.1894460863687462 
0.09186542266090497 0.14709405939465775 
0.10976894960610659 0.19073679180711545 
0.13722300801793552 0.16119305500962197 
0.13246474734365946 0.13885190563097177 
0.13246474734365946 0.13885190563097177 
0.13866903630343105 0.15316021217452655 
0.14300667545971874 0.18931186001355788 
0.1590783981977009 0.19741636572486174 
0.18002242095908808 0.20564574552512102 
0.10843609477875649 0.16827995188577918 
0.16855739307918477 0.15357525428602822 
0.1676102776607454 0.15485415480692072 
0.1674007176236117 0.15492460461335295 
0.1674007176236117 0.15492460461335295 
0.14920967740807178 0.17343732447758425 
0.15461794697414538 0.16267206706085297 
0.17461191043023352 0.20334170306891144 
0.12893026998224089 0.20229492185518638 
0.14068605754438473 0.15396669649323172 
0.10219497940404196 0.17014659763466042 
0.11554053188415614 0.1605977184300071 
0.15653915257820236 0.20892681115112194 
0.15653915257820236 0.20892681115112194 
0.07153009817535573 0.17930194735397192 
0.16785904231383067 0.1755886584991518 
0.1712067084167552 0.16292333504563475 
0.06727939574395785 0.19540389784815768 
0.06727939574395785 0.19540389784815768 
0.06727939574395785 0.19540389784815768 
0.1610910507474161 0.19470622946785993 
0.17295142931269838 0.17279105278069568 
0.1562707017382717 0.1701554084649506 
0.07537800348992432 0.2142013852653523 
0.07473775483453543 0.16302927242843526 
0.10220735611657833 0.16960674914479232 
0.10750047630479517 0.1889609650731474 
0.13336104638505888 0.16671544711936326 
0.0872100680262209 0.21957713093919518 
0.08485055511602771 0.23427464658637856 
0.08485055511602771 0.23427464658637856 
0.09528789927350051 0.21946022378906493 
0.08670805964171582 0.24639174932716662 
0.08670805964171582 0.24639174932716662 
0.08615397567020598 0.24345306085472235 
0.08615397567020598 0.24345306085472235 
0.08615397567020598 0.24345306085472235 
0.08035991532485089 0.2071287219186147 
0.09646193651316348 0.16080233606041855 
0.09646193651316348 0.16080233606041855 
0.09834590003559045 0.1647710971252733 
0.09314567389354711 0.13939648969224888 
0.09843109690386082 0.14639964539863345 
0.0971527782785028 0.14540826004759333 
0.0971527782785028 0.14540826004759333 
0.10312621258684372 0.2453425177440719 
0.09014070350140244 0.2242757736517189 
0.1326415786880248 0.1675283635360817 
0.1478440699720856 0.19324381607032806 
0.1584248647955155 0.17082454622280432 
0.1764405903050872 0.09743420296053887 
0.17754150272554034 0.11493354932497876 
0.17584795380206894 0.11709042787392308 
0.17584795380206894 0.11709042787392308 
0.13423439185494085 0.1324418635838783 
0.10891688780593628 0.1209163870790397 
0.17141876148980195 0.19520745683500593 
0.13201938299368576 0.1558057048656876 
0.11210884525097582 0.15257263988296488 
0.11210884525097582 0.15257263988296488 
0.13903139810358545 0.21910971138522534 
0.14170105568404584 0.24919013533016038 
0.14170105568404584 0.24919013533016038 
0.14170105568404584 0.24919013533016038 
0.14170105568404584 0.24919013533016038 
0.1419560142798155 0.24454048828821692 
0.1419560142798155 0.24454048828821692 
0.11411431461539712 0.17699084766782353 
0.129750193320009 0.1515859682008857 
0.12428129624237391 0.14140774653379112 
0.11371726222077719 0.19550720561549687 
0.1306587194702394 0.19045910814544592 
0.10757977518070747 0.187675419657006 
0.15565241245468045 0.19638314727348136 
0.15511979467465958 0.19711614875961 
0.16670682934763312 0.16076954519036507 
0.14369836487685353 0.19550933487935093 
0.10122861702876396 0.16490027202793228 
0.0934681884518227 0.17304314871039875 
0.1780287612132561 0.1977681360058361 
0.09568098899651464 0.17481708851286626 
0.14604198126585452 0.20278724994324618 
0.14678387512089688 0.19134503333320232 
0.10675686497289391 0.15783082120126876 
0.15602078193637434 0.204754460342728 
0.15602078193637434 0.204754460342728 
0.15152766511158072 0.1854032674446824 
0.07691362227994003 0.1988224087087785 
0.14718241225695716 0.15482827013558498 
0.17237663366395278 0.18942269586805538 
0.12280907705774347 0.20398091011721203 
0.12439747598761844 0.20321883761511603 
0.16203343665041547 0.21043114229819543 
0.16203343665041547 0.21043114229819543 
0.17996495786448213 0.2001337321162357 
0.17996495786448213 0.2001337321162357 
0.139887353493144 0.1570557679804956 
0.1210454193887139 0.17889836759089026 
0.0832206227314698 0.15553943143131418 
0.08290341070090461 0.15524492846324 
0.06865722072957092 0.18797044887787742 
0.1588050427331467 0.18346904872360287 
0.09742450172721409 0.16058512722022358 
0.08069299930568924 0.18767828304692596 
0.07766925263925357 0.15218470425866581 
0.06991671689745577 0.14498250540977703 
0.06991671689745577 0.14498250540977703 
0.07061133829389177 0.13569083736741389 
0.07061133829389177 0.13569083736741389 
0.07061133829389177 0.13569083736741389 
0.07061133829389177 0.13569083736741389 
0.06972208922011865 0.14064194068479685 
0.06972208922011865 0.14064194068479685 
0.06972208922011865 0.14064194068479685 
0.06972208922011865 0.14064194068479685 
0.06972208922011865 0.14064194068479685 
0.06972208922011865 0.14064194068479685 
0.14955778580774787 0.16140080054400535 
0.13573421925600504 0.1911632773267996 
0.07335219417156985 0.17679998732068739 
0.1725890488185286 0.16145504472913225 
0.18056171649128855 0.1509502269129257 
0.0815356722975279 0.20167068510445763 
0.08853824246967268 0.20076770746974906 
0.08853824246967268 0.20076770746974906 
0.10265099552778718 0.22043579087221732 
0.08473804077580116 0.2295481269862443 
0.08473804077580116 0.2295481269862443 
0.09871688883406896 0.22508499106449892 
0.10661134219627888 0.2517564320314347 
0.10661134219627888 0.2517564320314347 
0.10680102921088558 0.22736081189573182 
0.11287702173646781 0.23622902616991096 
0.093012499722878 0.226116659078048 
0.093012499722878 0.226116659078048 
0.08651341811038403 0.1657503461295475 
0.09760424893589259 0.20456572267224965 
0.12383162025565 0.15930253187604052 
0.12111303556496922 0.17203645042439247 
0.06590722668213463 0.22986802268198747 
0.06590722668213463 0.22986802268198747 
0.06590722668213463 0.22986802268198747 
0.06160798551394509 0.17827802562833658 
0.16775664156279485 0.21277332341549637 
0.16775664156279485 0.21277332341549637 
0.17114539048977118 0.1972122845325867 
0.13869326421009406 0.1850906268503356 
0.14575131877295072 0.19414330795756163 
0.1433152189547997 0.15965092797509783 
0.17891041377685113 0.17428878476285187 
0.17917780760136956 0.1553173150992414 
0.07167162667929158 0.19580608768934832 
0.07167162667929158 0.19580608768934832 
0.07569023249879234 0.19483906193645742 
0.07569023249879234 0.19483906193645742 
0.1426680764058421 0.19813474845308618 
0.15070763414403787 0.19273592937652084 
0.1720700329511179 0.1665191178305407 
0.0939156635730981 0.15414324537537383 
0.0939156635730981 0.15414324537537383 
0.08450034941090756 0.1846221592563834 
0.16589094876149674 0.17543807444653609 
0.1484920770656694 0.2036182822756868 
0.13923257911100817 0.18094957060469988 
0.131836328164401 0.20708986327221449 
0.11275117109196961 0.22843520937177228 
0.11277508300263031 0.23131430920175142 
0.06438597447648978 0.15506867341053354 
0.08948622910900288 0.158532478111443 
0.07878929405616106 0.15879526182426015 
0.1397801186902143 0.20533395898010726 
0.12176331463909272 0.2206917940961166 
0.12299835331268981 0.23740285207218753 
0.12107112376662897 0.22909649418109557 
0.12107112376662897 0.22909649418109557 
0.11907003198481746 0.22254928432201526 
0.11907003198481746 0.22254928432201526 
0.13062082410807907 0.2370773461179371 
0.13935567051756112 0.24207727971764467 
0.11841653447827163 0.18852124515347513 
0.14133520422669404 0.15333112603976123 
0.14762558059934122 0.15273379430781955 
0.14716921786046197 0.14980329766653222 
0.13640133662837328 0.11531966859947032 
0.13640133662837328 0.11531966859947032 
0.13640133662837328 0.11531966859947032 
0.13640133662837328 0.11531966859947032 
0.13564666867592512 0.11765518604603611 
0.13319841247911818 0.1184089871300634 
0.11381108265311445 0.15635318998342895 
0.13328723310055604 0.12304513766454289 
0.13328723310055604 0.12304513766454289 
0.13328723310055604 0.12304513766454289 
0.13230301875160777 0.12918918212615993 
0.1025769059131958 0.1383786408354446 
0.0768062328103713 0.16534711234778202 
0.08321693587667049 0.16741817380611562 
0.06165467634534903 0.1627189522880183 
0.1547751739758241 0.1682662324864621 
0.16821159680296194 0.1760109102967458 
0.12038414280480944 0.19128439733213504 
0.09623841152192253 0.15078082891144634 
0.10889897348367172 0.196400140767044 
0.1223202067050673 0.22785602068982827 
0.1223202067050673 0.22785602068982827 
0.12332585843735971 0.23568834091106183 
0.1277188503077149 0.2207421031134431 
0.12986021832328123 0.23031390769239635 
0.13065835176234197 0.21318437615287417 
0.1469484075735992 0.22812817089971743 
0.1591375129045026 0.246107617561115 
0.1591375129045026 0.246107617561115 
0.11235582475262576 0.175850331164128 
0.09451030888595006 0.17560470235280073 
0.10263071302956389 0.1661950052827248 
0.09066875681661499 0.16752786034223643 
0.1203206587798252 0.17215788674512142 
0.13657773246413998 0.14334606739686806 
0.13657773246413998 0.14334606739686806 
0.13657773246413998 0.14334606739686806 
0.14766613969697495 0.14311497141993215 
0.15714035245125027 0.15439201061157054 
0.12727936231083153 0.186341683793744 
0.11878123154811915 0.20411587407130677 
0.1556916647547158 0.16919408869465052 
0.15019804263229553 0.1682187249638064 
0.08673703521316077 0.21433382293117886 
0.08904878182956893 0.21344460982051 
0.07595675713310927 0.17653805026156344 
0.07606260995502863 0.1581383239585668 
0.10223926263484782 0.17967363484299492 
0.1677583831514119 0.2095657937494953 
0.17375341721412008 0.22965296032368154 
0.15214426486650154 0.18248847265461615 
0.15727871746740446 0.18206599459880918 
0.1310682884352794 0.18894413766736354 
0.10866009557394612 0.15403515468831414 
0.16007275729130288 0.18873300164665266 
0.1603701474334891 0.18757991337862023 
0.13852224986817835 0.19243530276539403 
0.12224517918592169 0.20446436067815563 
0.12224517918592169 0.20446436067815563 
0.10281976875524615 0.1595989641828436 
0.10899781369621513 0.14519986459623122 
0.14229450225367574 0.1526717633877335 
0.11993657024522661 0.10669315478309403 
0.11980431047844074 0.10874392019942958 
0.11968289602654679 0.10859445430870093 
0.1169216073355314 0.12144892941521578 
0.1169216073355314 0.12144892941521578 
0.1154860361300498 0.12920361655083873 
0.08860238494200467 0.1464750733388432 
0.08860238494200467 0.1464750733388432 
0.086128261279243 0.1444861619177881 
0.10896647670319481 0.15828077748588015 
0.10896647670319481 0.15828077748588015 
0.12014085449306572 0.1719426764683389 
0.06517125167182436 0.16340680770171026 
0.07109927238193856 0.2515509142304558 
0.07109927238193856 0.2515509142304558 
0.09518755434855691 0.20730320995717794 
0.0738641279855814 0.14405724442827944 
0.0738641279855814 0.14405724442827944 
0.0738641279855814 0.14405724442827944 
0.07263421584670665 0.14278532533336685 
0.07010117562482401 0.14000269938890536 
0.07010117562482401 0.14000269938890536 
0.07185866430581675 0.14346658775293092 
0.07185866430581675 0.14346658775293092 
0.10792928301880132 0.16262503109313253 
0.13977422188061295 0.1765800194738469 
0.1341374846623073 0.14766276783124738 
0.11233532937858792 0.11879912770317255 
0.11320849215388318 0.09987858701661308 
0.1161952401807804 0.11479372376825861 
0.11665312268713637 0.11527294838290991 
0.11224803571681194 0.11414648435628004 
0.11234389298760974 0.13376650866255715 
0.06494219480083084 0.18947190098269065 
0.16987596091608906 0.24328962178733377 
0.16987596091608906 0.24328962178733377 
0.16987596091608906 0.24328962178733377 
0.17032917077747498 0.2445427556855476 
0.17032917077747498 0.2445427556855476 
0.17032917077747498 0.2445427556855476 
0.14288688524518428 0.20102131650063432 
0.18037195793884925 0.20639303990842905 
0.18037195793884925 0.20639303990842905 
0.06720059047870035 0.19351147195713958 
0.15304235521217266 0.17566981003957677 
0.09940442273851005 0.20041255163510563 
0.08737229889484754 0.16859579200538638 
0.07418450698964557 0.14298121685929274 
0.07102748924934235 0.13460999066630627 
0.07102748924934235 0.13460999066630627 
0.07102748924934235 0.13460999066630627 
0.06929360533494601 0.13494619803913724 
0.07202831911207114 0.13777570207648865 
0.07202831911207114 0.13777570207648865 
0.06661542377913374 0.12415911122240886 
0.06830133337689469 0.15157620592485382 
0.06830133337689469 0.15157620592485382 
0.06830133337689469 0.15157620592485382 
0.06423928439723998 0.1348456136008926 
0.06423928439723998 0.1348456136008926 
0.06257406704821164 0.13184737248114337 
0.06257406704821164 0.13184737248114337 
0.06257406704821164 0.13184737248114337 
0.0706606479752206 0.13052761015161018 
0.0715579272389211 0.13120839847002996 
0.07983371036525277 0.1367252673518081 
0.08618005861977003 0.10237576803014062 
0.10620100491191146 0.14978721203332995 
0.166483739286704 0.22210030625930027 
0.1609391584214357 0.23636950920692518 
0.1692642826423389 0.24080165425206604 
0.1692642826423389 0.24080165425206604 
0.17752503635033096 0.24854496046279898 
0.15432625186040042 0.20192974051905133 
0.15432625186040042 0.20192974051905133 
0.16126923991642073 0.19830019215365935 
0.11897657795973628 0.16681331265308683 
0.1119812813722692 0.17973202643449487 
0.16346613013568076 0.17538906754985523 
0.10852669232633785 0.1755977858893129 
0.12968865511321956 0.14258490155756037 
0.1703448194099429 0.1559581940525538 
0.1703448194099429 0.1559581940525538 
0.0772826498379301 0.22058982568084112 
0.072921822810607 0.23860744640787235 
0.10032658975555186 0.17782390149770821 
0.13882907237436534 0.19277888455172165 
0.13882907237436534 0.19277888455172165 
0.08648783130637434 0.18127221909161964 
0.08863523254121562 0.2191867624789087 
0.08258063625727376 0.21975105420388477 
0.08258063625727376 0.21975105420388477 
0.08258063625727376 0.21975105420388477 
0.0838580096207163 0.22254503906801087 
0.0838580096207163 0.22254503906801087 
0.0838580096207163 0.22254503906801087 
0.08117170155933146 0.2512681421082402 
0.08117170155933146 0.2512681421082402 
0.0853434392712301 0.23326312348451858 
0.08338489218207029 0.23307573527168857 
0.08277727044054103 0.2332419774465766 
0.08597187274052394 0.23234817118665155 
0.09285780945567071 0.23594322085201477 
0.09280039825631553 0.23619875407067503 
0.09280039825631553 0.23619875407067503 
0.09280039825631553 0.23619875407067503 
0.09280039825631553 0.23619875407067503 
0.09280039825631553 0.23619875407067503 
0.11453610126443896 0.1765176417432239 
0.17052430246040196 0.1931413784958203 
0.07986076459656537 0.18183792066004456 
0.07623583340745047 0.2043526016245789 
0.07692590717763749 0.22391525470656068 
0.08491413651602585 0.24079368492975264 
0.08491413651602585 0.24079368492975264 
0.0849899010758462 0.24106278060429276 
0.0849899010758462 0.24106278060429276 
0.0849899010758462 0.24106278060429276 
0.08428015610924758 0.20827152444282082 
0.07930118286996962 0.18622830290190165 
0.10132267449221571 0.1585600207550222 
0.09041988117650758 0.17620408277394686 
0.07407233190707908 0.17497286075968563 
0.06873869832603997 0.19957116382050138 
0.09037062069547927 0.14127785112855057 
0.07358894831406051 0.12721268194025537 
0.1516603447285393 0.1687245847352886 
0.09024398776030185 0.16280357535180268 
0.1543477729431563 0.18349058015508654 
0.09936282009342512 0.15031855330338745 
0.09936282009342512 0.15031855330338745 
0.09936282009342512 0.15031855330338745 
0.16379504944600626 0.1829561249851591 
0.09473280982068254 0.18139802252781778 
0.13157590553080165 0.21220155419962292 
0.1288018344758261 0.2339334652911222 
0.13530708900928726 0.22570937476955757 
0.14195743043242165 0.21730186210701022 
0.14092674618257917 0.2175798491236509 
0.08712017981341602 0.18205824144152372 
0.0860084201885395 0.20444486503706738 
0.08055263107338158 0.18965467456027413 
0.10334604077120652 0.19841430584282593 
0.11310602434011435 0.2408122320964391 
0.11331757669152069 0.24656131643651982 
0.11331757669152069 0.24656131643651982 
0.1385067193864979 0.2257694039081659 
0.15773830972542896 0.2262462810134664 
0.15773830972542896 0.2262462810134664 
0.16275955201697484 0.22854290374309857 
0.1579253816053763 0.24614190973496358 
0.1579253816053763 0.24614190973496358 
0.1579253816053763 0.24614190973496358 
0.07103753815090519 0.24131792149488113 
0.07103753815090519 0.24131792149488113 
0.07103753815090519 0.24131792149488113 
0.07498192289374407 0.2424708680546385 
0.09895875392358842 0.2231302065012007 
0.06102548231751412 0.2160794038047855 
0.06102548231751412 0.2160794038047855 
0.06102548231751412 0.2160794038047855 
0.16003905322210968 0.22297845172266917 
0.16003905322210968 0.22297845172266917 
0.0726277591365869 0.17653199552180687 
0.15371844219242303 0.16921730967713436 
0.11340972039102595 0.1686308707703774 
0.10353827378487547 0.17997160424901917 
0.12700533979059023 0.17700363228664995 
0.1553344738404312 0.17896908146679513 
0.175854639526346 0.19256157884464442 
0.16330000717810497 0.1607238686989682 
0.15671897891058734 0.1812154497861165 
0.1165188014101825 0.15353950855296283 
0.11261757996701562 0.15090376036335076 
0.11261757996701562 0.15090376036335076 
0.11261757996701562 0.15090376036335076 
0.06357453912336995 0.2062333356638749 
0.13313382296174306 0.17214163655515516 
0.13767244772045886 0.17620707623393111 
0.1524094537061421 0.19333224343325714 
0.12274700816637418 0.19240421288504808 
0.12168422281228597 0.19499758976783405 
0.12720351340277702 0.20278748873638047 
0.17597101772593626 0.15766543240286734 
0.06159719962116461 0.1782689686743405 
0.13071103237854145 0.17609043828835436 
0.14054117506801386 0.20047877143439874 
0.11977911612643624 0.17804773496643728 
0.15619270096248428 0.1954365182323518 
0.15619270096248428 0.1954365182323518 
0.1378077006094175 0.19634981177877467 
0.07066816411751989 0.1731202589724245 
0.15674748336962177 0.1884114674888629 
0.1664742658623763 0.22804900700520586 
0.1664742658623763 0.22804900700520586 
0.16838428461368438 0.2241950090413726 
0.16838428461368438 0.2241950090413726 
0.16838428461368438 0.2241950090413726 
0.17013303521688306 0.22561217026898095 
0.17013303521688306 0.22561217026898095 
0.17724420053358314 0.23852980184671435 
0.17724420053358314 0.23852980184671435 
0.17724420053358314 0.23852980184671435 
0.17724420053358314 0.23852980184671435 
0.1800040267894023 0.24058765099377577 
0.1800040267894023 0.24058765099377577 
0.1800040267894023 0.24058765099377577 
0.18073311464850683 0.24210896747540006 
0.18073311464850683 0.24210896747540006 
0.17994051394089616 0.24082899614855635 
0.17994051394089616 0.24082899614855635 
0.17994051394089616 0.24082899614855635 
0.17994051394089616 0.24082899614855635 
0.17994051394089616 0.24082899614855635 
0.17264056148698925 0.241169409225718 
0.17264056148698925 0.241169409225718 
0.17264056148698925 0.241169409225718 
0.17264056148698925 0.241169409225718 
0.16233842603295973 0.2040145178015834 
0.1344763004573735 0.19570738885447322 
0.11679815303506329 0.20880088980261147 
0.17885932195302126 0.1598053522959819 
0.10242238288365682 0.15563943571375588 
0.08207366286786444 0.1338301354276863 
0.08207366286786444 0.1338301354276863 
0.08810136951474845 0.13298716298942487 
0.08810136951474845 0.13298716298942487 
0.08810136951474845 0.13298716298942487 
0.09853371113887927 0.12529918098011367 
0.07889056372498024 0.17452493280411913 
0.11963917707654954 0.15679489113472175 
0.13745299123427604 0.2187783542727294 
0.13473161471809053 0.22715145596599484 
0.13473161471809053 0.22715145596599484 
0.1374966786544524 0.23814017966874654 
0.1374966786544524 0.23814017966874654 
0.1374966786544524 0.23814017966874654 
0.12998196926394107 0.22732587581408564 
0.13215590942398905 0.2532589141918266 
0.13215590942398905 0.2532589141918266 
0.13169859685966454 0.2543780051148974 
0.13169859685966454 0.2543780051148974 
0.13169859685966454 0.2543780051148974 
0.13169859685966454 0.2543780051148974 
0.11625075094767831 0.2440570177882872 
0.10117104399914459 0.2296712721957932 
0.10117104399914459 0.2296712721957932 
0.11309913072199469 0.18526523471271905 
0.11360810511817518 0.15631335193801224 
0.15144493096677122 0.16942448285775705 
0.11843414701864743 0.20879941001630867 
0.11894354474224232 0.20971510654613928 
0.11894354474224232 0.20971510654613928 
0.11496446526792381 0.20545254964488915 
0.12865356162704125 0.1965934507544857 
0.08333753535319466 0.16096790256379168 
0.07637309154437029 0.18821434620453653 
0.16271888689886996 0.189010587226844 
0.10554662819021537 0.16048118914277087 
0.1552959654615744 0.16502127423769844 
0.1552959654615744 0.16502127423769844 
0.16052914035584154 0.19740256349885804 
0.08458744204095722 0.1551963870944267 
0.10549259317645861 0.18212479802443066 
0.14328790794211305 0.20870212797940957 
0.14328790794211305 0.20870212797940957 
0.14328790794211305 0.20870212797940957 
0.14518929057515093 0.20618673612328922 
0.14176872147499076 0.25069221589888174 
0.14176872147499076 0.25069221589888174 
0.14176872147499076 0.25069221589888174 
0.14176872147499076 0.25069221589888174 
0.14176872147499076 0.25069221589888174 
0.14176872147499076 0.25069221589888174 
0.14176872147499076 0.25069221589888174 
0.14176872147499076 0.25069221589888174 
0.14176872147499076 0.25069221589888174 
0.09266643328406257 0.18986417845239845 
0.10487462017968205 0.18065336347006405 
0.12665508544873508 0.19014320974159526 
0.11632434993518564 0.21308508045813013 
0.06808849684325677 0.16691124244038055 
0.08586151254795582 0.15317416504373257 
0.07071651044510434 0.15914895639539003 
0.07071651044510434 0.15914895639539003 
0.07247827994186161 0.16111561675898534 
0.08393563158258116 0.17260960803313785 
0.06768994098373975 0.16197838303266507 
0.0708647029023518 0.192730184176731 
0.10691805147845711 0.206890476678312 
0.10960862770709476 0.20439012003028104 
0.1686346543211633 0.18144370568956555 
0.17824052145787617 0.23696817851863516 
0.17824052145787617 0.23696817851863516 
0.17824052145787617 0.23696817851863516 
0.17824052145787617 0.23696817851863516 
0.17824052145787617 0.23696817851863516 
0.17824052145787617 0.23696817851863516 
0.17824052145787617 0.23696817851863516 
0.17824052145787617 0.23696817851863516 
0.17824052145787617 0.23696817851863516 
0.17824052145787617 0.23696817851863516 
0.17824052145787617 0.23696817851863516 
0.17824052145787617 0.23696817851863516 
0.17824052145787617 0.23696817851863516 
0.09505841835961709 0.19955937850438363 
0.06745575211139897 0.20534139726843692 
0.17481552845618353 0.23001807754287085 
0.17481552845618353 0.23001807754287085 
0.09115951080872903 0.19116397572805674 
0.06784279450645175 0.20414937097728328 
0.0686440431549298 0.19942897549300584 
0.07373943157912988 0.17409487525242168 
0.06788075760685414 0.19997195567951825 
0.06788075760685414 0.19997195567951825 
0.10364390422851066 0.15965887170689955 
0.0909040007448595 0.17690604733974585 
0.12679790534348562 0.19026686985278973 
0.0841711889743019 0.19004671438066434 
0.08759220331151453 0.17757456756542792 
0.1375518647803909 0.18568198703221786 
0.15273110025372846 0.1953613698231118 
0.06765895364257876 0.18187196788820373 
0.07283059629657525 0.16148535484104104 
0.17502118388963675 0.1600488528869075 
0.12786392138047262 0.17684574060609196 
0.11554021961364465 0.17838728341641866 
0.16685635931629367 0.16865356758623154 
0.10346027246233784 0.17256898068435006 
0.1615236147629163 0.162697376136106 
0.15917843669471446 0.19652397872409935 
0.17366373808409205 0.19328439562607058 
0.11061819234487524 0.20251016241418301 
0.11061819234487524 0.20251016241418301 
0.12944467028233486 0.18007861778194656 
0.07299870673778353 0.16522005282304336 
0.11881675347334258 0.16822348232323786 
0.11939193604366784 0.15994352986009966 
0.15653192599490856 0.17099626136746243 
0.10366283658521103 0.1739381538721698 
0.09700255041846945 0.152337489485644 
0.07449990430420317 0.15066062364786417 
0.16909132661268056 0.20270839648415853 
0.08702068094262332 0.17844449686387875 
0.16662748284793216 0.2046864919086619 
0.13923387590486763 0.20374792186170504 
0.13520617403357402 0.20478466343155985 
0.14478455260176062 0.21176571844579364 
0.0752918659912017 0.16388992663868301 
0.1509168158625152 0.21119214070670903 
0.1509168158625152 0.21119214070670903 
0.1739430710219019 0.2162692429291893 
0.1739430710219019 0.2162692429291893 
0.1739430710219019 0.2162692429291893 
0.09171245206362248 0.17539045312219811 
0.08282058376273355 0.17300206643458846 
0.08771012420744487 0.15964569128524586 
0.11896388725023904 0.1901765119549456 
0.11896388725023904 0.1901765119549456 
0.11896388725023904 0.1901765119549456 
0.12740945768121623 0.17631273328098002 
0.1425291456322328 0.16104564734431978 
0.1425291456322328 0.16104564734431978 
0.16132397278513944 0.15089683655864772 
0.1420310997566866 0.21464339230772295 
0.14623125861070052 0.2329894209145114 
0.14943832524462708 0.23479193117447691 
0.14943832524462708 0.23479193117447691 
0.1520246064769777 0.2326874014879038 
0.15348351700464752 0.240344078728339 
0.15348351700464752 0.240344078728339 
0.15348351700464752 0.240344078728339 
0.15189282655668507 0.2325236767800808 
0.15418437879175717 0.2312031182706895 
0.1803271260715837 0.25472205132236075 
0.1803271260715837 0.25472205132236075 
0.1803271260715837 0.25472205132236075 
0.1803271260715837 0.25472205132236075 
0.1803271260715837 0.25472205132236075 
0.14472905555097093 0.2273413730448396 
0.15027792186855077 0.22087712367013546 
0.15156653762288652 0.22984520105021922 
0.15255650389586078 0.2296478927020433 
0.1515836127090094 0.23095319125857916 
0.1515836127090094 0.23095319125857916 
0.15299637102802355 0.2221249729611751 
0.15299637102802355 0.2221249729611751 
0.15299637102802355 0.2221249729611751 
0.15299637102802355 0.2221249729611751 
0.15299637102802355 0.2221249729611751 
0.16536492445461454 0.2184182116848938 
0.08026227638274554 0.16285492724414233 
0.09017541658308596 0.09393887826750943 
0.09017541658308596 0.09393887826750943 
0.08663038567787586 0.10011071908942179 
0.12175889755255387 0.15380810345934487 
0.1477254483157031 0.17121035449596433 
0.15479134764381436 0.18160418161055253 
0.14259744125870127 0.1695149432428623 
0.10130171899902066 0.1929610995657126 
0.08226188641945831 0.16735912227833863 
0.1692590655919643 0.18718342085901246 
0.11886243075152264 0.20460765675302076 
0.11886243075152264 0.20460765675302076 
0.10973347005034693 0.22166082922139324 
0.06318062475286909 0.2301607190837332 
0.06318062475286909 0.2301607190837332 
0.09009356353622433 0.2365018289819108 
0.09009356353622433 0.2365018289819108 
0.10336823294695452 0.22937066972662143 
0.08625857575284088 0.24986547836754258 
0.08625857575284088 0.24986547836754258 
0.08625857575284088 0.24986547836754258 
0.08625857575284088 0.24986547836754258 
0.08625857575284088 0.24986547836754258 
0.1009412933000211 0.23783785747294034 
0.1009412933000211 0.23783785747294034 
0.1086592640845051 0.23495718914455918 
0.1086592640845051 0.23495718914455918 
0.09931589263739751 0.254613700778405 
0.09931589263739751 0.254613700778405 
0.09931589263739751 0.254613700778405 
0.09931589263739751 0.254613700778405 
0.09846638530739796 0.2541446218268592 
0.10992125552752582 0.21917588279658184 
0.10199673572877213 0.23451528170357222 
0.10281192104855919 0.23492034047853008 
0.06688793210400946 0.1611092020958308 
0.07295303750097981 0.15712455149266294 
0.14506057823512644 0.16903829000338536 
0.1544823262172153 0.16522226166777607 
0.06294074361234317 0.16329116412003852 
0.09605828002963629 0.15315691002115078 
0.10168576603632776 0.15023543588201124 
0.09293666957701535 0.14248758298371114 
0.0769825559983357 0.1276750940371637 
0.0769825559983357 0.1276750940371637 
0.0769825559983357 0.1276750940371637 
0.0769825559983357 0.1276750940371637 
0.0769825559983357 0.1276750940371637 
0.0763214596107964 0.12686179598231026 
0.08549515178639114 0.13823264106217037 
0.08549515178639114 0.13823264106217037 
0.08372369392007542 0.1764280470332235 
0.10079530833964692 0.1653915352834998 
0.09449576727104757 0.14355512762586542 
0.1236251166190259 0.16940977318085892 
0.0708957820036274 0.15780069424714335 
0.09629128523704655 0.1419033400780755 
0.09629128523704655 0.1419033400780755 
0.09408701028041615 0.1390778051261517 
0.09408701028041615 0.1390778051261517 
0.09825126515211563 0.11426028328733356 
0.09825126515211563 0.11426028328733356 
0.10321164807639033 0.140757547817342 
0.10406192799291264 0.1187487692577864 
0.11152144850135956 0.12591340469644635 
0.12974791696801338 0.13250645280006285 
0.11381054402732431 0.1499983858317156 
0.11381054402732431 0.1499983858317156 
0.08036761255535377 0.1900061179760988 
0.07724017870021492 0.21613275214896244 
0.07724017870021492 0.21613275214896244 
0.07724017870021492 0.21613275214896244 
0.07724017870021492 0.21613275214896244 
0.1086306937957108 0.20007546120530703 
0.11882416975058643 0.2403995536020715 
0.11882416975058643 0.2403995536020715 
0.11882416975058643 0.2403995536020715 
0.11882416975058643 0.2403995536020715 
0.12638451541252851 0.24071760992106467 
0.12638451541252851 0.24071760992106467 
0.12638451541252851 0.24071760992106467 
0.12794815066579657 0.2425084062730289 
0.12794815066579657 0.2425084062730289 
0.10817597482189009 0.2393706190367612 
0.0818054530922698 0.18850257253714878 
0.12589877192470933 0.18007152129240214 
0.09420955430395173 0.17546590257252628 
0.10121382450149258 0.21800521188408778 
0.10121382450149258 0.21800521188408778 
0.1010440421426342 0.21835936570341777 
0.10106790166496153 0.21787047778888655 
0.0991007643325665 0.2104180171892442 
0.0991007643325665 0.2104180171892442 
0.0991007643325665 0.2104180171892442 
0.1635424244110205 0.15693394178457246 
0.15975781015496288 0.15510410630731106 
0.16505079909174297 0.138816972297733 
0.16505079909174297 0.138816972297733 
0.17005412002004575 0.1336954144551132 
0.17042199364169222 0.13296977907847624 
0.1734399174751803 0.13357099416344043 
0.17998317078929454 0.12798190272343965 
0.17998317078929454 0.12798190272343965 
0.17500847459840552 0.15128516170592674 
0.06052955841516228 0.1569700495192375 
0.11563017532583934 0.16264203642470226 
0.12536920862157694 0.13756541694099653 
0.11013629074431788 0.11611576823508903 
0.11013629074431788 0.11611576823508903 
0.11013629074431788 0.11611576823508903 
0.11013629074431788 0.11611576823508903 
0.13932952048502506 0.09768626873956379 
0.13932952048502506 0.09768626873956379 
0.1782833886858217 0.09459690404288319 
0.1782833886858217 0.09459690404288319 
0.16297373034212123 0.1500292222729959 
0.16535062822244892 0.12646718376643462 
0.13885771963671031 0.19866736983863886 
0.17079505657581953 0.19952918637540526 
0.15406918825527388 0.21970076720620207 
0.07001590034129684 0.1672204175250914 
0.07234848497671922 0.16884209185114044 
0.18004442152416558 0.17094539560136893 
0.14509310430949285 0.15497226532955122 
0.15184942551394862 0.15039186315114586 
0.15184942551394862 0.15039186315114586 
0.15184942551394862 0.15039186315114586 
0.15503063749053136 0.15044291535893628 
0.15560583369348524 0.15065656969259056 
0.15560583369348524 0.15065656969259056 
0.17550595147269976 0.16974201952344992 
0.158729046643245 0.17068024114216068 
0.08706626062995637 0.19798969459592827 
0.1404849703482121 0.22924365072242445 
0.1404849703482121 0.22924365072242445 
0.10655999299268384 0.18739531602467094 
0.10856584272379623 0.16498960893639802 
0.11068775327630097 0.13033840720078513 
0.10092655041002327 0.13050847212943364 
0.10724315973020773 0.12399212948323726 
0.11160262512730221 0.1289665585874582 
0.11130783028641994 0.13131910529429125 
0.11130783028641994 0.13131910529429125 
0.11215129123357112 0.13138643397923763 
0.11215129123357112 0.13138643397923763 
0.10886591538525375 0.12553519453144282 
0.10886591538525375 0.12553519453144282 
0.0938092313154438 0.12377112381462987 
0.09463357127487232 0.12504662210744916 
0.09463357127487232 0.12504662210744916 
0.10311430326099172 0.1447201992820023 
0.10568476561966042 0.14745492472858907 
0.1156682476279986 0.14337004882129223 
0.1156682476279986 0.14337004882129223 
0.1156682476279986 0.14337004882129223 
0.10911346085400209 0.1595467992600269 
0.09000262588822468 0.1438730692757761 
0.09233742698048818 0.1445112295395513 
0.09003018177829711 0.10947203416198706 
0.10655053373793688 0.11598603552170071 
0.10758550338224836 0.11910763917369403 
0.10217224128904526 0.1272801515115499 
0.10217224128904526 0.1272801515115499 
0.10217224128904526 0.1272801515115499 
0.10217224128904526 0.1272801515115499 
0.09734346290970057 0.13299416535333555 
0.09734346290970057 0.13299416535333555 
0.09734346290970057 0.13299416535333555 
0.09734346290970057 0.13299416535333555 
0.09734346290970057 0.13299416535333555 
0.09734346290970057 0.13299416535333555 
0.09524898846195191 0.11961821579687823 
0.10765824600034035 0.12872578111049537 
0.10765824600034035 0.12872578111049537 
0.12300920590566783 0.13369794379366248 
0.13140507199402668 0.14138759598675374 
0.13140507199402668 0.14138759598675374 
0.06147963468116553 0.2202050243897507 
0.08707484321008988 0.22017780863300163 
0.08430347678967318 0.24817801995799993 
0.06746184994101828 0.2533939632072572 
0.09609309959550108 0.22435656553137284 
0.09704333975678504 0.21895052115990138 
0.09704333975678504 0.21895052115990138 
0.1038837286895946 0.15307632643585595 
0.1038837286895946 0.15307632643585595 
0.11925153733708013 0.18509702496198382 
0.13350438009655835 0.1626184525333248 
0.11964262060379013 0.17976666850897108 
0.10269735272951508 0.18192780567914457 
0.08567162362639962 0.17518899940329777 
0.12180920375351917 0.2014151687092386 
0.10180339790839207 0.21921267296805644 
0.13767691801719867 0.19655599178872432 
0.15821248238639837 0.18314726565073983 
0.07301147595860746 0.198372741322854 
0.10479674731792438 0.19074000549980114 
0.09066029340995196 0.16046784921631604 
0.09128401725608075 0.18241006160598422 
0.08460965559643081 0.18159100553431218 
0.17502011714837415 0.21538953054081683 
0.17262942205516468 0.21462921060943596 
0.17262942205516468 0.21462921060943596 
0.17380711272823202 0.21680861508058616 
0.17904960988232144 0.22046363884177358 
0.08639427961675226 0.2269014985551761 
0.08970932591696101 0.22719291655973653 
0.08625682874989 0.23874624569295888 
0.0806212647027744 0.2551489899105066 
0.0806212647027744 0.2551489899105066 
0.0806212647027744 0.2551489899105066 
0.08366562062524877 0.25396657343766493 
0.08356673080280494 0.25432633073093264 
0.08356673080280494 0.25432633073093264 
0.08247446103845905 0.23363863387699352 
0.06779477451191715 0.247616766517536 
0.06779477451191715 0.247616766517536 
0.0683540612026492 0.22865864274260783 
0.0683540612026492 0.22865864274260783 
0.0683540612026492 0.22865864274260783 
0.14919136647239578 0.1770406333373114 
0.12604767267191813 0.17516136876072075 
0.10433018141384107 0.16074301000869268 
0.07492731989665974 0.19376855681549346 
0.1729492400629688 0.19225100820044036 
0.10679418269234724 0.17734646723646397 
0.12000837999273534 0.17136773606298072 
0.16459256253057486 0.2042243701431821 
0.16525360199025804 0.18284917802224473 
0.10370470102045368 0.19714297416982748 
0.10870163179347125 0.21530523895318426 
0.08910866654450407 0.1606056903732185 
0.06538142849002591 0.15577273116860477 
0.1770671756286134 0.15128526071540477 
0.1770671756286134 0.15128526071540477 
0.0971446672287567 0.20686985014558357 
0.0971446672287567 0.20686985014558357 
0.10231293060146486 0.19981807302701576 
0.10901124743936694 0.19254201224187703 
0.10308407026099753 0.1907284735584921 
0.10308407026099753 0.1907284735584921 
0.12789288326261644 0.19723872977305806 
0.1370378689779158 0.17250786959326014 
0.09782592654830279 0.18415242767353732 
0.10131827250901136 0.1661165665671225 
0.09792939836568128 0.16956516004464559 
0.16313055129371215 0.17705505972754185 
0.0793703216822263 0.19239839617317125 
0.17441004732218224 0.1659658881597284 
0.16139845731697788 0.16130051593843314 
0.15680728644769365 0.19459932007772657 
0.14069422139875623 0.1558219766937451 
0.13931015907799613 0.15902553170896622 
0.1411840307828847 0.19733443838253967 
0.061818317685501924 0.17996026683203295 
0.11983778992503881 0.1844638319161627 
0.15008061359360791 0.15081115369919135 
0.1759096412508553 0.1515888301858839 
0.1759096412508553 0.1515888301858839 
0.17538227790278912 0.15012574483875743 
0.17538227790278912 0.15012574483875743 
0.17941051080015175 0.1494994898079002 
0.08929282992977372 0.16608515503311586 
0.1546538146150032 0.17733994973129796 
0.12630859090165877 0.176131331601139 
0.16119838262006184 0.18235289195790103 
0.16103469743110807 0.18998968169971267 
0.1556922974900957 0.1826361277533776 
0.15288389075131867 0.15212074206326787 
0.15288389075131867 0.15212074206326787 
0.1224782013309305 0.17226599775231446 
0.14443841934581728 0.22209933763055298 
0.14392306327049076 0.23019326470515905 
0.1283477607264283 0.22501920015714894 
0.12846907942654276 0.22474185080947 
0.12008006803977532 0.2148223286300117 
0.06713425456397358 0.17771942253621703 
0.07638117279188633 0.2067034038443402 
0.0802470991190526 0.20539359831588175 
0.0802470991190526 0.20539359831588175 
0.17719937747113695 0.19811211114977412 
0.17034806763012067 0.14948120463688822 
0.1635453870879533 0.1507103512822468 
0.08898455597637031 0.15894984042988097 
0.16950156304141986 0.19126665662707737 
0.14315890476164586 0.18616393404737047 
0.14432813057699345 0.1856685836345337 
0.14045492090251355 0.1882384360375871 
0.16682330113619834 0.16152194524299723 
0.16776283374172352 0.19525153827215883 
0.1683281157372936 0.21979807625896408 
0.1624461992214392 0.21496592498627312 
0.1624461992214392 0.21496592498627312 
0.16508902737419506 0.21391303336794817 
0.16508902737419506 0.21391303336794817 
0.15548497715437337 0.21579445474615389 
0.1568804934523665 0.23489949597522097 
0.15918274233548013 0.24243548293870304 
0.15918274233548013 0.24243548293870304 
0.15888311479929734 0.24227916074343023 
0.15888311479929734 0.24227916074343023 
0.15888311479929734 0.24227916074343023 
0.15888311479929734 0.24227916074343023 
0.17533180423333833 0.2561091808681007 
0.17533180423333833 0.2561091808681007 
0.14674955643846865 0.23761877118810354 
0.14674955643846865 0.23761877118810354 
0.13660537903364525 0.21233240691426525 
0.16628536526509 0.2359605912856676 
0.16628536526509 0.2359605912856676 
0.16628536526509 0.2359605912856676 
0.16617238493995531 0.23878895872308864 
0.16617238493995531 0.23878895872308864 
0.16721154816764594 0.23891425113371761 
0.16729764289135718 0.23155789376617775 
0.16729764289135718 0.23155789376617775 
0.16520422949904678 0.23149294950670332 
0.17345820238546333 0.22079462242666986 
0.17378366474264179 0.2081195237560957 
0.17366995133157184 0.20816316455092573 
0.10723460145846864 0.21234798558247034 
0.1437237163364653 0.16275648232596918 
0.16265758986533552 0.2065510674977845 
0.17767759466708896 0.17607381059329624 
0.1813286967929963 0.16716577321706033 
0.14866216345793182 0.21398016469360562 
0.154170938973415 0.2165569150996854 
0.154170938973415 0.2165569150996854 
0.15815314489007357 0.21368689147959247 
0.15277767366498438 0.21393572976572423 
0.15168137081828947 0.21225676866806145 
0.15168137081828947 0.21225676866806145 
0.15015338348180224 0.21560936993021648 
0.16606794024151558 0.20583433019810024 
0.17679573291775716 0.20818730021987203 
0.17679573291775716 0.20818730021987203 
0.09912267995405108 0.1957356148515626 
0.14414495707486086 0.18533733785891807 
0.1410001746442012 0.20006113494749464 
0.1410001746442012 0.20006113494749464 
0.1410001746442012 0.20006113494749464 
0.10609864381909223 0.16476097242182064 
0.13702721308628169 0.20490206169617856 
0.13747750043271711 0.20547831875033176 
0.12421118787373599 0.250232954143518 
0.12428226124017432 0.250227758351528 
0.12893004910461117 0.22789852962818538 
0.1460046789789754 0.22659750132978132 
0.1460046789789754 0.22659750132978132 
0.1460046789789754 0.22659750132978132 
0.1330421627652698 0.25357701817904016 
0.12664238457935284 0.25592165267920863 
0.12664238457935284 0.25592165267920863 
0.12743509702906075 0.25426410416988676 
0.12743509702906075 0.25426410416988676 
0.12852358891487145 0.2561878345040986 
0.12852358891487145 0.2561878345040986 
0.12852358891487145 0.2561878345040986 
0.12742571017430168 0.25455683310339183 
0.12742571017430168 0.25455683310339183 
0.12742571017430168 0.25455683310339183 
0.12742571017430168 0.25455683310339183 
0.12742571017430168 0.25455683310339183 
0.12742571017430168 0.25455683310339183 
0.12742571017430168 0.25455683310339183 
0.1474026149853818 0.23341505517193187 
0.14406082352790195 0.25039410886912256 
0.14406082352790195 0.25039410886912256 
0.14406082352790195 0.25039410886912256 
0.14077807580135832 0.24286578367496522 
0.14077807580135832 0.24286578367496522 
0.1272528132904121 0.20605772502944864 
0.1416259159941371 0.24717666664028887 
0.1416259159941371 0.24717666664028887 
0.15040054058454114 0.24270290337421083 
0.1538626686250429 0.24554120020307424 
0.16409170899011138 0.24678792769373495 
0.16409170899011138 0.24678792769373495 
0.16409170899011138 0.24678792769373495 
0.1572481796470791 0.23008903794894364 
0.1572481796470791 0.23008903794894364 
0.1572481796470791 0.23008903794894364 
0.06418859713730027 0.15621663611013814 
0.1649087127537589 0.23056771784018307 
0.1649087127537589 0.23056771784018307 
0.18005875913549296 0.2307948375800905 
0.18005875913549296 0.2307948375800905 
0.18005875913549296 0.2307948375800905 
0.18005875913549296 0.2307948375800905 
0.18005875913549296 0.2307948375800905 
0.18005875913549296 0.2307948375800905 
0.18005875913549296 0.2307948375800905 
0.18005875913549296 0.2307948375800905 
0.13563331536708845 0.23105192869268398 
0.13628288153555027 0.21529412091525163 
0.13674774631773948 0.2160956060461878 
0.17541720636647415 0.1445013899807329 
0.17541720636647415 0.1445013899807329 
0.17541720636647415 0.1445013899807329 
0.17541720636647415 0.1445013899807329 
0.1314795273879971 0.187054199407276 
0.15407446690798537 0.21379010555505115 
0.15781122204340703 0.2381993539840278 
0.16833104375240615 0.23905254589382324 
0.16833104375240615 0.23905254589382324 
0.16833104375240615 0.23905254589382324 
0.17764798348518931 0.23942671679796296 
0.17764798348518931 0.23942671679796296 
0.1580664568211494 0.23596783229951826 
0.14647941431769046 0.23295798145330993 
0.150262099651609 0.23041385038420947 
0.15786156961797343 0.17575854172611535 
0.17583465458992467 0.2194872730572175 
0.07604355415782742 0.19425466159604365 
0.14319994162697958 0.20908703556584665 
0.11342563944608279 0.16481032276948165 
0.15286895489002567 0.21129919634354713 
0.15286895489002567 0.21129919634354713 
0.15236046889991187 0.21447745726541437 
0.15236046889991187 0.21447745726541437 
0.1552018187088722 0.23076219422951838 
0.16609185055657857 0.24762330101300234 
0.16795957517410548 0.24972147907965433 
0.16795957517410548 0.24972147907965433 
0.16795957517410548 0.24972147907965433 
0.16795957517410548 0.24972147907965433 
0.16795957517410548 0.24972147907965433 
0.16513527378663484 0.22980311817366073 
0.16680077483802935 0.23225596351644676 
0.16680077483802935 0.23225596351644676 
0.17874086593052774 0.2429593475803512 
0.17874086593052774 0.2429593475803512 
0.1514137206388142 0.21026724245240366 
0.11708397359798726 0.16851198879260176 
0.13377982405362515 0.1629117498301759 
0.12206216734953124 0.1760695366114485 
0.14035392888694084 0.18089704081821678 
0.13280492008028993 0.16183764356887773 
0.15290648098787676 0.19524110651435178 
0.17720245610716323 0.20117823365343754 
0.131527878341248 0.20436682488538285 
0.13840781561331977 0.19816770582003584 
0.12020278087964778 0.16507713593002526 
0.0782399017108398 0.1944594769728598 
0.08590240535641962 0.20017352259047114 
0.08590240535641962 0.20017352259047114 
0.13801088888631474 0.17942623564150853 
0.0844065400162044 0.17327501632183123 
0.08619274466418131 0.1569527157243008 
0.08635852643926105 0.15833545235373497 
0.13217733727710793 0.17260180984905715 
0.12383020063284873 0.174639377681436 
0.14160129837394875 0.15764478424759742 
0.06479646214637903 0.16805632375985907 
0.1110522784563493 0.176323341802766 
0.11783231669592929 0.20097896454989148 
0.11401137224114599 0.15951982612002827 
0.112157479254394 0.13871259961554971 
0.112157479254394 0.13871259961554971 
0.112157479254394 0.13871259961554971 
0.112157479254394 0.13871259961554971 
0.10991199676392338 0.13140447015606715 
0.10991199676392338 0.13140447015606715 
0.09992376575588113 0.09911928437951642 
0.09992376575588113 0.09911928437951642 
0.09992376575588113 0.09911928437951642 
0.09992376575588113 0.09911928437951642 
0.1298663105003119 0.1321576659715656 
0.06355625349114433 0.17299816347123928 
0.1742611596772569 0.17652728633752543 
0.06693006556166319 0.1742520590213245 
0.1098262207672899 0.17365823994661178 
0.14526992387813176 0.18339616562875752 
0.09558496823612424 0.20825445553226712 
0.06845222486035175 0.18772139227595117 
0.0907027299486583 0.18373610856974076 
0.12027162162393647 0.15299539129022235 
0.1231721349223529 0.2052332881759959 
0.10504951438039956 0.1625476633267584 
0.10987385679648881 0.15381604980291158 
0.09746065978124942 0.1304668174088419 
0.09746065978124942 0.1304668174088419 
0.09746065978124942 0.1304668174088419 
0.09746065978124942 0.1304668174088419 
0.09746065978124942 0.1304668174088419 
0.09746065978124942 0.1304668174088419 
0.09456367303321321 0.14786567504996134 
0.09456367303321321 0.14786567504996134 
0.09307464219410216 0.13689268474164296 
0.09307464219410216 0.13689268474164296 
0.08662899420831188 0.1314842239170353 
0.13555120240642454 0.18199081608462778 
0.17505280568421783 0.17244519149814427 
0.16186766094462704 0.1800331295710324 
0.14706512610934722 0.18246596598172968 
0.15076476409833273 0.15427571043324334 
0.11363348041588577 0.1932717275040762 
0.06333450499678633 0.1763900570401973 
0.08671693179020264 0.20596378216434813 
0.13069015840844517 0.15434230465607005 
0.06427960589636861 0.1939815377115018 
0.061508253948883096 0.20643233437148598 
0.061508253948883096 0.20643233437148598 
0.061508253948883096 0.20643233437148598 
0.061508253948883096 0.20643233437148598 
0.061508253948883096 0.20643233437148598 
0.061508253948883096 0.20643233437148598 
0.061508253948883096 0.20643233437148598 
0.061508253948883096 0.20643233437148598 
0.061508253948883096 0.20643233437148598 
0.12127115453426708 0.20394972090781244 
0.12127115453426708 0.20394972090781244 
0.12127115453426708 0.20394972090781244 
0.12127115453426708 0.20394972090781244 
0.12743759898421844 0.2064412288195861 
0.13256426791201334 0.15890115572079272 
0.08642953063064199 0.2113668529269668 
0.08501186163728035 0.2264439145268593 
0.09680815795517733 0.20411402968491016 
0.10712115339461892 0.19584057186507453 
0.11121331965199632 0.19694818996308974 
0.09745284108048322 0.19333548063460285 
0.15673915675962335 0.17842559183060813 
0.06822988664456331 0.17171980949336935 
0.09501406186914521 0.19225242662197006 
0.1607707745118765 0.19289957925787535 
0.1607707745118765 0.19289957925787535 
0.11700699259952266 0.16198539235474269 
0.11556347098359941 0.18769846156630363 
0.14300845146147836 0.15371276580191545 
0.1455540114859491 0.1484748701890224 
0.1457099425213974 0.14801670614277404 
0.1457099425213974 0.14801670614277404 
0.16679019003302983 0.12052382241008644 
0.16679019003302983 0.12052382241008644 
0.13211529724937118 0.1445189758072528 
0.13431945281206156 0.14621855752422003 
0.13431945281206156 0.14621855752422003 
0.13561962147348225 0.1359438006648823 
0.15381478777887592 0.12623653216960934 
0.15381478777887592 0.12623653216960934 
0.15381478777887592 0.12623653216960934 
0.15381478777887592 0.12623653216960934 
0.1320230271681815 0.18590988018549795 
0.0771288105692276 0.1504512607190991 
0.0807538311483199 0.11018561293007673 
0.08026486732774306 0.11016861035416807 
0.12656772121653762 0.1566330618400859 
0.1256181053897469 0.129778014333448 
0.16000534807363742 0.1273421231989561 
0.16000534807363742 0.1273421231989561 
0.1808582762697804 0.09541882710726901 
0.1775144659599524 0.09762654854518989 
0.1678752205900338 0.11978456894879577 
0.1678752205900338 0.11978456894879577 
0.1678752205900338 0.11978456894879577 
0.1678752205900338 0.11978456894879577 
0.1678752205900338 0.11978456894879577 
0.16061669343747909 0.11507525026029704 
0.13890000355305243 0.14254544928767554 
0.13890000355305243 0.14254544928767554 
0.13890000355305243 0.14254544928767554 
0.1479385679941485 0.13785089410155638 
0.1479385679941485 0.13785089410155638 
0.11940545075752629 0.13794508692091006 
0.11940545075752629 0.13794508692091006 
0.11940545075752629 0.13794508692091006 
0.11355393145912027 0.12372392175347027 
0.1041408033637023 0.15235373461433557 
0.1041408033637023 0.15235373461433557 
0.17496970622539082 0.17317965193555168 
0.0721260669835811 0.18702609204733514 
0.07933696736197504 0.18919453327775893 
0.16956552520125087 0.19437161781561604 
0.06257574795176456 0.20418455397966276 
0.06257574795176456 0.20418455397966276 
0.10521621829496322 0.1718498076918722 
0.16448471453366248 0.16068834307104224 
0.07000498687479238 0.16367783895411936 
0.11846430552630217 0.17459239553675587 
0.0888835520701201 0.16486358294211703 
0.08659797310581824 0.14649595947456318 
0.07485800914470331 0.1204850534825416 
0.07485800914470331 0.1204850534825416 
0.08076657668174993 0.117827916112011 
0.08028418969162296 0.13265987645174154 
0.09155364114241711 0.1507953492019488 
0.09155364114241711 0.1507953492019488 
0.09155364114241711 0.1507953492019488 
0.10987806442289369 0.21429609123784762 
0.10987806442289369 0.21429609123784762 
0.11724231772233543 0.19851069847584854 
0.0793607401431829 0.15458199832050476 
0.11875248781338535 0.16060210143977263 
0.1172544231103047 0.15490501393142647 
0.10733040647548817 0.1530260404171705 
0.11169718444583696 0.13098864523343165 
0.11707841708152819 0.11789597283273144 
0.07631274128462859 0.14290942910852844 
0.08547184094334094 0.14413963004084066 
0.12947104958397423 0.18270588000517599 
0.07104891288581787 0.17918984784145484 
0.08336654455273576 0.1682904467590267 
0.09230432533845684 0.19089299795909756 
0.09230432533845684 0.19089299795909756 
0.13612773628193114 0.16818267015998747 
0.11797934902767732 0.17923217121267754 
0.1752463161837079 0.17899526403511284 
0.07120660859919233 0.1715767391286026 
0.09526505914592506 0.15982253251237752 
0.06365161368632406 0.14571444152086516 
0.06365161368632406 0.14571444152086516 
0.06365161368632406 0.14571444152086516 
0.0625148828707875 0.14427592090745442 
0.0625148828707875 0.14427592090745442 
0.0625148828707875 0.14427592090745442 
0.0625148828707875 0.14427592090745442 
0.17320827706424785 0.1734478112269484 
0.17397852285388474 0.16335262747569998 
0.12100775404574086 0.15863524321244854 
0.1203910274492889 0.15906128932636104 
0.0867374099985141 0.18642865409440681 
0.1504630305281163 0.16851404240475112 
0.09151069470363543 0.19571516600071856 
0.15682523282149016 0.20765092766863436 
