0.16006702741680118 0.11137769845728211 
0.16006702741680118 0.11137769845728211 
0.16006702741680118 0.11137769845728211 
0.16006702741680118 0.11137769845728211 
0.16006702741680118 0.11137769845728211 
0.16745188058531724 0.11129625387504173 
0.16745188058531724 0.11129625387504173 
0.16745188058531724 0.11129625387504173 
0.08060454192258948 0.18324222640800825 
0.09676169738859455 0.15825864828756211 
0.07081088198817939 0.1616550324021985 
0.06570323697731886 0.16946238762233054 
0.09270214511269294 0.17290385075042053 
0.153486780954766 0.1570144113776321 
0.18023711076912127 0.16647095709767865 
0.12123040326705738 0.2101456964238494 
0.16169098225858353 0.17423112283900832 
0.18049082545654593 0.14283436148671969 
0.17698222708821348 0.1483775428100467 
0.17882200876554283 0.14684700444368365 
0.17897689349142976 0.1467090153936885 
0.17897689349142976 0.1467090153936885 
0.1710326153397026 0.19558579202018456 
0.17400799330898822 0.19289977962750912 
0.11434273323192033 0.1831258271365803 
0.1363555419969224 0.17687189617051585 
0.15322878356280487 0.17747775078422082 
0.16867473085530463 0.17694120996154547 
0.17744912753020528 0.13459021250475445 
0.17744912753020528 0.13459021250475445 
0.17744912753020528 0.13459021250475445 
0.16110581181737121 0.12945567373659603 
0.16110581181737121 0.12945567373659603 
0.16110581181737121 0.12945567373659603 
0.13706011102248264 0.12431423836496505 
0.13706011102248264 0.12431423836496505 
0.1725519741578465 0.11535742016804715 
0.1588725946604615 0.13729659772800806 
0.16651866696607864 0.140314417952243 
0.16651866696607864 0.140314417952243 
0.16339999574893008 0.12214398274141769 
0.16339999574893008 0.12214398274141769 
0.16691564796502378 0.1293498431026587 
0.11905348879568707 0.1797902712226641 
0.09820566096699938 0.17216730254366594 
0.08328927176130449 0.15828891210259285 
0.06710484742697505 0.15561164072859227 
0.06348084912503145 0.14371958711558633 
0.06348084912503145 0.14371958711558633 
0.06348084912503145 0.14371958711558633 
0.06348084912503145 0.14371958711558633 
0.08794248546295058 0.23432928317112478 
0.1295284109851676 0.1482649286214925 
0.07165230985521552 0.18526352228262444 
0.10365067837908615 0.20638170310816092 
0.10240108220182946 0.20509871067940177 
0.11346955914057988 0.2019610725445629 
0.11399901505276112 0.2382286031490758 
0.11399901505276112 0.2382286031490758 
0.11399901505276112 0.2382286031490758 
0.09125530424590958 0.24056630868670034 
0.10929054429420693 0.2436819890306767 
0.1108552525880928 0.24731835514894113 
0.12109060707005861 0.2235913183726402 
0.1192770447750833 0.22291754360153887 
0.07731280422821547 0.234661284840526 
0.06801518034491587 0.24538717188724618 
0.10366635427054957 0.15757707255105932 
0.10366635427054957 0.15757707255105932 
0.08582258928515152 0.19158936303421994 
0.10860104252925173 0.18093095489823902 
0.1654328734888387 0.19501534335523085 
0.13146220460490074 0.15868603729508118 
0.17799159074824714 0.1952794198752991 
0.1650462225043312 0.15993530308958395 
0.15346351861903085 0.19411028343877396 
0.0701212567182101 0.15092835067114255 
0.13815891348982043 0.15077773784474385 
0.13815891348982043 0.15077773784474385 
0.14830898669767897 0.13255249092491633 
0.14830898669767897 0.13255249092491633 
0.16367369125723266 0.1319143442329782 
0.16700481432166753 0.12853033411164397 
0.17277530064736193 0.11149033473818373 
0.17161175119434713 0.11143554679240052 
0.15290787041161683 0.1252739965113041 
0.15414300740150375 0.12296973524935666 
0.14998850798001917 0.13670486032443374 
0.14998850798001917 0.13670486032443374 
0.13794819782557696 0.13574752762460746 
0.1320443925722075 0.11798000871485564 
0.13306199594426565 0.0914358999237112 
0.13306199594426565 0.0914358999237112 
0.11986639451088794 0.10941211524531358 
0.11986639451088794 0.10941211524531358 
0.1219645672639294 0.11471800472837193 
0.12280858108747772 0.12385254647300059 
0.12280858108747772 0.12385254647300059 
0.1280050291501888 0.13882085889768633 
0.12381781254325326 0.12359448801959673 
0.12411384162576823 0.10459716164870994 
0.13012912115061376 0.12454745372298373 
0.11239552770400785 0.13194353414196328 
0.11490665968601693 0.12987274466556564 
0.11490665968601693 0.12987274466556564 
0.0982649622274629 0.1326668281606345 
0.0982649622274629 0.1326668281606345 
0.0982649622274629 0.1326668281606345 
0.10892753413262293 0.11428159638008396 
0.10896457486062344 0.11364403376751853 
0.1123436440859944 0.11596722502812062 
0.11529886359934899 0.11016954663886783 
0.172016171258059 0.19260145390510436 
0.14139048489367634 0.1887263629780923 
0.09659504678795665 0.15907571729048606 
0.17832831325541806 0.19651987126562506 
0.09299713103024528 0.22991719754942902 
0.09042729048251466 0.18305817476639683 
0.171044869733027 0.18647613400670385 
0.09994962646534235 0.17433135027625754 
0.1779839269840126 0.1701102451360672 
0.14962639087828236 0.18141408712782237 
0.1571806180313634 0.16944164911889234 
0.0848943292604711 0.1882631053912494 
0.10574536718739574 0.16540880648855966 
0.12105467957329016 0.16078132570736303 
0.1609577549276517 0.13002007776435087 
0.1521795382974487 0.1448676942214596 
0.1496003330494877 0.1438601336258315 
0.1496003330494877 0.1438601336258315 
0.17224377640932068 0.1291781263480071 
0.17239916273313785 0.12866227981236875 
0.1489607742313271 0.1402349479011271 
0.17395677792805173 0.10759305816929587 
0.17395677792805173 0.10759305816929587 
0.17395677792805173 0.10759305816929587 
0.17395677792805173 0.10759305816929587 
0.17395677792805173 0.10759305816929587 
0.17445819981705146 0.10753246754754033 
0.15045527658266955 0.1454184841177355 
0.15505885746617407 0.13863918671689032 
0.15505885746617407 0.13863918671689032 
0.15505885746617407 0.13863918671689032 
0.1524495724547106 0.12899636480511198 
0.1524495724547106 0.12899636480511198 
0.167195799818239 0.12100823447076281 
0.167195799818239 0.12100823447076281 
0.167195799818239 0.12100823447076281 
0.167195799818239 0.12100823447076281 
0.167195799818239 0.12100823447076281 
0.1587598567774913 0.11499449545941402 
0.15716693775165838 0.11704240111450519 
0.13450791012029117 0.13734319307847576 
0.17337306008082615 0.181464444806703 
0.07857576500828475 0.16621413268263152 
0.11110206721156875 0.1853743661422399 
0.1663121511061178 0.19372957525573176 
0.15725627998684022 0.16758300340793048 
0.137908304329941 0.16251537831015406 
0.14726324847331346 0.20528725666452663 
0.1520856091429972 0.19870388533097888 
0.16202281530887677 0.1877096839855264 
0.10805353672389487 0.1876245679511464 
0.11835647620645715 0.16291175822772497 
0.1281589893078584 0.1738061761761991 
0.09422317846024639 0.1718998779214593 
0.17597822832015753 0.1704097047496416 
0.1808395034956906 0.21497059933880824 
0.17999742473387198 0.2137778972712002 
0.0996760236724025 0.16890629023499756 
0.18090598076139316 0.19395061354652357 
0.12382492565008855 0.1588058191582555 
0.13424000336932765 0.20717160020957226 
0.10868901958565046 0.21112778430703025 
0.10776261152581626 0.20063367261904946 
0.06150652845513413 0.20653058104508837 
0.09358527866135236 0.1881996667546985 
0.09309749244969502 0.22459583317933768 
0.09767194741150638 0.22510356801903367 
0.09812151889787678 0.21589286418858777 
0.09739431840096181 0.23716984857053927 
0.09596643055449376 0.23226010062191 
0.09596643055449376 0.23226010062191 
0.09596643055449376 0.23226010062191 
0.08742412079860384 0.2546510586020711 
0.08742412079860384 0.2546510586020711 
0.08742412079860384 0.2546510586020711 
0.0856251254198853 0.2139083245192601 
0.07723766297065379 0.15509187916967654 
0.11970467986351628 0.17769006560538458 
0.0772695491434179 0.18775198978264512 
0.06507801653023933 0.166952077779547 
0.12176971122842374 0.19742715824938842 
0.08040475116789321 0.2196847223377158 
0.08462550810001977 0.21805297206101004 
0.08462550810001977 0.21805297206101004 
0.08462550810001977 0.21805297206101004 
0.07153671038629643 0.23327621306291135 
0.07153671038629643 0.23327621306291135 
0.07153671038629643 0.23327621306291135 
0.09198036271049276 0.23402166795940182 
0.09198036271049276 0.23402166795940182 
0.08839545706833601 0.21656414492424034 
0.1460629159264519 0.17843138866308456 
0.09307303326963286 0.1667849615241874 
0.06400454831961408 0.1541762551440644 
0.06738074866311825 0.15807313422085117 
0.06738074866311825 0.15807313422085117 
0.1306468282206111 0.17975324405541557 
0.11409566792940153 0.18493469267420565 
0.15969474267522915 0.1928950412873084 
0.15969474267522915 0.1928950412873084 
0.11350310929174087 0.16837125542798617 
0.1264949979325181 0.17568766991026485 
0.15351664998145131 0.16958157463063311 
0.08478974360753473 0.1604256294836109 
0.08682328476326637 0.15719430958768402 
0.07251046992856178 0.1111985015488128 
0.07251046992856178 0.1111985015488128 
0.07251046992856178 0.1111985015488128 
0.07516526664305803 0.116055844785866 
0.0757663288878359 0.11657322174757281 
0.07419141480704353 0.1519437246610882 
0.16244231385400845 0.1732894830422019 
0.09956475924887051 0.17781165883389555 
0.09147736356241383 0.1950091552619927 
0.15443413136153616 0.1963424826446461 
0.15443413136153616 0.1963424826446461 
0.13496057625489383 0.1555838539354415 
0.10730865173613516 0.13445905815287262 
0.11882497672754247 0.10327145466117311 
0.117897594845691 0.1408553121411848 
0.13565857446299306 0.17367483027485367 
0.09921942995024201 0.21866688508365204 
0.09873310364238612 0.23254034525269757 
0.09873310364238612 0.23254034525269757 
0.09873310364238612 0.23254034525269757 
0.09873310364238612 0.23254034525269757 
0.09873310364238612 0.23254034525269757 
0.09873310364238612 0.23254034525269757 
0.09904571689845147 0.22964130538568334 
0.09657786437035944 0.23051232150500084 
0.09613010059726369 0.2313441837153123 
0.0955116738062461 0.23760054405324949 
0.10178121744930116 0.2464729807432032 
0.1028418643647726 0.23950367261791466 
0.1045106975909738 0.24361295883931247 
0.1045106975909738 0.24361295883931247 
0.0998494599650567 0.23207391406220723 
0.0998494599650567 0.23207391406220723 
0.12975057989424377 0.19368331142615236 
0.12975057989424377 0.19368331142615236 
0.130596543812106 0.21460305536268798 
0.08556251910187226 0.154696780049576 
0.08556251910187226 0.154696780049576 
0.07984084081362328 0.20984056465364653 
0.0637198465206676 0.18225875753434848 
0.09697814519933462 0.18271979144237427 
0.08663183140393484 0.2006545411569848 
0.15065022402112524 0.18153472822187824 
0.1703631326783841 0.21537709157707358 
0.17743368284152006 0.20856052913823603 
0.1717236261557579 0.21371879203140906 
0.17337679728972014 0.21745407682131435 
0.17337679728972014 0.21745407682131435 
0.1608120667754951 0.16930685924802039 
0.07865884220690537 0.15274664624501272 
0.09826834363279595 0.1938492249273182 
0.17320707812559005 0.22889636380823553 
0.08417108531211939 0.1594256575590271 
0.06937490778796633 0.17744545569652384 
0.1030486694571506 0.18327318489848438 
0.07918925228453941 0.172171629179334 
0.10793451806249883 0.1739944450969761 
0.09929101468879652 0.15421761163658115 
0.11218621545690127 0.17047057882806807 
0.08248455039327277 0.18276874704967597 
0.13609205468683677 0.179016716800049 
0.1267889709192211 0.14467687699890122 
0.1267889709192211 0.14467687699890122 
0.16896502416658998 0.10340612345258851 
0.1811173665167854 0.08707711260589919 
0.18111348965128513 0.09713717652774541 
0.18110883508281964 0.10921529899251115 
0.18110883508281964 0.10921529899251115 
0.16690852394393374 0.11530114688947099 
0.16690852394393374 0.11530114688947099 
0.17430002128252672 0.11747836333371132 
0.17898697178688883 0.11489653274302135 
0.17898697178688883 0.11489653274302135 
0.17898697178688883 0.11489653274302135 
0.1744022179543685 0.12239562428936782 
0.15547793601636947 0.13206918233172882 
0.15547793601636947 0.13206918233172882 
0.15113553365204885 0.13701529161915474 
0.15113553365204885 0.13701529161915474 
0.1528983382225665 0.13145710124397847 
0.1528983382225665 0.13145710124397847 
0.16104833542966288 0.12153118286018096 
0.16884278915755768 0.11445294452988476 
0.16355203123531978 0.12501653887252298 
0.15339723501178548 0.12112121649658973 
0.13976139764425666 0.15831696766984524 
0.13961867630662236 0.15814682155742787 
0.13826930847551255 0.1505247451729175 
0.14057298944984553 0.14753988374013932 
0.06427125791709033 0.1654286518756942 
0.06766418484548431 0.20234009880413759 
0.09629297293602926 0.1901526020477146 
0.15129789234813953 0.1894211726313044 
0.14505774796667395 0.18447458330941244 
0.15052277963246025 0.173310512713858 
0.08640101037034294 0.1552002291249766 
0.15271888089665198 0.17007884824583844 
0.18127015816774592 0.18337310367598783 
0.16092247521579267 0.19864472712039624 
0.08387400836395753 0.19372007192793228 
0.14363570307345558 0.2011300782335681 
0.14363570307345558 0.2011300782335681 
0.10234846265185149 0.17518414740991098 
0.07277323685868368 0.1839839783696745 
0.15870650592084584 0.18580400350507434 
0.15870650592084584 0.18580400350507434 
0.0818804908248816 0.15309292509439648 
0.09559278646720766 0.12717310052975914 
0.09231483731797052 0.1318531295276013 
0.09231483731797052 0.1318531295276013 
0.1699870586798785 0.1607564365331774 
0.1306764325756053 0.18091020280178577 
0.10337972372111706 0.15134280479923398 
0.09271033740381492 0.13553531320596474 
0.09178316278984297 0.13530119259836862 
0.09178316278984297 0.13530119259836862 
0.09178316278984297 0.13530119259836862 
0.08538227900056697 0.11632290654277132 
0.08538227900056697 0.11632290654277132 
0.08463842957307326 0.1269551918167357 
0.08463842957307326 0.1269551918167357 
0.1551974583255255 0.17489119772435852 
0.14002836375879052 0.17401073862025374 
0.1522842796004398 0.17620077365920508 
0.11029531687774849 0.1577492385218096 
0.08760556320762274 0.20457541076514227 
0.13439931577120057 0.17155598063855326 
0.11556869133460815 0.1974016092129887 
0.11204434726235366 0.20176775929141488 
0.14265980940748393 0.1684128817751986 
0.14452301963093706 0.1519178268331992 
0.15985061642222012 0.09894028457243326 
0.15985061642222012 0.09894028457243326 
0.15985061642222012 0.09894028457243326 
0.15985061642222012 0.09894028457243326 
0.15985061642222012 0.09894028457243326 
0.15985061642222012 0.09894028457243326 
0.13825802062786713 0.10463632369948386 
0.12836578096365223 0.11408970853260905 
0.1302005636681628 0.11935466230429083 
0.1297279667779947 0.1188870967939833 
0.1297279667779947 0.1188870967939833 
0.1297279667779947 0.1188870967939833 
0.12688864139066847 0.13469526568836207 
0.12688864139066847 0.13469526568836207 
0.1322819017137903 0.1335634902631126 
0.11145689511381954 0.16710848237182171 
0.07359589556109723 0.1630662235217605 
0.18130091032348625 0.1757748512030764 
0.1750478313873598 0.21401416884780586 
0.1750478313873598 0.21401416884780586 
0.1719382990267137 0.21067388719783328 
0.08329646738881044 0.16027210742747292 
0.12295269310541128 0.16287620622933288 
0.08256533132372026 0.17286967364627392 
0.08958320596753351 0.20187975563307398 
0.0923408326210057 0.2175638216587935 
0.10786206800422546 0.1998328723069982 
0.16326539196464473 0.1894263388207964 
0.14858903378066401 0.189109153401578 
0.15573260022235302 0.1923732603926946 
0.11871640454115304 0.15196239801458333 
0.15806456333646357 0.16734214760729316 
0.08043380032151878 0.21161463626502997 
0.08336617485475477 0.14438778270275116 
0.06590240170413578 0.14897560128181161 
0.06590240170413578 0.14897560128181161 
0.06590240170413578 0.14897560128181161 
0.06590240170413578 0.14897560128181161 
0.1137259799164499 0.15872453648407542 
0.08244094813211486 0.11078941665609365 
0.08244094813211486 0.11078941665609365 
0.08244094813211486 0.11078941665609365 
0.09039900263933143 0.14467370172849936 
0.09039900263933143 0.14467370172849936 
0.09039900263933143 0.14467370172849936 
0.08366829013550044 0.1378132301885895 
0.08366829013550044 0.1378132301885895 
0.0798673593601302 0.13635455517312428 
0.07934933439103384 0.1363567314127007 
0.07934933439103384 0.1363567314127007 
0.08503454524368215 0.1271910933832036 
0.08501441092454455 0.12699068341886635 
0.08501441092454455 0.12699068341886635 
0.08241206688372427 0.11162768535728695 
0.08241206688372427 0.11162768535728695 
0.08241206688372427 0.11162768535728695 
0.08174206466414859 0.1107953234063118 
0.08174206466414859 0.1107953234063118 
0.08654675028118726 0.10946420804166801 
0.09686881387080301 0.11371512445702023 
0.09583089311541962 0.11367009435244405 
0.09583089311541962 0.11367009435244405 
0.09583089311541962 0.11367009435244405 
0.094223879599109 0.11141231112670215 
0.08799854979919744 0.11043802915696149 
0.0933406941588798 0.1274032788495111 
0.08750957639872216 0.1273301463517772 
0.08750957639872216 0.1273301463517772 
0.07406787296996876 0.1268249362092892 
0.07406787296996876 0.1268249362092892 
0.0849516341233594 0.12235750472649273 
0.10147064902858605 0.12750854902212114 
0.10154995802074121 0.1258935581131083 
0.08030558628709072 0.10411595030614879 
0.08550834079174427 0.10048330592163665 
0.13024859057932228 0.1574692340282567 
0.09912898507913412 0.17118734024395066 
0.1611630330582574 0.1911555222615705 
0.12878043005004045 0.20682798734554073 
0.12878043005004045 0.20682798734554073 
0.1119357354920179 0.20748127405519567 
0.1119357354920179 0.20748127405519567 
0.10146548840294783 0.1802794001369329 
0.1446824314178657 0.15714224533432197 
0.0918143756107355 0.17654065595281127 
0.1312940817648378 0.17686741330263295 
0.07295282317268366 0.17955623247649183 
0.09888519790745559 0.2022530332068145 
0.06643244432822049 0.1521217729512224 
0.08436922197375193 0.22672302896106347 
0.08436922197375193 0.22672302896106347 
0.069724070828552 0.2299466071387638 
0.06181600034325124 0.22851492456684938 
0.06181600034325124 0.22851492456684938 
0.06181600034325124 0.22851492456684938 
0.11567829881687744 0.203378575179579 
0.09600086428795508 0.18638503604908707 
0.14488126196051476 0.18805387850634422 
0.13030153713083478 0.23012374795149676 
0.12652875611508582 0.2412559146027153 
0.12652875611508582 0.2412559146027153 
0.12652875611508582 0.2412559146027153 
0.11369226288775416 0.2520052117517343 
0.11369226288775416 0.2520052117517343 
0.11369226288775416 0.2520052117517343 
0.11369226288775416 0.2520052117517343 
0.11369226288775416 0.2520052117517343 
0.11369226288775416 0.2520052117517343 
0.11369226288775416 0.2520052117517343 
0.11330812803040533 0.2522949290233372 
0.11330812803040533 0.2522949290233372 
0.1210111806011065 0.23691953655151105 
0.1210111806011065 0.23691953655151105 
0.1210111806011065 0.23691953655151105 
0.1210111806011065 0.23691953655151105 
0.1210111806011065 0.23691953655151105 
0.1267619472601284 0.243922230209064 
0.1267619472601284 0.243922230209064 
0.1267619472601284 0.243922230209064 
0.1267619472601284 0.243922230209064 
0.1267619472601284 0.243922230209064 
0.11844647943205544 0.24182931037088154 
0.11844647943205544 0.24182931037088154 
0.12087701167886342 0.2527316594983214 
0.12087701167886342 0.2527316594983214 
0.13769949520154423 0.24201713077939585 
0.1478665482123876 0.22231777992056181 
0.12920235981230838 0.25390979152175114 
0.12920235981230838 0.25390979152175114 
0.1261528994504035 0.2510144488853742 
0.1261528994504035 0.2510144488853742 
0.12843692134487206 0.22439520681882366 
0.13015247109716854 0.22730259849358136 
0.08688414163345116 0.15819721560605016 
0.12852685668062735 0.1688852202054044 
0.11502924119198045 0.1708593209333438 
0.07916693339007168 0.20502107212903414 
0.1557127225968689 0.17701050180830988 
0.13999616547448918 0.19911324854686405 
0.0650529439469356 0.18189022356073342 
0.06060755840463175 0.16711848043817026 
0.1790231051876713 0.17400413178005514 
0.12579929248523497 0.15819393491257625 
0.10360996595196982 0.1613913691661822 
0.13432864871847233 0.19869788643716976 
0.13751460128001963 0.16134599306664696 
0.15355146279025186 0.09765997235463741 
0.16106400422411898 0.15209104691517528 
0.16141185593804291 0.12165332851612273 
0.16141185593804291 0.12165332851612273 
0.1621745006350192 0.11087772707619836 
0.1621745006350192 0.11087772707619836 
0.16226945357762704 0.11100599012711485 
0.12157102899425606 0.2041472952473134 
0.12157102899425606 0.2041472952473134 
0.12235484018194366 0.20727403619485546 
0.18011575503186894 0.17182991647989998 
0.11249345319431778 0.16558385904940168 
0.08684750325483856 0.11954810116191213 
0.10709478934479438 0.13933866841866857 
0.10037657617553186 0.14450112328022235 
0.1376721739113354 0.13783785036409715 
0.14220978918852387 0.15088382684555612 
0.13485024881090796 0.13315938209580294 
0.13646905116934777 0.09680748243773968 
0.13725164275293958 0.09865303643322268 
0.13725164275293958 0.09865303643322268 
0.13725164275293958 0.09865303643322268 
0.12010853422650458 0.12414633389695372 
0.12010853422650458 0.12414633389695372 
0.12010853422650458 0.12414633389695372 
0.12067976900227811 0.12390563417949639 
0.12067976900227811 0.12390563417949639 
0.12067976900227811 0.12390563417949639 
0.11732384277606561 0.1251916687577759 
0.1226316981149411 0.1309587652096287 
0.1045746904919301 0.1441128154455681 
0.13276924049900518 0.1940102167277499 
0.11840047874886667 0.16605424655747403 
0.11000587924969446 0.15560020783811074 
0.10744927560192809 0.14797029587868915 
0.10159972496326597 0.13340271602246578 
0.09625441909509 0.13600077421272905 
0.09625441909509 0.13600077421272905 
0.1029242379758222 0.14396973174469774 
0.10595013635931438 0.14498614162764673 
0.10538614631761238 0.09934536512157585 
0.12016745593387196 0.12617380533599645 
0.12016745593387196 0.12617380533599645 
0.14921637287328732 0.14718835118619933 
0.0994491723631131 0.15882224688692484 
0.0994491723631131 0.15882224688692484 
0.0994491723631131 0.15882224688692484 
0.12416785655086315 0.12231163000726201 
0.12970572393742452 0.12233348963976998 
0.12574692256320782 0.10601153380259089 
0.12490606139129679 0.10842894098812517 
0.12490606139129679 0.10842894098812517 
0.12782368735827457 0.11776243313837997 
0.12782368735827457 0.11776243313837997 
0.12782368735827457 0.11776243313837997 
0.1357573462498411 0.15080706083088158 
0.13282073786649937 0.14610420348939532 
0.13282073786649937 0.14610420348939532 
0.13089861287991228 0.14443523068508712 
0.12929654897148143 0.1423768260690599 
0.12966052765028022 0.14280080074309862 
0.1295733075159552 0.14259366693937642 
0.14895868797837927 0.12044097244448802 
0.13429033202601504 0.1399215263192158 
0.12595194596225784 0.12378247228543499 
0.10692700634444088 0.1053211865591259 
0.10692700634444088 0.1053211865591259 
0.10658084987728982 0.10456741033328296 
0.10658084987728982 0.10456741033328296 
0.11133763441567755 0.11424933263647488 
0.11206544633910098 0.11462747883621018 
0.11099360118208297 0.11357091638349659 
0.09776419279044202 0.11134439702691398 
0.1269122094500138 0.14091089549508534 
0.12577151531514635 0.13867669303485491 
0.13550151496196114 0.1279699737603986 
0.13550151496196114 0.1279699737603986 
0.12394986085836829 0.10909601711136452 
0.12394986085836829 0.10909601711136452 
0.12394986085836829 0.10909601711136452 
0.12394986085836829 0.10909601711136452 
0.12394986085836829 0.10909601711136452 
0.12394986085836829 0.10909601711136452 
0.12394986085836829 0.10909601711136452 
0.11312296420496262 0.12765480754618996 
0.1072765310204106 0.1312761243862278 
0.11347115350941024 0.13905953500337798 
0.1248048039624523 0.15304515792756426 
0.11389268841340643 0.12147952459168433 
0.1219876558900443 0.12966158681390172 
0.1219876558900443 0.12966158681390172 
0.1219876558900443 0.12966158681390172 
0.1219876558900443 0.12966158681390172 
0.1219876558900443 0.12966158681390172 
0.1219876558900443 0.12966158681390172 
0.1219876558900443 0.12966158681390172 
0.11895910158185621 0.12367774861151516 
0.12009625988676317 0.11813400562760301 
0.11509592588800545 0.09971675409615885 
0.12510795270897804 0.1501664970035619 
0.11422447721791626 0.11894175965451943 
0.11515691305319975 0.133770051897647 
0.12079619173477248 0.1373338374762719 
0.1156926959711117 0.1724524535270633 
0.113824586882735 0.19492528109553978 
0.12147258093957848 0.18607132208440946 
0.12400562001358438 0.19076727273125196 
0.11434401016176496 0.19791562476682306 
0.11434401016176496 0.19791562476682306 
0.07365388963872896 0.1966783250786607 
0.11041145554012077 0.18452866102134488 
0.10763856579817585 0.18808131735775127 
0.1704292243380388 0.16210735177404104 
0.1807651492642781 0.17825726193378963 
0.0633762841608496 0.17195064154333997 
0.10714629380760347 0.19501759009278574 
0.0943190251553801 0.15456973576791475 
0.1129160708392468 0.14951469291173333 
0.11482564213671465 0.13867530302379072 
0.11482564213671465 0.13867530302379072 
0.11514835907728134 0.14011688851231108 
0.13529421131562175 0.11937683244307386 
0.13529421131562175 0.11937683244307386 
0.1517140000609663 0.10542265393852399 
0.1517140000609663 0.10542265393852399 
0.1297475358226196 0.0876988446053734 
0.12523230415147985 0.09993971543990408 
0.10319559636102471 0.12786422612874476 
0.10187995200619361 0.12141260604532161 
0.07098251580064385 0.18239560998087898 
0.12579313292336883 0.1847215699667499 
0.1303803829663764 0.20804584411771593 
0.11995502063490013 0.187830787971527 
0.0810337599233325 0.1529916503817096 
0.08454240964736787 0.15680900453684068 
0.07024121667564907 0.1665765939460666 
0.1055384290531656 0.1673208244638204 
0.1802756792916923 0.18758323542598135 
0.1802756792916923 0.18758323542598135 
0.17546433113214735 0.15530032957065906 
0.10554515799466586 0.18477371165492443 
0.10948490165347594 0.16984762431227113 
0.13694199635959417 0.1783867148144285 
0.16897842584187128 0.15567983339058725 
0.16897842584187128 0.15567983339058725 
0.14235230785988506 0.15708687182847 
0.13989271659329403 0.15033544143488323 
0.13989271659329403 0.15033544143488323 
0.14217889493623775 0.14740178011976018 
0.12826477069599235 0.1871622748363772 
0.08957283947806269 0.16411104691645392 
0.15987420576436245 0.1654982157662403 
0.11785801150220547 0.16444784027207118 
0.16752297741993388 0.156768110241581 
0.1344301681360973 0.17619574871045104 
0.17350878622196314 0.19957918937107347 
0.17350878622196314 0.19957918937107347 
0.17350878622196314 0.19957918937107347 
0.07762073035338826 0.1729066555066324 
0.12894124550732217 0.18464317406537756 
0.14623061148304378 0.22056181097742325 
0.12025016853716917 0.20439144727211772 
0.08649518689718734 0.1473719686966352 
0.08688423647025703 0.14370373253985225 
0.1370480045588798 0.1625295235748936 
0.09335395520420968 0.17797629981727991 
0.1799001908318825 0.1777765958501046 
0.1192220221712969 0.16898070095548887 
0.1355903935130674 0.10130688052774581 
0.16584133616611205 0.0892505754731634 
0.16584133616611205 0.0892505754731634 
0.16340792244030145 0.141062679211866 
0.1793939219822357 0.14459111356360826 
0.1793939219822357 0.14459111356360826 
0.1793939219822357 0.14459111356360826 
0.08178819609210433 0.16601823101841254 
0.0666493698085688 0.18272540088858621 
0.0666493698085688 0.18272540088858621 
0.07953992423817186 0.15022627332001925 
0.12398867478670811 0.18649921937137448 
0.153422232423645 0.15129359660906783 
0.153422232423645 0.15129359660906783 
0.1796727668241335 0.17680620653941181 
0.18051489777647917 0.16228142988286665 
0.1246896286725406 0.16335504551004604 
0.07120434423464603 0.15764037359848135 
0.06352058286017383 0.21341069545946562 
0.06878501140032683 0.198062202487075 
0.06878501140032683 0.198062202487075 
0.1797230536038386 0.19445283709363118 
0.06927989239398091 0.17905265398049267 
0.09336256763354421 0.17619608330461883 
0.07149787690593885 0.166137328716854 
0.1799464809475556 0.1801081667284655 
0.112645934866392 0.1527480136549672 
0.1189909075353837 0.13781304645573522 
0.1189909075353837 0.13781304645573522 
0.10074936438518466 0.14536664925774556 
0.10074936438518466 0.14536664925774556 
0.0973911229767838 0.11669648413003844 
0.09571284293948379 0.10517005453496495 
0.09596322231463146 0.10054666403796488 
0.09596322231463146 0.10054666403796488 
0.09596322231463146 0.10054666403796488 
0.09596322231463146 0.10054666403796488 
0.09596322231463146 0.10054666403796488 
0.09596322231463146 0.10054666403796488 
0.09596322231463146 0.10054666403796488 
0.10648402519742561 0.08882300863203808 
0.10648402519742561 0.08882300863203808 
0.10648402519742561 0.08882300863203808 
0.10648402519742561 0.08882300863203808 
0.11440314375578536 0.10343642612775703 
0.11568258451181415 0.10825520529268565 
0.11711877268794788 0.10797888671587877 
0.11597687735496845 0.11385984416389713 
0.11597687735496845 0.11385984416389713 
0.11597687735496845 0.11385984416389713 
0.11086433013513136 0.12013425278068458 
0.11086433013513136 0.12013425278068458 
0.09989138582886817 0.1146467586619052 
0.09989138582886817 0.1146467586619052 
0.09729807799149742 0.11949734476927325 
0.09729807799149742 0.11949734476927325 
0.0953162270001455 0.12544496541754666 
0.0953162270001455 0.12544496541754666 
0.08651394690504492 0.11273775444053033 
0.08651394690504492 0.11273775444053033 
0.08651394690504492 0.11273775444053033 
0.08651394690504492 0.11273775444053033 
0.06909224938179376 0.09934883824720497 
0.06909224938179376 0.09934883824720497 
0.06909224938179376 0.09934883824720497 
0.15175062139813367 0.19366935546387742 
0.10005412548563651 0.18797158679966977 
0.11443144484539777 0.18800413698522878 
0.10632689278866876 0.14767633282081916 
0.10632689278866876 0.14767633282081916 
0.10632689278866876 0.14767633282081916 
0.107088542123327 0.19098449931216172 
0.1425820094812661 0.2064125126960413 
0.13479077589190605 0.23288031710428567 
0.13157499958056484 0.23024524748817257 
0.13157499958056484 0.23024524748817257 
0.11698140311898872 0.2332821563162346 
0.11698140311898872 0.2332821563162346 
0.11698140311898872 0.2332821563162346 
0.11274048530684348 0.21974906544183073 
0.11304987846945347 0.21843725280202447 
0.11304987846945347 0.21843725280202447 
0.14279997611484174 0.16049599481580806 
0.14343975969875486 0.15299660005341836 
0.1590309476129496 0.10707054965196378 
0.1590309476129496 0.10707054965196378 
0.1590309476129496 0.10707054965196378 
0.15823122865954653 0.10844951010488124 
0.14852919267687661 0.11188265973615202 
0.14852919267687661 0.11188265973615202 
0.1474341237830672 0.1134291199292243 
0.15271054163708883 0.11121986069198492 
0.15260722557039022 0.1116321480613156 
0.15260722557039022 0.1116321480613156 
0.13171233494834284 0.12260295004705735 
0.13173780966895265 0.1339037360040779 
0.11935122301228251 0.12037256250536241 
0.13845136203071423 0.10496243611455192 
0.13845136203071423 0.10496243611455192 
0.13505563908594526 0.11801963454492212 
0.13505563908594526 0.11801963454492212 
0.13505563908594526 0.11801963454492212 
0.13505563908594526 0.11801963454492212 
0.13505563908594526 0.11801963454492212 
0.13225058017441538 0.12559312255611288 
0.13225058017441538 0.12559312255611288 
0.14325761537241727 0.10715822010540135 
0.13589888454303214 0.11630970185038708 
0.13589888454303214 0.11630970185038708 
0.13589888454303214 0.11630970185038708 
0.14802222077386604 0.08597511859148013 
0.1465187856716202 0.10384768733342725 
0.14311903256076136 0.11754931734919347 
0.13461201756071453 0.136966371728897 
0.13461201756071453 0.136966371728897 
0.13461201756071453 0.136966371728897 
0.11791960903783055 0.1092641572856447 
0.11791960903783055 0.1092641572856447 
0.11791960903783055 0.1092641572856447 
0.11791960903783055 0.1092641572856447 
0.11751051265512419 0.12015808261362373 
0.11751051265512419 0.12015808261362373 
0.09377513845842325 0.13567703938315995 
0.09377513845842325 0.13567703938315995 
0.09957379173716692 0.14079099876998277 
0.10123759151911225 0.15238315985821888 
0.10123759151911225 0.15238315985821888 
0.10770381986471733 0.14543668798351495 
0.10770381986471733 0.14543668798351495 
0.08634671669565219 0.13965147246246604 
0.08634671669565219 0.13965147246246604 
0.07022929621132815 0.116109623700727 
0.07022929621132815 0.116109623700727 
0.0831391260536331 0.11988051880008187 
0.0831391260536331 0.11988051880008187 
0.0831391260536331 0.11988051880008187 
0.08406475132174031 0.12512437706996293 
0.08904034219997857 0.12827465675168734 
0.11550072987196128 0.15578831843597707 
0.119386458363811 0.1431931192143403 
0.12046894455177154 0.14826515256424602 
0.09312228657730603 0.16949362518956593 
0.17333583678380968 0.1715587998435275 
0.0940012408460211 0.20812775152869323 
0.09112673265490003 0.2196115631457869 
0.18088585735221946 0.1534703154773993 
0.18088585735221946 0.1534703154773993 
0.17674136086935718 0.19844033146044654 
0.06304865568797546 0.1647367637512822 
0.17961410002836445 0.18318694699254492 
0.08978061165421261 0.18211447547679338 
0.08978061165421261 0.18211447547679338 
0.10696423231916458 0.1911952315162594 
0.13181446175484576 0.21468201220533667 
0.10795218029574118 0.2314345412267379 
0.10795218029574118 0.2314345412267379 
0.16510465637746885 0.1764021313621869 
0.12035773663373385 0.14908865026144522 
0.1147802634823481 0.142437079117483 
0.16724376970439775 0.1771118619662435 
0.09532692717367569 0.17858620738144687 
0.09082515985504253 0.2006235157447514 
0.09082515985504253 0.2006235157447514 
0.11339248774141293 0.1740200462314536 
0.07249061867020155 0.19053970785423602 
0.10084468523443087 0.155092119311315 
0.08693878078447173 0.19528442890841258 
0.0714271596183133 0.2116525118549376 
0.0640852215650281 0.20334455867174964 
0.1343172493167353 0.20809618422531362 
0.1343172493167353 0.20809618422531362 
0.1343172493167353 0.20809618422531362 
0.13107246055136956 0.20133200405778284 
0.1456385490699849 0.18985950793213469 
0.1456385490699849 0.18985950793213469 
0.172791308709245 0.14973727180569354 
0.14548027947282394 0.15270765349384272 
0.16890494640375192 0.1911325217564643 
0.16890494640375192 0.1911325217564643 
0.13355525289568876 0.1948675687287335 
0.13009586736299378 0.1754855522273006 
0.15427601817757977 0.1612475997853236 
0.11738186663986559 0.16050336408413812 
0.06381332410255508 0.19935831512303942 
0.0954982273351021 0.17813594095114496 
0.08096120109507612 0.2003462562418455 
0.08096120109507612 0.2003462562418455 
0.08096120109507612 0.2003462562418455 
0.07352959383400624 0.19320243042861546 
0.1630074374997464 0.16621010481035023 
0.1285865750601861 0.1697016467418659 
0.12664796180939555 0.19464346817370162 
0.13306892801833703 0.1805410877005821 
0.09200166093963892 0.20647909713150436 
0.09193940315764727 0.22452700579640256 
0.0658014390715431 0.21582687784403656 
0.0658014390715431 0.21582687784403656 
0.07421047102633818 0.1650645272746288 
0.17271977481074718 0.18183236968102434 
0.10751477005222076 0.20969868139114364 
0.10601315433136996 0.2125941599855121 
0.10748459003621218 0.21324305031139754 
0.06990222225838148 0.1971873254026386 
0.1794344270353446 0.19580663845034119 
0.14125200087108666 0.17641238676472673 
0.16707892487579218 0.1655469963857301 
0.14484282656480646 0.20213738640733017 
0.1623786661105439 0.24261044502883827 
0.1623786661105439 0.24261044502883827 
0.15726764493358644 0.19917165682239035 
0.12362019561838808 0.20760199990673203 
0.12362019561838808 0.20760199990673203 
0.1158995810209282 0.21371249110717777 
0.07690715761192685 0.17852821159723448 
0.10783268630349505 0.17031873531451525 
0.11770454166312358 0.18824079332782895 
0.06199049989893481 0.1742996976904377 
0.180798737410662 0.2238266843389138 
0.180798737410662 0.2238266843389138 
0.180798737410662 0.2238266843389138 
0.06806156909455682 0.18295906238875018 
0.12765828361236561 0.1791325259927304 
0.15666579450564344 0.18185949490100156 
0.1646361554795081 0.17218515014422667 
0.0864876424488378 0.1822551197911245 
0.1452743269947928 0.21190086476266012 
0.14374040818912776 0.21061411586920456 
0.1400305744211184 0.2182463356076323 
0.14094211041304908 0.19610255676859034 
0.07218643987011861 0.2108692776923629 
0.07143768631420024 0.21115231977228532 
0.17479076896818502 0.1830341958129988 
0.08180912208807667 0.1564863476868289 
0.1442106000031247 0.22835214986242577 
0.1442106000031247 0.22835214986242577 
0.1715641517239076 0.18583361498090128 
0.06177883753269514 0.15130674237853584 
0.0808512415816876 0.14934910069992874 
0.07853707918714219 0.14171372754455397 
0.07844793552007442 0.14142025851652631 
0.07966812246637808 0.1415669213332508 
0.07950753730401752 0.14120948535840688 
0.07698371159332824 0.13997468900327012 
0.07698371159332824 0.13997468900327012 
0.07698371159332824 0.13997468900327012 
0.07698371159332824 0.13997468900327012 
0.07698371159332824 0.13997468900327012 
0.07698371159332824 0.13997468900327012 
0.07698371159332824 0.13997468900327012 
0.07698371159332824 0.13997468900327012 
0.07698371159332824 0.13997468900327012 
0.07756642856100915 0.1396560523383645 
0.07502963352157377 0.1367383089980743 
0.07502963352157377 0.1367383089980743 
0.07502963352157377 0.1367383089980743 
0.07502963352157377 0.1367383089980743 
0.07502963352157377 0.1367383089980743 
0.10126620026138128 0.1326472970511293 
0.10126620026138128 0.1326472970511293 
0.11995775315034315 0.1342113913926221 
0.11995775315034315 0.1342113913926221 
0.15666881296358323 0.1386916195099509 
0.15741809157473644 0.15869942283638624 
0.1360862510818338 0.2262832437188687 
0.16260702337562913 0.21565487271495423 
0.16260702337562913 0.21565487271495423 
0.0729481433944601 0.19022720893760117 
0.0729481433944601 0.19022720893760117 
0.07311399665312773 0.19079602907812648 
0.07311399665312773 0.19079602907812648 
0.09772837737481373 0.19674965393805796 
0.07889960110261666 0.20399158633623773 
0.07889960110261666 0.20399158633623773 
0.07889960110261666 0.20399158633623773 
0.07889960110261666 0.20399158633623773 
0.08060374465243765 0.20612715888844754 
0.08060374465243765 0.20612715888844754 
0.07922050498776685 0.2004493265400316 
0.07686167934816594 0.19875590080163547 
0.07713601825663341 0.19996701974545908 
0.07526451118706848 0.19962336842775963 
0.08554798469357129 0.17511423944529986 
0.11337812284400992 0.1870406616284596 
0.15253355695919452 0.19575784208826466 
0.18096177406829175 0.18975906398723685 
0.16447211054344227 0.24218725574040667 
0.16447211054344227 0.24218725574040667 
0.16447211054344227 0.24218725574040667 
0.16450306417810662 0.2416575707613222 
0.16450306417810662 0.2416575707613222 
0.16455573956635464 0.24172630721759175 
0.16455573956635464 0.24172630721759175 
0.17196227068879694 0.23949090395519915 
0.17196227068879694 0.23949090395519915 
0.17588176761514485 0.2404855067015872 
0.17588176761514485 0.2404855067015872 
0.17588176761514485 0.2404855067015872 
0.17588176761514485 0.2404855067015872 
0.1800844280788949 0.2553791940359828 
0.1800844280788949 0.2553791940359828 
0.07551053869148794 0.16318638163239185 
0.12189348724168736 0.15554076139580586 
0.1278825872795583 0.142335316596582 
0.11411182704962829 0.20191244985353843 
0.11411182704962829 0.20191244985353843 
0.1672612933541662 0.19885953436407103 
0.06586437089349716 0.16663542095320227 
0.16008473306868853 0.172413340869815 
0.11531025636387049 0.17500655683557065 
0.11253008559747073 0.17426214183687302 
0.11301234608115646 0.16588119470482163 
0.1780906674160323 0.17712799273806043 
0.10919962150908766 0.19791053452273236 
0.10919962150908766 0.19791053452273236 
0.17659541902254577 0.17980934565821313 
0.12817790430290035 0.15938099907396705 
0.14510715455970458 0.1718737306858758 
0.07671740792871139 0.20950743715867817 
0.07671740792871139 0.20950743715867817 
0.07671740792871139 0.20950743715867817 
0.07671740792871139 0.20950743715867817 
0.07498532082961448 0.213176825656477 
0.0644227400936029 0.23535056271679075 
0.0644227400936029 0.23535056271679075 
0.0644227400936029 0.23535056271679075 
0.0644227400936029 0.23535056271679075 
0.06482379222243562 0.21871296077929006 
0.11217407098737198 0.21706562066609839 
0.1271103538384833 0.2313863194567363 
0.1271103538384833 0.2313863194567363 
0.12160007199303421 0.25600939870812817 
0.12463526278645914 0.25387199390664017 
0.12463526278645914 0.25387199390664017 
0.12443147614790886 0.2527063750770903 
0.119824452138993 0.25219279819659535 
0.119824452138993 0.25219279819659535 
0.11982453828351078 0.2521738472213828 
0.12089578803910178 0.24283168383717296 
0.12089578803910178 0.24283168383717296 
0.1243947393920572 0.23491427232201267 
0.12595636585611247 0.21297018323708053 
0.08123400888587885 0.20874309252541234 
0.11740782813046877 0.1751615407213718 
0.17466067282212355 0.16763184618244537 
0.07199913893683035 0.20711815314096754 
0.06155163089631447 0.1630236932086964 
0.061639441513869964 0.16519979616701705 
0.09148323990326339 0.158377671448248 
0.08395510401923328 0.14686768536569444 
0.0838432260071657 0.1489996999136428 
0.08189844570519064 0.14003968493454227 
0.08244990263189286 0.14016985862965953 
0.08012957333297369 0.1446753938582883 
0.08096853036565727 0.1462658134123933 
0.08096853036565727 0.1462658134123933 
0.08395914476276814 0.15527019858712998 
0.07436952911209424 0.18574596511259453 
0.09108168659777888 0.20669678607311837 
0.09108168659777888 0.20669678607311837 
0.0968361364525287 0.20950935977354243 
0.0968361364525287 0.20950935977354243 
0.09441897152934367 0.2049828533457288 
0.09441897152934367 0.2049828533457288 
0.09528726876034767 0.16931303237190728 
0.10599085972326998 0.19354810359505698 
0.08474321489250351 0.1795850407735036 
0.1687596238765317 0.16320730242596926 
0.12615750418625118 0.17467618905569707 
0.07454769657314746 0.16694815192980136 
0.11936301273986549 0.19289463854692396 
0.0629153632905058 0.18597710653087055 
0.06659843063353094 0.19292649588452288 
0.13553691212764912 0.21440942012845893 
0.17918301672050557 0.1824773181267145 
0.10164081723494134 0.16990574628420146 
0.12962068443886393 0.1725323170391143 
0.14090228089864518 0.16161878883700925 
0.08597514592464403 0.18248547408092144 
0.1714531898808726 0.16140383208618758 
0.060543800049737216 0.16462226080282422 
0.060543800049737216 0.16462226080282422 
0.12308109360079222 0.1742452456296564 
0.08038933698689357 0.1731137197979147 
0.06645711059180286 0.16348351065552483 
0.12352587328823636 0.18112496525653843 
0.09226004778499564 0.16724929034909694 
0.16295754231424586 0.16958673019109918 
0.16295754231424586 0.16958673019109918 
0.15668947389594637 0.17593166192550538 
0.1574980803051308 0.14645080110334643 
0.10961507732955922 0.1718364051622323 
0.06511676283650983 0.18981774825629338 
0.12088037743241764 0.19782245203890722 
0.12534235623395604 0.222750033717485 
0.12534235623395604 0.222750033717485 
0.13982053745718853 0.23465017791880596 
0.13982053745718853 0.23465017791880596 
0.13982053745718853 0.23465017791880596 
0.10714847434585814 0.19929053542657338 
0.15503976622909804 0.16036249135182953 
0.16992845768065906 0.1467303933226604 
0.16992845768065906 0.1467303933226604 
0.1177862055913887 0.1708687091800069 
0.1528580999825867 0.1539715700991378 
0.15210498432158173 0.1524602256613472 
0.15210498432158173 0.1524602256613472 
0.06328742214193228 0.19541797808028974 
0.13514642082434608 0.20488379662453812 
0.1664369175539202 0.20040663240892415 
0.16708414924856604 0.20064130485875412 
0.16708414924856604 0.20064130485875412 
0.16708414924856604 0.20064130485875412 
0.1605158155340539 0.16413633710591075 
0.17711216549197167 0.18973593749279624 
0.10567761772005219 0.17517533910942615 
0.15774837673581277 0.1601669956936761 
0.12607098427239072 0.21127612495957207 
0.12607098427239072 0.21127612495957207 
0.12116287087910596 0.21568199021280926 
0.11073866672456922 0.22252458557049493 
0.11073866672456922 0.22252458557049493 
0.1393679125430541 0.21848085715432586 
0.1393679125430541 0.21848085715432586 
0.14079270288863058 0.2189446927814249 
0.16087811422111864 0.24157396207190612 
0.16087811422111864 0.24157396207190612 
0.16087811422111864 0.24157396207190612 
0.15023002407770644 0.22868132702617755 
0.1527300497087318 0.2135450184865581 
0.1527300497087318 0.2135450184865581 
0.12102910055535854 0.1947396878910241 
0.11720486516049056 0.19737794849080387 
0.17206067056399327 0.17502766238463105 
0.17114385141785898 0.11076607449219766 
0.17114385141785898 0.11076607449219766 
0.16925354435099316 0.17210792566658947 
0.13665374595143442 0.2009262205771004 
0.11093304936800714 0.20956356097988696 
0.1289654252140579 0.22457658149724113 
0.1295524421690696 0.2246849915282615 
0.14688457231156876 0.20974262692683907 
0.17657226707692109 0.2263313745107009 
0.1731096773249889 0.22397248711825724 
0.16610178012606414 0.22334654772148568 
0.17305880583541033 0.2294837706161584 
0.10553762435162278 0.19954805820581906 
0.16841240301711755 0.19046959895532303 
0.1662395585609704 0.22302640403119092 
0.17472067914799944 0.23399431061214582 
0.18095784842635065 0.24003149618497593 
0.18095784842635065 0.24003149618497593 
0.08945120008093102 0.22440292736970474 
0.08945120008093102 0.22440292736970474 
0.08894472106298888 0.22714405312171382 
0.08399797508510118 0.22214898458985385 
0.09872480412134506 0.22553966117001745 
0.09872480412134506 0.22553966117001745 
0.09731167449614578 0.22814351776910394 
0.13935887457095197 0.21587478162756396 
0.12568818447355717 0.2173522068154094 
0.1300943189606217 0.19954906883573795 
0.1300943189606217 0.19954906883573795 
0.13063751944474108 0.2004880554867412 
0.06700579458343338 0.1877537906691225 
0.1722932159501188 0.1587762440505289 
0.10284806545956714 0.2081488078779139 
0.09555903575371258 0.2169282023795625 
0.1172125533321774 0.18441608731499046 
0.10552508543667563 0.19612874065623478 
0.11922390312112674 0.21097003983879026 
0.149930684671398 0.23129512798499913 
0.1342036052564937 0.23004403577385377 
0.14169368786065362 0.24545837417861294 
0.15076163095521267 0.24455592787850225 
0.17331330607586448 0.24742824412772033 
0.17331330607586448 0.24742824412772033 
0.17331330607586448 0.24742824412772033 
0.07158529504606952 0.2238890359938263 
0.07057938361010413 0.22451041287880727 
0.13612742325337365 0.15787763822054612 
0.15931956618847185 0.1559103451108313 
0.1589059710731965 0.15735499141628143 
0.1576736537920197 0.19161257681185367 
0.15874413277281313 0.20329673925009523 
0.06818551535626845 0.1897767930109521 
0.10125490372821375 0.19801929758162282 
0.060502402775267874 0.16541031702834366 
0.0888800876153333 0.19917257249097586 
0.1121062494643427 0.17514227819799544 
0.0701783688069466 0.20434180202674712 
0.0701783688069466 0.20434180202674712 
0.12783294597420677 0.19032405461060653 
0.17701852748030097 0.20244292684486137 
0.17576429268431654 0.1865649642085415 
0.13434044763072753 0.156385038969332 
0.13434044763072753 0.156385038969332 
0.1527601298937826 0.1379062839990334 
0.1527513885418615 0.13781308418050908 
0.1527513885418615 0.13781308418050908 
0.1589348434602791 0.1519158057510968 
0.10367541998709365 0.18687923941666867 
0.15457165649021956 0.1980241831739706 
0.07244021701592732 0.1856490548577479 
0.09917057706361437 0.1639821473124991 
0.06168513031872274 0.17950547748042606 
0.07240294545109234 0.1848308598853736 
0.16108747105995033 0.15427263886902354 
0.17451308984736127 0.18022003394308894 
0.12281885677377352 0.20820292835621465 
0.11215011214294562 0.1637378858489764 
0.0718490001746989 0.17748188821491548 
0.154264184566009 0.16201138022427602 
0.12255533788803184 0.21771175321491415 
0.1214799594510535 0.2164149712881352 
0.12415736728875548 0.22528387141262046 
0.15399194578696915 0.23459223618840425 
0.15274648556798234 0.23769586999413758 
0.14437523114732467 0.25332866402260673 
0.14437523114732467 0.25332866402260673 
0.14437523114732467 0.25332866402260673 
0.14437523114732467 0.25332866402260673 
0.14437523114732467 0.25332866402260673 
0.1427258323364974 0.24797011838131958 
0.14309584471460887 0.23623540534319115 
0.1428645079995009 0.2330247606448036 
0.1428645079995009 0.2330247606448036 
0.09921174606724621 0.21647825065135795 
0.09359744437078689 0.2143961314848306 
0.08376279059348028 0.2522107345824988 
0.08376279059348028 0.2522107345824988 
0.08376279059348028 0.2522107345824988 
0.08376279059348028 0.2522107345824988 
0.08376279059348028 0.2522107345824988 
0.08376279059348028 0.2522107345824988 
0.09860034865386705 0.24460595076348413 
0.09860034865386705 0.24460595076348413 
0.09860034865386705 0.24460595076348413 
0.1529100327310512 0.1785546042910859 
0.11543481488920733 0.190405754522166 
0.10194652885442981 0.2369668812771077 
0.10194652885442981 0.2369668812771077 
0.10194652885442981 0.2369668812771077 
0.10199742804811122 0.24340753235789697 
0.10199742804811122 0.24340753235789697 
0.1069205824279939 0.2546666489610475 
0.1206968038300168 0.22768663937368216 
0.1206968038300168 0.22768663937368216 
0.1206968038300168 0.22768663937368216 
0.1206968038300168 0.22768663937368216 
0.12018080366503103 0.21505255815714802 
0.12468704035749689 0.20601238537430194 
0.0961755672512174 0.19647445375826142 
0.11156200294952157 0.21189171493378675 
0.11771930044141463 0.2060530292147426 
0.15801774722387807 0.1803147038858006 
0.12590327783205146 0.19186573464950138 
0.06066017170971222 0.18323484015687672 
0.1797699629011858 0.1946671391313961 
0.1797699629011858 0.1946671391313961 
0.10501510016961213 0.17656135037160078 
0.1202351721719498 0.18468362164371732 
0.15536267032358114 0.19038709758478664 
0.15337849747687454 0.1921011389805677 
0.15739193093076442 0.20326287195375264 
0.15739193093076442 0.20326287195375264 
0.1267924984796596 0.21163937590165996 
0.1267924984796596 0.21163937590165996 
0.1267924984796596 0.21163937590165996 
0.15013243939528403 0.1750531381401122 
0.13266917001365294 0.20659257250664698 
0.10697755459983921 0.22379623271725177 
0.10697755459983921 0.22379623271725177 
0.09982897964745271 0.22356874186679274 
0.0669875186600867 0.16436557185772047 
0.06906841579622557 0.14373806395822164 
0.06320877554723359 0.14762459512285 
0.06320877554723359 0.14762459512285 
0.06320877554723359 0.14762459512285 
0.0648526651985103 0.15052932054803397 
0.06866423076424755 0.1495233849028794 
0.12100740897764026 0.14606065671685556 
0.12100740897764026 0.14606065671685556 
0.12233382353095419 0.14651938049853858 
0.11768646228909646 0.16767238503201493 
0.120644759520827 0.13272607953685078 
0.1199457927796405 0.1480300823129297 
0.1199457927796405 0.1480300823129297 
0.13214914649108675 0.14681783659836678 
0.13066509095812076 0.14201672876549543 
0.11885153559661696 0.14419964735342453 
0.12113517191287831 0.1388642070088439 
0.09757663251704865 0.15642510803937726 
0.12620717782105345 0.1640443862480059 
0.17055179211734164 0.17275713073398943 
0.06804036699111318 0.17772918225873574 
0.09802808836705426 0.16598575769163654 
0.09474520705965882 0.15327839773366897 
0.17098387483904146 0.15561345456040715 
0.17098387483904146 0.15561345456040715 
0.17098387483904146 0.15561345456040715 
0.11273482157942291 0.1669256298423326 
0.06503233556035343 0.1718940502460468 
0.10729046922446249 0.14890164461593328 
0.14628514761546202 0.16759267698101676 
0.09769554983205897 0.19322570828670893 
0.11502247443741687 0.1696746948025616 
0.14975231113296933 0.17888585184502542 
0.17633881098243898 0.21249043336866064 
0.17651808471597144 0.21775309470863444 
0.09289307835189055 0.23151327207107197 
0.09289307835189055 0.23151327207107197 
0.12308052673443964 0.15489694023003703 
0.12951449423419212 0.15882189869871863 
0.12951449423419212 0.15882189869871863 
0.08309211211615965 0.18256152703441875 
0.08252596317659519 0.16111689441280325 
0.07568112239206001 0.1473206148617452 
0.07669059018543982 0.14537586877936423 
0.11144616337609206 0.19651423323183773 
0.16520116975349397 0.20586071172895792 
0.1789107523520423 0.1791209224598414 
0.061516184939219905 0.17828812495624838 
0.07614845822962575 0.1773152028900941 
0.13443078967411518 0.18417054090502455 
0.0811715404913873 0.2393042653067825 
0.0811715404913873 0.2393042653067825 
0.0811715404913873 0.2393042653067825 
0.0811715404913873 0.2393042653067825 
0.0811715404913873 0.2393042653067825 
0.0811715404913873 0.2393042653067825 
0.0811715404913873 0.2393042653067825 
0.0811715404913873 0.2393042653067825 
0.0811715404913873 0.2393042653067825 
0.18095371491826914 0.16755001939834735 
0.13367225266414123 0.15498261723707382 
0.12709353969466874 0.145732350644485 
0.12366252836569772 0.17401675994065807 
0.13217974452628858 0.146260961851924 
0.132467802104872 0.14585050936130795 
0.14808828478701097 0.1493591656275714 
0.09502939340002757 0.1841654817774108 
0.09339191530627317 0.16087328666397566 
0.09271186949932406 0.14642429596148304 
0.0925524448166754 0.14819118376369533 
0.0771984442771495 0.16053696567553427 
0.10586800864010124 0.19035979906037623 
0.1568174620131768 0.1911909677857442 
0.06268428486724632 0.159796751878479 
0.14026030921541494 0.1706642576370794 
0.17945773038067114 0.18660005512257857 
0.11195893401748677 0.2084753568394797 
0.11195893401748677 0.2084753568394797 
0.06493053943306963 0.15132862761894017 
0.06493053943306963 0.15132862761894017 
0.1696992065165022 0.1865092718632406 
0.1243238826683879 0.18885824592959521 
0.13281942106448835 0.17029566390832843 
0.1449069749326578 0.16434536844560335 
0.06998772493671675 0.18281507384975093 
0.08322141323600532 0.17584638771680303 
0.14397836785252147 0.1644357541998186 
0.10796779266456616 0.21387852463629062 
0.10672521370790587 0.21592286493097268 
0.123231919899407 0.2243461649048719 
0.123231919899407 0.2243461649048719 
0.123231919899407 0.2243461649048719 
0.11380348563282047 0.172043465933431 
0.10493974246944308 0.21189195736704824 
0.08318377161044781 0.20564645975655552 
0.08363382891456482 0.20714503964232747 
0.09816162424787069 0.18155376977160062 
0.06515430329211176 0.15270680996808883 
0.06515430329211176 0.15270680996808883 
0.06541986152592837 0.14473886375647288 
0.06356927142261695 0.1272391671577261 
0.15819068020176316 0.19396247665334868 
0.13996501229047192 0.23768278992179687 
0.13996501229047192 0.23768278992179687 
0.15130836563769853 0.25593379705043473 
0.15130836563769853 0.25593379705043473 
0.15185564393970247 0.25143266823414134 
0.15185564393970247 0.25143266823414134 
0.15185564393970247 0.25143266823414134 
0.15185564393970247 0.25143266823414134 
0.1647531268754771 0.2444521458147892 
0.1647531268754771 0.2444521458147892 
0.16457788342208238 0.2443632755460043 
0.16457788342208238 0.2443632755460043 
0.17467519913373025 0.14533381389813713 
0.17467519913373025 0.14533381389813713 
0.17467519913373025 0.14533381389813713 
0.17467519913373025 0.14533381389813713 
0.17467519913373025 0.14533381389813713 
0.17467519913373025 0.14533381389813713 
0.17467519913373025 0.14533381389813713 
0.08659059370937051 0.16962938460678925 
0.09679102959873465 0.15973937182063727 
0.1569335861725424 0.18028865275719388 
0.07384602847469461 0.18983053268114125 
0.10001072990161514 0.2030372178703707 
0.08881539246244331 0.20448834415557882 
0.12467614895299584 0.20195292136689277 
0.1620786922808457 0.21761152056544505 
0.16387569266635704 0.22711039381450007 
0.15870649293167516 0.22413749822176476 
0.0903987668512515 0.1470114656254333 
0.0903987668512515 0.1470114656254333 
0.09807225141628391 0.1650399606619452 
0.15796678816469878 0.183484360306484 
0.15542120238448726 0.19090007827500394 
0.10481205317367438 0.21787006994955 
0.12746112493938624 0.1612903438561415 
0.15391814843053192 0.1679379255877593 
0.09522808713440126 0.19217059152953175 
0.11262506442226616 0.20046401872578198 
0.1556985938168325 0.176292455530764 
0.1692663284189147 0.11574963596395155 
0.1692663284189147 0.11574963596395155 
0.1692663284189147 0.11574963596395155 
0.15794474674127468 0.14684435441029697 
0.08184776720750944 0.20012447417272633 
0.06342671862605427 0.17174804359946974 
0.12411883101666779 0.15065689952854755 
0.11614093472195491 0.13087104829287927 
0.1165662309562292 0.12426663084797725 
0.11889368332000386 0.12463973385821546 
0.12571518186519995 0.12084879979119281 
0.10986153225775014 0.15766782209015517 
0.07758260004221978 0.16333630852462944 
0.14087081499450294 0.15346231439059402 
0.1383732897374148 0.11841961886057735 
0.11252659030152036 0.1377568641562703 
0.11252659030152036 0.1377568641562703 
0.06460506093736751 0.18424304768806116 
0.07647179858946013 0.1680241360013541 
0.10338323177915039 0.1674461698085806 
0.06530446175635657 0.19545880424585246 
0.12770688927650364 0.183739024543421 
0.07948254181452684 0.1572587343117799 
0.08085383936545212 0.24813898907777787 
0.08329471439444862 0.2461642868804603 
0.08329471439444862 0.2461642868804603 
0.08329471439444862 0.2461642868804603 
0.08329471439444862 0.2461642868804603 
0.1402391441677044 0.15126252982996385 
0.13678955749798158 0.1488996345212684 
0.14699562236643277 0.18085221281940175 
0.13377026945683257 0.14008024002031783 
0.1397092460275848 0.12512503464003039 
0.1356164754491671 0.12651956062520084 
0.13345099688192094 0.12676203673719025 
0.13345099688192094 0.12676203673719025 
0.1358992368644938 0.11748644138738494 
0.13863342130833045 0.09271495775592588 
0.12678451194051307 0.11601682801198403 
0.11017005963367241 0.19197843535014408 
0.1721666706336066 0.16694818139567438 
0.15717737844660812 0.18814052593014532 
0.1509989535660612 0.17554753526640224 
0.09060969740174499 0.1901374941051344 
0.10470438320571535 0.1936665548670141 
0.07332792680976409 0.16504332371145253 
0.12650254795606578 0.17976022407417705 
0.15656380111563278 0.1781948540931011 
0.17056655224841935 0.21174058462364384 
0.17372073722431913 0.2269949477009916 
0.16351743658864534 0.21747339752443534 
0.16351743658864534 0.21747339752443534 
0.14662606449190718 0.2169331001162843 
0.14662606449190718 0.2169331001162843 
0.15040342325571587 0.2259376665133416 
0.08807656127057564 0.15596651928531652 
0.09046095956535134 0.15093643675312196 
0.09046095956535134 0.15093643675312196 
0.10503287455534596 0.19778428062806344 
0.060578973591142324 0.17193523502981506 
0.1443973531916949 0.17968568815214989 
0.1516730789595482 0.2031647873141118 
0.06221772928274043 0.2319693705692254 
0.06221772928274043 0.2319693705692254 
0.06221772928274043 0.2319693705692254 
0.06221772928274043 0.2319693705692254 
0.13300289264707765 0.15307187089733207 
0.13420974424991922 0.1521135447283542 
0.15114234952989686 0.12463810330030725 
0.15114234952989686 0.12463810330030725 
0.14618273554843142 0.13771607907499303 
0.15901416395480156 0.12862751212518497 
0.15138078892727955 0.10409503571442286 
0.13291153345406728 0.13001337327244294 
0.13291153345406728 0.13001337327244294 
0.123772422323945 0.15493410564631646 
0.11960280851162626 0.15293287807940353 
0.09214484478521126 0.14261002698866765 
0.09214484478521126 0.14261002698866765 
0.09214484478521126 0.14261002698866765 
0.10124914027550527 0.13540280782946673 
0.10124914027550527 0.13540280782946673 
0.10164025321581743 0.13490273450246776 
0.10164025321581743 0.13490273450246776 
0.10164025321581743 0.13490273450246776 
0.10492321464353226 0.13201605307664455 
0.10686212286267387 0.12353889243389404 
0.1690846006476464 0.207712728788626 
0.1636630131565331 0.19655988512120576 
0.09972028047366867 0.2009934301282686 
0.09972028047366867 0.2009934301282686 
0.1676036945118809 0.1860397726797108 
0.11782591632018956 0.15369809208029475 
0.07429628571647064 0.10124037299645369 
0.09331348504813988 0.11199166746160567 
0.08758702318769786 0.13169948546697674 
0.08123639742585925 0.13069325140533006 
0.08123639742585925 0.13069325140533006 
0.08318779099478835 0.1306302664844875 
0.08318779099478835 0.1306302664844875 
0.08397299389281843 0.13710260616789471 
0.16781063653104322 0.19162811644198682 
0.11842149904211782 0.19280039452405942 
0.13546827124420974 0.1763767749251536 
0.08260883811974462 0.17478993471975332 
0.08886871192435992 0.1489290580923823 
0.07746748350717249 0.14929521010066782 
0.07557111684424422 0.1473784708833893 
0.0747428392794813 0.12141081658969796 
0.0747428392794813 0.12141081658969796 
0.0747428392794813 0.12141081658969796 
0.0747428392794813 0.12141081658969796 
0.07053593298956924 0.11876834010400142 
0.08178573181466764 0.12356756113514242 
0.11569179774508553 0.12364531778716045 
0.11900510052774971 0.12634411716975139 
0.11900510052774971 0.12634411716975139 
0.11837242780488322 0.12821561785512134 
0.11837242780488322 0.12821561785512134 
0.11837242780488322 0.12821561785512134 
0.11837242780488322 0.12821561785512134 
0.11837242780488322 0.12821561785512134 
0.11837242780488322 0.12821561785512134 
0.11837242780488322 0.12821561785512134 
0.1073414858565516 0.14201775830867136 
0.11048101640538747 0.15034188860860123 
0.11048101640538747 0.15034188860860123 
0.17296458652698393 0.22021897361068757 
0.17296458652698393 0.22021897361068757 
0.17296458652698393 0.22021897361068757 
0.15860317902769694 0.1996402459821891 
0.1416428035841287 0.1987021427710827 
0.16567790403091476 0.20272213173894554 
0.08667093205295961 0.17753835012501118 
0.17628047787357828 0.16856657436052383 
0.1301761735708657 0.19007495979869796 
0.10930626670249713 0.16992180353363098 
0.1555584245571758 0.14841489638550448 
0.13120198337408248 0.1668356411489552 
0.1540941827182042 0.19541233330805238 
0.08647988906261489 0.15607131520850245 
0.0964878967768264 0.17733572362233566 
0.06050100029992646 0.17553628873470895 
0.09854189913829675 0.18058581533893853 
0.11104799901742653 0.1841970387497007 
0.1098650618820081 0.19162457992524998 
0.08543822220415538 0.19471934212298794 
0.14736501419235548 0.16760425630912867 
0.14007615431651713 0.17885887649519924 
0.13067434351297447 0.16750719321392557 
0.12939302307883363 0.12008076261320692 
0.1300648039125444 0.1131305264970153 
0.1300648039125444 0.1131305264970153 
0.1300648039125444 0.1131305264970153 
0.1289485895632498 0.11627655763555197 
0.12898494178658748 0.1149564569568592 
0.12898494178658748 0.1149564569568592 
0.12898494178658748 0.1149564569568592 
0.11851756718858508 0.12432167662754348 
0.11851756718858508 0.12432167662754348 
0.11851756718858508 0.12432167662754348 
0.1190907040021109 0.1268245969271301 
0.12359635923946602 0.12709499279829822 
0.13449068133408232 0.15394964895504715 
0.12608720552914995 0.15518281753193733 
0.1292626341642438 0.18922096132680977 
0.11444688562750807 0.23983912892504206 
0.1077124882153625 0.2282746689007487 
0.08635668551460296 0.21131324481874322 
0.08635668551460296 0.21131324481874322 
0.07324270522428483 0.21863442752556583 
0.07324270522428483 0.21863442752556583 
0.07324270522428483 0.21863442752556583 
0.07324270522428483 0.21863442752556583 
0.07819134320285323 0.20551108845001756 
0.08744975760314697 0.1974498724099466 
0.08148038649040795 0.19714212131286865 
0.08773935210376438 0.15445431420576036 
0.1130469062595411 0.17267881832653306 
0.12729053810141377 0.16412726406376263 
0.06540052498927064 0.19143735192751937 
0.06582929453869049 0.22519002694365964 
0.06582929453869049 0.22519002694365964 
0.08509505572464632 0.23009604255584368 
0.08509505572464632 0.23009604255584368 
0.07912490279930037 0.23662247871263314 
0.07488744214223153 0.24145464411128276 
0.07488744214223153 0.24145464411128276 
0.07488744214223153 0.24145464411128276 
0.07488744214223153 0.24145464411128276 
0.07488744214223153 0.24145464411128276 
0.06929661342545601 0.24132933473854373 
0.06929661342545601 0.24132933473854373 
0.060637734793470746 0.2502125806747806 
0.060637734793470746 0.2502125806747806 
0.060637734793470746 0.2502125806747806 
0.060637734793470746 0.2502125806747806 
0.060637734793470746 0.2502125806747806 
0.060637734793470746 0.2502125806747806 
0.115124395733981 0.2172944934359168 
0.115124395733981 0.2172944934359168 
0.09903939088551907 0.2239896713575329 
0.09903939088551907 0.2239896713575329 
0.08602067820288409 0.22879851369228937 
0.08848528486486876 0.20785051852293418 
0.06318644987461901 0.23860277634761956 
0.06318644987461901 0.23860277634761956 
0.08169487205120624 0.2223662164777303 
0.1686958242802522 0.16163277895176867 
0.17906978656295924 0.14444580952100589 
0.17906978656295924 0.14444580952100589 
0.17674996449312974 0.23516479472549684 
0.17674996449312974 0.23516479472549684 
0.16919487022159313 0.2092103377581688 
0.14477806771329413 0.15037809233729596 
0.15625092936680232 0.15374834475258725 
0.1566172207340407 0.15290272761064672 
0.1566172207340407 0.15290272761064672 
0.1566172207340407 0.15290272761064672 
0.16854280933611335 0.17612682175438815 
0.08726456473213076 0.1771257647630413 
0.14856221939456254 0.17865445834620614 
0.13906002481754537 0.1672283864282472 
0.14649341413830852 0.1390106970263535 
0.14649341413830852 0.1390106970263535 
0.13701349766121465 0.15132340110895576 
0.13701349766121465 0.15132340110895576 
0.14876564924120267 0.13723800998375474 
0.12694349823893641 0.16666495664013992 
0.17892612101863709 0.18498632571821058 
0.06723356352489596 0.15434432629003525 
0.06723356352489596 0.15434432629003525 
0.06723356352489596 0.15434432629003525 
0.06407366055996098 0.14665224681140054 
0.14596928311119806 0.18573683220868847 
0.1276153139430463 0.20096797833074884 
0.1273882828337844 0.20126387136766571 
0.14215305463695704 0.23028975635041177 
0.1770790608977205 0.18092768523732422 
0.1023038088050351 0.19687862065188153 
0.08350459660358715 0.2154304043548284 
0.08350459660358715 0.2154304043548284 
0.06935004821255258 0.22552697033568908 
0.06935004821255258 0.22552697033568908 
0.06935004821255258 0.22552697033568908 
0.15663984544131382 0.22727584063014544 
0.14753648349613016 0.21239402031461163 
0.14940387687046963 0.20973646813387017 
0.1471124650078662 0.2141980288854328 
0.1471124650078662 0.2141980288854328 
0.1646678045047924 0.22834728018990436 
0.1646678045047924 0.22834728018990436 
0.1646678045047924 0.22834728018990436 
0.1646678045047924 0.22834728018990436 
0.1646678045047924 0.22834728018990436 
0.1646678045047924 0.22834728018990436 
0.15785586578028518 0.18806084569889286 
0.11761761826130779 0.18542193101437152 
0.08216308904940522 0.16510459811770772 
0.09669364231376255 0.16788994258442694 
0.09550810480469347 0.1403569800174559 
0.1054600959608751 0.1370591905444163 
0.1054600959608751 0.1370591905444163 
0.10542552329533757 0.13696244221091108 
0.10542552329533757 0.13696244221091108 
0.08344960391565492 0.12523163554098993 
0.08517637854055282 0.1395347574710411 
0.08517637854055282 0.1395347574710411 
0.08517637854055282 0.1395347574710411 
0.08517637854055282 0.1395347574710411 
0.08675986277702576 0.1391074201468353 
0.08233150634710326 0.12859417829229286 
0.16189653297368684 0.1768604666946131 
0.12851775983016905 0.16109864732380386 
0.0703550737661638 0.15261720314932087 
0.07069896296689741 0.15379441988847564 
0.12301428583240555 0.178121830364905 
0.1448797221116663 0.17851012632581345 
0.11914119190169661 0.1385680863722758 
0.08208907869436724 0.12937863316559464 
0.08208907869436724 0.12937863316559464 
0.08208907869436724 0.12937863316559464 
0.08802288324364868 0.15697715160037418 
0.08302929250126713 0.15876563108912878 
0.12639295558122912 0.18696825860221547 
0.15350311977777573 0.16965497079369152 
0.08953914635499688 0.18382373692446005 
0.10869996420127374 0.14630721855896417 
0.10869996420127374 0.14630721855896417 
0.10966178030370441 0.13498407119004852 
0.0955158458447325 0.14228196396035794 
0.0820696738338188 0.15225229663453196 
0.11896586184499615 0.17320233507603228 
0.06108067573732155 0.18484193981655728 
0.06108067573732155 0.18484193981655728 
0.14703884902208325 0.19135562378174087 
0.14752264987268746 0.19902188510120464 
0.13067607932579448 0.18324481103548015 
0.12897550476003994 0.21344484465201313 
0.12897550476003994 0.21344484465201313 
0.14487326386045085 0.22470297658756452 
0.14487326386045085 0.22470297658756452 
0.14487326386045085 0.22470297658756452 
0.1660169737041459 0.23769004969959417 
0.1660169737041459 0.23769004969959417 
0.1475739982252411 0.2109982235018178 
0.14827013931696167 0.21628524910127955 
0.09884739014216434 0.18118624168098627 
0.11995495851560478 0.15995699015851803 
0.08273763070654541 0.19531186711513548 
0.1275474558487199 0.1842141057072029 
0.07880109468611894 0.20392481194606127 
0.07880109468611894 0.20392481194606127 
0.08646115694310895 0.19095098125370047 
0.16401906154498577 0.15847280012688172 
0.1169851711132236 0.18546938496227725 
0.10009099117600666 0.21635608501599995 
0.11421589747132871 0.22831467927549878 
0.11421589747132871 0.22831467927549878 
0.11994106715456428 0.2379963111807116 
0.11994106715456428 0.2379963111807116 
0.11994106715456428 0.2379963111807116 
0.11994106715456428 0.2379963111807116 
0.12164774127197223 0.23724071963903848 
0.1415558915424976 0.2320048844044555 
0.1463479264194268 0.23871055294666968 
0.14754143245933762 0.24109376584846332 
0.14754143245933762 0.24109376584846332 
0.1480161203794524 0.2406273579301111 
0.147030486496685 0.20749884955365516 
0.1511037185662478 0.20468801311769202 
0.16685884601999984 0.20986983543315849 
0.16685884601999984 0.20986983543315849 
0.17609684397177516 0.25374822619675885 
0.17609684397177516 0.25374822619675885 
0.17609684397177516 0.25374822619675885 
0.1661016406314374 0.24312657432284818 
0.1661016406314374 0.24312657432284818 
0.1661016406314374 0.24312657432284818 
0.12742476328116115 0.23486596870239212 
0.12742476328116115 0.23486596870239212 
0.12742476328116115 0.23486596870239212 
0.12742476328116115 0.23486596870239212 
0.10900251360413343 0.23827201837639186 
0.08723210999889172 0.254388332224153 
0.08723210999889172 0.254388332224153 
0.09629656773201296 0.22072614056221806 
0.11959143907544863 0.20058536320266476 
0.11336336902723267 0.21112499200287305 
0.11336336902723267 0.21112499200287305 
0.10777188696588647 0.2135141916679868 
0.09663620456254288 0.22922504064156274 
0.0961070576185869 0.22872174666609665 
0.13838097715306885 0.15162000364359712 
0.17704223010336456 0.20203376616024976 
0.13546268264823635 0.15567418091988305 
0.10199522598067101 0.19529062660922933 
0.14832139628963611 0.1810938003103979 
0.14552273725292553 0.1746110623152283 
0.14153498969525874 0.18072415576006146 
0.10040521191089058 0.18967472289908446 
0.11581854669530975 0.21678405886830943 
0.1080779597788454 0.231493345518898 
0.1080779597788454 0.231493345518898 
0.08985938830646589 0.23144366163610658 
0.09542643396408487 0.21814640054078174 
0.09556098030936952 0.2126795268163199 
0.12151851250607773 0.180270403822883 
0.1475327941187157 0.20880496427976605 
0.16270334396202651 0.20956932694797606 
0.1372388420622533 0.18997016791497254 
0.07897686234561978 0.21755417233431856 
0.07897686234561978 0.21755417233431856 
0.10713335049821938 0.16617467316350984 
0.13846750315752082 0.158967920762472 
0.1807306846212957 0.1687028813443469 
0.06293693099376424 0.1881887665535553 
0.09520514570183604 0.16940858686987265 
0.08032525633585466 0.1727016357151278 
0.06971299517234648 0.14510590212079844 
0.06971299517234648 0.14510590212079844 
0.06971299517234648 0.14510590212079844 
0.08011650056311487 0.14537853177740923 
0.08011650056311487 0.14537853177740923 
0.16849899720897377 0.1537438485876838 
0.17284751496960626 0.14814319852192626 
0.17284751496960626 0.14814319852192626 
0.09746570614655296 0.15841174581456333 
0.12290875565368929 0.16273009795550236 
0.17512687793604143 0.17491485379938418 
0.16510527534898917 0.17613091786993088 
0.15734513025940772 0.18101091811432343 
0.11808505219385791 0.16994551889558113 
0.07521977276964294 0.15177968154986748 
0.07521977276964294 0.15177968154986748 
0.18077641522179877 0.14106044372937374 
0.18077641522179877 0.14106044372937374 
0.16110267814243528 0.1544168310792871 
0.1611305360889616 0.14670479199503922 
0.1619532578949433 0.11317169441757728 
0.16601765470083976 0.10226500886200013 
0.16655907938143388 0.11119321205459273 
0.1666023587693305 0.1112000074141187 
0.1666023587693305 0.1112000074141187 
0.1753960076511679 0.11065619632714656 
0.15172294680553833 0.1455906595373753 
0.14516546901615848 0.15403876592103166 
0.12462172193986681 0.18247106095445603 
0.10969717094047772 0.2037942927563276 
0.0617958693993214 0.18224339772627277 
0.10318727152579477 0.1903694012834697 
0.09318787100198428 0.20006840972430823 
0.1260172366042184 0.1767076406441955 
0.12198208165010048 0.19256274833531084 
0.13104056615805248 0.16355835834164917 
0.13416912008098625 0.15139228422618367 
0.12514986609933476 0.16816809553223158 
0.08642705373219986 0.2039487718259271 
0.09925311618765845 0.18257995191257786 
0.12930321640931913 0.19921122682493428 
0.12233342610020874 0.2143087336227937 
0.12233342610020874 0.2143087336227937 
0.13600745570212439 0.21059069171230793 
0.13188637312705503 0.20549221835893638 
0.11439903495840031 0.15835777539569934 
0.12221802254865068 0.20701157518181246 
0.13597354461931316 0.15884886848768448 
0.17811299774909953 0.16090451936924727 
0.17811299774909953 0.16090451936924727 
0.1568693713931784 0.18219078295098468 
0.10320621072001986 0.18295229846793196 
0.06778984849081816 0.1937587761156409 
0.062008522580979386 0.16890285564412033 
0.09679948599380747 0.17724843156518175 
0.11776240072670717 0.16856082552399834 
0.11427363696065083 0.16937829697299164 
0.06309454580547597 0.17311196108612067 
0.0782399017108398 0.1944594769728598 
0.10325522288526953 0.15529776818149768 
0.1705099815519931 0.19626096955171907 
0.1630076849684945 0.2027391624082194 
0.1626335398231576 0.17942947288050473 
0.10679859968613264 0.16176059786928784 
0.17090330132518688 0.17656423027775434 
0.06831823292202144 0.17282621547031857 
0.14538220683899428 0.19330686085164148 
0.14858305141658384 0.2105111322914629 
0.14858305141658384 0.2105111322914629 
0.152539342348542 0.2098633439112684 
0.152539342348542 0.2098633439112684 
0.1724588196294005 0.20950283746540577 
0.09985166691798025 0.15688108218167807 
0.10594668855834663 0.2132418711214424 
0.10594668855834663 0.2132418711214424 
0.16585679419465876 0.23370350886216432 
0.16585679419465876 0.23370350886216432 
0.16585679419465876 0.23370350886216432 
0.16882700239940562 0.23435540789530385 
0.16882700239940562 0.23435540789530385 
0.16359304762358204 0.2297782219395324 
0.16359304762358204 0.2297782219395324 
0.16359304762358204 0.2297782219395324 
0.16359304762358204 0.2297782219395324 
0.09609263868116535 0.19775745743820988 
0.08810979524328559 0.19634663499975535 
0.07468085020854678 0.19063255458432846 
0.15611631641101353 0.172544519148763 
0.15598586310529294 0.17813391598704048 
0.1562559576152702 0.18125407048006875 
0.1554616656027307 0.15686657942271492 
0.15550168567562778 0.15613876174826377 
0.1306437430444379 0.17704366970741953 
0.13931266612984813 0.1762857686672256 
0.1750595553581808 0.17734518040722505 
0.10807569647863982 0.19824738110224457 
0.10807569647863982 0.19824738110224457 
0.09669064846413498 0.21248609999080917 
0.0856819752417517 0.2100920124609622 
0.0856819752417517 0.2100920124609622 
0.0856819752417517 0.2100920124609622 
0.07249298614656041 0.16760773508523708 
0.12741505831775052 0.18364276397777496 
0.15629366662391914 0.1541741546011644 
0.15629366662391914 0.1541741546011644 
0.16061914667194999 0.1480503660073923 
0.16061914667194999 0.1480503660073923 
0.14372590409155278 0.15295102696425172 
0.14372590409155278 0.15295102696425172 
0.16318429890517672 0.19195259307678408 
0.15693730033151673 0.19235034664846434 
0.10720426044213065 0.18609667863895418 
0.12422020116274887 0.2211189045183063 
0.12422020116274887 0.2211189045183063 
0.10056130910123173 0.2116868350886085 
0.10049866823518804 0.22407843141550254 
0.10061887197307044 0.2351525904942595 
0.09401923130301021 0.23689426423548515 
0.09034246795009547 0.24766152247013135 
0.09034246795009547 0.24766152247013135 
0.09034246795009547 0.24766152247013135 
0.09034246795009547 0.24766152247013135 
0.09034246795009547 0.24766152247013135 
0.09034246795009547 0.24766152247013135 
0.16751413554114739 0.15432359022281278 
0.17144920950870612 0.10668636325192447 
0.17144920950870612 0.10668636325192447 
0.17144920950870612 0.10668636325192447 
0.17144920950870612 0.10668636325192447 
0.17638197977376766 0.10604064868293823 
0.17110276601705654 0.1131233626355721 
0.17110276601705654 0.1131233626355721 
0.06841205085895703 0.1784816000481115 
0.06073157361044419 0.20832315371413843 
0.06073157361044419 0.20832315371413843 
0.06073157361044419 0.20832315371413843 
0.18002344131352938 0.16746365732019095 
0.09221578022679004 0.18995949723402242 
0.1413895710167693 0.18076336208781468 
0.17311123374698947 0.18029167148326342 
0.10517087664790906 0.16369053060022723 
0.09952238681997413 0.19482711591259244 
0.09690253171504938 0.20907089491248673 
0.07932932757038247 0.2399620993122889 
0.0808426477209617 0.2400579276653843 
0.0808426477209617 0.2400579276653843 
0.08346800458081477 0.2316450752312851 
0.13117649376608229 0.2354098324552726 
0.13117649376608229 0.2354098324552726 
0.12921296009961908 0.2348696302988905 
0.12921296009961908 0.2348696302988905 
0.12921296009961908 0.2348696302988905 
0.1579536937265405 0.18126163346203492 
0.08837515625004518 0.16413957775083238 
0.15522235133157092 0.20157099173788834 
0.07619179136375509 0.20967496920871403 
0.07856524787526255 0.20715900793293313 
0.07858109532246729 0.2077254649581919 
0.17983645111537402 0.1695475111121871 
0.13184930511561851 0.1587494075163948 
0.13708836379886385 0.1714657532643301 
0.1184593710064138 0.20452366083583592 
0.10483235171763025 0.21155470351594508 
0.16835905934759673 0.2132789780051486 
0.16747792370115905 0.1949277929505556 
0.14521495272813598 0.18366886504607954 
0.12869623061698532 0.17526571589708828 
0.10240104953407643 0.13825730972959643 
0.10388094441003137 0.13883071161607682 
0.10311344697875086 0.13981923765296955 
0.0973267936147456 0.13948795951402773 
0.06571076431289269 0.18990191282930025 
0.06135398812369086 0.18666849117832043 
0.08742414346373024 0.17602455735604663 
0.0712648625113976 0.1550975085457517 
0.0712648625113976 0.1550975085457517 
0.1162861753894946 0.18778737222969616 
0.10652553258524992 0.21314050382398814 
0.14547277883189602 0.2487471976970851 
0.14547277883189602 0.2487471976970851 
0.14547277883189602 0.2487471976970851 
0.14547277883189602 0.2487471976970851 
0.14547277883189602 0.2487471976970851 
0.11757899270585181 0.2364133462197909 
0.1155710018982679 0.18844468938369954 
0.10901957261897627 0.20448920371200893 
0.10543613743555351 0.21031977179457775 
0.10615811657759389 0.20708389260524868 
0.07336960724784794 0.17429949699928726 
0.15250918670522964 0.18325022854796344 
0.15202639512368418 0.17548370151067913 
0.10827728855325634 0.1846828143987107 
0.10612280926130713 0.18561044435704302 
0.09853505695911106 0.2263522822589309 
0.09853505695911106 0.2263522822589309 
0.09853505695911106 0.2263522822589309 
0.09853505695911106 0.2263522822589309 
0.06531844502676518 0.20513530511742092 
0.06531844502676518 0.20513530511742092 
0.13555710021323453 0.208808022653547 
0.11765800871702536 0.15528958226608666 
0.06313310182651008 0.16677703927808646 
0.06052455423959931 0.13074685778364994 
0.06052455423959931 0.13074685778364994 
0.06052455423959931 0.13074685778364994 
0.06052455423959931 0.13074685778364994 
0.0835798225730906 0.14952199261752058 
0.0835798225730906 0.14952199261752058 
0.0903168237560001 0.14787500618860577 
0.0903168237560001 0.14787500618860577 
0.0903168237560001 0.14787500618860577 
0.09933260691488287 0.14813704400887853 
0.09191507580382331 0.13784475225449944 
0.09191507580382331 0.13784475225449944 
0.09049176631482991 0.13791926458537887 
0.06227876002945852 0.1726438489831496 
0.14625212561000017 0.2269638064621727 
0.14625212561000017 0.2269638064621727 
0.15077086553120173 0.2300430134334987 
0.1548032840199221 0.23236312762322586 
0.06613725820124472 0.2335176056722727 
0.06613725820124472 0.2335176056722727 
0.06613725820124472 0.2335176056722727 
0.15950817646204896 0.18434213081134992 
0.11984900737724177 0.16005952167128115 
0.13507814082937603 0.20910448061064368 
0.08597404479411869 0.21139229988683533 
0.0973593266517896 0.21943673351502355 
0.06649391980778006 0.2529901336256948 
0.08787001790274014 0.2295348927662688 
0.08787001790274014 0.2295348927662688 
0.10349840214310273 0.2287003437186465 
0.10280897896604896 0.21955281315565453 
0.10280897896604896 0.21955281315565453 
0.1601990711027591 0.21141111881956035 
0.1321469613654691 0.23117462871039043 
0.1321469613654691 0.23117462871039043 
0.1321469613654691 0.23117462871039043 
0.11757202270584789 0.1954825279536364 
0.11757202270584789 0.1954825279536364 
0.12211648493201294 0.1791344183810887 
0.16915763754962096 0.1740871913217454 
0.10986962058379095 0.21849673800885042 
