0.06459297906756407 0.19872121344962076 
0.07881109917497958 0.24957526987125922 
0.07881109917497958 0.24957526987125922 
0.09315062093174922 0.23528871854537767 
0.15120626665990994 0.24621076177917697 
0.14929516517630737 0.14756957319597308 
0.15348888889979284 0.14727849896242984 
0.16296625604444492 0.18731472935545132 
0.14973929949249587 0.16271507875881652 
0.1317399166456794 0.16256722402833806 
0.12255798029071902 0.15555677476709814 
0.13444949588413274 0.1685925713888248 
0.11728388941560436 0.16988274017982188 
0.11178256131263517 0.1694131342720493 
0.11178256131263517 0.1694131342720493 
0.09682661254381852 0.22879860678320824 
0.09682661254381852 0.22879860678320824 
0.09682661254381852 0.22879860678320824 
0.09682661254381852 0.22879860678320824 
0.10253645842740035 0.2261678178190048 
0.10253645842740035 0.2261678178190048 
0.10253645842740035 0.2261678178190048 
0.10253052055551466 0.22576164718775865 
0.0716846200527874 0.18509093677407068 
0.0645544533891911 0.1670054056643974 
0.17842318057233084 0.17897303885242855 
0.06241657127850442 0.1622064721170361 
0.14010176544690942 0.17459714096539256 
0.16922335379714493 0.17248154541218108 
0.16778026126822396 0.15729897281503263 
0.12129515779755479 0.19096447683909298 
0.13850955258232509 0.19084544499985004 
0.0744013975162235 0.15858084601529715 
0.08544553093627769 0.16107584364112348 
0.08523781464718957 0.1534379846676766 
0.14323141829506267 0.17750999616033625 
0.1296480277800618 0.16845504249961143 
0.12052457245480949 0.1645470493105282 
0.13096485239920422 0.15621764219531722 
0.10564695212373856 0.14435274196213668 
0.10564695212373856 0.14435274196213668 
0.16788316224965735 0.17334426250927717 
0.07809902675652801 0.19668256344156 
0.17042713274103105 0.15879040954412213 
0.11704980636298323 0.174300216817328 
0.16861919714666643 0.15806204954574338 
0.1712862446734591 0.17119048991395563 
0.1600542842774897 0.17272737009921807 
0.16537419072021223 0.19214824508604084 
0.16431910178518877 0.1917150115379275 
0.10803234497131659 0.16043719735514872 
0.11741729754158253 0.1411023535936003 
0.11082893276380293 0.1177396394111576 
0.11255289387771054 0.10809066887626911 
0.11255289387771054 0.10809066887626911 
0.11255289387771054 0.10809066887626911 
0.1050329912538294 0.1358532385462283 
0.1050329912538294 0.1358532385462283 
0.1050329912538294 0.1358532385462283 
0.10830757002610183 0.13523265924543865 
0.10671067706087932 0.14500784033109504 
0.10671067706087932 0.14500784033109504 
0.10688232039787132 0.14494980600147403 
0.09997495423121336 0.1483685685132272 
0.09877149936241314 0.2112985145962883 
0.09950521712189292 0.21645708149609003 
0.08852513624859151 0.21581781552788992 
0.08852513624859151 0.21581781552788992 
0.08852513624859151 0.21581781552788992 
0.08422903661903344 0.2563938834006675 
0.08422903661903344 0.2563938834006675 
0.10640474537819736 0.24904562647109194 
0.10640474537819736 0.24904562647109194 
0.10640474537819736 0.24904562647109194 
0.10045649211600179 0.25168972020809816 
0.11668022547415455 0.2514844686988458 
0.11668022547415455 0.2514844686988458 
0.11668022547415455 0.2514844686988458 
0.11668022547415455 0.2514844686988458 
0.11668022547415455 0.2514844686988458 
0.11549419444194675 0.2546643349928841 
0.11549419444194675 0.2546643349928841 
0.11549419444194675 0.2546643349928841 
0.11549419444194675 0.2546643349928841 
0.11549419444194675 0.2546643349928841 
0.10564060604327333 0.254390062983473 
0.10564060604327333 0.254390062983473 
0.10564060604327333 0.254390062983473 
0.10564060604327333 0.254390062983473 
0.10564060604327333 0.254390062983473 
0.10651623221861231 0.25660130484647625 
0.10651623221861231 0.25660130484647625 
0.10651623221861231 0.25660130484647625 
0.11720761018628084 0.25642742079864667 
0.11720761018628084 0.25642742079864667 
0.11720761018628084 0.25642742079864667 
0.11720761018628084 0.25642742079864667 
0.11625999109481795 0.2501473132244535 
0.11903626636105567 0.2409536894764903 
0.11903626636105567 0.2409536894764903 
0.11903626636105567 0.2409536894764903 
0.13094957188211487 0.2565985208400717 
0.13149399384476435 0.2524501562814139 
0.13149399384476435 0.2524501562814139 
0.13149399384476435 0.2524501562814139 
0.13149399384476435 0.2524501562814139 
0.13810578224422643 0.2501462829871284 
0.06723655327109485 0.19615771100358698 
0.0881668487857077 0.2071838123434257 
0.0881668487857077 0.2071838123434257 
0.0881668487857077 0.2071838123434257 
0.0881668487857077 0.2071838123434257 
0.0881668487857077 0.2071838123434257 
0.0881668487857077 0.2071838123434257 
0.1465662939271933 0.162663378497249 
0.06160641255680812 0.16368463116003157 
0.09878454493109654 0.17580999533940614 
0.10636425054108528 0.1518538033803651 
0.10746297947330806 0.15523777224941915 
0.17865662550528771 0.2087422148940512 
0.17865662550528771 0.2087422148940512 
0.17650222968169166 0.20912986461945277 
0.07792295649979811 0.2126146121257245 
0.16862662101062775 0.1555347681606954 
0.16664553373697238 0.15801517722794278 
0.11351801292410657 0.20719794158305468 
0.10826593766065669 0.20554527049122925 
0.10278629701044242 0.20122047529056186 
0.08391682745376534 0.18175116184954615 
0.0792973826300629 0.1640731510599721 
0.10512571056139935 0.17405062308826116 
0.14762647225764358 0.16955271660422105 
0.10951212987736264 0.166521925773894 
0.1514888767887513 0.1617337821086851 
0.14946597216264268 0.1752804367980871 
0.17922035186295232 0.18052509948194892 
0.07743931289564726 0.1780402249282678 
0.1233339313059916 0.22059995587006667 
0.13083321355318445 0.22342018807401082 
0.13083321355318445 0.22342018807401082 
0.14939990755764848 0.22100929428796226 
0.1331896042380959 0.20156881207411004 
0.13513855401755995 0.20298566376531274 
0.1304015479267538 0.214518257266907 
0.14444619529859506 0.20957292641275418 
0.14444619529859506 0.20957292641275418 
0.14444619529859506 0.20957292641275418 
0.14547029683204415 0.20893720308518338 
0.14518193081352498 0.20842967054667189 
0.14173750083135508 0.25565163431125715 
0.14173750083135508 0.25565163431125715 
0.14173750083135508 0.25565163431125715 
0.1438287950944092 0.25330142972631947 
0.15190952124551987 0.2533900362415908 
0.15190952124551987 0.2533900362415908 
0.15190952124551987 0.2533900362415908 
0.15190952124551987 0.2533900362415908 
0.15190952124551987 0.2533900362415908 
0.15190952124551987 0.2533900362415908 
0.15190952124551987 0.2533900362415908 
0.15190952124551987 0.2533900362415908 
0.1211172139138216 0.20241343903021802 
0.13034704740446046 0.21710899019891822 
0.12594924362994755 0.22059357639122423 
0.12594924362994755 0.22059357639122423 
0.12174736205425804 0.2067891651769853 
0.13659472441752332 0.20532685886635532 
0.13137881279696217 0.25404101204276935 
0.1252918640381843 0.24380551853667276 
0.1252918640381843 0.24380551853667276 
0.1398216818184621 0.21509149386280993 
0.1398216818184621 0.21509149386280993 
0.13962613370292468 0.2162897794434886 
0.15201804844864847 0.21690674608318433 
0.14967167155825023 0.21746051476663003 
0.14967167155825023 0.21746051476663003 
0.15557678296717076 0.23909492584748457 
0.12763899974680967 0.22348023375082116 
0.12763899974680967 0.22348023375082116 
0.1329085307282729 0.22575446718703746 
0.13363917838390393 0.22645690439862798 
0.13363917838390393 0.22645690439862798 
0.13363917838390393 0.22645690439862798 
0.13363917838390393 0.22645690439862798 
0.13363917838390393 0.22645690439862798 
0.12786662420931827 0.2283102400169831 
0.12786662420931827 0.2283102400169831 
0.12200437997174743 0.25556747180355077 
0.12200437997174743 0.25556747180355077 
0.12200437997174743 0.25556747180355077 
0.1225109224900913 0.2535440194357903 
0.1225109224900913 0.2535440194357903 
0.1225109224900913 0.2535440194357903 
0.1225109224900913 0.2535440194357903 
0.10488261682133798 0.2381006272283222 
0.09829087429251071 0.2526434107476685 
0.09829087429251071 0.2526434107476685 
0.09829087429251071 0.2526434107476685 
0.10633679531277837 0.24464661057893886 
0.12578175211773507 0.2509999539406412 
0.12578175211773507 0.2509999539406412 
0.12578175211773507 0.2509999539406412 
0.12578175211773507 0.2509999539406412 
0.12559125481389155 0.25154926793069254 
0.12515223270262515 0.2549230428054574 
0.09593980007269232 0.1661836404026583 
0.11616365142555878 0.1758760566159817 
0.17014039086200844 0.20183915311784395 
0.17014039086200844 0.20183915311784395 
0.17014039086200844 0.20183915311784395 
0.0799782926732347 0.23493914523943876 
0.0799782926732347 0.23493914523943876 
0.09874288028928113 0.2175683989358011 
0.06504500739845986 0.1487181348575847 
0.06948419292727269 0.1468406197073764 
0.07523586443361219 0.1464139947823269 
0.07124640214942256 0.11329875333327927 
0.07124640214942256 0.11329875333327927 
0.07124640214942256 0.11329875333327927 
0.07124640214942256 0.11329875333327927 
0.07124640214942256 0.11329875333327927 
0.07267839182927367 0.11553917578540793 
0.0759396171602297 0.1192584790796744 
0.0759396171602297 0.1192584790796744 
0.07656419377904373 0.11922060121822928 
0.07656419377904373 0.11922060121822928 
0.07656419377904373 0.11922060121822928 
0.07138805836438034 0.11155669483178915 
0.08114507503532481 0.1305710611461655 
0.07412518631296519 0.1344471975677006 
0.08376174959298203 0.13694220701139864 
0.10341584872352985 0.15065625350375442 
0.1097065855658215 0.18076933146180463 
0.07674689974715786 0.1465307345366973 
0.1690720799675191 0.21133789188850283 
0.1690720799675191 0.21133789188850283 
0.1690720799675191 0.21133789188850283 
0.1690720799675191 0.21133789188850283 
0.1717138671637024 0.21027363659794895 
0.07344225263814727 0.17636890013659612 
0.14658207241258456 0.18488868590980956 
0.1262814863022539 0.1551580768912027 
0.1094065095194614 0.12885783434264922 
0.1088294014982843 0.12522190849440876 
0.1011295710215984 0.10654133096443483 
0.10634488449914455 0.11543979428467319 
0.10839474725591947 0.11978660115519388 
0.10839474725591947 0.11978660115519388 
0.10182628037306177 0.10615079167813915 
0.10561194600712685 0.12463407742086005 
0.10561194600712685 0.12463407742086005 
0.10463693288154742 0.15303522465204128 
0.16759984372208564 0.18975358711718945 
0.0952646850726218 0.17309925056732442 
0.14065279910924802 0.210236028802688 
0.14065279910924802 0.210236028802688 
0.09026996038217026 0.15490625816049453 
0.06502748032442662 0.17087508986358613 
0.11770090335719746 0.19541592764675966 
0.08432717332815258 0.1568093800258385 
0.1805622150835413 0.1586209202123276 
0.10654207632357154 0.18327983886949353 
0.13905022529357156 0.17494411186470316 
0.16589759396757775 0.1557138066172061 
0.15976630760808425 0.1724215811027637 
0.07320823271652713 0.17517673714714116 
0.09899905579114007 0.21484781392790725 
0.09645447062604232 0.22917588409911835 
0.10204248006619285 0.22200742994430595 
0.08885850778242992 0.2338709756989647 
0.08885850778242992 0.2338709756989647 
0.09378834627705977 0.2563158713586474 
0.09378834627705977 0.2563158713586474 
0.09270992174597616 0.2217371819703513 
0.08988553646386713 0.24657071240259867 
0.08988553646386713 0.24657071240259867 
0.08888164171504338 0.24510038149670066 
0.08888164171504338 0.24510038149670066 
0.08969354768039213 0.2303550523622488 
0.08989642864319805 0.21891527251614176 
0.08989642864319805 0.21891527251614176 
0.08515044376422037 0.2187065807875224 
0.08515044376422037 0.2187065807875224 
0.10735177876815362 0.2188720383848045 
0.16661584839110088 0.18629309090687277 
0.09363966642900229 0.18423444874123918 
0.06637732083423022 0.17502075885855367 
0.09072425104347766 0.15797890695386746 
0.09072425104347766 0.15797890695386746 
0.10847112310847874 0.18603388642638816 
0.11009053902487297 0.19670431933281937 
0.15595419447096281 0.19455058081742113 
0.1024956352045677 0.18127005460556647 
0.1325323210481317 0.15820483485269363 
0.1083141306696776 0.1957194963609764 
0.0714841546121821 0.21709569086314198 
0.0714841546121821 0.21709569086314198 
0.10422049429219335 0.18335754696650364 
0.14242149379734417 0.21015455540243777 
0.14118673637391946 0.20068768610842563 
0.11193479547408688 0.20168324575113541 
0.11193479547408688 0.20168324575113541 
0.11177836621671422 0.20440299233899986 
0.12213340158549343 0.22344737529711067 
0.12127271256468655 0.22640090694952425 
0.12038454206211405 0.22635500975551878 
0.1454271536106454 0.219648417321782 
0.1454271536106454 0.219648417321782 
0.1525387998068295 0.22480617268573688 
0.1151200217236231 0.18802025716789253 
0.10878638497090835 0.17228236923600548 
0.1690909289636186 0.15347460058803186 
0.10444953090374917 0.18177244910279353 
0.11470666877868464 0.18364255780613184 
0.09205651880779556 0.15744845603693436 
0.09205651880779556 0.15744845603693436 
0.10564482577394996 0.14838816152532772 
0.08694451422530068 0.13916735450938642 
0.08731901332244188 0.14031435060596986 
0.0874474039884159 0.15877292483809702 
0.17378053124859819 0.17251623342848946 
0.08344847561884822 0.18734037219926583 
0.06716558706917808 0.1934966436089441 
0.17197000193853706 0.16745620010390758 
0.07367987565675368 0.183748252325108 
0.07415005351114418 0.18248430968579712 
0.11899303271617201 0.16244470954758666 
0.15846955621950598 0.14787054494450425 
0.16807379912938336 0.15372280439826763 
0.16348792901014467 0.0928832828596247 
0.16348792901014467 0.0928832828596247 
0.16348792901014467 0.0928832828596247 
0.16348792901014467 0.0928832828596247 
0.16452138256085125 0.09755744759653259 
0.16452138256085125 0.09755744759653259 
0.16452138256085125 0.09755744759653259 
0.16233059193017463 0.1354261880213695 
0.16233059193017463 0.1354261880213695 
0.161871688001996 0.12661264743041611 
0.15039625003400098 0.14909607904087602 
0.14341752492829363 0.13796984098139814 
0.14186082208642303 0.1398683329687207 
0.14264981037020502 0.13973433765294768 
0.14264981037020502 0.13973433765294768 
0.14264981037020502 0.13973433765294768 
0.14264981037020502 0.13973433765294768 
0.14355904499131739 0.14359465513496356 
0.10259161551332428 0.22363780427849994 
0.1101186393165278 0.215996467319369 
0.06272615133534054 0.1585593750138422 
0.06272615133534054 0.1585593750138422 
0.1007081986915854 0.1963232598695854 
0.1532499405016947 0.1943487888802499 
0.08555746486271552 0.18058115897303162 
0.16914494852229464 0.17576877565723031 
0.07749966003636914 0.17828811336954323 
0.08249589226713616 0.16956074805641155 
0.13466897059458052 0.18119717543523045 
0.17657146220213568 0.16753598169554224 
0.0791662390890962 0.1679713436037537 
0.06368093068777762 0.15483735426032463 
0.06368093068777762 0.15483735426032463 
0.06368093068777762 0.15483735426032463 
0.06368093068777762 0.15483735426032463 
0.06368093068777762 0.15483735426032463 
0.06368093068777762 0.15483735426032463 
0.07386458825988469 0.15517350163381383 
0.07091682423106499 0.15472640214568747 
0.15632547965000942 0.16733464551265378 
0.10956895622120755 0.16317551824626617 
0.08015846184778813 0.14700213045235566 
0.08094121363922488 0.13945856330749626 
0.075042841844596 0.14502595129706403 
0.07855383806984301 0.14703412524160364 
0.1121825774793846 0.2295770782066241 
0.1121825774793846 0.2295770782066241 
0.12687598201557154 0.23322021217803973 
0.16114619833596824 0.23470802045130157 
0.1615106651299486 0.23513797603246703 
0.1491587001593922 0.17819453455254256 
0.14475705072708242 0.1929671685676366 
0.1340507539227552 0.15637182039329436 
0.1296659436445938 0.1483947255365081 
0.1431115379075023 0.18707965549696745 
0.14494428474746837 0.15854266686953672 
0.15761950559148644 0.144859764469153 
0.08959578021441804 0.19692077904006539 
0.08959578021441804 0.19692077904006539 
0.1787022198823653 0.23086836642403458 
0.16530502566665795 0.21480794809662068 
0.16709036875472905 0.20740699676130425 
0.07094978781610098 0.19184598338969389 
0.14922809445249482 0.22917437343665228 
0.1356092427274433 0.2273640857428421 
0.1356092427274433 0.2273640857428421 
0.1352832738260457 0.23441752332166538 
0.14231973526106295 0.24038635027857577 
0.14231973526106295 0.24038635027857577 
0.1441273441133114 0.24095390804934375 
0.1441273441133114 0.24095390804934375 
0.1441273441133114 0.24095390804934375 
0.1441273441133114 0.24095390804934375 
0.1441273441133114 0.24095390804934375 
0.1441273441133114 0.24095390804934375 
0.1441273441133114 0.24095390804934375 
0.14100750310066817 0.23953668654154303 
0.14100750310066817 0.23953668654154303 
0.13887935696398485 0.23263788797029597 
0.1298534247083287 0.20767389726628727 
0.1517204546763487 0.25310204429515004 
0.1414398980838745 0.23837374401549946 
0.1414398980838745 0.23837374401549946 
0.1414398980838745 0.23837374401549946 
0.1414398980838745 0.23837374401549946 
0.1460091134348838 0.18274020410549002 
0.1654558377655272 0.1731604279457165 
0.1377678525576664 0.16056146168951999 
0.1390046364542207 0.1588856748313104 
0.13045732462191492 0.18387096502436748 
0.16299815853338123 0.15895755495137073 
0.0743084968576821 0.17018458140712928 
0.1252890095363694 0.16921378729114703 
0.06476621953495998 0.19003084156719968 
0.11844737949473845 0.166033631575953 
0.17000668901352842 0.19867369053444156 
0.1707010674394296 0.19821963233019163 
0.1707010674394296 0.19821963233019163 
0.07817279903588394 0.17572045265960937 
0.1465586586691667 0.17768681533422243 
0.0637446266154475 0.22270717928734818 
0.09567716832844704 0.21264000614189882 
0.11660701222608247 0.18699967117483943 
0.06640873298513586 0.1667754610568573 
0.09313639890769948 0.18700251436113474 
0.10164359641188701 0.1994283394498676 
0.13225830687796064 0.20272839523291003 
0.1423748097137629 0.21327596070104002 
0.16410025192037136 0.21639971229797259 
0.16410025192037136 0.21639971229797259 
0.11948004469320488 0.15115185758400598 
0.12741335691835046 0.16010248203606936 
0.06701452471622023 0.21769672097064202 
0.06701452471622023 0.21769672097064202 
0.14393450283534398 0.15251728426914982 
0.14060536240779958 0.17258599210039846 
0.1160326588132272 0.20170622978870015 
0.09762630579609097 0.15895829893196303 
0.11093009496089115 0.16978459535034263 
0.14581798265135903 0.1846948025784428 
0.13595234246007037 0.11905790004616443 
0.12801366761259328 0.1352398692206116 
0.13096557838555187 0.10199525876513861 
0.14583032520517222 0.1298413118983639 
0.14086293895372598 0.13277742065411863 
0.12368044870884351 0.13698660459134954 
0.12514824886820108 0.13850819856032365 
0.1309673912156581 0.10510116557300977 
0.1309673912156581 0.10510116557300977 
0.119410040725522 0.12019840595639986 
0.119410040725522 0.12019840595639986 
0.11860585657889637 0.11288812441805574 
0.12594956333095117 0.1419813505608073 
0.09986122723393212 0.14598604885667055 
0.09986122723393212 0.14598604885667055 
0.08321927829132013 0.13270003562487598 
0.07318409285025387 0.12340810910467223 
0.07318409285025387 0.12340810910467223 
0.07318409285025387 0.12340810910467223 
0.07539162526195911 0.1251057459684794 
0.06730140390279706 0.10675197874642414 
0.06730140390279706 0.10675197874642414 
0.07922387247050107 0.11205891472793823 
0.07922387247050107 0.11205891472793823 
0.07922387247050107 0.11205891472793823 
0.07813092124752927 0.12015880888186228 
0.07813092124752927 0.12015880888186228 
0.08853992382810941 0.1375801505567039 
0.13650975033235413 0.18296620480794204 
0.13480296791489615 0.1815097348208074 
0.14182573894180114 0.1961557633660372 
0.14556236144838086 0.1938952347717371 
0.06709718821226862 0.18181160067560131 
0.1471521916311504 0.1954792662393922 
0.1131818900684159 0.16665128554361752 
0.09505461936680318 0.1722792125770666 
0.11182913022393132 0.15930879497054487 
0.09069617412980899 0.18592064210798948 
0.11366817396678056 0.185766196967396 
0.10939349051335664 0.2432615233912417 
0.10344789771409017 0.1799483905166906 
0.1299706205897208 0.1676194080637514 
0.08554146726832934 0.14812047724929828 
0.11580517237134162 0.14557209429783774 
0.11440718797040422 0.14625727491694981 
0.11440718797040422 0.14625727491694981 
0.13372607316738588 0.09943299749834719 
0.1737145773507281 0.15156068678861767 
0.09098469895759789 0.18191242282204587 
0.14638410197480795 0.17173440075226895 
0.14209870559227913 0.1628568610937617 
0.1769837340105406 0.16169801990987778 
0.1769837340105406 0.16169801990987778 
0.11194500155348992 0.19546892924370823 
0.08971291327790949 0.20625264618099462 
0.1534004063743151 0.18534400997397593 
0.15650556343628022 0.24943081984672005 
0.15650556343628022 0.24943081984672005 
0.15650556343628022 0.24943081984672005 
0.15650556343628022 0.24943081984672005 
0.17568272485764658 0.24712097010890888 
0.17960645749483234 0.24721001558178937 
0.1255113119614068 0.21181984973890414 
0.1255113119614068 0.21181984973890414 
0.0984073269903157 0.21504628349792196 
0.17206406553878084 0.20034627586762965 
0.100952469575905 0.21198320815244354 
0.102667848886971 0.23494568958676126 
0.09687101363954376 0.21835323720089175 
0.09317217335959586 0.19402981768760078 
0.16387185616224004 0.1728187682017035 
0.13012319428144403 0.22265959357470988 
0.13012319428144403 0.22265959357470988 
0.1009893207525991 0.1793518168678718 
0.11079520316884692 0.15058034245877788 
0.11079520316884692 0.15058034245877788 
0.15200209095222042 0.1926475558036261 
0.14529110982360174 0.21894197155142026 
0.08508900440856576 0.169146673878024 
0.13474113769321563 0.23262095676303632 
0.12073472221152146 0.2075157954169262 
0.14984072171240104 0.16496914375939825 
0.11914357607030329 0.17034068613617212 
0.12312214042558751 0.20349877771184005 
0.17487917778028786 0.16402532782478846 
0.15276952415201325 0.18773286226699576 
0.08250043068190863 0.17034637568429756 
0.14520955107207148 0.16256019621177822 
0.15911951612217604 0.15331584799948061 
0.09525570282555967 0.19643847003812737 
0.07088009464243639 0.16426085862333434 
0.1438397806797743 0.16776671691568767 
0.0957217470240978 0.16179787038050394 
0.12178838260461475 0.206933892026331 
0.14757554133601064 0.18761071548780803 
0.12187307161400474 0.17567693670363232 
0.1749848035291783 0.17187696352840892 
0.12264976264269277 0.16291476762363902 
0.169712229954892 0.16375805489849177 
0.169712229954892 0.16375805489849177 
0.11775777928302009 0.19538742320701824 
0.11887487392831535 0.22461025527017098 
0.11886760776844864 0.24805679144353848 
0.11886760776844864 0.24805679144353848 
0.12205184121810334 0.2389736085659295 
0.12879568982652995 0.2055356148650295 
0.06732823212753747 0.17932496966426803 
0.13995299417296456 0.17704385165620448 
0.1697088200310712 0.17350734805038523 
0.17174682487147463 0.17095975191484997 
0.16538313033705404 0.16641061121009143 
0.16359900499026397 0.18765598726711008 
0.07650802662708539 0.18180971672548676 
0.10879781430690928 0.201114209027502 
0.0657070819701897 0.19118528157405162 
0.15606157573506452 0.15054692351240243 
0.15606157573506452 0.15054692351240243 
0.15606157573506452 0.15054692351240243 
0.15606157573506452 0.15054692351240243 
0.15606157573506452 0.15054692351240243 
0.15606157573506452 0.15054692351240243 
0.15606157573506452 0.15054692351240243 
0.15606157573506452 0.15054692351240243 
0.15606157573506452 0.15054692351240243 
0.15606157573506452 0.15054692351240243 
0.15606157573506452 0.15054692351240243 
0.16691173293762548 0.14276818558614968 
0.15304966723702068 0.14395630018205416 
0.13651108174393095 0.17552086589608254 
0.1795019679266278 0.18767065997007684 
0.10587420577025525 0.16122293135620708 
0.11110109627215771 0.11236236659541388 
0.11054167049082486 0.10870160606717909 
0.10858742596644454 0.1012497875790658 
0.09745502304430785 0.17419718989388125 
0.16952688475487107 0.15551755460883585 
0.1632023639335238 0.15207773005593622 
0.1632023639335238 0.15207773005593622 
0.09731931075662545 0.2179986244988367 
0.0955929359162049 0.21850452284765493 
0.11428617455909224 0.16132453758799092 
0.11428617455909224 0.16132453758799092 
0.11428617455909224 0.16132453758799092 
0.062312810403123545 0.17504701463016625 
0.14226944200944497 0.18552128301976145 
0.12908655255161475 0.21716379722019688 
0.12005981657615547 0.23829858962550382 
0.0967331027316 0.21184899253028025 
0.10044784280881153 0.20753728116215758 
0.15810622421981288 0.20917993312513722 
0.12030937807588052 0.158397797035893 
0.12224772079177726 0.13126455721483676 
0.12224772079177726 0.13126455721483676 
0.1071198452409777 0.1317623164785472 
0.1071198452409777 0.1317623164785472 
0.1071198452409777 0.1317623164785472 
0.10299775566327901 0.14233317482712665 
0.10879148019977253 0.13720506347118247 
0.1272206130289969 0.1446249900896915 
0.14314684399108046 0.1351814024954675 
0.14314684399108046 0.1351814024954675 
0.14314684399108046 0.1351814024954675 
0.14314684399108046 0.1351814024954675 
0.14314684399108046 0.1351814024954675 
0.14275502990789418 0.1286138999999152 
0.13086344194291272 0.14246702358700625 
0.12996765105978114 0.1401822822902888 
0.1386513552392696 0.1376967881621014 
0.08837878595106013 0.17812353791359592 
0.16435259603507746 0.176251191707102 
0.15844629819971245 0.1625850085419646 
0.07584974279936013 0.16879173835251582 
0.06573880838881781 0.1779861796710328 
0.07436884673865381 0.17446336603968152 
0.1469646762864864 0.18625177667567602 
0.15244121221456353 0.16646994572028523 
0.15603297485596007 0.1886945174662435 
0.10197242780802178 0.17541144144465406 
0.11229045582399305 0.19285640077774518 
0.11229045582399305 0.19285640077774518 
0.14808217573018168 0.1946214772152525 
0.0738751078048176 0.2158057171446795 
0.06322824310119893 0.2365967870125887 
0.0925512717195939 0.22977910345314673 
0.09273210086797322 0.2527428781111686 
0.09285034310796086 0.25327879660661734 
0.09285034310796086 0.25327879660661734 
0.09787356062944551 0.2509815739273112 
0.09779611655748385 0.2502052535810084 
0.09779611655748385 0.2502052535810084 
0.09719687149265424 0.2523213725613117 
0.09719687149265424 0.2523213725613117 
0.09719687149265424 0.2523213725613117 
0.09719687149265424 0.2523213725613117 
0.10659012100249356 0.23114174617946295 
0.07066190928940982 0.2237678836904111 
0.10720176702447926 0.23486243179177693 
0.10890671914823843 0.23670622099908845 
0.10890671914823843 0.23670622099908845 
0.10905775318823599 0.23657310036659765 
0.11733622544680149 0.24445426687940944 
0.11176772837153404 0.25144063442131953 
0.11176772837153404 0.25144063442131953 
0.11176772837153404 0.25144063442131953 
0.11176772837153404 0.25144063442131953 
0.11176772837153404 0.25144063442131953 
0.07669866942785952 0.24929476770648043 
0.07905697714412467 0.24833392104499008 
0.07905697714412467 0.24833392104499008 
0.07905697714412467 0.24833392104499008 
0.08880036200220638 0.23024140985837677 
0.08676452879747708 0.21597474250245674 
0.08676452879747708 0.21597474250245674 
0.06910630909511484 0.2321065527606634 
0.0655851417565933 0.2481357697611528 
0.0655851417565933 0.2481357697611528 
0.0655851417565933 0.2481357697611528 
0.0655851417565933 0.2481357697611528 
0.0655851417565933 0.2481357697611528 
0.0655851417565933 0.2481357697611528 
0.0655851417565933 0.2481357697611528 
0.0655851417565933 0.2481357697611528 
0.0655851417565933 0.2481357697611528 
0.0655851417565933 0.2481357697611528 
0.0655851417565933 0.2481357697611528 
0.0655851417565933 0.2481357697611528 
0.0655851417565933 0.2481357697611528 
0.0655851417565933 0.2481357697611528 
0.06617701066066617 0.24710436484884338 
0.06998345795617784 0.2411142361999638 
0.06998345795617784 0.2411142361999638 
0.07975683843453721 0.2347026302351479 
0.07975683843453721 0.2347026302351479 
0.07975683843453721 0.2347026302351479 
0.07763103573449052 0.2406849351228706 
0.07763103573449052 0.2406849351228706 
0.07690443615009018 0.23973452895258957 
0.07844594771430524 0.23648675416042658 
0.07844594771430524 0.23648675416042658 
0.07378072094791314 0.23619327274232244 
0.06774099227452399 0.23848502719132683 
0.06862604546778792 0.22251656273668302 
0.06862604546778792 0.22251656273668302 
0.06862604546778792 0.22251656273668302 
0.09183539185192988 0.1614238734955039 
0.06766949608825623 0.1620482068624458 
0.06766949608825623 0.1620482068624458 
0.09523937617953708 0.17173153001903466 
0.0934487191945965 0.16368851942267068 
0.12536437450098428 0.18464645260465684 
0.15031654192054067 0.17993706143704283 
0.16152286740362426 0.1952291152911974 
0.11711678333057329 0.19399138314594444 
0.11711678333057329 0.19399138314594444 
0.11372635619916024 0.19505742825231842 
0.14865208166451138 0.18330246252879884 
0.0682421510893213 0.16129823137707555 
0.1284106590142238 0.18469579654532722 
0.1278378683827213 0.20830987382621555 
0.1278378683827213 0.20830987382621555 
0.11035000846254664 0.22689191306743606 
0.1285781032662781 0.2464039875757407 
0.1285781032662781 0.2464039875757407 
0.1285781032662781 0.2464039875757407 
0.1285781032662781 0.2464039875757407 
0.1285781032662781 0.2464039875757407 
0.13044409540295918 0.20732659199123343 
0.1609054269811242 0.17315264409015008 
0.06289950164180627 0.17049657546750346 
0.12735528334667656 0.19451034435786269 
0.1105412824668807 0.15836385068131048 
0.11861586961184072 0.19343618607865 
0.061558983890181274 0.2065755055028789 
0.061558983890181274 0.2065755055028789 
0.10393606261721079 0.16069042368845343 
0.13958371012030096 0.1683564150849937 
0.18139986088049692 0.1662093601468919 
0.1322733145475838 0.15877040152557534 
0.1322733145475838 0.15877040152557534 
0.07110382348605479 0.17238730210569986 
0.17236257003833894 0.1732265340607608 
0.11993362138325286 0.16541759594564084 
0.07518548541460265 0.16218917500209945 
0.14809053262905242 0.17263867488507714 
0.07179203020860506 0.17293631609485996 
0.10735359631664808 0.18717191529773827 
0.1742723354385814 0.16031352078866346 
0.1742723354385814 0.16031352078866346 
0.15921043539423274 0.19781073168162583 
0.15921043539423274 0.19781073168162583 
0.08410129045057074 0.1967437015943402 
0.06813709768481999 0.21382777711236656 
0.08355591961760438 0.21838343117409975 
0.09119910881369808 0.20992763180186444 
0.06300366626833288 0.23769387944032982 
0.06300366626833288 0.23769387944032982 
0.06445748817928951 0.2358682747909939 
0.06445748817928951 0.2358682747909939 
0.06445748817928951 0.2358682747909939 
0.06494358504644548 0.2288798073530348 
0.06494358504644548 0.2288798073530348 
0.06943484658948278 0.22757762574254997 
0.06943484658948278 0.22757762574254997 
0.06943484658948278 0.22757762574254997 
0.06943484658948278 0.22757762574254997 
0.0948685537146346 0.2283382163655823 
0.07748219002264933 0.22179815506004064 
0.08861907724313992 0.18536207785299877 
0.1648282269246948 0.1781212543516253 
0.06627923183585109 0.17950766225977716 
0.15473315407876842 0.15941036188815058 
0.11420302453580539 0.20551755124052007 
0.11401700358819788 0.20590828514543918 
0.08292343301208464 0.14492800481495474 
0.08292343301208464 0.14492800481495474 
0.08292343301208464 0.14492800481495474 
0.08292343301208464 0.14492800481495474 
0.08931930430629566 0.13914856946778104 
0.06192105847263997 0.18014742526874372 
0.1440314531096617 0.18668020209900796 
0.1612230927525511 0.20480689012524614 
0.14591490419981618 0.18090783362834953 
0.14386195757935227 0.21644711672703573 
0.1435830985583901 0.21619607008561412 
0.1529670965861856 0.1854191575508124 
0.13900693487382323 0.1927341326207953 
0.13900693487382323 0.1927341326207953 
0.12997481457807827 0.19946099647332385 
0.15205957055613512 0.16366959516417257 
0.12186906606062525 0.22687187425831398 
0.12184851757414192 0.2268529361455013 
0.11646186291613474 0.22768901599078978 
0.11613837375074602 0.22270563048600903 
0.11613837375074602 0.22270563048600903 
0.11613837375074602 0.22270563048600903 
0.12499657843522846 0.21230081795206762 
0.1202413445417587 0.221352180681473 
0.11330524753715518 0.21942750779263548 
0.09744704686026354 0.15607447830802956 
0.10049164436086251 0.16913700209036206 
0.07165931290532208 0.12897083869382636 
0.07753420484519503 0.1510083066471506 
0.07753420484519503 0.1510083066471506 
0.13599964703129122 0.1778821259858792 
0.13701764925450743 0.2069139619998413 
0.1263544808382245 0.1684210454717048 
0.10627573254999037 0.1759725506995301 
0.13975447190592344 0.19032489072055145 
0.15678861742447495 0.18414645068741753 
0.0896096526927907 0.17316316331531378 
0.11810042812165222 0.16629203509319299 
0.1565989811501151 0.19787735801221504 
0.15564178972241113 0.19783929600243305 
0.14935487996147456 0.20221530439733215 
0.16699469071987172 0.18081617271435224 
0.14747655339173113 0.162861346600214 
0.14137619760826137 0.24371375554056035 
0.14049385124949654 0.24302060118713503 
0.1414289354185906 0.23866682963116173 
0.1414289354185906 0.23866682963116173 
0.15394597966941004 0.23634050303303583 
0.1635988130048439 0.253833365823288 
0.1635988130048439 0.253833365823288 
0.1758512779833081 0.256086689538039 
0.1758512779833081 0.256086689538039 
0.175459742085222 0.25593262238123204 
0.175459742085222 0.25593262238123204 
0.175459742085222 0.25593262238123204 
0.175459742085222 0.25593262238123204 
0.15975473904339355 0.24025187808072088 
0.15975473904339355 0.24025187808072088 
0.15734287178832163 0.24141459977834884 
0.16252500908009263 0.22924614200654608 
0.16252500908009263 0.22924614200654608 
0.16252500908009263 0.22924614200654608 
0.17453297884972327 0.16278731986670972 
0.06329508600037739 0.17971582412533452 
0.13497313220995064 0.18202491511025498 
0.10390715766635854 0.16286016668162068 
0.10390715766635854 0.16286016668162068 
0.07157357406495975 0.2369518429348328 
0.07157357406495975 0.2369518429348328 
0.07314809103481001 0.2326865369065658 
0.07314809103481001 0.2326865369065658 
0.09982116141929938 0.20592463014718387 
0.10052643903599386 0.20764673586648158 
0.11223557305174632 0.2055275772956429 
0.11223557305174632 0.2055275772956429 
0.11198649146590509 0.20335375315727577 
0.17766417522418407 0.18991275984889844 
0.10035576783828815 0.1527539345100438 
0.08020325567759899 0.11748948956495021 
0.08020325567759899 0.11748948956495021 
0.08020325567759899 0.11748948956495021 
0.07288214854372763 0.11494364060121019 
0.07288214854372763 0.11494364060121019 
0.07288214854372763 0.11494364060121019 
0.07941357431809658 0.12298892813407541 
0.07941357431809658 0.12298892813407541 
0.07441458914832258 0.10222305880715193 
0.07441458914832258 0.10222305880715193 
0.11034984291761002 0.12488506917302954 
0.11850263196178379 0.1273412202565004 
0.14761342961999024 0.16867460726653064 
0.16438524187447323 0.14769710514245088 
0.16438524187447323 0.14769710514245088 
0.16438524187447323 0.14769710514245088 
0.14685779809069435 0.18708519494182121 
0.13115838381101283 0.16146920749294427 
0.1256674951336846 0.14838849947038923 
0.1249268983915595 0.1475887306081712 
0.1500956982962193 0.18246684319655834 
0.11639822213328083 0.21090341707446392 
0.1310033825512305 0.24885084735462842 
0.1310033825512305 0.24885084735462842 
0.1310033825512305 0.24885084735462842 
0.13141992101090846 0.24920441325685716 
0.13141992101090846 0.24920441325685716 
0.13141992101090846 0.24920441325685716 
0.13141992101090846 0.24920441325685716 
0.13141992101090846 0.24920441325685716 
0.13141992101090846 0.24920441325685716 
0.12910945666916035 0.24435540437232856 
0.12910945666916035 0.24435540437232856 
0.12910945666916035 0.24435540437232856 
0.12793711655185677 0.22131510192787568 
0.12793711655185677 0.22131510192787568 
0.12762237151480035 0.24554291191288344 
0.14508737685175066 0.21174270410801505 
0.1546453379689641 0.1854037913279005 
0.09522333366642981 0.18007447961786566 
0.164983272698528 0.19488138972243219 
0.0641791528397605 0.19348980653996972 
0.07178781969165378 0.21157602570400044 
0.07178781969165378 0.21157602570400044 
0.0734177832864619 0.20224504767130147 
0.06981598902529286 0.2021929854777659 
0.1779234924020811 0.20230101865822564 
0.11855870599204377 0.1584134947610086 
0.1689049487896693 0.15172440072527354 
0.1689049487896693 0.15172440072527354 
0.14627853055283518 0.1487015866946055 
0.14627853055283518 0.1487015866946055 
0.155278249415084 0.14720804189197612 
0.155278249415084 0.14720804189197612 
0.16054877761103178 0.1812193386539733 
0.17256675987011239 0.16314976265465614 
0.0868282147683299 0.16041935704346197 
0.06201961720240692 0.1939161924235325 
0.16274076297610193 0.16383050202585403 
0.0652508654939924 0.1863741908141737 
0.06451012084875982 0.17831567511445645 
0.15274018738547637 0.1856062745432135 
0.10153626406479503 0.17321224415691364 
0.08339577568888186 0.16132325209259843 
0.09454618435722607 0.18872641496972245 
0.15464884994273093 0.19378659425686104 
0.1350105364888734 0.16049794588062655 
0.07420403933548103 0.18580749997223905 
0.08129207386236065 0.16480883006662989 
0.08822434174827443 0.1282833906559777 
0.09146209869654075 0.13164478890704587 
0.08112731844094842 0.10621773603979003 
0.08112731844094842 0.10621773603979003 
0.07203957525236551 0.19065831703914185 
0.1298538113863506 0.20445300873449293 
0.16813924488855544 0.21153274814930526 
0.16813924488855544 0.21153274814930526 
0.14055104837791096 0.1946947884906518 
0.13844463922743994 0.20705710783971235 
0.12301710798133443 0.20024422082282983 
0.12050885764555587 0.19184250994412255 
0.0830985327930946 0.16573388663621397 
0.06303791235199283 0.1748976454461085 
0.09807820199878822 0.1731955509525141 
0.06237372545790669 0.18228386906766622 
0.1311230180234208 0.17083451052348225 
0.14739173716406728 0.17244585770728235 
0.1572707548814756 0.17753957894484013 
0.1658429131679681 0.17457508027476656 
0.16390316730669993 0.1995698051084456 
0.08518894731709697 0.15711159945740402 
0.16655524975053426 0.1821708652345276 
0.13012206233482734 0.15410607971828338 
0.1303493400171602 0.15443931071539693 
0.1109986326853139 0.1319264390320385 
0.109597838487695 0.14193967860628953 
0.1615014770760191 0.15567980137284035 
0.140634315422266 0.1918264607849306 
0.1252040059867816 0.18848415142965366 
0.10946883118602395 0.1843954736802652 
0.09019040393473747 0.17504972799816543 
0.13167109656662776 0.1885936293368743 
0.12705094251878357 0.18832689414081455 
0.13408705162762907 0.2044536515355761 
0.1343595255261339 0.20722863345775583 
0.1345947374334565 0.20731618500118087 
0.14808650566624376 0.22830256363463333 
0.15938226249174878 0.22081886047724147 
0.1534053533992935 0.25052498544784124 
0.1534053533992935 0.25052498544784124 
0.1534053533992935 0.25052498544784124 
0.1534053533992935 0.25052498544784124 
0.15309282229180068 0.23256896070047162 
0.14672362938481862 0.23278987116208646 
0.14672362938481862 0.23278987116208646 
0.135124141054438 0.24150301868801488 
0.135124141054438 0.24150301868801488 
0.11565279867070226 0.24772324754985536 
0.14262969684922333 0.19496331180554366 
0.13185515994250696 0.22996422067811495 
0.11769459691523795 0.21608317616949368 
0.12622625016152703 0.23638741475140015 
0.12622625016152703 0.23638741475140015 
0.12622625016152703 0.23638741475140015 
0.12273508595729049 0.21215913480576 
0.14345297250593758 0.22768300918476478 
0.14345297250593758 0.22768300918476478 
0.14345297250593758 0.22768300918476478 
0.17793027150071558 0.15088471747652896 
0.18144180479065075 0.158206165446994 
0.18144180479065075 0.158206165446994 
0.17678717008012976 0.14602808689922891 
0.17678717008012976 0.14602808689922891 
0.17678717008012976 0.14602808689922891 
0.07750826561904417 0.20648179759484214 
0.07750826561904417 0.20648179759484214 
0.07381100139477859 0.2036636938572794 
0.07334420860380131 0.20517800893484964 
0.07334420860380131 0.20517800893484964 
0.09382860266731409 0.21178883058239031 
0.09382860266731409 0.21178883058239031 
0.0993369377812305 0.2125232433277576 
0.16172078124641648 0.1652730166537183 
0.15129241683732975 0.17939997487719178 
0.18014162809644144 0.21464950583652082 
0.13431586844644616 0.18945041751585626 
0.11670379107240092 0.16372098712701247 
0.17882087798248122 0.1664368125252925 
0.10924285328432312 0.1661639680139044 
0.061121140228954984 0.16520641408502354 
0.136191068032244 0.1672285362897203 
0.15073646003975216 0.1637378599239673 
0.1576896018269105 0.15401791057158934 
0.15781255386132317 0.15179844236544487 
0.17228894666280709 0.12111445507472017 
0.17228894666280709 0.12111445507472017 
0.17232824156789933 0.121110869743945 
0.17267953087771046 0.14024620337999166 
0.17071829573791636 0.1441186830260826 
0.17274734109752254 0.136047963806896 
0.17274734109752254 0.136047963806896 
0.17274734109752254 0.136047963806896 
0.17274734109752254 0.136047963806896 
0.09273812582670592 0.17286728242907043 
0.12595075571638586 0.17637140202974042 
0.17424222845970802 0.2077382388968999 
0.17413780065060483 0.22070367309466857 
0.17413780065060483 0.22070367309466857 
0.17413780065060483 0.22070367309466857 
0.17413780065060483 0.22070367309466857 
0.08115200852964989 0.16297306697732356 
0.07402753184744913 0.1534024453274348 
0.06813804920417754 0.17872510270936678 
0.1420416356116597 0.16438791608870928 
0.06273732666526008 0.16402194989120775 
0.060817093998285957 0.19331244408508372 
0.07894294030053695 0.181025597629499 
0.1591468787946632 0.1725659716602534 
0.15382344006918577 0.19837054849961128 
0.15024527724814707 0.20621470318218046 
0.13658334439057213 0.2229774904160696 
0.13658334439057213 0.2229774904160696 
0.13791984210147515 0.22603783329853458 
0.13791984210147515 0.22603783329853458 
0.06438984973955371 0.1823009043293625 
0.17717167496856184 0.16868046564039763 
0.149773503589528 0.17017716399027852 
0.1159666770168717 0.1797603919537284 
0.11983863973492137 0.20542950275677144 
0.1254428186153279 0.23873647018262958 
0.11308918022627082 0.21084293325732423 
0.07538571205775019 0.18334983715427294 
0.0924073080680699 0.17929191321323892 
0.17049295225097535 0.18452093023244004 
0.1793429840123992 0.19757574970644803 
0.17557097290061796 0.19785028801762994 
0.09763319740560053 0.21469456927399588 
0.09939880326096256 0.23423247207757783 
0.10266550722808651 0.2169083743180411 
0.17042635653848945 0.19746601209052952 
0.1527105147101499 0.2081333800597677 
0.1527105147101499 0.2081333800597677 
0.1423527034764563 0.2454927483452808 
0.1423527034764563 0.2454927483452808 
0.1423527034764563 0.2454927483452808 
0.14450013693641903 0.24156496082373263 
0.14450013693641903 0.24156496082373263 
0.14659981485929274 0.23656598168885884 
0.14659981485929274 0.23656598168885884 
0.13669293121372791 0.23807565634027786 
0.13593542011965795 0.2303858203323016 
0.13593542011965795 0.2303858203323016 
0.14567652415568305 0.2343749619932174 
0.13520435029393252 0.23152172611967292 
0.1301952314411571 0.23247442724021167 
0.1228469094249448 0.15448936067836383 
0.1591394699798665 0.17246514304372954 
0.07530010601136525 0.20311957221551852 
0.15710467796249816 0.196177183504825 
0.14130277070532957 0.22584750609723547 
0.13535010262500463 0.22720376899627415 
0.1381806961034633 0.22608520073004593 
0.13855023785536236 0.22327824009976766 
0.13855023785536236 0.22327824009976766 
0.13855023785536236 0.22327824009976766 
0.16364570138044668 0.18529300825560754 
0.09103313575755761 0.1809556021040219 
0.11682856718043083 0.17708123422400873 
0.16720579798912696 0.16427083443792367 
0.1642569320089544 0.12028357503007205 
0.18033615722886864 0.11173222677031919 
0.14040669805214312 0.16028657081134487 
0.10811750955456112 0.1577865862005977 
0.15753658410803426 0.1694674174541869 
0.18042834180395356 0.17993082797806229 
0.17415818930738083 0.18479876714687432 
0.11446087011103429 0.15909573517535777 
0.11968833215556124 0.14386433509920382 
0.10898887532973056 0.14220414271090548 
0.15816400002646402 0.16974925521258827 
0.10928580526508813 0.20841461724887056 
0.09714592948637113 0.20951592650854348 
0.0933325636071494 0.2077893762472061 
0.09729790312641125 0.20213799591090081 
0.09827507123824664 0.20060941121622144 
0.11978166389227313 0.2093815487386172 
0.11978166389227313 0.2093815487386172 
0.16809016017070472 0.19010770072486943 
0.16809016017070472 0.19010770072486943 
0.1313502188557138 0.1864972730158891 
0.08664755437870247 0.19880548100874174 
0.1675460612277846 0.2231747199417966 
0.1262357801627999 0.226730491411402 
0.12797065297518007 0.232369225545667 
0.13769311114126362 0.238213055175824 
0.1502978916326046 0.24195674384444568 
0.1502978916326046 0.24195674384444568 
0.1502978916326046 0.24195674384444568 
0.1502978916326046 0.24195674384444568 
0.1502978916326046 0.24195674384444568 
0.15319736772953932 0.24766414956768423 
0.16652586619507617 0.2019371801954791 
0.16652586619507617 0.2019371801954791 
0.1673426134416861 0.2011229707262638 
0.1673426134416861 0.2011229707262638 
0.15884717118517033 0.16698711913914357 
0.07409599353800213 0.15834381406908588 
0.15241229551381924 0.22216193433305179 
0.15241229551381924 0.22216193433305179 
0.12581636973777777 0.22607444593096832 
0.12581636973777777 0.22607444593096832 
0.12484947851731296 0.2237251778126773 
0.12538726196803235 0.2275789329148199 
0.17028634835627948 0.21459955967221475 
0.17028634835627948 0.21459955967221475 
0.17028634835627948 0.21459955967221475 
0.16568774700895814 0.19757238818784575 
0.1809745510789385 0.21156278025924946 
0.11625826675032759 0.2149558721973934 
0.12310800431811021 0.20682941011797853 
0.12174432502751772 0.2067016258803002 
0.08852698570787518 0.20692322662109944 
0.08852698570787518 0.20692322662109944 
0.11728395544039172 0.21829100989710584 
0.11843524918148257 0.2178924881536021 
0.11621014342030431 0.21507824339378906 
0.1457568181896039 0.1934349822474391 
0.14753531506294545 0.20537654086080856 
0.07137763738460469 0.15681938182990252 
0.13882597112723463 0.19958552204315166 
0.1690314760681801 0.22844733888632168 
0.07068451374456758 0.20023500401471445 
0.07068451374456758 0.20023500401471445 
0.10848862677894189 0.17226370000051422 
0.10075723232375094 0.18837958208390418 
0.07472298915083295 0.19569853292887315 
0.09308104693439086 0.17147507124451375 
0.07947711679772956 0.15837851366953787 
0.07818549888169583 0.1168932987673193 
0.07818549888169583 0.1168932987673193 
0.08580486572913082 0.13137884745808517 
0.08580486572913082 0.13137884745808517 
0.08580486572913082 0.13137884745808517 
0.10080040324810027 0.14830902723922798 
0.11268024066890721 0.13966374561082376 
0.09517305250681297 0.1913700460874292 
0.14437187727894146 0.1685318525619934 
0.1186073312469356 0.17837688365584997 
0.15426947748827874 0.2085600725110085 
0.1724699338009117 0.23203754753567912 
0.1724699338009117 0.23203754753567912 
0.17100156582178744 0.23234220828493524 
0.13398404732167496 0.18894853766341935 
0.12324323445585417 0.21341023016591976 
0.13660882013132508 0.21850743297088704 
0.13660882013132508 0.21850743297088704 
0.1262565684895515 0.25048752002963315 
0.1262565684895515 0.25048752002963315 
0.11942904495481543 0.24854852787820958 
0.11942904495481543 0.24854852787820958 
0.11942904495481543 0.24854852787820958 
0.11942904495481543 0.24854852787820958 
0.12893803614170818 0.24982085354954303 
0.12893803614170818 0.24982085354954303 
0.12893803614170818 0.24982085354954303 
0.12893803614170818 0.24982085354954303 
0.12893803614170818 0.24982085354954303 
0.09774762752957597 0.2120212954602523 
0.1010666463984565 0.2310386833173786 
0.0958676546153355 0.22583739371804207 
0.0958676546153355 0.22583739371804207 
0.0863815976407751 0.22712277643587386 
0.11569750773493384 0.2097052630000391 
0.12617780349733257 0.21288001941240897 
0.17482000723732988 0.18541252191991875 
0.14793784914463215 0.18329904914453338 
0.07364340674059207 0.1915575560340748 
0.07364340674059207 0.1915575560340748 
0.1610552407579906 0.1969549664004185 
0.0780002496331547 0.17157144249740108 
0.17970889802886547 0.1676170523560305 
0.08124115543159735 0.1619704164316882 
0.061482402965631525 0.1921854363984709 
0.1070079548511213 0.21950819503808763 
0.1077396364871413 0.21826497513690662 
0.10412536318279951 0.2101873130250046 
0.15117609617257108 0.16399979463373957 
0.11451014157320712 0.17369822505312987 
0.09256099571058227 0.1512813877897416 
0.09256099571058227 0.1512813877897416 
0.1242105523032373 0.17960964428626716 
0.0625021261555897 0.20035419572111662 
0.12038960827318104 0.17030844064048017 
0.14917998410316935 0.1966186096949135 
0.1203352580078388 0.16271323790736125 
0.14656087151783131 0.19082382843197043 
0.08306304012167992 0.15659524895810822 
0.13045130839415484 0.19223997599798626 
0.16429892077764693 0.1637358494769832 
0.1532593417638165 0.17564213566863798 
0.12154240483757656 0.20069044500247252 
0.11779462506622865 0.20881551017502775 
0.17961346756646213 0.19485508864626774 
0.13184728822057457 0.18727079764871746 
0.12322337050860593 0.20049116854126178 
0.08092169743268243 0.19807573525259592 
0.1031270435497143 0.16281374666003715 
0.13597590831487505 0.19397520980457533 
0.13349555684686581 0.17412313611452604 
0.1233478220941303 0.16557901898892008 
0.10192353104124921 0.1558715664887257 
0.17702928176566532 0.18684303956490939 
0.157411677719567 0.19014515584626365 
0.0847034790639917 0.17601314740466914 
0.0776244549094908 0.175539058520355 
0.15922971301961442 0.17887068496984307 
0.12151575963312883 0.17601895674360418 
0.10828787181180262 0.17845722680063156 
0.13286581969533326 0.16792080318762598 
0.14180232246104543 0.1353041043842494 
0.15191948874140976 0.11275374718359459 
0.16003169504693182 0.10783650812341973 
0.14737589842218027 0.1138292699638129 
0.155041614900863 0.16363116628351992 
0.16111212355966076 0.14190357831396178 
0.16111212355966076 0.14190357831396178 
0.1683375445377297 0.14481408834986842 
0.1683375445377297 0.14481408834986842 
0.09947365174351636 0.19880781534568792 
0.09947365174351636 0.19880781534568792 
0.11704665815656659 0.1850579285303154 
0.13509659999666818 0.2219176558756032 
0.13509659999666818 0.2219176558756032 
0.1344685325747355 0.2376229216489456 
0.1344685325747355 0.2376229216489456 
0.1344685325747355 0.2376229216489456 
0.13392619389894436 0.23645791404686678 
0.13453269215250935 0.23534103667986345 
0.062216028933846354 0.17916581159444142 
0.1061659076674939 0.18320402964980517 
0.08164646763943088 0.22246636136459125 
0.08455789040392427 0.21419546783537735 
0.08455789040392427 0.21419546783537735 
0.06908718605784277 0.2249500637158372 
0.06490890551017778 0.22940429443822685 
0.06490890551017778 0.22940429443822685 
0.06490890551017778 0.22940429443822685 
0.06490890551017778 0.22940429443822685 
0.070525876870893 0.2300631774335979 
0.070525876870893 0.2300631774335979 
0.06852496415659184 0.23328514961361926 
0.0971150314250455 0.2361757840375201 
0.07817679418130809 0.18669970770411304 
0.06869829335326597 0.2068825194428649 
0.06869829335326597 0.2068825194428649 
0.07403618886302116 0.20607870919380383 
0.1070965300900008 0.18254879223016005 
0.10432927613301354 0.1903763626533227 
0.10432927613301354 0.1903763626533227 
0.16097829974006375 0.1691864224809346 
0.07086961756354407 0.19443314737706016 
0.08657225294198026 0.2184317899736894 
0.08657225294198026 0.2184317899736894 
0.08670938251945116 0.2184886037367934 
0.08670938251945116 0.2184886037367934 
0.08670938251945116 0.2184886037367934 
0.08275237222862032 0.21578151992276218 
0.08275237222862032 0.21578151992276218 
0.17025092705681444 0.18253849772867273 
0.1741527989544903 0.17261486894254674 
0.14479646095334237 0.16271613113014316 
0.08527946300218907 0.19466685029974334 
0.11510718175992984 0.17086647698966834 
0.17036676285833613 0.17366137684229638 
0.14741203155017624 0.1789221320075322 
0.11870560188017787 0.17103295914631947 
0.12167882369858185 0.1742675998434438 
0.09534420429381299 0.20649444713019 
0.1087374161897909 0.16468724930233106 
0.12385763722468497 0.1808879657882201 
0.0827934346698043 0.22232596612064176 
0.08370168391401134 0.22527201268976932 
0.06598269340600538 0.2371455964323207 
0.06598269340600538 0.2371455964323207 
0.06598269340600538 0.2371455964323207 
0.06598269340600538 0.2371455964323207 
0.06598269340600538 0.2371455964323207 
0.06598269340600538 0.2371455964323207 
0.06615577104489279 0.2263254307826231 
0.06147318044886687 0.23807264540690476 
0.06147318044886687 0.23807264540690476 
0.0621026441349969 0.23796631399984766 
0.09038254833836505 0.16313513724203102 
0.0621026441349969 0.23796631399984766 
0.0621026441349969 0.23796631399984766 
0.0621026441349969 0.23796631399984766 
0.0621026441349969 0.23796631399984766 
0.07234889789278101 0.23425219699147173 
0.07234889789278101 0.23425219699147173 
0.07386669652407071 0.23235257879799345 
0.07386669652407071 0.23235257879799345 
0.07386669652407071 0.23235257879799345 
0.07386669652407071 0.23235257879799345 
0.07386669652407071 0.23235257879799345 
0.07386669652407071 0.23235257879799345 
0.10064082404716301 0.2031228602653484 
0.10064082404716301 0.2031228602653484 
0.06335806047161135 0.1841092853420142 
0.16373457931965596 0.15300938779484863 
0.16168055024055714 0.15346144975815382 
0.16285713358879728 0.15209211714589554 
0.16285713358879728 0.15209211714589554 
0.09175011537632619 0.17400215370442917 
0.17776432999747688 0.20196979794459063 
0.1385820033350765 0.1601260325642716 
0.17465752331560158 0.15259383957956368 
0.17465752331560158 0.15259383957956368 
0.1775379449188999 0.1526369266856243 
0.1775379449188999 0.1526369266856243 
0.1775379449188999 0.1526369266856243 
0.1775379449188999 0.1526369266856243 
0.07248099413361786 0.16697779683351055 
0.08344996143582024 0.176162357662696 
0.1212363465958801 0.16655023613532158 
0.13033142228187264 0.18050733873832897 
0.08591213300629205 0.16749140807675728 
0.12647154212342246 0.17971439306179238 
0.13310581262678942 0.1597920464933156 
0.1464790886429302 0.16955509747228412 
0.12401912796448089 0.171485015206555 
0.1529661611336237 0.16212706332063426 
0.17552954956543085 0.1979294814829403 
0.06312307838312087 0.1615391278993945 
0.08960619275411585 0.1692109356668245 
0.0816420949616067 0.16042932717123648 
0.09445351905205915 0.1550013836402778 
0.07179377820597335 0.15413973963816407 
0.07179377820597335 0.15413973963816407 
0.07179377820597335 0.15413973963816407 
0.0957942411305852 0.15223068222001962 
0.09222885031837738 0.1534525415401137 
0.07802957218808143 0.13133767958022366 
0.08126082026511804 0.13356271935542985 
0.08126082026511804 0.13356271935542985 
0.08126082026511804 0.13356271935542985 
0.07698150449924829 0.16952338990179516 
0.16489106518870117 0.19916289812994975 
0.11264862101368314 0.21411452502523795 
0.11264862101368314 0.21411452502523795 
0.11160826109157541 0.2191701958226902 
0.17398612223513882 0.15549116914785494 
0.17398612223513882 0.15549116914785494 
0.07472674466809454 0.16744052008847599 
0.07685661861573717 0.1538611923258857 
0.1253147321122971 0.1668563103582341 
0.17780876358178152 0.17612427787364832 
0.16258988528493942 0.20024756767316196 
0.12983629217391196 0.22178475066543318 
0.12983629217391196 0.22178475066543318 
0.12983629217391196 0.22178475066543318 
0.12549461965054354 0.20859385029038513 
0.06100909890711373 0.18553007589624768 
0.1678480421596798 0.18221481428994857 
0.15779970100749083 0.1770429508890255 
0.15482039827922175 0.2047332090407323 
0.15482039827922175 0.2047332090407323 
0.0873338562224266 0.19289162625656606 
0.07135932171314271 0.1992413069874413 
0.17676433774926467 0.15911117135522887 
0.17780180854007188 0.13541835342341707 
0.17377233285669308 0.1352352241113251 
0.1735482366359528 0.13540112586668226 
0.1735482366359528 0.13540112586668226 
0.1735482366359528 0.13540112586668226 
0.17795141393864633 0.13536163301114748 
0.17795141393864633 0.13536163301114748 
0.17795141393864633 0.13536163301114748 
0.17172550650066157 0.14398662395217043 
0.11544922485369882 0.16190614750992308 
0.0932404761763097 0.19196963122188185 
0.09361553208974177 0.21773463651461766 
0.10326650665572222 0.21347034417336552 
0.09071465464116646 0.21405165594171016 
0.1227578249886369 0.15892468776545324 
0.07590461766124301 0.20738899340684672 
0.13843740069110688 0.17170713997680667 
0.07741677985939066 0.17556497223223527 
0.13490637851387305 0.1644687494038394 
0.0844167842858597 0.16067702075690313 
0.07468221122937196 0.15477117343964464 
0.07468221122937196 0.15477117343964464 
0.07468221122937196 0.15477117343964464 
0.09883567090228321 0.15713063341913533 
0.09554233118805157 0.17763971453384783 
0.17942708513293198 0.20584398175813898 
0.17942708513293198 0.20584398175813898 
0.17942708513293198 0.20584398175813898 
0.10730905229053797 0.15433586060507176 
0.1379212096817773 0.10313779412867827 
0.1248178508914474 0.15376337871803075 
0.15568793467975073 0.15701797639129875 
0.10204826824076109 0.1672445197963317 
0.1290702964616074 0.1990323839878892 
0.11122163908091776 0.21434342868818562 
0.11122163908091776 0.21434342868818562 
0.07987086165827133 0.15325081756670814 
0.16563094820396784 0.23186544087910466 
0.16832357666553618 0.2108664638376261 
0.15238830505897077 0.1900402766864813 
0.1601520570802813 0.23199985732990053 
0.1605283162372312 0.20626211942911724 
0.1313854559153814 0.18378512675624673 
0.17779804164764376 0.18063460874160653 
0.11574244543223723 0.19966092317350745 
0.1486077167329486 0.20372611572051255 
0.0806216801000688 0.16117072426020007 
0.07816903983420345 0.19102301201519284 
0.09570711642847786 0.17333293479924008 
0.09069739999708715 0.171647765060888 
0.1498658619462817 0.1741384101057061 
0.08695747078165773 0.18182839139384327 
0.14649717175322374 0.16705773010122738 
0.12238802170845695 0.16971740228793705 
0.1687241700326245 0.1807413312754314 
0.1625949768678687 0.22648093584705342 
0.16776965372878064 0.25322395748922033 
0.12162364727937974 0.22675787610609033 
0.11679901663390423 0.22631038333800704 
0.17232665064129593 0.20020936946323886 
0.16886115217496647 0.18801432299030726 
0.1761515523484487 0.18871558431594662 
0.14029970714972492 0.20099546417718295 
0.08946765125356217 0.17073965228112722 
0.1016850290813511 0.21666664232398655 
0.12019209741475749 0.16664998957605087 
0.1384867535652663 0.15257148431486786 
0.15163737037804323 0.14435337780598181 
0.14767215574874584 0.1328281299043572 
0.17929832342572 0.17186473555449458 
0.15335396966441076 0.18112416871785395 
0.11763463171133182 0.1858538622317471 
0.12776138654486954 0.16591436581840288 
0.10506088699122779 0.1667503304512285 
0.07782765942553754 0.17587756241814664 
0.10643026098505463 0.18485989103447223 
0.08639686484685358 0.19798359797514886 
0.1706273609122875 0.18812129063916866 
0.1706273609122875 0.18812129063916866 
0.07703344371364929 0.15597209166856907 
0.07730074195135109 0.1545758996233566 
0.07730074195135109 0.1545758996233566 
0.07567148176606622 0.1463046632497752 
0.07567148176606622 0.1463046632497752 
0.07567148176606622 0.1463046632497752 
0.08250154432059462 0.1500821430314191 
0.11198260791999091 0.15741446512916213 
0.08955211312184627 0.16351548073673727 
0.09041094205920684 0.16060797589640635 
0.11373334525505956 0.15859247988115852 
0.11053950181970428 0.15649644217882433 
0.10781975987527752 0.1506983403460177 
0.11011510893182498 0.1449179566815227 
0.15806911069767743 0.18317757439255092 
0.11343075313482315 0.17526248023909083 
0.12358928534361105 0.18176923422322205 
0.11996551187788541 0.20012229003962692 
0.08799346352463569 0.15063678707192618 
0.08799346352463569 0.15063678707192618 
0.08799346352463569 0.15063678707192618 
0.08032943679531505 0.1384545076369303 
0.07997932670551822 0.14059008407765428 
0.07712499473258592 0.13969336630504645 
0.06498170618988364 0.1267027292073395 
0.0620899029437615 0.12413254542383943 
0.0620899029437615 0.12413254542383943 
0.0762277632745365 0.1409771676055157 
0.0762277632745365 0.1409771676055157 
0.0762277632745365 0.1409771676055157 
0.0762277632745365 0.1409771676055157 
0.0762277632745365 0.1409771676055157 
0.07114764660037728 0.11844721375262918 
0.07114764660037728 0.11844721375262918 
0.06153367817156712 0.09573558652538361 
0.06153367817156712 0.09573558652538361 
0.08426665589220451 0.11552112780687263 
0.08426665589220451 0.11552112780687263 
0.08426665589220451 0.11552112780687263 
0.08407379404356238 0.09493658690792947 
0.08569068667086316 0.1563575082508738 
0.10591095721390908 0.1749182994299398 
0.1738005844146687 0.17113501154354552 
0.16969890675732416 0.1732375440287949 
0.08007609023983306 0.18812282578451633 
0.07742416082987756 0.157522658515191 
0.09427146843044858 0.20827705286263087 
0.16487755633462464 0.1466688734788013 
0.16487755633462464 0.1466688734788013 
0.17245045037530096 0.11612078478243111 
0.17245045037530096 0.11612078478243111 
0.17245045037530096 0.11612078478243111 
0.17245045037530096 0.11612078478243111 
0.17245045037530096 0.11612078478243111 
0.16562330393313038 0.12084015109617285 
0.16965210044399406 0.11533139192004827 
0.1712815280915233 0.11474173953543376 
0.1712815280915233 0.11474173953543376 
0.1712815280915233 0.11474173953543376 
0.1712815280915233 0.11474173953543376 
0.15635539994038025 0.12434495026422965 
0.15921429378183785 0.12022020839149494 
0.1571788570922169 0.12499958361846063 
0.1545808346906293 0.12892761056491875 
0.1545808346906293 0.12892761056491875 
0.1545808346906293 0.12892761056491875 
0.1545808346906293 0.12892761056491875 
0.1582365955293781 0.12705489635589048 
0.1582365955293781 0.12705489635589048 
0.1582365955293781 0.12705489635589048 
0.15532054702877912 0.1276642995009466 
0.15532054702877912 0.1276642995009466 
0.16237351645520223 0.1483213008848219 
0.06054376181922738 0.1645130562229995 
0.14194358580807712 0.18219036371262354 
0.14616742305410887 0.18361128556706566 
0.06947641952439719 0.16329995231420938 
0.07281431478429487 0.14708479450229034 
0.1770309600951528 0.17787839394111052 
0.16636582626011243 0.14053490093759036 
0.16636582626011243 0.14053490093759036 
0.17342627103499947 0.22690023173157564 
0.17947787544463292 0.24169763647237832 
0.17439126109188133 0.21463590008417202 
0.1579877977152479 0.22181434579194498 
0.1579877977152479 0.22181434579194498 
0.15734591280512042 0.22107599349981055 
0.16257535516658012 0.22249992431867324 
0.16257535516658012 0.22249992431867324 
0.16257535516658012 0.22249992431867324 
0.0866861307241363 0.19372033333578248 
0.12887299687142276 0.16119524214091055 
0.07072362366534675 0.17590675555888532 
0.17612146509129453 0.15895454821804766 
0.17612146509129453 0.15895454821804766 
0.166141908753152 0.18490028797823488 
0.09694284335242273 0.1853790667384727 
0.08939430958466821 0.19558303362078105 
0.17971896211049165 0.16863681961228474 
0.17404251400689655 0.20655299077940048 
0.17404251400689655 0.20655299077940048 
0.17404251400689655 0.20655299077940048 
0.17404251400689655 0.20655299077940048 
0.17404251400689655 0.20655299077940048 
0.17404251400689655 0.20655299077940048 
0.17785008564684185 0.16873647710806836 
0.16085143108589606 0.16756170222625202 
0.11600758492686397 0.19268058336223431 
0.12085903365086931 0.19932993623326065 
0.09402314287934316 0.18863520867213218 
0.09854845507282695 0.19478359180315052 
0.1370402753255439 0.16842591743816773 
0.1693996454295001 0.1529250478057387 
0.09845575591828847 0.1726252675204398 
0.11083458248512186 0.20867601664039548 
0.11083458248512186 0.20867601664039548 
0.11083458248512186 0.20867601664039548 
0.09300638647418549 0.2139379503406799 
0.08771431439226728 0.23242099143102005 
0.125024714196092 0.19006015582062893 
0.1249717979075411 0.1980885494552108 
0.15510498353497681 0.17480799391056898 
0.16138750609777883 0.21174465847549614 
0.1182626846257494 0.15143760901678133 
0.11924214735258212 0.150856599203601 
0.06787656229499833 0.1698942676285539 
0.09029522228923217 0.17823887542345324 
0.12199522408109618 0.18711694108474944 
0.16583790969277895 0.1649076174741 
0.161795562264479 0.17828273446306264 
0.06209558680133914 0.18201649400786304 
0.14675058114847722 0.17310988768387192 
0.16516128205312683 0.19005747656017336 
0.08309298549726188 0.15877472222791592 
0.09322762962218849 0.16558044833508792 
0.09588477175574744 0.1725468049283008 
0.14093824299012644 0.18231433012941722 
0.09503840620803176 0.200137682150864 
0.09835386404977274 0.20174714441446043 
0.1068324100727962 0.1871797745173742 
0.1007775088572454 0.16618539916637928 
0.14445224118109704 0.16734763310312054 
0.11481961571680557 0.15665870256433254 
0.08848047556775392 0.16883261194496435 
0.1139385052058795 0.17443003646907593 
0.1403551023872247 0.16576823255801632 
0.12363540900143985 0.15496342087700987 
0.14330297933842692 0.1313279394577741 
0.14330297933842692 0.1313279394577741 
0.14330297933842692 0.1313279394577741 
0.1449281737716083 0.13628685166805427 
0.1449281737716083 0.13628685166805427 
0.1449281737716083 0.13628685166805427 
0.14160629601120708 0.1400303522597532 
0.14160629601120708 0.1400303522597532 
0.06462440103466431 0.18724145605773743 
0.17541787885957677 0.18706930240152592 
0.13976019415915986 0.16357614086426017 
0.1465781024077275 0.13839237238308277 
0.15059881654474547 0.1192739972745793 
0.15059881654474547 0.1192739972745793 
0.1620671928193769 0.13314403783895612 
0.12944594799929351 0.17202932450482333 
0.1288573309076755 0.18055018600606618 
0.10179092884856164 0.18132625784683065 
0.12165994324769415 0.18004680496577205 
0.11282401482276598 0.16548951872766926 
0.09736606154905213 0.17345290047424947 
0.17793154326578695 0.1771808434094458 
0.17840430216096131 0.16830228209028647 
0.14451726278397017 0.1914603420191862 
0.17221385734444414 0.1571598495538139 
0.14881641218688835 0.18950772722947443 
0.16056766779947856 0.23750356694557107 
0.15906861111108583 0.2521681428448515 
0.151578445025117 0.2525445868904819 
0.151578445025117 0.2525445868904819 
0.15553414106145733 0.2525217101141024 
0.13878517684617242 0.20958712223568138 
0.1544435799984413 0.22055524921742353 
0.17169026441522087 0.2323348326785965 
0.17169026441522087 0.2323348326785965 
0.14944868162241082 0.2379394955281853 
0.14944868162241082 0.2379394955281853 
0.14944868162241082 0.2379394955281853 
0.14944868162241082 0.2379394955281853 
0.14944868162241082 0.2379394955281853 
0.14944868162241082 0.2379394955281853 
0.14529167536245222 0.23143608530123416 
0.14529167536245222 0.23143608530123416 
0.14683094199068947 0.25121552443869344 
0.14683094199068947 0.25121552443869344 
0.1466786858163431 0.25240551446672865 
0.1466786858163431 0.25240551446672865 
0.1466786858163431 0.25240551446672865 
0.14047422230314988 0.2475796749486976 
0.14004308824656875 0.24757988498954983 
0.14004308824656875 0.24757988498954983 
0.14004308824656875 0.24757988498954983 
0.14036896593062687 0.25024545395220066 
0.13980036425327216 0.25048761969540084 
0.13980036425327216 0.25048761969540084 
0.13911929692719016 0.24919817107104147 
0.13911929692719016 0.24919817107104147 
0.13445478879618317 0.25200807493982563 
0.13445478879618317 0.25200807493982563 
0.13332032180773384 0.24607311597418122 
0.13332032180773384 0.24607311597418122 
0.13332032180773384 0.24607311597418122 
0.13332032180773384 0.24607311597418122 
0.14573683137314444 0.2522210601937919 
0.14573683137314444 0.2522210601937919 
0.14573683137314444 0.2522210601937919 
0.14573683137314444 0.2522210601937919 
0.14573683137314444 0.2522210601937919 
0.14573683137314444 0.2522210601937919 
0.14573683137314444 0.2522210601937919 
0.14573683137314444 0.2522210601937919 
0.14573683137314444 0.2522210601937919 
0.14573683137314444 0.2522210601937919 
0.13897310093333184 0.23684581039843522 
0.13880810287154322 0.23688888611781567 
0.18008318648732186 0.16922094178298716 
0.07672737577178729 0.17632219247308437 
0.16309984091139806 0.1786336745359216 
0.06750848895174652 0.1668973733244268 
0.07588792647653148 0.21949474647661055 
0.09951113791220101 0.19418000171174196 
0.06707756438107278 0.21282088598028695 
0.10373544603852662 0.18332503563714658 
0.07502048812859509 0.16822823537185996 
0.16651605567956124 0.1526475717884814 
0.1642401352506862 0.14092526424549018 
0.1642401352506862 0.14092526424549018 
0.1642401352506862 0.14092526424549018 
0.1642401352506862 0.14092526424549018 
0.1642401352506862 0.14092526424549018 
0.1642401352506862 0.14092526424549018 
0.18044702724913292 0.13727144009100298 
0.18044702724913292 0.13727144009100298 
0.18044702724913292 0.13727144009100298 
0.18044702724913292 0.13727144009100298 
0.1689453080742323 0.1999784566815313 
0.17741324190910854 0.21841301979569386 
0.17741324190910854 0.21841301979569386 
0.1787798770615289 0.2338760093926293 
0.1787798770615289 0.2338760093926293 
0.1787798770615289 0.2338760093926293 
0.1787798770615289 0.2338760093926293 
0.1787798770615289 0.2338760093926293 
0.1787798770615289 0.2338760093926293 
0.1787798770615289 0.2338760093926293 
0.1787798770615289 0.2338760093926293 
0.1384680846863951 0.22298432201602703 
0.13208643231557488 0.2314740787076482 
0.1470008853907629 0.2313649919433206 
0.14954267308878963 0.2312261402129232 
0.1500494616531074 0.17008540551601714 
0.10113111599572291 0.16292709727505303 
0.14357260395903193 0.16882871971837898 
0.1447461374164014 0.14224146760231693 
0.14311313153295585 0.14827759755583375 
0.1146332238524222 0.1491426113103959 
0.08377623824397024 0.17192640335588516 
0.16211155922789672 0.18086392293702894 
0.06783778340072794 0.19314431273205757 
0.10455747114916186 0.1826778993889053 
0.13384493519935425 0.17834686883907933 
0.07502169727667482 0.17248810153557298 
0.1243691685099574 0.16210735856696906 
0.1243691685099574 0.16210735856696906 
0.12009219990269955 0.18536252492668867 
0.11915241332384305 0.19910023667993343 
0.0772234579255707 0.1540719722623819 
0.16672564292654035 0.1935842559574281 
0.09626687750607016 0.16444240866493973 
0.14715102663407922 0.19481611767531407 
0.14715102663407922 0.19481611767531407 
0.1358753021194713 0.15446206982138172 
0.08103250384000216 0.16759415491152596 
0.1335323822942372 0.15352697041923338 
0.12075870053418919 0.13550055310100756 
0.12075870053418919 0.13550055310100756 
0.12815718044996613 0.130334182415691 
0.12815718044996613 0.130334182415691 
0.1397065231891823 0.10444960805472525 
0.12332346883291978 0.13395379901787652 
0.12022488095111195 0.10341725376816677 
0.12022488095111195 0.10341725376816677 
0.09772261435680543 0.09744305682356709 
0.09772261435680543 0.09744305682356709 
0.09772261435680543 0.09744305682356709 
0.11223222180058673 0.11363383157818131 
0.11211620614667699 0.1188406430259312 
0.10920030701888621 0.1345006898556863 
0.11099498508696926 0.13919839987298377 
0.1227020239130888 0.1408433509257147 
0.13755242069307297 0.14145242635852237 
0.17028094319271647 0.13021919201267418 
0.17014272369707303 0.130664156971299 
0.17014272369707303 0.130664156971299 
0.1689351384424442 0.13181865506623763 
0.16126700441172592 0.20727695938798943 
0.1694259526877852 0.2074688662911142 
0.1340725236767547 0.1467221504849955 
0.09442702328542008 0.16089451906362867 
0.17603153212689632 0.18176921914966712 
0.15244834679803124 0.16910112296351587 
0.14034304888573548 0.18411078819999535 
0.16915013979342103 0.21166263340670655 
0.17349765889502256 0.21167253648437395 
0.16099214400129502 0.20087295191067056 
0.15870498578822345 0.2122051285669404 
0.10817197886622058 0.17374163991240876 
0.10576016115686453 0.18260395670257812 
0.08170007027133547 0.18041411532153828 
0.10054133706278551 0.16566765291149996 
0.06257250428102704 0.18916475485341452 
0.0623310418795304 0.1870221556549306 
0.17412062218198832 0.16035007733454895 
0.10330460320392311 0.1646408385449109 
0.07857359165484146 0.19505655025592375 
0.06067898575049451 0.24805605211163012 
0.06051585271283899 0.25098395922563355 
0.06700994052252317 0.2507299707791578 
0.06700994052252317 0.2507299707791578 
0.06700994052252317 0.2507299707791578 
0.06700994052252317 0.2507299707791578 
0.07788791181536335 0.23565936683675204 
0.09664047521947783 0.2258609228737224 
0.09661006982035848 0.2261746081533108 
0.09212609220603363 0.23684539780507602 
0.10814499816201004 0.23663545747841652 
0.10814499816201004 0.23663545747841652 
0.11271664910506393 0.23270535448782284 
0.11271664910506393 0.23270535448782284 
0.11571707390720262 0.24842623994450175 
0.11447230953635532 0.25438051076567253 
0.12223054385082652 0.23921566346406586 
0.12223054385082652 0.23921566346406586 
0.12728606724614108 0.2128835121380075 
0.14085880377556342 0.14218868506378102 
0.1313561007320224 0.11795966286180493 
0.131501428847292 0.11864331129662381 
0.12795086658574806 0.12524951833281647 
0.1288079953683602 0.13292501808688367 
0.08507326671296848 0.2210703653261884 
0.07290927335693712 0.23628074863039247 
0.07290927335693712 0.23628074863039247 
0.07290927335693712 0.23628074863039247 
0.06195918061890365 0.20036969882497527 
0.08780083083650658 0.18117611313151533 
0.08473647269583179 0.17505987543580837 
0.1455231140211456 0.21043519747421424 
0.14010851170305696 0.16470739292163133 
0.12194941879991314 0.1447066963524073 
0.1406856550904937 0.19638246544202742 
0.1808716154889493 0.15315972303840572 
0.1808716154889493 0.15315972303840572 
0.1808716154889493 0.15315972303840572 
0.0672787364365588 0.18848120425072057 
0.16030872261609502 0.17269698849980072 
0.13510067989080893 0.16265660051475347 
0.06366599856936168 0.15142696492595759 
0.1601143397543306 0.17743343769692305 
0.06978896013189818 0.17226459176593253 
0.16902510117976396 0.19953167095800847 
0.17982491094000538 0.18373491797266828 
0.17982491094000538 0.18373491797266828 
0.06587510706086809 0.17755419625423136 
0.12403057437044261 0.1662830893730881 
0.10954944827088217 0.15595636122368853 
0.12082232999685735 0.1388915043020985 
0.11847782832308129 0.1463293757702584 
0.12208115100249883 0.12830867122752465 
0.11542634286863077 0.12156815702742779 
0.11938769316528212 0.1180966273729093 
0.11552324658585783 0.12812469368222223 
0.11572591299624296 0.12639463278989843 
0.12479330214985457 0.13480693892764078 
0.13373291966885376 0.11825827888356076 
0.17145529896455736 0.09572490283697485 
0.17186963765056135 0.10148655976860185 
0.17094496529390302 0.10811606240514324 
0.17256320543406806 0.10374211748516926 
0.17256320543406806 0.10374211748516926 
0.17256320543406806 0.10374211748516926 
0.17256320543406806 0.10374211748516926 
0.17256320543406806 0.10374211748516926 
0.17075660354653208 0.10401350446997315 
0.17304009430832937 0.13321147790738952 
0.17304009430832937 0.13321147790738952 
0.17304009430832937 0.13321147790738952 
0.1666049940583852 0.14457489983556426 
0.1666049940583852 0.14457489983556426 
0.1666049940583852 0.14457489983556426 
0.1760563216168884 0.11142832856550394 
0.1760563216168884 0.11142832856550394 
0.10368033110210581 0.18207815972175975 
0.08269499405239279 0.21054976672150066 
0.15673611561272005 0.1763183912131674 
0.11260106211199729 0.1693143206037489 
0.1468397258983262 0.16607830405921162 
0.06209315051655427 0.16054535883909665 
0.06209315051655427 0.16054535883909665 
0.06209315051655427 0.16054535883909665 
0.061075507890587605 0.17279467149578426 
0.08080108115181112 0.20183237429268877 
0.07358772455766445 0.19863156611501442 
0.07168781883241841 0.1989155536764463 
0.14173857841939436 0.15936471613074094 
0.13740147804899916 0.17214669790883858 
0.13900564642861032 0.16810841143804695 
0.08676335231056197 0.1550857403576783 
0.08448295722856629 0.1566768718938525 
0.08448295722856629 0.1566768718938525 
0.06189887892213568 0.1765227922520832 
0.1681517361866152 0.17243900351818836 
0.11976661291922114 0.19200234734217037 
0.08776228070850901 0.20822107035909712 
0.11427510143680861 0.2215576965779424 
0.11427510143680861 0.2215576965779424 
0.11427510143680861 0.2215576965779424 
0.11427510143680861 0.2215576965779424 
0.11023810618203769 0.21260334847943935 
0.08296231808679284 0.2288789064656273 
0.08296231808679284 0.2288789064656273 
0.09611024153189845 0.2165176444812385 
0.09725315873566939 0.2204051338438616 
0.09725315873566939 0.2204051338438616 
0.1373238287772009 0.19700672130703004 
0.1482977047808236 0.21681774077985277 
0.07397880841247396 0.20860720149547424 
0.07397880841247396 0.20860720149547424 
0.07397880841247396 0.20860720149547424 
0.08650442513606202 0.21311569743929662 
0.1073278825122139 0.22501610718537043 
0.1073278825122139 0.22501610718537043 
0.08397218952039487 0.18151859543893334 
0.0717665984477908 0.15598825842976297 
0.10082495669764 0.20828794632066389 
0.13971328941766203 0.21168277284049983 
0.13971328941766203 0.21168277284049983 
0.13962455616222763 0.20740285015341375 
0.1332178941671414 0.20888199673117525 
0.1632625784055806 0.2066290798717232 
0.1599503595710856 0.20217329342386797 
0.1599503595710856 0.20217329342386797 
0.16979475807926114 0.22304148500959997 
0.16979475807926114 0.22304148500959997 
0.16979475807926114 0.22304148500959997 
0.169751330189398 0.22301542805077926 
0.169751330189398 0.22301542805077926 
0.16639533674911322 0.2212094371999642 
0.16639533674911322 0.2212094371999642 
0.13938557114196157 0.22809692525803132 
0.12833534326231577 0.23056038444675325 
0.12806375638247341 0.23937634154536405 
0.16718799867597137 0.23946631345252123 
0.16718799867597137 0.23946631345252123 
0.15147001151203437 0.23621349706382258 
0.15147001151203437 0.23621349706382258 
0.15605436582252288 0.20189366419978227 
0.15605436582252288 0.20189366419978227 
0.1321769089019733 0.19998179406202315 
0.09759950159577169 0.15391601242270167 
0.15394222278358993 0.17511374452346629 
0.07303517350190694 0.18629350099026942 
0.12494430865397439 0.18647931854035482 
0.07961019844033025 0.18823204579582564 
0.12950963033024646 0.17672029830420471 
0.14068105177317736 0.19334187669772468 
0.12889791648025023 0.1996139506953347 
0.11686263817070663 0.17185598019892323 
0.14610303380192904 0.18291918508098948 
0.1116152697641872 0.19097559840354553 
0.14113241949544575 0.17885754203567128 
0.11202321377633762 0.18010619855857737 
0.1298119427366304 0.19986720576100067 
0.1301250700661123 0.20056818012487143 
0.1301250700661123 0.20056818012487143 
0.14696940471443248 0.19796497067107263 
0.17561216145724187 0.19534015732262439 
0.17561216145724187 0.19534015732262439 
0.08134437257159019 0.15888260138656446 
0.07971024320982376 0.15145203812201202 
0.0717623767939699 0.14500792752547736 
0.07552002461388235 0.1455578310215712 
0.07552002461388235 0.1455578310215712 
0.07518265187050815 0.143096758864444 
0.07518265187050815 0.143096758864444 
0.07922770929179457 0.1457752073493272 
0.07877896145598827 0.14937850939278532 
0.07379694038949199 0.1495189238629887 
0.07393705125917573 0.1522281177698935 
0.1124112216653187 0.1790577469123515 
0.1392366790013482 0.15690751842283485 
0.12550356940679214 0.1392641623613706 
0.12550356940679214 0.1392641623613706 
0.12550356940679214 0.1392641623613706 
0.11826419157045656 0.12705813988890655 
0.11570958900466921 0.12809839179952792 
0.11830200415495623 0.11877853590467924 
0.11830200415495623 0.11877853590467924 
0.11830200415495623 0.11877853590467924 
0.11830200415495623 0.11877853590467924 
0.10169218945535341 0.1024935242111047 
0.11673363857838312 0.13514079639092805 
0.11355972296783243 0.13755117798361624 
0.09770027890702046 0.15994262997290484 
0.0757222785512433 0.14855202999643424 
0.11856259789174377 0.1629846214749982 
0.15861820683751657 0.17270841492415906 
0.12263844317714162 0.17374646151255463 
0.16341567853194633 0.11074281823134682 
0.16341567853194633 0.11074281823134682 
0.16341567853194633 0.11074281823134682 
0.14747818376691413 0.13848615109551354 
0.14747818376691413 0.13848615109551354 
0.14747818376691413 0.13848615109551354 
0.1407591683130934 0.14527707380896254 
0.1407591683130934 0.14527707380896254 
0.13722306284300875 0.12118473584134218 
0.12830703096697346 0.10372337458657536 
0.12830703096697346 0.10372337458657536 
0.13040224952590115 0.10868078691734093 
0.11898877297828973 0.11464711984047457 
0.11898877297828973 0.11464711984047457 
0.11898877297828973 0.11464711984047457 
0.14087412109560984 0.14812008965158407 
0.09761818703640121 0.17014028330504727 
0.11674556823559357 0.17870286632694746 
0.12578852250210812 0.16049297279071242 
0.15419239668787305 0.16727981751019608 
0.1290721718877583 0.16330228934389654 
0.06578241314644316 0.2047017878652142 
0.08547364880600462 0.20317614522113578 
0.08272104551993267 0.21538611565737104 
0.08962069959469819 0.24313959794530127 
0.08962069959469819 0.24313959794530127 
0.08962069959469819 0.24313959794530127 
0.10477004832035317 0.2207138246975655 
0.10477004832035317 0.2207138246975655 
0.1373252266573944 0.17300823869429105 
0.13342171605802042 0.1950228218601436 
0.15052374295669863 0.16565050671308243 
0.1598931016491074 0.18685567030425768 
0.14008956579496085 0.15345135279846417 
0.08668419775258827 0.16002808468295618 
0.06758189258332443 0.11690274131390943 
0.06758189258332443 0.11690274131390943 
0.06758189258332443 0.11690274131390943 
