-0.12099953537740316 -0.32106004785069636 
-0.12103298424941697 -0.32101847225811925 
-0.12109433780699742 -0.3209415724475512 
-0.12109324097068015 -0.32093492080918523 
-0.12109324097068015 -0.32093492080918523 
-0.12113195096759334 -0.3209192726243321 
-0.12113761151154573 -0.3208662521656936 
-0.12116288129632605 -0.3208569045395322 
-0.12117858916942818 -0.3208676847773634 
-0.12118198863933491 -0.32104141343133386 
-0.12118198863933491 -0.32104141343133386 
-0.12118198863933491 -0.32104141343133386 
-0.12118017064050789 -0.3210395068038743 
-0.12118017064050789 -0.3210395068038743 
-0.12118017064050789 -0.3210395068038743 
-0.12118017064050789 -0.3210395068038743 
-0.12118017064050789 -0.3210395068038743 
-0.12118017064050789 -0.3210395068038743 
-0.12145656700391289 -0.32112524940377674 
-0.12145656700391289 -0.32112524940377674 
-0.12145656700391289 -0.32112524940377674 
-0.12145656700391289 -0.32112524940377674 
-0.12179886480379137 -0.3212115015231148 
-0.12241265429276857 -0.321386100317424 
-0.12241265429276857 -0.321386100317424 
-0.12241265429276857 -0.321386100317424 
-0.12241265429276857 -0.321386100317424 
-0.12248836151224221 -0.3213380300353799 
-0.12622053108626588 -0.3227629131732818 
-0.12622053108626588 -0.3227629131732818 
-0.12981736524594834 -0.32287904561923014 
-0.14757930534880997 -0.3340225952609159 
-0.14757930534880997 -0.3340225952609159 
-0.14795662975878263 -0.3359469649471198 
-0.1481700325002679 -0.33457824269235004 
-0.16168425583193594 -0.3423176178447835 
-0.16168425583193594 -0.3423176178447835 
-0.16168425583193594 -0.3423176178447835 
-0.1688392442989397 -0.3500924254103421 
-0.17681620150706004 -0.3547928137552562 
-0.17681620150706004 -0.3547928137552562 
-0.17681620150706004 -0.3547928137552562 
-0.17681620150706004 -0.3547928137552562 
-0.17681620150706004 -0.3547928137552562 
-0.17687426599392986 -0.3531015383678862 
-0.17687426599392986 -0.3531015383678862 
-0.17687426599392986 -0.3531015383678862 
-0.17687426599392986 -0.3531015383678862 
-0.1788381028311753 -0.36762316506179576 
-0.1788381028311753 -0.36762316506179576 
-0.1788381028311753 -0.36762316506179576 
-0.1788381028311753 -0.36762316506179576 
-0.1788381028311753 -0.36762316506179576 
-0.1788381028311753 -0.36762316506179576 
-0.1788381028311753 -0.36762316506179576 
-0.1788381028311753 -0.36762316506179576 
-0.1788381028311753 -0.36762316506179576 
-0.1788381028311753 -0.36762316506179576 
-0.1788381028311753 -0.36762316506179576 
-0.17924516450084335 -0.3678191392991067 
-0.1794395238981369 -0.36346795554484196 
-0.17960244695647365 -0.35263941544647703 
-0.17960244695647365 -0.35263941544647703 
-0.17960244695647365 -0.35263941544647703 
-0.18028255949455144 -0.35725472784632045 
-0.18028255949455144 -0.35725472784632045 
-0.18030776519710734 -0.35643403562113074 
-0.18030776519710734 -0.35643403562113074 
-0.18030776519710734 -0.35643403562113074 
-0.18073829808711517 -0.35363166878818303 
-0.1808616539568738 -0.3069913679707523 
-0.1808616539568738 -0.3069913679707523 
-0.1808616539568738 -0.3069913679707523 
-0.18091606961198417 -0.31493794179294976 
-0.1809669352946053 -0.33337463163248393 
-0.1809669352946053 -0.33337463163248393 
-0.18094560860864117 -0.33018281280088163 
-0.1811194266751553 -0.37982668502724537 
-0.18116362132864097 -0.36416183380378364 
-0.18116362132864097 -0.36416183380378364 
-0.1812047207441495 -0.35204799669369 
-0.18133963246173984 -0.33195829388573955 
-0.18133963246173984 -0.33195829388573955 
-0.18133963246173984 -0.33195829388573955 
-0.18133963246173984 -0.33195829388573955 
-0.18133963246173984 -0.33195829388573955 
-0.18133963246173984 -0.33195829388573955 
-0.18133963246173984 -0.33195829388573955 
-0.18133963246173984 -0.33195829388573955 
-0.18133963246173984 -0.33195829388573955 
-0.18133963246173984 -0.33195829388573955 
-0.18133963246173984 -0.33195829388573955 
-0.18136151866123565 -0.33776062747367597 
-0.18136151866123565 -0.33776062747367597 
-0.18136151866123565 -0.33776062747367597 
-0.18136151866123565 -0.33776062747367597 
-0.18136151866123565 -0.33776062747367597 
-0.18136151866123565 -0.33776062747367597 
-0.18141853283426254 -0.32647756899519687 
-0.18141853283426254 -0.32647756899519687 
-0.18148099620841548 -0.3216669081851504 
-0.18148422972450745 -0.31254897763845213 
-0.18149235241471706 -0.31753987928267885 
-0.18149235241471706 -0.31753987928267885 
-0.18149235241471706 -0.31753987928267885 
-0.18149235241471706 -0.31753987928267885 
-0.181492163327752 -0.3122569484042599 
-0.18149426060351798 -0.2704925550494408 
-0.18149376645632462 -0.2654767168848709 
-0.18148921433566637 -0.2888725926111618 
-0.1814894277896567 -0.29108976708906525 
-0.1814895102945608 -0.2928394372961626 
-0.1814895102945608 -0.2928394372961626 
-0.1814895102945608 -0.2928394372961626 
-0.1814873268103794 -0.3180128882983049 
-0.1814873268103794 -0.3180128882983049 
-0.18148648535033482 -0.3233473635070393 
-0.18148759640508305 -0.367241396121998 
-0.18148759640508305 -0.367241396121998 
-0.18148759640508305 -0.367241396121998 
-0.1814870404893663 -0.36371688832912297 
-0.1814790171236253 -0.394443460434485 
-0.18148172019491482 -0.41741915794080925 
-0.18148464698168004 -0.45051204236470865 
-0.18148915171738444 -0.45103567351624063 
-0.18148915171738444 -0.45103567351624063 
-0.18148915171738444 -0.45103567351624063 
-0.18148915171738444 -0.45103567351624063 
-0.18148915171738444 -0.45103567351624063 
-0.18149393563199942 -0.4724933508223934 
-0.18149231709255098 -0.48064893594740155 
-0.18149268661070017 -0.4733960396295689 
-0.1814931793281691 -0.4456656997777574 
-0.1814931793281691 -0.4456656997777574 
-0.1814931793281691 -0.4456656997777574 
-0.18148772273057132 -0.4416512927972313 
-0.18148769972192366 -0.4419657774068879 
-0.18148739964946572 -0.4417231405558232 
-0.18148739964946572 -0.4417231405558232 
-0.18148252007298862 -0.43486169005334074 
-0.1814830042444718 -0.4373100314448447 
-0.1814805626093577 -0.4333873560576725 
-0.1814805626093577 -0.4333873560576725 
-0.18147472839943754 -0.4408928566013909 
-0.18147472839943754 -0.4408928566013909 
-0.18147500090922297 -0.45480331076132346 
-0.1814750787627872 -0.4641518221860047 
-0.18147486939966143 -0.47913804004070115 
-0.18147486939966143 -0.47913804004070115 
-0.18147486939966143 -0.47913804004070115 
-0.18147486939966143 -0.47913804004070115 
-0.18147486939966143 -0.47913804004070115 
-0.18147486939966143 -0.47913804004070115 
-0.18148104067590506 -0.47985760399343674 
-0.18148433841300957 -0.47579459862752077 
-0.18148998671536884 -0.4756898438304734 
-0.18148998671536884 -0.4756898438304734 
-0.18148927602750578 -0.4774726618672493 
-0.1814891163168391 -0.4772521007602667 
-0.18148881763326724 -0.47723095403470517 
-0.18148881763326724 -0.47723095403470517 
-0.18148881763326724 -0.47723095403470517 
-0.18148784841313478 -0.4808122386412161 
-0.18148889551137593 -0.46200942000803374 
-0.18149191024522265 -0.45392152143547054 
-0.1814918800174443 -0.4552322178548399 
-0.18149194730461835 -0.45472229454589014 
-0.1814864557518808 -0.4679831438224896 
-0.1814864557518808 -0.4679831438224896 
-0.18148784961685432 -0.471790710125145 
-0.18148784961685432 -0.471790710125145 
-0.18148813986537357 -0.47164725111488753 
-0.18148844915178935 -0.4725139538885887 
-0.18149121110800764 -0.47158314120337913 
-0.18149048976376617 -0.47229484138175337 
-0.18149048976376617 -0.47229484138175337 
-0.1814935742822643 -0.44524962398734325 
-0.18149410719225592 -0.4440405894202289 
-0.18149569128011342 -0.42806842155572405 
-0.18149580850761804 -0.4313004508477087 
-0.18149580850761804 -0.4313004508477087 
-0.18149680875462565 -0.4352696003428511 
-0.18149297302895084 -0.4501679510930309 
-0.1814923357530898 -0.44838101543591946 
-0.1814923357530898 -0.44838101543591946 
-0.18149504139746145 -0.4502961125543873 
-0.1814977221454137 -0.4707919809096278 
-0.18149742650006484 -0.48096912046985985 
-0.18149742650006484 -0.48096912046985985 
-0.18149742650006484 -0.48096912046985985 
-0.18149742650006484 -0.48096912046985985 
-0.18149473565918064 -0.4790021563775262 
-0.18149504913845066 -0.48005111462520594 
-0.18149504913845066 -0.48005111462520594 
-0.18149504913845066 -0.48005111462520594 
-0.18149504913845066 -0.48005111462520594 
-0.18149504913845066 -0.48005111462520594 
-0.18149502419387578 -0.48026910183936683 
-0.18149502419387578 -0.48026910183936683 
-0.18149477501729383 -0.4812088543280074 
-0.18149477501729383 -0.4812088543280074 
-0.18149534719844 -0.46922359002050507 
-0.18149534719844 -0.46922359002050507 
-0.1814966294141593 -0.4686743187298995 
-0.1814966294141593 -0.4686743187298995 
-0.181495833782686 -0.47041367298982245 
-0.18149626455900958 -0.47283271368919466 
-0.18149626455900958 -0.47283271368919466 
-0.1814961276527012 -0.4728322753609968 
-0.1814961276527012 -0.4728322753609968 
-0.18149690398647775 -0.47873930941109166 
-0.18149690398647775 -0.47873930941109166 
-0.18149690398647775 -0.47873930941109166 
-0.18149690398647775 -0.47873930941109166 
-0.18149686548235083 -0.47870677960693014 
-0.18149686548235083 -0.47870677960693014 
-0.18149686548235083 -0.47870677960693014 
-0.18149332162735124 -0.4422766278967053 
-0.18149431244348577 -0.43527225562077515 
-0.18149400243540906 -0.43294460497887505 
-0.1814940729105771 -0.42310900694445785 
-0.1814940729105771 -0.42310900694445785 
-0.18149351750930792 -0.43926160479630105 
-0.18149756464946998 -0.436186601355905 
-0.18149745390910424 -0.4365046203899458 
-0.18149745390910424 -0.4365046203899458 
-0.181499738432027 -0.4249648558721664 
-0.181499738432027 -0.4249648558721664 
-0.181499738432027 -0.4249648558721664 
-0.181499738432027 -0.4249648558721664 
-0.18149794971524058 -0.43586458783210236 
-0.1814980182859049 -0.43918646273566364 
-0.18149780891200884 -0.4062220158904635 
-0.18149749467827964 -0.42739026466062796 
-0.18149749467827964 -0.42739026466062796 
-0.1814997245788508 -0.41317252134723637 
-0.18149840468254747 -0.4188264299553016 
-0.18149847487069648 -0.41282058351397044 
-0.18149639082023625 -0.44367535827616417 
-0.18149639082023625 -0.44367535827616417 
-0.18149634714595503 -0.4472911945508064 
-0.1814972352254093 -0.4457279723869527 
-0.1814972352254093 -0.4457279723869527 
-0.1814972352254093 -0.4457279723869527 
-0.1814972352254093 -0.4457279723869527 
-0.18149789566822355 -0.46289124773111123 
-0.18149834584164884 -0.465407889734776 
-0.1814976936561045 -0.46894512286874734 
-0.1814976936561045 -0.46894512286874734 
-0.18149784850320924 -0.4681052847055054 
-0.1814977973330917 -0.4680246337879606 
-0.1814977973330917 -0.4680246337879606 
-0.1814977973330917 -0.4680246337879606 
-0.1814971036206656 -0.4497519297477358 
-0.1814990167696054 -0.4364605740208058 
-0.1814990167696054 -0.4364605740208058 
-0.1814990167696054 -0.4364605740208058 
-0.1814998038796795 -0.43728425008210253 
-0.1814998038796795 -0.43728425008210253 
-0.1814998038796795 -0.43728425008210253 
-0.18149964133721935 -0.44109435899325955 
-0.18149974868070315 -0.4534417992136863 
-0.18149974868070315 -0.4534417992136863 
-0.18149974868070315 -0.4534417992136863 
-0.18149974868070315 -0.4534417992136863 
-0.18149974868070315 -0.4534417992136863 
-0.18149836162610158 -0.4650454620088286 
-0.18149788719025353 -0.451214508321207 
-0.18149788719025353 -0.451214508321207 
-0.18149815820015153 -0.44994760223404967 
-0.18149815820015153 -0.44994760223404967 
-0.18149815820015153 -0.44994760223404967 
-0.18149881446309887 -0.45360136707976684 
-0.18149881446309887 -0.45360136707976684 
-0.1814988882659709 -0.44902149865283014 
-0.1814988882659709 -0.44902149865283014 
-0.18149991420121606 -0.4411709335267439 
-0.18149991420121606 -0.4411709335267439 
-0.18149991420121606 -0.4411709335267439 
-0.18149991420121606 -0.4411709335267439 
-0.18149991420121606 -0.4411709335267439 
-0.18149984233861008 -0.4232157887735157 
-0.18149914272417034 -0.4427772846347431 
-0.18149956859013336 -0.44513008756387107 
-0.18149956859013336 -0.44513008756387107 
-0.18149738320519382 -0.4517242027341252 
-0.1814951087988126 -0.4600310795381664 
-0.18149343426417516 -0.4598712977010891 
-0.18148825277205485 -0.46795160783971845 
-0.18148843236770554 -0.4683374582669833 
-0.18148697957589086 -0.4721528964111692 
-0.1814872758256541 -0.4718999899375878 
-0.18148635143837938 -0.4792580174267111 
-0.18148635143837938 -0.4792580174267111 
-0.18148635143837938 -0.4792580174267111 
-0.18148522053367308 -0.479917478880491 
-0.18148522053367308 -0.479917478880491 
-0.18148522053367308 -0.479917478880491 
-0.18148599829552806 -0.4780023574693997 
-0.18149196416675822 -0.4668348203147724 
