0.06202660827806343 0.08597242561885447 
0.08170313411878598 0.11705530161653656 
0.09892170114087168 0.1231169272357381 
0.09892170114087168 0.1231169272357381 
0.08884473073485442 0.12346390706655933 
0.089251217223766 0.11643059849753443 
0.08749948055478629 0.11614945497994482 
0.08192309499042437 0.11834989121010303 
0.08192309499042437 0.11834989121010303 
0.06940558301328227 0.11321898102141875 
0.06940558301328227 0.11321898102141875 
0.09762618842291143 0.11936573525456813 
0.09762618842291143 0.11936573525456813 
0.09762618842291143 0.11936573525456813 
0.09762618842291143 0.11936573525456813 
0.09647233837744347 0.12104958013810407 
0.12072575662199683 0.17060098827302067 
0.07347131684085702 0.18356586048051501 
0.17379409265473889 0.17243639206825984 
0.11854475235069044 0.1762007778221705 
0.15118709511792264 0.23666968826512275 
0.14777293639612582 0.2322021878443597 
0.14463205699641532 0.22746437415538354 
0.14269302805552112 0.22322561933283303 
0.1812336803586936 0.20215919234516297 
0.17523055504499666 0.20625587623149017 
0.16303684661692106 0.21755103706385612 
0.12641966587706002 0.1571175803319202 
0.16379792299689858 0.15471787428157263 
0.1695946386461103 0.1525658426307612 
0.06932234751671293 0.20900861268488122 
0.06932234751671293 0.20900861268488122 
0.06932234751671293 0.20900861268488122 
0.10292143480192242 0.21510552722022866 
0.10292143480192242 0.21510552722022866 
0.07571116015515361 0.24085064950667012 
0.06894593395629188 0.24825279591489913 
0.09026562159837406 0.20528829722095193 
0.09026562159837406 0.20528829722095193 
0.06873961686152602 0.24384157439818838 
0.06873961686152602 0.24384157439818838 
0.06873961686152602 0.24384157439818838 
0.076365185657577 0.22251632314036462 
0.11476210752644843 0.1992026240079601 
0.08868313242692993 0.17123989296348938 
0.17371499849252126 0.18987237055154865 
0.10848146515493379 0.1715667739956268 
0.06680184247891961 0.16641459008693754 
0.10635134162327824 0.15284018292032903 
0.06474842966957647 0.182045686144242 
0.09835501519792232 0.18348524757880982 
0.08313106144794567 0.18579442815257782 
0.13830534209718198 0.1910223097384967 
0.062202318592901505 0.18586119333452442 
0.08299304858001658 0.16070005005847032 
0.15356668113298158 0.18695404908285185 
0.12796458134345196 0.1815283247946943 
0.14580920517004026 0.17763725175625222 
0.1616645785515696 0.17707383417766107 
0.1562889531286688 0.20031919200691906 
0.10767687721991989 0.15761999058131443 
0.10279532810153344 0.1802054233845768 
0.10461370084354663 0.16699951019733478 
0.16454979731055314 0.18548602744592194 
0.17844945212007435 0.1680756132177037 
0.10919743207543328 0.18529937885934397 
0.10023718392242388 0.15254021864604622 
0.13853091274659068 0.2239327929352261 
0.14614356910243204 0.22127724623469758 
0.14614356910243204 0.22127724623469758 
0.14233604193142307 0.2193883987114166 
0.13492120357182116 0.20766572009979625 
0.13542017756239666 0.20965376316445916 
0.13542017756239666 0.20965376316445916 
0.16666903360409202 0.20174103577295038 
0.09263940137535882 0.1750566148884561 
0.14933501291522108 0.222333684137483 
0.14933501291522108 0.222333684137483 
0.15763192874014195 0.22875623601653886 
0.148031402050594 0.2238485877734194 
0.148031402050594 0.2238485877734194 
0.15968498481395438 0.24906356514992473 
0.15968498481395438 0.24906356514992473 
0.15968498481395438 0.24906356514992473 
0.15968498481395438 0.24906356514992473 
0.15968498481395438 0.24906356514992473 
0.14287060748422653 0.23206620032098765 
0.14569674144104755 0.23810217224258967 
0.13758136235292423 0.22848330398008593 
0.13784452204374742 0.22712764299914295 
0.13653649581264807 0.22542571480940793 
0.14321550120987012 0.22633970103725815 
0.15758040539681495 0.2305162065157514 
0.15758040539681495 0.2305162065157514 
0.15758040539681495 0.2305162065157514 
0.15758040539681495 0.2305162065157514 
0.15758040539681495 0.2305162065157514 
0.1612980900267253 0.2359540401791721 
0.1612980900267253 0.2359540401791721 
0.17329173691482136 0.23777560439523426 
0.17329173691482136 0.23777560439523426 
0.17329173691482136 0.23777560439523426 
0.17329173691482136 0.23777560439523426 
0.17329173691482136 0.23777560439523426 
0.15404600151305248 0.22260210174783185 
0.14346927836880954 0.20397476753541854 
0.13842493274548617 0.15828921270116764 
0.09570604579096828 0.16884988812368484 
0.11623006948353543 0.17208871995204184 
0.1339160345926901 0.1893565670083263 
0.13292465545342178 0.19170873937831062 
0.07082421685261797 0.23365813158148688 
0.17722882078991822 0.17056127893897255 
0.1759086506515257 0.18573774116446345 
0.08462814764022773 0.18823129268124436 
0.11715840654090268 0.2002066827174273 
0.16952655833979668 0.17264206359087841 
0.1738941529433018 0.18563362082659812 
0.13151535956456276 0.1680382852042248 
0.10918945685244892 0.18460180235954834 
0.12214082181156156 0.18481126968307682 
0.11884450352564485 0.19300642559310469 
0.07929514555991812 0.18453615434792858 
0.07247240797861293 0.16121386521105144 
0.13958899672690867 0.19179656698064887 
0.13958899672690867 0.19179656698064887 
0.16011910798611168 0.19614915406283132 
0.17279550904239946 0.23359533876646094 
0.17279550904239946 0.23359533876646094 
0.17279550904239946 0.23359533876646094 
0.1654740044984711 0.24039629018932637 
0.1654740044984711 0.24039629018932637 
0.16532544196818735 0.2278066817646117 
0.14345770461323837 0.1889154289695606 
0.16934727693438983 0.18219888383880498 
0.12693604560667907 0.16734945746558544 
0.12531389578142973 0.14666870248582678 
0.13398444068600315 0.1406460391913813 
0.13398444068600315 0.1406460391913813 
0.14152370100697778 0.13430456011321612 
0.17787973784009284 0.1362317181392888 
0.17110167795955653 0.1301204579469519 
0.17110167795955653 0.1301204579469519 
0.17110167795955653 0.1301204579469519 
0.1565283369533707 0.14044241039098102 
0.16734353131351162 0.14708120659138726 
0.06977199138328223 0.17405995255632176 
0.09699938214460735 0.17222540353865742 
0.12033067656084401 0.19889617252243472 
0.10209049408902585 0.17528121216491602 
0.1211070768006493 0.15237661395072277 
0.1211070768006493 0.15237661395072277 
0.12907537339626718 0.1436610175019556 
0.15516211288098916 0.1920006035608524 
0.10973788983705328 0.16891679675768959 
0.1028572450777113 0.15951595102812954 
0.07824954134479271 0.16244901716679053 
0.06416778751072649 0.14100232911441593 
0.06416778751072649 0.14100232911441593 
0.06416778751072649 0.14100232911441593 
0.07396957870087627 0.15115669629945708 
0.06565927089640267 0.1429678791279935 
0.06565927089640267 0.1429678791279935 
0.06565927089640267 0.1429678791279935 
0.06565927089640267 0.1429678791279935 
0.07548892454079964 0.14434848316493276 
0.1464085283727119 0.19566697689860188 
0.061637141113159676 0.18393754071233326 
0.08539135794080342 0.18638812209633612 
0.1553154651338005 0.1411246793657237 
0.1553154651338005 0.1411246793657237 
0.14547616337885405 0.1370190493730415 
0.1553721551433357 0.12891498968818688 
0.1553721551433357 0.12891498968818688 
0.15522133888536915 0.12391839936780005 
0.15522133888536915 0.12391839936780005 
0.12723710632788338 0.1401807659058389 
0.12336475524504126 0.14113055119017265 
0.12336475524504126 0.14113055119017265 
0.12345374267293903 0.135335401904679 
0.10739507164590162 0.1149996197633266 
0.11721137866475237 0.1276860091605967 
0.1344912440484984 0.1356375591193574 
0.1317115591681806 0.1385655735377496 
0.13047798129262925 0.13670668327387123 
0.12671149090952008 0.13503617389935427 
0.12803740028438673 0.1356105294289754 
0.12803740028438673 0.1356105294289754 
0.13507734623018616 0.1205249127857961 
0.13507734623018616 0.1205249127857961 
0.13507734623018616 0.1205249127857961 
0.14023590866883368 0.1146130140419709 
0.14851612061855207 0.09105794066323888 
0.14851612061855207 0.09105794066323888 
0.12870190938045661 0.125902947773111 
0.1519944087303305 0.10213640331407212 
0.1559021880648832 0.09335310026013101 
0.16016965005891068 0.13157623234525506 
0.16216512675091674 0.13033229507829988 
0.16216512675091674 0.13033229507829988 
0.16216512675091674 0.13033229507829988 
0.16216512675091674 0.13033229507829988 
0.16348525389536686 0.13600758010162786 
0.16348525389536686 0.13600758010162786 
0.17125157441724137 0.12968364414356454 
0.13787661394132839 0.14733279202652896 
0.12203193078367866 0.13583656178720183 
0.17911083470872793 0.15837648779859909 
0.15356005323319627 0.17329711256127892 
0.1419444234689363 0.1661668497057876 
0.09392530819472357 0.17147063984249747 
0.07884598394033993 0.15390695524249987 
0.08952002337518725 0.14926343032799314 
0.07049137126770119 0.14148453287681462 
0.07421693094267125 0.13982749793559499 
0.07421693094267125 0.13982749793559499 
0.07421693094267125 0.13982749793559499 
0.07939888848870717 0.10305400206618817 
0.07253172052561893 0.1344632676430327 
0.07119812696772275 0.13467616187445333 
0.07119812696772275 0.13467616187445333 
0.07119812696772275 0.13467616187445333 
0.07350654387352597 0.14728946848125063 
0.07265255849928617 0.14654398815836486 
0.07265255849928617 0.14654398815836486 
0.07265255849928617 0.14654398815836486 
0.08606303548299296 0.1437714168928903 
0.08606303548299296 0.1437714168928903 
0.09242387506188926 0.14636531245551282 
0.08416429315781493 0.1410971045049322 
0.1813178933812132 0.17158906291210727 
0.13326659476599528 0.20262827309507658 
0.10844685792258929 0.19148863153916523 
0.07988191287473008 0.1704664130062954 
0.10514227388960302 0.15148085120071933 
0.10514227388960302 0.15148085120071933 
0.10811738970567938 0.1456417817833913 
0.12432927393453835 0.13304118769474083 
0.12213168712765596 0.13702740466214297 
0.12213168712765596 0.13702740466214297 
0.12171093580518619 0.16416974921058666 
0.07334558147235555 0.1660527256847426 
0.1722424557874726 0.2058095647103388 
0.12285439626938206 0.21175457897316066 
0.1431411013639601 0.24154345367433022 
0.14033772738860392 0.24533706232815702 
0.14033772738860392 0.24533706232815702 
0.14033772738860392 0.24533706232815702 
0.1411538487301081 0.24688360591835748 
0.13520112693058123 0.23420819593965075 
0.13061306645382353 0.2283141613637275 
0.1295592370646214 0.23331751396603304 
0.1295592370646214 0.23331751396603304 
0.12881063919244393 0.2305929502970984 
0.12881063919244393 0.2305929502970984 
0.12881063919244393 0.2305929502970984 
0.11526613737862168 0.24974431517273868 
0.11526613737862168 0.24974431517273868 
0.11526613737862168 0.24974431517273868 
0.11526613737862168 0.24974431517273868 
0.11526613737862168 0.24974431517273868 
0.11526613737862168 0.24974431517273868 
0.11526613737862168 0.24974431517273868 
0.11526613737862168 0.24974431517273868 
0.11526613737862168 0.24974431517273868 
0.1460430061745896 0.2516315181832904 
0.14535342405574098 0.25354186627796543 
0.14535342405574098 0.25354186627796543 
0.14535342405574098 0.25354186627796543 
0.14535342405574098 0.25354186627796543 
0.1268506108678383 0.21837620552010903 
0.1268506108678383 0.21837620552010903 
0.13768193673123963 0.2381373616641406 
0.13768193673123963 0.2381373616641406 
0.13768193673123963 0.2381373616641406 
0.13768193673123963 0.2381373616641406 
0.13768193673123963 0.2381373616641406 
0.13768193673123963 0.2381373616641406 
0.1373976306304339 0.23805773068783037 
0.1373976306304339 0.23805773068783037 
0.1373976306304339 0.23805773068783037 
0.1373976306304339 0.23805773068783037 
0.13780253288199013 0.23867870772317837 
0.13780253288199013 0.23867870772317837 
0.13712502231982238 0.23761239604344114 
0.13348380139941884 0.2370626083052724 
0.14147760107852617 0.23966227151707994 
0.14147760107852617 0.23966227151707994 
0.14147760107852617 0.23966227151707994 
0.14657368243114924 0.2337081997649567 
0.12865508990474833 0.22499191261219303 
0.11835672238485007 0.25465003858437546 
0.11692117819837475 0.2544714016755981 
0.11692117819837475 0.2544714016755981 
0.11692117819837475 0.2544714016755981 
0.11692117819837475 0.2544714016755981 
0.11692117819837475 0.2544714016755981 
0.11692117819837475 0.2544714016755981 
0.12403616562221503 0.24268250761588578 
0.12086793473661539 0.24128525773849682 
0.12086793473661539 0.24128525773849682 
0.06971798412015727 0.20230651137259092 
0.13257999291243894 0.20213630214988454 
0.12703395164686843 0.18213184829635723 
0.1286271200197803 0.18786283370526508 
0.17768780714888444 0.1793615498140118 
0.1416617143678719 0.17734773738691714 
0.17236579392932297 0.17132718381121856 
0.16371864067790118 0.19894203218541284 
0.16371864067790118 0.19894203218541284 
0.14360293103693314 0.18011560801781218 
0.13371511678346876 0.16077994361816111 
0.12266030268246234 0.18092653346291662 
0.17563960376623683 0.1869972401304729 
0.07844069661556444 0.17959791919455773 
0.10207865341378881 0.15235346149241685 
0.1244837505579561 0.17162757925766142 
0.10937806483371114 0.19250159686224141 
0.14670702959092496 0.2050960277769811 
0.14670702959092496 0.2050960277769811 
0.14670702959092496 0.2050960277769811 
0.1773107050475303 0.2249111201400852 
0.1773107050475303 0.2249111201400852 
0.1624470129412798 0.20394925285389667 
0.17139939354155215 0.22328389176126687 
0.14245990423583543 0.20385144834929733 
0.12697180087505022 0.2522163343813286 
0.1263113327637769 0.2493449424044898 
0.1263113327637769 0.2493449424044898 
0.15154922180106387 0.2259992161767984 
0.10721133574078621 0.22587884472921835 
0.11496438145508323 0.23798417511665032 
0.11496438145508323 0.23798417511665032 
0.12259461670746073 0.22665554388609038 
0.11442211117213108 0.24784121246259916 
0.11442211117213108 0.24784121246259916 
0.11442211117213108 0.24784121246259916 
0.11501707683818505 0.24818168322668588 
0.11427981609303352 0.23994632507028807 
0.11431249908730211 0.24024255463165103 
0.09933691069276587 0.23441207375433257 
0.10259404982115641 0.24498414620591738 
0.10259404982115641 0.24498414620591738 
0.17750680653302384 0.18368194273216526 
0.06971557840703468 0.16704619926038936 
0.11327505406146231 0.2332134275891279 
0.11135717100760834 0.23721131342370577 
0.11135717100760834 0.23721131342370577 
0.12488833438789254 0.17507122706707573 
0.1666031180931062 0.17765810500279483 
0.08441582547947295 0.18329073640470003 
0.08539462893499339 0.16847119211343664 
0.1586019766308292 0.16303006319311356 
0.07610109915528604 0.1653055469695819 
0.06447376160017781 0.1684806628663918 
0.1740166365862903 0.160915761323662 
0.15916215246737325 0.18063674000898325 
0.12031957606497834 0.18740433782176502 
0.11030499844369596 0.1781698867193426 
0.08918929574109202 0.17604916428625 
0.11424671881203592 0.19425634188468222 
0.06646465025376906 0.18870024073902888 
0.06759042460388938 0.2009139928980206 
0.11417054881893263 0.15991738971615455 
0.060885978900628634 0.1593467652704786 
0.15756565732481626 0.16995720721754679 
0.1507984786129732 0.17463103731649665 
0.11037330758643224 0.16721072905005266 
0.06814913122877056 0.17393632567832523 
0.1798212329233854 0.15169075789866474 
0.15818283821514137 0.14576848995355565 
0.15818283821514137 0.14576848995355565 
0.1533845128772238 0.1536958849058865 
0.1533845128772238 0.1536958849058865 
0.15782861341326726 0.17335964300654336 
0.15933906900884032 0.183197860103929 
0.1375856605663487 0.19569156075445443 
0.1375856605663487 0.19569156075445443 
0.17366559776790835 0.16143247982416198 
0.17366559776790835 0.16143247982416198 
0.1486906386413068 0.1486874723827233 
0.1486906386413068 0.1486874723827233 
0.14221514964086512 0.1556059213699575 
0.14221514964086512 0.1556059213699575 
0.13909079650401782 0.15378273374291038 
0.13196800309208337 0.1786538774700877 
0.13134899643968856 0.15768971441243518 
0.1321209515034499 0.1314577732691964 
0.12014336837134801 0.14138726817513134 
0.12014336837134801 0.14138726817513134 
0.12010816140595004 0.14132483097495252 
0.139471221118754 0.1271979112663778 
0.15440675820275887 0.11710715226925897 
0.13008032897102453 0.1494889328360333 
0.1279106744309245 0.13516394250700145 
0.12826709550752408 0.13640303202922407 
0.12826709550752408 0.13640303202922407 
0.1225775025835683 0.15310735825753755 
0.11698911828494091 0.1622492532852926 
0.10814254647265384 0.11413015885394534 
0.10814254647265384 0.11413015885394534 
0.10814254647265384 0.11413015885394534 
0.08771581367608812 0.12059540182336398 
0.06693695239757122 0.11489700954857056 
0.06693695239757122 0.11489700954857056 
0.06693695239757122 0.11489700954857056 
0.06693695239757122 0.11489700954857056 
0.06693695239757122 0.11489700954857056 
0.06693695239757122 0.11489700954857056 
0.06684423746896362 0.11176330357829602 
0.06684423746896362 0.11176330357829602 
0.06684423746896362 0.11176330357829602 
0.06684423746896362 0.11176330357829602 
0.08392678685620238 0.11735746506343944 
0.10914065080154196 0.12326178652040345 
0.06401483408737867 0.18138022247598368 
0.09836401548177559 0.1851226607236601 
0.14705845810414803 0.18114239155313497 
0.10239333976241898 0.1504745935027349 
0.13431853079071043 0.1584090315409301 
0.17309108549781466 0.1878964047063751 
0.17309108549781466 0.1878964047063751 
0.1115405636995539 0.18608492890773987 
0.1317265958896015 0.19873824608172336 
0.1400387608134571 0.23557100189329955 
0.15584613912071926 0.16831535568962547 
0.13323873946967166 0.16990357289161145 
0.06683153145758683 0.169497706222455 
0.13111426750436284 0.17827269312643465 
0.17006938645744166 0.1848101562491009 
0.06991005950207943 0.18405816620569362 
0.1078579568093863 0.20687185104485878 
0.11116664696430499 0.19823297172978263 
0.08635373784774787 0.20550282632986624 
0.16979902328852808 0.15597380283487303 
0.16979902328852808 0.15597380283487303 
0.09580421789969296 0.1757677676511149 
0.1303653576491421 0.15458000102324448 
0.14792456907772691 0.1522658451538714 
0.09518574362977149 0.15904430868833114 
0.1735507535347593 0.19049376471603377 
0.17213751205560962 0.20419928524817138 
0.16711922158057677 0.22355986822493673 
0.16164131614372598 0.22607498365866854 
0.17773027657404464 0.19882687369528065 
0.1786671175582334 0.2059828058051875 
0.08312427259398551 0.16286770569306058 
0.14409535274330015 0.1914401327839034 
0.11151799259194276 0.17587786909951783 
0.09824314908588305 0.20852365909580667 
0.09824314908588305 0.20852365909580667 
0.09842599654418831 0.21277566985423002 
0.12030790089702825 0.2016659539984253 
0.12030790089702825 0.2016659539984253 
0.1579286046346438 0.16405019569176618 
0.1053804089983134 0.18535441466489652 
0.15856341860151008 0.1639781016186085 
0.15856341860151008 0.1639781016186085 
0.15862006482132207 0.1865711253447193 
0.09306259665092581 0.17526497370781705 
0.1544448580163089 0.17785037240294918 
0.13864472706562792 0.11303078476287148 
0.12108515599078673 0.14844601124883705 
0.12108515599078673 0.14844601124883705 
0.13066007789562803 0.19734432878901648 
0.15604083387798068 0.23164217277849672 
0.14680591157398767 0.24896709496179303 
0.14680591157398767 0.24896709496179303 
0.14680591157398767 0.24896709496179303 
0.14680591157398767 0.24896709496179303 
0.14680591157398767 0.24896709496179303 
0.14680591157398767 0.24896709496179303 
0.11740962077620368 0.20765208657855927 
0.11298856493560967 0.21109772008213917 
0.11298856493560967 0.21109772008213917 
0.12478340317155937 0.2327552218913422 
0.06976403714515149 0.1813955029238065 
0.10806581149514186 0.16672918108270124 
0.10806581149514186 0.16672918108270124 
0.06359709647910387 0.21744071572943552 
0.06359709647910387 0.21744071572943552 
0.0854082189440251 0.1949857422187984 
0.15755689554578406 0.1693847886569184 
0.16621297815534022 0.19033628030304056 
0.16440395241735326 0.15811696995836116 
0.17173192572541665 0.15998029636326394 
0.14982733162487208 0.17987177618950037 
0.10132143473835242 0.1581892614806234 
0.10132143473835242 0.1581892614806234 
0.08603578702413683 0.1222922647141963 
0.08603578702413683 0.1222922647141963 
0.08603578702413683 0.1222922647141963 
0.08708893753305393 0.107836494644742 
0.09033567462116875 0.11675886127661014 
0.09033567462116875 0.11675886127661014 
0.09033567462116875 0.11675886127661014 
0.08941246451385848 0.09758625213651757 
0.10909538184543638 0.14237401603824384 
0.10830696531571006 0.145483097007901 
0.10983093231611282 0.14773708692342602 
0.12994384374682771 0.19944190667073436 
0.12994384374682771 0.19944190667073436 
0.12225043054199469 0.23084866430985418 
0.11813490454314327 0.21519297509113905 
0.06599776364267726 0.17851017118133655 
0.09577520290547331 0.16799343778416223 
0.14773166012890213 0.17505836186545198 
0.1327038607583293 0.19064829612527381 
0.13178895920096043 0.17444705368487157 
0.16146433084742495 0.19042052459965972 
0.14198084699847835 0.17090608101189375 
0.1774851714095304 0.1244659087691406 
0.1577492760904443 0.13874997111003728 
0.1577492760904443 0.13874997111003728 
0.1577492760904443 0.13874997111003728 
0.1577492760904443 0.13874997111003728 
0.14365543892630456 0.14308968634895913 
0.14365543892630456 0.14308968634895913 
0.10716717988800052 0.17709852884762753 
0.11879846220257013 0.1951760267522527 
0.11879846220257013 0.1951760267522527 
0.11879846220257013 0.1951760267522527 
0.10250570822818864 0.18763910374222958 
0.1251929347555933 0.18009083492309774 
0.16985325642054266 0.1743211993562126 
0.11916444830045504 0.16637121944059527 
0.12898894684518053 0.14650650903457696 
0.12898894684518053 0.14650650903457696 
0.1259628264973847 0.14438215969585755 
0.11696647067959462 0.14434292452188802 
0.11630620612635731 0.11866866000653256 
0.11630620612635731 0.11866866000653256 
0.1109989904834549 0.11065104174202013 
0.1104692504250991 0.10906276430218857 
0.06614372999032525 0.09449989540315698 
0.10997337202670454 0.12530065809256336 
0.11004090378135487 0.12500474900430095 
0.07100341548088034 0.08879747509633533 
0.07100341548088034 0.08879747509633533 
0.1574717001391319 0.19614037875993334 
0.15334866962548405 0.15567377066290303 
0.15334866962548405 0.15567377066290303 
0.1477594961086206 0.16211286305942635 
0.158882906131632 0.18220037258123795 
0.1491419411565281 0.1779104074731223 
0.17973156066793308 0.18943394492706667 
0.15070141460896289 0.1736663896988058 
0.14559499499873482 0.11891201627480796 
0.15395394280990088 0.14128074549058836 
0.155547843523154 0.15515975489327502 
0.16067632482660743 0.15340259085892255 
0.13660084472647993 0.17841228943026907 
0.07025919669507882 0.16605943499840004 
0.11973934600631622 0.18288544361303805 
0.12566649307806887 0.18474907775911553 
0.10659585837150773 0.15137316924436417 
0.1163405346606777 0.1282607649204171 
0.11407290014199101 0.1273146005463918 
0.12437028169860559 0.13852766682195206 
0.11991858396749591 0.13314553924113148 
0.07972233181268572 0.10430095391963709 
0.08028356703614686 0.1336417780810063 
0.07907283762636189 0.1326123932838423 
0.1090737707002804 0.19546126036125788 
0.1090737707002804 0.19546126036125788 
0.1224492071902197 0.16168134893625202 
0.17922827921920478 0.1647297199805238 
0.1300526925706754 0.19193083091981492 
0.12578937092317463 0.20064148802784593 
0.13671447149823773 0.20620813063427157 
0.1187668755889555 0.23250574613360903 
0.11928444288145476 0.2331924425361342 
0.12071448990942969 0.2320533697320371 
0.1028771633298187 0.2032263890951895 
0.06245624359615428 0.1540481936919546 
0.06245624359615428 0.1540481936919546 
0.06245624359615428 0.1540481936919546 
0.1463739976313935 0.1665256420990791 
0.12135505217716383 0.16245847268292984 
0.11242386496927964 0.18775164504408304 
0.09702558265594337 0.21105699597487482 
0.10015092292751647 0.25428409740944447 
0.10363223379554934 0.24616137597792465 
0.10363223379554934 0.24616137597792465 
0.10363223379554934 0.24616137597792465 
0.10363223379554934 0.24616137597792465 
0.10363223379554934 0.24616137597792465 
0.10363223379554934 0.24616137597792465 
0.10360047168539682 0.24644970106111364 
0.10360047168539682 0.24644970106111364 
0.10360047168539682 0.24644970106111364 
0.10360047168539682 0.24644970106111364 
0.11142688183886419 0.21705140293280817 
0.11142688183886419 0.21705140293280817 
0.11671473336773493 0.15854367600357328 
0.14208745708495146 0.1996846982695941 
0.08586653867233673 0.19488701800619773 
0.08586653867233673 0.19488701800619773 
0.0950556211539227 0.19631958626558385 
0.0950556211539227 0.19631958626558385 
0.07533373883512084 0.2173741334611613 
0.06283464163979602 0.23960674174701582 
0.07835345708002672 0.23218908062495153 
0.1142353660502042 0.19678236051674233 
0.1142353660502042 0.19678236051674233 
0.12554050456705848 0.2153855893160288 
0.12809474994767978 0.21692458634423245 
0.13315686487402362 0.1421238503428131 
0.1323839549898878 0.15412493633045143 
0.1468713703514143 0.16514688324345872 
0.06138139044606801 0.17870699366163534 
0.1710666465164287 0.18001290750457782 
0.09083027084751649 0.17578394655280855 
0.07212842740522926 0.15214119166121237 
0.07212842740522926 0.15214119166121237 
0.07307860856966905 0.10711040049809506 
0.07496260604515485 0.12879940217446434 
0.07496260604515485 0.12879940217446434 
0.07019919638223698 0.1250135844806802 
0.07019919638223698 0.1250135844806802 
0.07019919638223698 0.1250135844806802 
0.07516069584381246 0.13447241971201435 
0.06973847779540711 0.1279868825634646 
0.06973847779540711 0.1279868825634646 
0.07357963527529762 0.13554697528246065 
0.07357963527529762 0.13554697528246065 
0.07357963527529762 0.13554697528246065 
0.06713282364070823 0.12869161809074794 
0.07934752509127664 0.14274324710483124 
0.07934752509127664 0.14274324710483124 
0.07364854662001569 0.1421662402033203 
0.07364854662001569 0.1421662402033203 
0.14718765126831282 0.1651781798307326 
0.15318406837467705 0.21380870679778047 
0.15411434153376719 0.21335642430941998 
0.15411434153376719 0.21335642430941998 
0.13799741791234404 0.19545923647943048 
0.1672381836225001 0.167599400277335 
0.16266419012946423 0.1882888393178466 
0.1290791605589096 0.21562941356210422 
0.1290791605589096 0.21562941356210422 
0.1205140181211502 0.23403472833034103 
0.1143982439827631 0.25129158844621813 
0.1143982439827631 0.25129158844621813 
0.1143982439827631 0.25129158844621813 
0.11571143427857895 0.24443004818051217 
0.11571143427857895 0.24443004818051217 
0.11999032048339084 0.2532993859093616 
0.06335094815862422 0.2540443522679411 
0.06335094815862422 0.2540443522679411 
0.06335094815862422 0.2540443522679411 
0.07131411183116214 0.21870928005834545 
0.07383256917519583 0.2038230965920375 
0.07383256917519583 0.2038230965920375 
0.07383256917519583 0.2038230965920375 
0.07383256917519583 0.2038230965920375 
0.07383256917519583 0.2038230965920375 
0.06995732190189347 0.17145888548984098 
0.1707903761799289 0.17651703959890908 
0.12721990463498484 0.21226495627862083 
0.12721990463498484 0.21226495627862083 
0.12721990463498484 0.21226495627862083 
0.10801186017776451 0.24935505089374665 
0.11592353771003165 0.22914977159028793 
0.10942141207287762 0.2341229759291975 
0.06746824682640562 0.24678969160315756 
0.07747819894335098 0.24786879596108477 
0.07614124761533422 0.2383229371092002 
0.07614124761533422 0.2383229371092002 
0.13488309358880682 0.20847830058408884 
0.14004080023369292 0.2117855371283985 
0.14354159195660215 0.196719362425033 
0.12176038101143602 0.20289593748463508 
0.12176038101143602 0.20289593748463508 
0.08665038056771956 0.16454244385779943 
0.17491797761566605 0.16210377444252091 
0.15883417119550938 0.20411223137826828 
0.15883417119550938 0.20411223137826828 
0.06345167275055189 0.1627694273764598 
0.08869880426161206 0.17737373739165438 
0.1645969422726075 0.22571030228986289 
0.1645969422726075 0.22571030228986289 
0.14678986401241145 0.1673728302040119 
0.14678986401241145 0.1673728302040119 
0.11396078952978941 0.1608238029344264 
0.1532925043191905 0.14810528184192628 
0.1532925043191905 0.14810528184192628 
0.1532925043191905 0.14810528184192628 
0.14907510401169222 0.22161356413486577 
0.14852159579537166 0.22102372724763827 
0.1511883409240704 0.21939395795622746 
0.14076528796346907 0.224838165463915 
0.14076528796346907 0.224838165463915 
0.12603823614070436 0.22431570910162812 
0.12466309341042994 0.22530547700247475 
0.1023644555114198 0.22153516703369933 
0.10342397884906748 0.22860867009392233 
0.07450240941286591 0.23703279130030958 
0.07450240941286591 0.23703279130030958 
0.08786745270068397 0.22654699655288835 
0.11281515824701321 0.21932886025598197 
0.11281515824701321 0.21932886025598197 
0.11281515824701321 0.21932886025598197 
0.11395490294841706 0.2267234465576993 
0.11395490294841706 0.2267234465576993 
0.11395490294841706 0.2267234465576993 
0.12187389956515089 0.22916145658256923 
0.12187389956515089 0.22916145658256923 
0.12187389956515089 0.22916145658256923 
0.12187389956515089 0.22916145658256923 
0.12187389956515089 0.22916145658256923 
0.12187389956515089 0.22916145658256923 
0.12187389956515089 0.22916145658256923 
0.11143406403610394 0.23501064032811197 
0.12214827122825754 0.23619843845052563 
0.17729571612599973 0.1468228931647795 
0.17729571612599973 0.1468228931647795 
0.17729571612599973 0.1468228931647795 
0.17729571612599973 0.1468228931647795 
0.17396969024130754 0.19719915327376034 
0.08138259312134605 0.16075474205489826 
0.1771378678067321 0.1822155775749404 
0.13991127928199285 0.15031295627939217 
0.1801920123903885 0.2174149164150681 
0.1801920123903885 0.2174149164150681 
0.13164604642056457 0.21711464985547851 
0.10489596189949263 0.15972399084606795 
0.10489596189949263 0.15972399084606795 
0.07594379194551894 0.10691928135384982 
0.07594379194551894 0.10691928135384982 
0.07594379194551894 0.10691928135384982 
0.07649406965288445 0.11220282444856611 
0.07649406965288445 0.11220282444856611 
0.07649406965288445 0.11220282444856611 
0.07649406965288445 0.11220282444856611 
0.07649406965288445 0.11220282444856611 
0.07649406965288445 0.11220282444856611 
0.07762879578503565 0.11576989834382848 
0.07762879578503565 0.11576989834382848 
0.07422697561317902 0.11347673204751685 
0.06858189477608398 0.11168515149924498 
0.0687879642022875 0.131628433237798 
0.0687879642022875 0.131628433237798 
0.0687879642022875 0.131628433237798 
0.07848828623128563 0.14478673728049116 
0.08499567978770564 0.1470231889366681 
0.15519535773207532 0.1827076331524846 
0.1565321068208398 0.2023725532331042 
0.0663065845313862 0.18201839986077523 
0.17507490802452852 0.18244738300353283 
0.09684663113763206 0.18111815541224388 
0.08836850474479649 0.1630047674742998 
0.10429811710253373 0.16621402263682408 
0.06529518177215818 0.20569018533234085 
0.062134511530297344 0.20976687780458042 
0.10167007536905193 0.17541099924485679 
0.0850988904604687 0.1723192395373208 
0.13523606434659027 0.1767935279802818 
0.07219654543280105 0.18226362519177486 
0.08306090740090584 0.11709641749314256 
0.08306090740090584 0.11709641749314256 
0.18127261296460273 0.16767553959718598 
0.08615528008627718 0.1686488138226696 
0.17443523102506908 0.16994356240824535 
0.06500743316921152 0.18005086213640142 
0.07944247861408102 0.17191965618990848 
0.07471222032285668 0.17258524529778357 
0.1415575353609233 0.208790402725748 
0.13684692140483148 0.2130367931984953 
0.13684692140483148 0.2130367931984953 
0.1034535419311734 0.1996338593392373 
0.13108550816639453 0.20792201118853412 
0.0858576379938071 0.24128115485151036 
0.0858576379938071 0.24128115485151036 
0.0858576379938071 0.24128115485151036 
0.1072321880394912 0.21043359967083364 
0.1072321880394912 0.21043359967083364 
0.11416138691119246 0.22366165372344232 
0.11916400779182604 0.21610488686872686 
0.11916400779182604 0.21610488686872686 
0.1386341605807631 0.16634578357446242 
0.12166052711952298 0.22745255617832258 
0.12166052711952298 0.22745255617832258 
0.12166052711952298 0.22745255617832258 
0.13300316644863736 0.18203035576434476 
0.1253930388225401 0.1836186076662981 
0.09235157093516091 0.15777866230137144 
0.09235157093516091 0.15777866230137144 
0.10041730572883625 0.13839972080122465 
0.10041730572883625 0.13839972080122465 
0.10229344933428455 0.140230252986912 
0.10171498823604624 0.1398924069480267 
0.1084553144468363 0.11872243081823312 
0.10401607219993447 0.14202689318864375 
0.10401607219993447 0.14202689318864375 
0.09324623757798636 0.13636278540130772 
0.14320514368440443 0.1789176011041242 
0.11703099630277042 0.1792298907791091 
0.11572016118671336 0.18756838899363715 
0.15983175885140374 0.1796485577753045 
0.1478855529413993 0.19377310247635898 
0.11453563388973688 0.16682738576091527 
0.16759181994630112 0.20246741891929504 
0.1561472080058684 0.20154919758492165 
0.1561472080058684 0.20154919758492165 
0.14753288847301724 0.1866734553170345 
0.15478336721478977 0.1928731702956102 
0.10136131264062512 0.16788385044432708 
0.1091373115144648 0.1403577723027567 
0.1091373115144648 0.1403577723027567 
0.12598514490645135 0.1395869656335783 
0.13325534429420033 0.15046320035096367 
0.13325534429420033 0.15046320035096367 
0.10164037187094595 0.1639314042304931 
0.12303327867012642 0.14618676144100037 
0.07637892685505702 0.13696608204759392 
0.06964969427205187 0.11721982135865645 
0.06964969427205187 0.11721982135865645 
0.0782828328912308 0.12131911056211334 
0.0782828328912308 0.12131911056211334 
0.07862406755537803 0.12499823372928952 
0.09087739723718212 0.12752561530792525 
0.09087739723718212 0.12752561530792525 
0.09087739723718212 0.12752561530792525 
0.09346247464452614 0.1464280801133359 
0.09346247464452614 0.1464280801133359 
0.17282382963307263 0.14658893677881918 
0.14813976458627576 0.21046351741530828 
0.1442080255541966 0.25364161778746946 
0.1442080255541966 0.25364161778746946 
0.14178068328709292 0.24624342716033204 
0.14178068328709292 0.24624342716033204 
0.08717336142829057 0.15143627285808886 
0.06605972437185141 0.13050723232580336 
0.06605972437185141 0.13050723232580336 
0.06605972437185141 0.13050723232580336 
0.06605972437185141 0.13050723232580336 
0.06605972437185141 0.13050723232580336 
0.06605972437185141 0.13050723232580336 
0.06605972437185141 0.13050723232580336 
0.06208096785272365 0.13394923969803677 
0.06208096785272365 0.13394923969803677 
0.06208096785272365 0.13394923969803677 
0.06681216454112177 0.1440760304305506 
0.0649101871255018 0.13611622203530194 
0.0649101871255018 0.13611622203530194 
0.0649101871255018 0.13611622203530194 
0.0649101871255018 0.13611622203530194 
0.0649101871255018 0.13611622203530194 
0.11504796564501431 0.19147576103765226 
0.11504305712347405 0.19629387276242766 
0.13874751896886978 0.21530162176470366 
0.12039458376716461 0.16290458869825267 
0.12478005330470245 0.15948748553580597 
0.14870313399805574 0.12990575352691508 
0.14870313399805574 0.12990575352691508 
0.1693313508095441 0.12675582304217517 
0.1693313508095441 0.12675582304217517 
0.1618612877141392 0.13869041644159852 
0.16904843436233846 0.11951221480381222 
0.16904843436233846 0.11951221480381222 
0.16990568703206158 0.13231903970580033 
0.16445273951603417 0.1351541042012695 
0.16269165226523732 0.13289269974586415 
0.16269165226523732 0.13289269974586415 
0.16269165226523732 0.13289269974586415 
0.16269165226523732 0.13289269974586415 
0.16705992243493809 0.12192409199207832 
0.14943954449591323 0.1338733820682571 
0.15460522246669323 0.15286838068585443 
0.16327172783863106 0.1071458928784367 
0.16327172783863106 0.1071458928784367 
0.1627242260337501 0.11290314828160342 
0.16292771343981535 0.11188472833210862 
0.16292771343981535 0.11188472833210862 
0.16292771343981535 0.11188472833210862 
0.16091579195428232 0.13036884241266716 
0.06709085055571254 0.15932110442613812 
0.10365501941627123 0.17035866884788936 
0.10064961872522557 0.18545120495040468 
0.1180023443468512 0.1634510577117368 
0.10075781852032115 0.19386704169993843 
0.17007097704685512 0.16652288900571102 
0.09129237115017225 0.18131401948569364 
0.07473680129914217 0.15043880988402966 
0.07473680129914217 0.15043880988402966 
0.07869474301820192 0.1473563658524323 
0.08054717462216514 0.13217532052879058 
0.06840234765186527 0.1685345472785269 
0.07108811051443233 0.17707442490415914 
0.1657400580652345 0.21115494163786988 
0.1645339789058867 0.21724767114074736 
0.1810361771497141 0.23383416090053377 
0.1810361771497141 0.23383416090053377 
0.14595776296736207 0.2198384463118385 
0.12663731170626719 0.202184349634091 
0.15410850501897286 0.25565839197904305 
0.15259397412028464 0.24368609271711728 
0.15259397412028464 0.24368609271711728 
0.15259397412028464 0.24368609271711728 
0.09745516236034012 0.14717898153112324 
0.1159597022989452 0.19939441410726938 
0.12852004702382516 0.1752893606177531 
0.07073057190389591 0.17718574203757168 
0.10666503666619223 0.17760490423528152 
0.09086195844859854 0.17584639374844077 
0.15694551157885397 0.18132918449917404 
0.13786642289929277 0.1715450772535027 
0.17904001634241887 0.1718681437831869 
0.15384645472920322 0.17114585763434287 
0.07891807369452558 0.21063070635992906 
0.07891807369452558 0.21063070635992906 
0.07891807369452558 0.21063070635992906 
0.07096460622132117 0.20914116144146278 
0.1303146869968028 0.1770854412310477 
0.17226113278076438 0.15755235455915031 
0.16426886809255503 0.16651428456998013 
0.09154038710658306 0.18238921494736107 
0.16865651401104476 0.18375998055776993 
0.17535341593454143 0.18242582015345835 
0.11045869965566427 0.17137647993673671 
0.09890395961183998 0.144796704571909 
0.09892888038894157 0.1448503004295702 
0.14263408132745253 0.1752049079498263 
0.17090990397421488 0.2007378286091677 
0.14278460011064203 0.18768107654854788 
0.08937187359753981 0.16302075009779232 
0.13291007981192937 0.16516131158991434 
0.1212708651494684 0.14344366166705946 
0.1212708651494684 0.14344366166705946 
0.11724568244909357 0.13608657256521045 
0.10305676432080865 0.14446464066675374 
0.10305676432080865 0.14446464066675374 
0.07090855458262726 0.10513635238801027 
0.07193179818289747 0.11282227393118642 
0.0664933113443472 0.11318694087780332 
0.09052826423483991 0.17173892633712806 
0.10459285801155307 0.21202009612061679 
0.10446506229849319 0.20890467075514588 
0.09887340610157341 0.1961681807557163 
0.08586415077964146 0.22548767772766581 
0.08586415077964146 0.22548767772766581 
0.0870633725374467 0.21705946779841823 
0.08960090136867539 0.2173951047602041 
0.13288838110905202 0.15301086836069483 
0.1157915296877529 0.1409571410318916 
0.1157915296877529 0.1409571410318916 
0.09442127795414494 0.12495429512340975 
0.07889871211308297 0.11176976350288483 
0.07889871211308297 0.11176976350288483 
0.07014878472814107 0.10168933274244049 
0.07014878472814107 0.10168933274244049 
0.07213215884658039 0.10908604237678808 
0.07213215884658039 0.10908604237678808 
0.08606320588556092 0.11937687390434132 
0.10677052859344904 0.12920251928429896 
0.10606562549328852 0.12376634011293068 
0.10606562549328852 0.12376634011293068 
0.10606562549328852 0.12376634011293068 
0.10606562549328852 0.12376634011293068 
0.10013699387920749 0.12997247026517586 
0.11016835843951682 0.12419202925575624 
0.11016835843951682 0.12419202925575624 
0.11267081832577314 0.1199434003969603 
0.11267081832577314 0.1199434003969603 
0.11267081832577314 0.1199434003969603 
0.10658238846755325 0.11479627596091962 
0.10677275388228481 0.11983600284839473 
0.10677275388228481 0.11983600284839473 
0.10711776653232294 0.11746491442209561 
0.10711776653232294 0.11746491442209561 
0.1786141982699904 0.1614763126983773 
0.1786141982699904 0.1614763126983773 
0.1633197490806758 0.20566186722931448 
0.16222187420303358 0.24822157177336107 
0.16222187420303358 0.24822157177336107 
0.16222187420303358 0.24822157177336107 
0.16222187420303358 0.24822157177336107 
0.16222187420303358 0.24822157177336107 
0.1661507028813693 0.2512024569571234 
0.1661507028813693 0.2512024569571234 
0.1661507028813693 0.2512024569571234 
0.1661459212500986 0.25100731044877833 
0.1661459212500986 0.25100731044877833 
0.1661459212500986 0.25100731044877833 
0.1661459212500986 0.25100731044877833 
0.1661459212500986 0.25100731044877833 
0.15480537551752843 0.20900553707838387 
0.18119364369940186 0.20954836460580267 
0.08360354579226961 0.1589470265871194 
0.06855038009759148 0.09664601241051882 
0.08816791351607275 0.11646821585800328 
0.06199644282522149 0.19085382718551466 
0.1741696484115196 0.16209581046605848 
0.17545505804447797 0.1718501709625954 
0.0823701613144328 0.15878549151169571 
0.14907819927206042 0.18278054956552786 
0.07864750081157375 0.17524752304347427 
0.1802659522986926 0.17844649783414834 
0.07202324153058376 0.19237035712455974 
0.09066726237150982 0.21635403969969094 
0.08430580733825246 0.21504604320149057 
0.0871936364170211 0.21151466846849598 
0.08939060769596333 0.20536375559598724 
0.13535352127105815 0.19930304727392556 
0.1463150109589778 0.2310836559509391 
0.1463150109589778 0.2310836559509391 
0.1707645959351285 0.1791692857403621 
0.14516255404369535 0.19745868184999507 
0.14516255404369535 0.19745868184999507 
0.1338519948203422 0.2264424282991279 
0.13663427608942413 0.23884349673282046 
0.13663427608942413 0.23884349673282046 
0.13663427608942413 0.23884349673282046 
0.16572417558394578 0.1805188343213917 
0.16767023144864404 0.19241555173067493 
0.09104968514037849 0.18866130443768178 
0.09188709184692906 0.19260485944044106 
0.09362524080356294 0.19472495007752327 
0.09362524080356294 0.19472495007752327 
0.08967474721821755 0.1982672810286151 
0.10806902639562048 0.15605451607519955 
0.16277157455451297 0.1983119215287757 
0.168350817947042 0.1568096508294354 
0.1690275885927531 0.15368046267522267 
0.1788241624433976 0.1933387057817438 
0.17410268345037055 0.19511505711910318 
0.17410268345037055 0.19511505711910318 
0.13258585355771005 0.16063900158421981 
0.13322562793705298 0.14980186673564813 
0.08684187854679037 0.1765438158148994 
0.16272802256581725 0.16501540598209363 
0.17633410025869073 0.17507804196856006 
0.14525751532034623 0.19631099368658442 
0.13837872501231743 0.18670966966668912 
0.13167060457364357 0.1953797221897163 
0.17822454366687882 0.19716323680087866 
0.12131985830706807 0.16518669279978127 
0.07494243596493974 0.1793910802983792 
0.07596853743862235 0.16168992826248618 
0.0634697699277744 0.1625623614038748 
0.12218045995683566 0.18216693890980423 
0.12511951424236484 0.20455291444025858 
0.12511951424236484 0.20455291444025858 
0.12511951424236484 0.20455291444025858 
0.12006874825620373 0.1998653977231578 
0.12536820429272238 0.20885855635309813 
0.12461329487519257 0.15577149390122053 
0.1530984271806844 0.2034029389236906 
0.15089773306372445 0.2084413547706494 
0.15460285694515702 0.20112899908627763 
0.13292148321791175 0.19336722974660192 
0.14268628367965697 0.20785316873276202 
0.14268628367965697 0.20785316873276202 
0.1421723905524331 0.20751584425973932 
0.07825041494526537 0.20498194087412844 
0.1081446752242783 0.20620668528985697 
0.0950852528702909 0.19252905914833282 
0.1083843496215953 0.20703554954927283 
0.08930823558285392 0.21496588543985312 
0.07165718369863935 0.2544802822163461 
0.08028543866904872 0.23673104941870748 
0.08024622294487875 0.23906351170501378 
0.07225517086606018 0.2327672645595817 
0.09149117851616087 0.2174286710956391 
0.10046282733719339 0.2226594074841756 
0.10575536442558912 0.22130296768253957 
0.10591592904769206 0.2210519900548082 
0.13018000466462198 0.22164517839468717 
0.18033317060451726 0.1820442136175024 
0.10163355362650132 0.22516128014956033 
0.10859464012008475 0.21699260369825377 
0.11824394914050257 0.21165887675951553 
0.09785813188048652 0.2271496631392465 
0.09785813188048652 0.2271496631392465 
0.12428198412788503 0.22337712986977415 
0.12428198412788503 0.22337712986977415 
0.12428198412788503 0.22337712986977415 
0.12454066414169102 0.22495258569237425 
0.12446905290585289 0.22858279189573621 
0.11410763255703436 0.18281060577091676 
0.14739342808369849 0.20658147694839096 
0.14941497750931843 0.199141764120664 
0.12514684794032632 0.1519493964813407 
0.12135933118261144 0.1439273929267494 
0.13518793198593135 0.1147238419738069 
0.10932331467499289 0.1990627498027762 
0.14737406388921226 0.18218546484250192 
0.1304893516592209 0.19614026535785797 
0.1504876296008642 0.19256578390227874 
0.06948910050718027 0.15735171126285266 
0.06948910050718027 0.15735171126285266 
0.06571603951252504 0.1353273983029814 
0.06571603951252504 0.1353273983029814 
0.07351318604772994 0.1401441926708269 
0.07351318604772994 0.1401441926708269 
0.07351318604772994 0.1401441926708269 
0.07351318604772994 0.1401441926708269 
0.07351318604772994 0.1401441926708269 
0.07351318604772994 0.1401441926708269 
0.07351318604772994 0.1401441926708269 
0.06801507147570827 0.11862916844598513 
0.07467326990172225 0.13041823803332497 
0.07033520706043583 0.1530264036166317 
0.10283178370143364 0.2081760171337067 
0.09370873057424949 0.19749313960197626 
0.07498566382140286 0.17705871873500476 
0.14839064979135497 0.1880390198605121 
0.07496611834804838 0.20509018142923055 
0.09760229629509172 0.1867288152577969 
0.13359086321796276 0.16082631557734778 
0.17140374068725925 0.18551037528988618 
0.1080164927108116 0.16454622689958823 
0.10159891229869995 0.14678658167147268 
0.08588644083170054 0.15338125110787126 
0.07507617957010576 0.15525646961640238 
0.10393241301723516 0.1420842449188868 
0.09761474011592952 0.11165933302031729 
0.09761474011592952 0.11165933302031729 
0.17266487230256744 0.17820377104261853 
0.166548786797172 0.2022133904541918 
0.14899027429102624 0.20871880352425462 
0.14899027429102624 0.20871880352425462 
0.14899027429102624 0.20871880352425462 
0.17527390875815616 0.20450063426097673 
0.17791232738737006 0.21344833928025655 
0.1767448685610086 0.2098230680606804 
0.08567578323120179 0.15971980740583105 
0.08567578323120179 0.15971980740583105 
0.12934437555294706 0.20674837483967629 
0.10441011945438138 0.2314748203950635 
0.10441011945438138 0.2314748203950635 
0.10441011945438138 0.2314748203950635 
0.10879487968063238 0.22575163336491327 
0.11858503647099927 0.20441933649011895 
0.11235764639252638 0.16973375283034806 
0.1078328272664219 0.17084364300555255 
0.06489031522042861 0.17519058066178994 
0.12406758893254247 0.17001498097064788 
0.12748467546998443 0.21783119582306243 
0.14591314171522657 0.241211819242811 
0.14591314171522657 0.241211819242811 
0.14591314171522657 0.241211819242811 
0.1460005241429928 0.2266687860401661 
0.06486960081337317 0.19437685493611026 
0.1340158190445619 0.15995134612791118 
0.11877752334599172 0.18377580816374703 
0.07195322823292329 0.1744418098192744 
0.16085575266074437 0.16690753083234178 
0.08883044163964286 0.1605860498380562 
0.07825610640455945 0.17896467938040272 
0.15622012912631647 0.16537135417377863 
0.07843137991597862 0.18619049428684745 
0.09859943531700828 0.1723197993188758 
0.11066536754847515 0.18844319309627378 
0.07393175939572416 0.19231027470561618 
0.06532756011630939 0.2055149731790984 
0.17034217049652606 0.15823766544036202 
0.17431108314688099 0.15413721876870828 
0.11772432928575674 0.18771226286709194 
0.1350211091263546 0.19589259427292838 
0.10657498193918119 0.2049232221559437 
0.10657498193918119 0.2049232221559437 
0.10657498193918119 0.2049232221559437 
0.11707799163313726 0.19073116281580355 
0.12239657625690002 0.19855833223258945 
0.14779592362586572 0.1682513861916618 
0.11458316729278697 0.1690827830537711 
0.12706052115187264 0.16477617390932076 
0.13830062880900998 0.1984980503279689 
0.13830062880900998 0.1984980503279689 
0.13830062880900998 0.1984980503279689 
0.1351330743266455 0.16080612819740442 
0.14244928815967994 0.15440488724057486 
0.08462349777040913 0.20912007021426737 
0.07678629862114955 0.1575206437887916 
0.07669273704721985 0.15480185086934872 
0.08564459549025584 0.18498972349969148 
0.1356330320319697 0.2141996790456179 
0.1356330320319697 0.2141996790456179 
0.1356330320319697 0.2141996790456179 
0.1467436619664607 0.22665172646933088 
0.13356586571142506 0.2248412338268193 
0.13356586571142506 0.2248412338268193 
0.132805388279328 0.23153263993730339 
0.139234223897093 0.21694443211130868 
0.13347264118366647 0.17475214514516077 
0.07043653610059851 0.17289277871201209 
0.06153578433248101 0.1855044388566282 
0.14404184836625894 0.18836817836357356 
0.14883524852575816 0.188575176018358 
0.1348230488762422 0.19447813711839232 
0.11970238067755273 0.21625054216476164 
0.11962774060236897 0.2162631419956429 
0.1768400233237296 0.20034313758632072 
0.06269043578689294 0.18134260795105106 
0.16727328074287126 0.1957103285244804 
0.16727328074287126 0.1957103285244804 
0.16727328074287126 0.1957103285244804 
0.16727328074287126 0.1957103285244804 
0.1439781489964913 0.19900165468844497 
0.1773309882393447 0.20549050978513084 
0.15704579020655288 0.20276659606138236 
0.15783208866257667 0.20685428709537315 
0.07146889680751886 0.16652780753715934 
0.12667080402204006 0.1871227537749434 
0.12612722157747752 0.18591680618248338 
0.16773378938240693 0.1814027089533878 
0.1373986991000749 0.17895732245195503 
0.13801618617556977 0.15641873040756782 
0.12701501678538837 0.14984996612174492 
0.17932196710187476 0.19090180307213322 
0.11487051415424575 0.17982409106607355 
0.16174049550866834 0.16382138268819124 
0.15978843526606862 0.20589522449742798 
0.15978843526606862 0.20589522449742798 
0.15978843526606862 0.20589522449742798 
0.15978843526606862 0.20589522449742798 
0.13321242933857896 0.2143895585259139 
0.08096519510500692 0.19161368038372736 
0.06812631086922255 0.1632194038843378 
0.08398641460254061 0.1633921030467883 
0.08516888863799442 0.17469936744316267 
0.1731510919752909 0.17551973533824225 
0.16785251825113673 0.19741191315585968 
0.11944245622812096 0.15165719723961474 
0.11944245622812096 0.15165719723961474 
0.14170647531483443 0.1677508352077185 
0.16606500456800288 0.1743767544189237 
0.06726953197296316 0.17088217680613701 
0.14451044612624717 0.2026134814347385 
0.06489535239277869 0.1849190758751018 
0.09252982390025609 0.19693573444470536 
0.09158641286003083 0.19755384054539588 
0.08444665382864058 0.17931593270853544 
0.06253092472471429 0.20748025244094948 
0.11787860903971278 0.21966369937875477 
0.13295022528536787 0.22211547309705376 
0.13295022528536787 0.22211547309705376 
0.13295022528536787 0.22211547309705376 
0.12385352729830637 0.23267321291949153 
0.16904584828435754 0.16228993066679903 
0.17393563461305855 0.16014203871487273 
0.17503111577874453 0.15879124509174775 
0.07490983364655573 0.18135960472266857 
0.06714767087540235 0.15273144446886278 
0.11232409958229285 0.18932315321107746 
0.151171812739833 0.1976052913583483 
0.12445504728680512 0.20679568423668648 
0.12445504728680512 0.20679568423668648 
0.07757844972361967 0.17978596028093488 
0.08979607693839056 0.17622619448817656 
0.06277303282095381 0.20005546392110768 
0.11420726483595767 0.2032626105085698 
0.12567439156275784 0.19140736157465527 
0.12014844859249317 0.2216478227435154 
0.12014844859249317 0.2216478227435154 
0.1201801635809654 0.22294478752772456 
0.1201801635809654 0.22294478752772456 
0.10842675549759981 0.1840057397391065 
0.11342293984862879 0.21666935362442974 
0.11145513605818126 0.21920040505075727 
0.11145513605818126 0.21920040505075727 
0.10907557827939678 0.22459257665452448 
0.09793600518964282 0.21646093528976423 
0.09483771920304178 0.20353695224222887 
0.07237961420594438 0.15108973398143047 
0.09224526987041094 0.14652558421486403 
0.07145327586108217 0.1553360384603908 
0.07145327586108217 0.1553360384603908 
0.06482102685551594 0.14798015232988265 
0.06482102685551594 0.14798015232988265 
0.06481617139828202 0.15225888276173966 
0.06279033933674442 0.19616414012688302 
0.1678142376054662 0.22065624428682737 
0.14089919354131747 0.19840612127486118 
0.14325492306509274 0.19456781868642536 
0.08322565019266923 0.16713241385124833 
0.09252218571442741 0.18084348220682195 
0.06321823722139645 0.1334810211932391 
0.09826365885722116 0.13380229582886038 
0.09826365885722116 0.13380229582886038 
0.07853210182418871 0.15214030302822873 
0.07853210182418871 0.15214030302822873 
0.07787387123244978 0.1478503311496799 
0.1649465130963642 0.20642065554848477 
0.17197625207224204 0.1918183662347327 
0.12133553856127571 0.20907399325235143 
0.11297106701159876 0.2184565124504619 
0.11481651691764055 0.22033793029202614 
0.11662977029419386 0.20741406799900036 
0.11662977029419386 0.20741406799900036 
0.11662977029419386 0.20741406799900036 
0.13192395445873722 0.20201279831206373 
0.13192395445873722 0.20201279831206373 
0.1390932077772864 0.21486927379817822 
0.1628143573161188 0.19967261536781758 
0.08681547508291942 0.17784739187209025 
0.06728811013505712 0.1822569624626547 
0.06362130598357593 0.15848780308534957 
0.11905948756443091 0.18322337311493284 
0.10115269662045133 0.1609013243671011 
0.09920269680086016 0.15591221136747307 
0.09920269680086016 0.15591221136747307 
0.14616924520073943 0.16481431253394435 
0.17804226166911297 0.18112632844304444 
0.12606335495156432 0.16864469982502187 
0.15453554045982476 0.1971943207097474 
0.13568366702776793 0.21672239128546847 
0.1585445103419564 0.24621950392057562 
0.1585445103419564 0.24621950392057562 
0.1585445103419564 0.24621950392057562 
0.1585445103419564 0.24621950392057562 
0.1585445103419564 0.24621950392057562 
0.15857634169963322 0.24962508998491345 
0.16286057646039612 0.22362499330530056 
0.11093727545652834 0.1678245912571482 
0.18031052669522404 0.1932324415347527 
0.12359084852411184 0.20118014164847361 
0.12501625578145154 0.20228824142872476 
0.14830248557426529 0.22597621591125155 
0.13557121712507092 0.21108800155760088 
0.13557121712507092 0.21108800155760088 
0.16017660858564692 0.20841756556751068 
0.12898767331372962 0.18214582619259895 
0.14629935886394344 0.1895620266573853 
0.1225242668624536 0.2164887061718822 
0.15331575811068265 0.23562827551527277 
0.1618612363855979 0.22610360685742292 
0.1606284521853405 0.2233133028146486 
0.1606284521853405 0.2233133028146486 
0.14483715135795006 0.20335825026644733 
0.14483715135795006 0.20335825026644733 
0.15704970302423193 0.24203760883518022 
0.14641370794216702 0.24410590627386297 
0.14797979571332193 0.24315186329692207 
0.14797979571332193 0.24315186329692207 
0.15799940438415783 0.23277746588634912 
0.1589328165738552 0.23853073066520175 
0.14098799780876803 0.23503715952853638 
0.14097476649103288 0.23287242811301578 
0.08985250464742495 0.16069003139490187 
0.09925197566087907 0.190829700811166 
0.1646016678486521 0.18830399512932883 
0.09451664157937713 0.1820721206486709 
0.1515180012353837 0.16536174627662434 
0.09309033752016166 0.18956871784226842 
0.15858686549993256 0.17182480608227818 
0.08590320539176571 0.16947379749301494 
0.1184337636446515 0.15592465383272627 
0.1307204276096582 0.18252034162914776 
0.09747227740980673 0.17034363897311433 
0.1323637353214616 0.1944767720359801 
0.06860041798063989 0.15792879978514143 
0.06860041798063989 0.15792879978514143 
0.07024838346368964 0.15555556565388318 
0.14481921017025812 0.17355759226578013 
0.15960886506221378 0.17597264673424315 
0.12627028233329995 0.15519299491399605 
0.12660040430887454 0.15702158528147697 
0.12809985573027424 0.17547131225302237 
0.09160006841182443 0.18647658226284497 
0.17425728691083014 0.1550396267882231 
0.1423679712251028 0.14518193140200247 
0.1316797729129956 0.11115048947300413 
0.1316797729129956 0.11115048947300413 
0.12152386146434224 0.12176447956175654 
0.12152386146434224 0.12176447956175654 
0.12152386146434224 0.12176447956175654 
0.12152386146434224 0.12176447956175654 
0.12471943948905373 0.12455160516146675 
0.12471943948905373 0.12455160516146675 
0.12471943948905373 0.12455160516146675 
0.11938783049923087 0.12224835168930323 
0.12976390234487903 0.09941116221285905 
0.12976390234487903 0.09941116221285905 
0.12976390234487903 0.09941116221285905 
0.12976390234487903 0.09941116221285905 
0.14039935693009647 0.09071097227778258 
0.14039935693009647 0.09071097227778258 
0.14039935693009647 0.09071097227778258 
0.14039935693009647 0.09071097227778258 
0.14039935693009647 0.09071097227778258 
0.14039935693009647 0.09071097227778258 
0.1040312692195218 0.14207149589496593 
0.09655926761414334 0.09895209208178515 
0.09456617171970746 0.0866681401694101 
0.112819197722385 0.12074680362171156 
0.11722117091332443 0.10502408670611646 
0.11722117091332443 0.10502408670611646 
0.11682244878169298 0.11761633388763414 
0.11682244878169298 0.11761633388763414 
0.11682244878169298 0.11761633388763414 
0.11497885405212352 0.09720884798093386 
0.11447785254019523 0.09364802174911419 
0.12638790269682518 0.12122366955494582 
0.12551787903970352 0.12171821569266478 
0.12005569339101294 0.13798169059399978 
0.1183651993246635 0.13728439320409866 
0.12023600066331278 0.13518195101606056 
0.0950543310586577 0.11414207163902583 
0.0950543310586577 0.11414207163902583 
0.07084865320643881 0.11096067002672233 
0.07084865320643881 0.11096067002672233 
0.06948127540849172 0.11009800460561447 
0.06948127540849172 0.11009800460561447 
0.06948127540849172 0.11009800460561447 
0.06948127540849172 0.11009800460561447 
0.0643974591426194 0.10153379220382695 
0.0643974591426194 0.10153379220382695 
0.11326691177323937 0.18388363946674882 
0.09701002421773533 0.16031873982943762 
0.12130916913142939 0.18764426819756633 
0.0867148744833806 0.14118989437881482 
0.09499793382537874 0.1394089570161486 
0.0985376865903565 0.13326522090661022 
0.0985376865903565 0.13326522090661022 
0.06980076223245046 0.17025506895176665 
0.11462928318894684 0.178669597573238 
0.1675787428837256 0.18328709241658622 
0.08669924803753537 0.1833406114389173 
0.11354230334413469 0.18089669549860002 
0.12601568835989085 0.1787802081285642 
0.14597239003112294 0.19513175702212363 
0.06409164627478274 0.17965111470840803 
0.10097748745230767 0.2124583676601438 
0.10139304064799128 0.2144546502198703 
0.07017807560746053 0.16762021560230086 
0.08338198682892167 0.1983164502099974 
0.09733101775446784 0.21015499780031757 
0.14093369295981434 0.213124360921716 
0.14854733175509643 0.20387397702148752 
0.1739983441780414 0.22765122972239973 
0.1739983441780414 0.22765122972239973 
0.1739983441780414 0.22765122972239973 
0.17206528657501363 0.22746392050783348 
0.17257152206686108 0.18641275420059483 
0.14064985849084882 0.18161303066197762 
0.08273088203179851 0.1849199427098113 
0.13583600598333934 0.18255505288463955 
0.09967971651047616 0.1781611918766155 
0.10886272683011572 0.1908045653091592 
0.08899781463228543 0.15878118215391007 
0.15950116912003506 0.15764718877417708 
0.15360575031643753 0.15187207004567613 
0.15852141126934313 0.14021147735565515 
0.13144630345658354 0.23743598564744028 
0.16602304213002536 0.24962446890186207 
0.16395643065449686 0.24566482120172067 
0.16166781454680995 0.254939139447142 
0.14410041691529293 0.2321606365709109 
0.14410041691529293 0.2321606365709109 
0.15653110408984064 0.19804238435620042 
0.14202122569591336 0.17374706145345553 
0.15834902842796778 0.19028141148150457 
0.0730961538624052 0.18525321274477707 
0.13389182328648327 0.18177590172469013 
0.1557384844482732 0.24658133052155162 
0.15414496380725953 0.2411141791992492 
0.15414496380725953 0.2411141791992492 
0.15414496380725953 0.2411141791992492 
0.15414496380725953 0.2411141791992492 
0.15414496380725953 0.2411141791992492 
0.16150848340256235 0.2529982553866896 
0.16150848340256235 0.2529982553866896 
0.16150848340256235 0.2529982553866896 
0.0900346693077167 0.21797724443609906 
0.0900346693077167 0.21797724443609906 
0.0900346693077167 0.21797724443609906 
0.10120099814498472 0.2114577176785714 
0.09899475596813756 0.21339082435928008 
0.08153423258862907 0.1832064328308145 
0.10909898689849767 0.17225240843479922 
0.11137611818427832 0.14523446345017937 
0.11137611818427832 0.14523446345017937 
0.1211849986551119 0.18087711049048544 
0.10075082280930625 0.16775449909353485 
0.07169136998818754 0.16830116788945054 
0.15535443496630427 0.20810303871148322 
0.16033040014095112 0.21212319690607168 
0.15974090641768954 0.20927032839689658 
0.1539386588409955 0.2074077841555008 
0.17100764278206718 0.18125285123462886 
0.16002141807211723 0.17553973011160418 
0.14257664859475458 0.1854025794738693 
0.16438059619205028 0.15814153083426102 
0.09968381866871842 0.1588062920457591 
0.10878814311267887 0.18964855677471423 
0.1688434432465417 0.17372693024013483 
0.07841222811798977 0.17578181698360656 
0.1398856625171087 0.1710709291589113 
0.062350936979848004 0.22727110913134924 
0.09457883445761343 0.15334639385410936 
0.06957270736257751 0.18474018828999225 
0.12983747537482546 0.18779219255652138 
0.11601155598859084 0.20363283923116043 
0.11535459472134404 0.2065953212668043 
0.16867639194607206 0.16355174361658778 
0.1810605932330952 0.1769633889881187 
0.08626898790729941 0.16782994389418196 
0.07313148407012122 0.19677604702087562 
0.07313148407012122 0.19677604702087562 
0.0630516043230468 0.17628819049166253 
0.1577148098343829 0.17903498797303208 
0.18123724892817927 0.1871947594525083 
0.07668224855227038 0.1768463187688621 
0.12487306485673419 0.16664890156562287 
0.07169254519173472 0.20090267351969682 
0.08957041371377994 0.17477695875407523 
0.17036612432167453 0.17582825410676273 
0.0884741832585641 0.16324141849912313 
0.06110990012344589 0.18259523870674427 
0.07587146770986124 0.19002189948850545 
0.06577578700737699 0.17513974198976962 
0.13355886311098333 0.15482511292206674 
0.08153887720985707 0.21866668689886076 
0.12328892595826615 0.15220911487046312 
0.12328892595826615 0.15220911487046312 
0.13106724633609582 0.14725079156021625 
0.13106724633609582 0.14725079156021625 
0.13106724633609582 0.14725079156021625 
0.11408435566830494 0.14668343356939373 
0.11408435566830494 0.14668343356939373 
0.11408435566830494 0.14668343356939373 
0.11033813054523549 0.12451802156674606 
0.10613698033148672 0.14568686714965814 
0.0931556224397432 0.1017183790971811 
0.0931556224397432 0.1017183790971811 
0.0931556224397432 0.1017183790971811 
0.10748887836536382 0.13549952838852802 
0.11241413385706697 0.1377049981689727 
0.12674609021440741 0.10669148137208112 
0.13242341262637097 0.11229668241664931 
0.13567687809524853 0.1090200773687784 
0.13930883969284966 0.1484508850525956 
0.1612105073737644 0.11203023113615707 
0.15525295663177677 0.11437593396723558 
0.12570787405056505 0.1154342084199264 
0.12570787405056505 0.1154342084199264 
0.12852115789594282 0.14130350637312356 
0.12852115789594282 0.14130350637312356 
0.14245481807420862 0.15179397584056517 
0.14230163908488622 0.15169614139044116 
0.08218443154508202 0.21806176223681373 
0.08218443154508202 0.21806176223681373 
0.0860837827478011 0.2175641028098558 
0.11353822386915957 0.18420946180405398 
0.16463289708712928 0.1573594335274197 
0.13936510997758783 0.22485532075042683 
0.13936510997758783 0.22485532075042683 
0.13936510997758783 0.22485532075042683 
0.14464310564646482 0.2260124106656382 
0.14290489536005344 0.2243870438282538 
0.11585461414582854 0.18139041246359486 
0.1701178302057711 0.23939452086536986 
0.1701178302057711 0.23939452086536986 
0.1701178302057711 0.23939452086536986 
0.16513824640230615 0.2543945931982168 
0.14400590804607305 0.22859254863891276 
0.14400590804607305 0.22859254863891276 
0.1381550572055021 0.22715834184784706 
0.12421639125714515 0.2131890339573691 
0.1369284459199131 0.21412810045251734 
0.09899218747729956 0.1951609896616224 
0.09945529701550355 0.19894691329312925 
0.16776632550723733 0.16000833971077527 
0.16805122041652093 0.1602774862351002 
0.16387998659614295 0.16263092458861028 
0.17179585734875327 0.19987749458489748 
0.1274030901951193 0.15068060960768453 
0.14386525893684327 0.1653010466100041 
0.11365322735984384 0.1859363647449054 
0.09271660125254227 0.1690863663960099 
0.0664149475063351 0.20483995835587865 
0.0664149475063351 0.20483995835587865 
0.0664149475063351 0.20483995835587865 
0.0664149475063351 0.20483995835587865 
0.16536765867437403 0.18472939741198707 
0.14966157538166833 0.1964226642696373 
0.08941129439504657 0.18891979809871606 
0.15840656456921098 0.17621596479115145 
0.15889735396287616 0.189237371938778 
0.10752534303125268 0.17710834146079982 
0.14086667586423662 0.19315316689469922 
0.14355157858730752 0.20354317194653349 
0.15091444167058143 0.19216469143586062 
0.151468343903156 0.21377781306833554 
0.10748629020091569 0.15142506490980806 
0.10748629020091569 0.15142506490980806 
0.11528589615621335 0.17320154070336735 
0.11333876885327274 0.22097738579230963 
0.11580793128327554 0.20512433960891369 
0.1624203311571644 0.17149622273988496 
0.127262334516008 0.20225513471622347 
0.11966890778565831 0.19396327124648594 
0.11065131394010833 0.19783411707707924 
0.15425402161378268 0.1567579827419044 
0.17884730748587563 0.18983055237431476 
0.162824886969274 0.17586730162928854 
0.1690720875658583 0.160788046155006 
0.07961703225319332 0.18045666193494517 
0.06366530323320752 0.22039167729136527 
0.06366530323320752 0.22039167729136527 
0.06253926993710326 0.21911890258589156 
0.077080228826377 0.20557329713226202 
0.08456752942997553 0.22232173287661688 
0.0687074346151508 0.22669365174147188 
0.0687074346151508 0.22669365174147188 
0.09335627222526566 0.21795422773698503 
0.10770529225499856 0.21914588511623345 
0.10157449419882757 0.16672766782711296 
0.06321082323252565 0.22702630715715572 
0.06439650938414616 0.22201426266614627 
0.06445054998813628 0.17855046727092697 
0.12637245057492688 0.17157295749024912 
0.13281346229682686 0.1810795399590192 
0.07901977885283161 0.19434286217763175 
0.09064393320999693 0.19300710848966365 
0.18142016568904445 0.20688179333226528 
0.18142016568904445 0.20688179333226528 
0.18142016568904445 0.20688179333226528 
0.18142016568904445 0.20688179333226528 
0.17663538650631844 0.2104853452760846 
0.17663538650631844 0.2104853452760846 
0.17663538650631844 0.2104853452760846 
0.13368910670496367 0.20072638696660364 
0.11278807660534981 0.2026140548228464 
0.11013341162021366 0.20250408347683227 
0.13227944882090314 0.21261825393866393 
0.0764231854499413 0.24050016677943198 
0.0764231854499413 0.24050016677943198 
0.06584657159150588 0.23679515778685037 
0.07091731320598432 0.23342929418833142 
0.07091731320598432 0.23342929418833142 
0.08326855341489661 0.22618154113264943 
0.09645539784812068 0.16863124398542492 
0.15291995697550362 0.1927330818707983 
0.15291995697550362 0.1927330818707983 
0.09197976954554296 0.17990407370052303 
0.1350822046417526 0.1799401079115957 
0.16143910940507805 0.18681496626999092 
0.07356955160894553 0.18186448197096175 
0.08459467384272744 0.17482389644580837 
0.08634668734172624 0.1558661021553951 
0.08545535199129173 0.1358696895677362 
0.08545535199129173 0.1358696895677362 
0.1214957387665874 0.1750300518222942 
0.13119230008442498 0.20620950531365978 
0.13580978200855448 0.21114590398263305 
0.1370016986720547 0.20996660610054926 
0.13846485370514036 0.22270112872452572 
0.13846485370514036 0.22270112872452572 
0.13089898627187757 0.23626944495474228 
0.1278952926540043 0.24858924823834305 
0.1278952926540043 0.24858924823834305 
0.1278952926540043 0.24858924823834305 
0.12784459858415095 0.2565151071983001 
0.12784459858415095 0.2565151071983001 
0.12784459858415095 0.2565151071983001 
0.12784459858415095 0.2565151071983001 
0.12784459858415095 0.2565151071983001 
0.13262402363533576 0.23664276032491793 
0.09310687865125332 0.24609250755155115 
0.09310687865125332 0.24609250755155115 
0.09005130262499794 0.24523860690754506 
0.09005130262499794 0.24523860690754506 
0.09005130262499794 0.24523860690754506 
0.09005130262499794 0.24523860690754506 
0.09163310122518531 0.25189406248268403 
0.09163310122518531 0.25189406248268403 
0.09163310122518531 0.25189406248268403 
0.09163310122518531 0.25189406248268403 
0.10082613920720213 0.16893025739376838 
0.11665648341798926 0.19698756427027708 
0.1154533147011652 0.20755891332802973 
0.1152567665136201 0.20853928988710763 
0.08679069400458621 0.22522626587778943 
0.08943878307439548 0.24620143684363371 
0.08943878307439548 0.24620143684363371 
0.08999063932280685 0.22467238559587355 
0.0896033244183763 0.23978233941176447 
0.0896033244183763 0.23978233941176447 
0.0896033244183763 0.23978233941176447 
0.09090066991443763 0.23034329388236108 
0.09090066991443763 0.23034329388236108 
0.0805028934840528 0.22755248831067382 
0.0705990619944461 0.23798088356360858 
0.07177099037460158 0.23638751701696376 
0.07177099037460158 0.23638751701696376 
0.10888703938776412 0.16161784751251404 
0.11392347701210497 0.09867702314064652 
0.10683843186426453 0.12422117879887863 
0.10683843186426453 0.12422117879887863 
0.1227938325463434 0.17698866328472637 
0.14859378943697366 0.18932413236626494 
0.14859378943697366 0.18932413236626494 
0.15992283173312474 0.18580706036296657 
0.11136742100081655 0.19228644057515049 
0.1435234956071989 0.188666264926158 
0.06313333807148232 0.16408962311986747 
0.10677398585189235 0.19438681253159865 
0.15432023606584616 0.15839219422608658 
0.07065802425657808 0.17477094672163554 
0.0953482935660281 0.17582245873570007 
0.10762537605694403 0.20745210743915657 
0.10705114793188522 0.15766039448194033 
0.06817781059475692 0.15512259426808594 
0.17650893331641765 0.16447332218566638 
0.06805126970940077 0.16198311022137504 
0.1467281070816484 0.21565028185384383 
0.1112324360467687 0.21847641212762578 
0.11089042577197941 0.21651293643545547 
0.11089042577197941 0.21651293643545547 
0.0668051059048689 0.19993226394339347 
0.17325510650721007 0.20703860473132282 
0.17615665410069978 0.20760098349190753 
0.17615665410069978 0.20760098349190753 
0.17615665410069978 0.20760098349190753 
0.18069840624143546 0.20274666405269307 
0.1725641240374749 0.16346945982532954 
0.14245275188870252 0.18360283536590802 
0.09749412197599448 0.20660849916531537 
0.09749412197599448 0.20660849916531537 
0.1316207336093597 0.2087044064423346 
0.15182127451121766 0.19906964359683355 
0.15182127451121766 0.19906964359683355 
0.08342767351627192 0.174267711255741 
0.13394352773011534 0.1683819002885087 
0.09543553679970287 0.1752465249851517 
0.09326103541979605 0.1939900801081067 
0.06690665415392189 0.20110055241078073 
0.11174218554100682 0.21250207128150678 
0.08380180415397497 0.23558471878138235 
0.12676769581802688 0.22146090457038925 
0.12676769581802688 0.22146090457038925 
0.12145811754307095 0.22181035121413653 
0.09283158852056657 0.2565602468581245 
0.09283158852056657 0.2565602468581245 
0.09283158852056657 0.2565602468581245 
0.09180071220407185 0.24565746398295557 
0.07252228701498525 0.15035899272097938 
0.10003884068740254 0.18243303215736661 
0.12965094540579555 0.16414186230855493 
0.12851542693600165 0.17075989098096822 
0.1266014457159999 0.15946648660929474 
0.15843663334991423 0.20536063495666723 
0.15843663334991423 0.20536063495666723 
0.15600085195005697 0.1576443460459481 
0.0981888714211639 0.20077821551908584 
0.0981888714211639 0.20077821551908584 
0.1137173122959158 0.1479436772302497 
0.08499721958147353 0.09890921142583076 
0.10602536143560244 0.13822439818710178 
0.09615305024487115 0.14124719685594295 
0.09615305024487115 0.14124719685594295 
0.12131373065142742 0.1573322485949848 
0.0946827191199263 0.19352055477098057 
0.0946827191199263 0.19352055477098057 
0.06051533022478721 0.21569136457069027 
0.1482531117443688 0.17967055051930375 
0.1578243041898763 0.14636975603785127 
0.16879799805762535 0.14632150839212812 
0.17985885092737758 0.14393620887018777 
0.1434549015509717 0.14293158812700874 
0.1142128873124023 0.13727921018486255 
0.1142128873124023 0.13727921018486255 
0.14109738853477133 0.2036422524915653 
0.14204779656824235 0.20108439735463618 
0.17380040379996772 0.23295637185201654 
0.17380040379996772 0.23295637185201654 
0.17380040379996772 0.23295637185201654 
0.17380040379996772 0.23295637185201654 
0.17215326017863913 0.22566331748381702 
0.17215326017863913 0.22566331748381702 
0.11561890166877964 0.17574526787045722 
0.0670091984550313 0.14532828133060022 
0.0670091984550313 0.14532828133060022 
0.09336235390783539 0.20244434361470076 
0.09336235390783539 0.20244434361470076 
0.09886971839335593 0.20463200493369707 
0.12808860585918352 0.16127911905723466 
0.06110407374490799 0.19174880705829622 
0.09712860287324623 0.18770478709293031 
0.06406371934854455 0.21154967565226684 
0.06790598558983743 0.21374948910208116 
0.07454414366584915 0.20185077979507823 
0.12141747382638433 0.15740868826910326 
0.17021444805433636 0.16989864035707256 
0.07295335841343632 0.17499138675956533 
0.11683124594451302 0.16349968819746274 
0.08626341973777835 0.0962640818492157 
0.08626341973777835 0.0962640818492157 
0.07843292570689236 0.13507221851101908 
0.12008778947381776 0.21121336627126264 
0.10078271491203716 0.16338343247927964 
0.10413476824027294 0.14909832749402954 
0.07675339706921633 0.15123163208839888 
0.06208988853950571 0.16425378012121084 
0.10458295364160865 0.18300311306181377 
0.1579338509889497 0.18755271914783095 
0.15065466193726568 0.1759083804384331 
0.09468791622928496 0.16364157697091178 
0.158831356582131 0.1853558689061334 
0.158831356582131 0.1853558689061334 
0.158831356582131 0.1853558689061334 
0.1681700143619578 0.17199125275537733 
0.09535752483019208 0.1824177223869985 
0.11592792873267546 0.17994721009616027 
0.1702094983270807 0.1667052451512455 
0.17344585359906067 0.17665650371368602 
0.07837566973280377 0.2022270242204972 
0.07837566973280377 0.2022270242204972 
0.15973283428172863 0.20783457522189075 
0.15282405734844529 0.2027262095571725 
0.13046705205021247 0.2230545307952442 
0.13046705205021247 0.2230545307952442 
0.13046705205021247 0.2230545307952442 
0.13046705205021247 0.2230545307952442 
0.13046705205021247 0.2230545307952442 
0.13046705205021247 0.2230545307952442 
0.12478418868374641 0.22437789295950714 
0.12478418868374641 0.22437789295950714 
0.12478418868374641 0.22437789295950714 
0.12478418868374641 0.22437789295950714 
0.13358564248153235 0.21924959524566948 
0.1202658803218764 0.1595689719080593 
0.1605008357613784 0.20916847593491822 
0.16265429915956228 0.21473238279902662 
0.16041628167673233 0.20677175140347331 
0.15236930414236 0.2258070292896071 
0.15236930414236 0.2258070292896071 
0.15236930414236 0.2258070292896071 
0.1754523983555894 0.22960589130609002 
0.16925659279453856 0.22659557117645995 
0.06097818801826161 0.16220692948125864 
0.16575008548587275 0.174091850662057 
0.16244143508919248 0.15110136251775277 
0.11420899958118322 0.1704326214920342 
0.0830669669951699 0.16401570747547803 
0.132401139461515 0.19676760387172487 
0.167937831463902 0.1771566898717383 
0.11922316610807884 0.1849798134411572 
0.14084851622361327 0.15560471630743797 
0.1367228516146825 0.15586670930552077 
0.12593128166496687 0.16491975229560213 
0.06783416140768551 0.17383720499887986 
0.12248075614868387 0.17896333056172728 
0.13806582157411526 0.1628399036623286 
0.13010705313307153 0.17670352982204837 
0.10104147863918636 0.18265787081245963 
0.08649829483430808 0.2011044748973386 
0.08649829483430808 0.2011044748973386 
0.08649829483430808 0.2011044748973386 
0.09647626529408357 0.20348794059711486 
0.07103710152541723 0.18105336783593132 
0.07144026643737392 0.22906340950476956 
0.07144026643737392 0.22906340950476956 
0.07144026643737392 0.22906340950476956 
0.06394758510115486 0.24035817995502473 
0.06394758510115486 0.24035817995502473 
0.06394758510115486 0.24035817995502473 
0.1749536856627274 0.16150401176134888 
0.1749536856627274 0.16150401176134888 
0.11657665655324044 0.20955763002289646 
0.09565075024749381 0.23104330337077772 
0.07920186493689382 0.1865698946993152 
0.09112593743138404 0.21855451094741535 
0.10322189993312245 0.16040347728917642 
0.09485894893362866 0.19465894427346592 
0.13337249860269793 0.18230585241220995 
0.06574013694075372 0.1812853942149066 
0.08551802228014226 0.17130974764434156 
0.1689593347800825 0.18195337444233672 
0.07785724036290552 0.16786031798249204 
0.07921760968543222 0.13245402240080417 
0.07921760968543222 0.13245402240080417 
0.0734970641049715 0.12786386610853503 
0.0734970641049715 0.12786386610853503 
0.07427185973139876 0.10925057986455945 
0.09422720435346885 0.12473796958038845 
0.09422720435346885 0.12473796958038845 
0.09950190439025738 0.11887858495258989 
0.09632730857492845 0.11989674169572573 
0.09309262206453948 0.11180499094926012 
0.09309262206453948 0.11180499094926012 
0.09238784448220413 0.10649279557347727 
0.09238784448220413 0.10649279557347727 
0.08740721108752508 0.10575560450528594 
0.08740721108752508 0.10575560450528594 
0.08740721108752508 0.10575560450528594 
0.08740721108752508 0.10575560450528594 
0.08562427818785498 0.10236297627423871 
0.08949346960136921 0.11157405955678538 
0.0996208680302132 0.14406985225097935 
0.0996208680302132 0.14406985225097935 
0.0996208680302132 0.14406985225097935 
0.0996208680302132 0.14406985225097935 
0.08595294495086009 0.1412068412483004 
0.08595294495086009 0.1412068412483004 
0.0949100960516166 0.14667102292966572 
0.0949100960516166 0.14667102292966572 
0.08660884464422833 0.13390882689838307 
0.08660884464422833 0.13390882689838307 
0.12248583260457233 0.16679402150021588 
0.1738450286514039 0.2048654765211657 
0.1738450286514039 0.2048654765211657 
0.08538053719619015 0.17893801147389624 
0.1165174839217214 0.16519032281171256 
0.10512188283261291 0.19661493853235154 
0.13111307515199333 0.18917078934363876 
0.140376704832087 0.19035186178113617 
0.1321074415774262 0.17376700305968493 
0.11113989414372369 0.1523178854583923 
0.11400186736049558 0.1579664606602694 
0.09607125481694055 0.13915969372286766 
0.10342945502939412 0.10698766391249241 
0.10476154982370095 0.10679139920363366 
0.10476154982370095 0.10679139920363366 
0.10476154982370095 0.10679139920363366 
0.09827352890050599 0.13248324941306344 
0.10800258682810124 0.11969298396075054 
0.11582245113096003 0.11791744415196173 
0.11430216370639362 0.11590170610522789 
0.11635424197446032 0.11868094391906059 
0.11635424197446032 0.11868094391906059 
0.11745498173801866 0.11255064389126751 
0.11405349510276981 0.09613109325212316 
0.11405349510276981 0.09613109325212316 
0.12928698410592215 0.1228358641540617 
0.1235328694481507 0.11399735678067979 
0.12117487884868548 0.13456123396160852 
0.11760789521190523 0.13405911998605663 
0.10520959420722441 0.14472798872969486 
0.10437132489115655 0.1528863572509483 
0.07979948698378288 0.14233678208645373 
0.07979948698378288 0.14233678208645373 
0.09332277248463852 0.14413264268316248 
0.08231862513578947 0.13723472614834 
0.08231862513578947 0.13723472614834 
0.08231862513578947 0.13723472614834 
0.07386639774762353 0.12922023354136053 
0.07414616430285824 0.13069453994949767 
0.06759918877431567 0.12543989307162734 
0.07392871915991833 0.12824582313366623 
0.0781575782729694 0.13446136413856782 
0.06093791806876904 0.11791101405715634 
0.06093791806876904 0.11791101405715634 
0.06215455954484293 0.12022655515902711 
0.08354468011999941 0.13920912759109585 
0.08354468011999941 0.13920912759109585 
0.1271631967234574 0.21129380807062279 
0.1694652135613804 0.16814125733965424 
0.09893746294965886 0.15568233665128525 
0.15727825116789165 0.2126225151661865 
0.14529306413385995 0.18155924147424196 
0.15835164818394823 0.16490964498838928 
0.07946264993107052 0.2064348314880187 
0.09491753702619926 0.16955564869624817 
0.17924197491871197 0.1712314871650518 
0.1812657710242415 0.17887760128650051 
0.09890632549719956 0.19180289407185921 
0.07124695601547658 0.18124905731677837 
0.12864425563838144 0.16608848270589976 
0.11119395153042236 0.20706027949154007 
0.0845943652690261 0.17165919780060027 
0.06483548305792998 0.2216586095636834 
0.10507271855989031 0.1737384695171295 
0.12601516704004978 0.17845570632198973 
0.10204976803724697 0.1626688569425848 
0.15657199944294595 0.18626573215340617 
0.18085029483602313 0.18379771604806294 
0.060988076504602154 0.16480071655220835 
0.060988076504602154 0.16480071655220835 
0.17879531762890655 0.19179169506051388 
0.10671465613046333 0.15228736090741418 
0.06061066145540128 0.1851648592680366 
0.16389055537959946 0.17778507400823973 
0.168990860509491 0.17333049559037947 
0.06446662830278772 0.18628587366887567 
0.16363770576669365 0.1829867325093227 
0.15232077895852256 0.1887977542824279 
0.12010494917095862 0.2014355276033049 
0.15415695874309773 0.2285880693009832 
0.15415695874309773 0.2285880693009832 
0.15415695874309773 0.2285880693009832 
0.15442157724621416 0.2282628910048986 
0.1460900694460175 0.2333485260510364 
0.13082840649303923 0.233207894120251 
0.12835507678590913 0.23829149455125978 
0.13274816212748988 0.23414148795965883 
0.13377748751292956 0.23498417525022774 
0.13377748751292956 0.23498417525022774 
0.13377748751292956 0.23498417525022774 
0.12979884384937734 0.24264529868104057 
0.12979884384937734 0.24264529868104057 
0.07004708046129239 0.18398766391827764 
0.0978535229676464 0.1778382946306809 
0.11763615405947306 0.21005643732260684 
0.13760662117237166 0.15676824094736966 
0.13760662117237166 0.15676824094736966 
