0.16249574512809972 0.2080994501036819 
0.16249574512809972 0.2080994501036819 
0.16249574512809972 0.2080994501036819 
0.11932944970178355 0.19930845343080564 
0.12888527541783434 0.23498475271423092 
0.12888527541783434 0.23498475271423092 
0.12888527541783434 0.23498475271423092 
0.12888527541783434 0.23498475271423092 
0.12888527541783434 0.23498475271423092 
0.08947170445406552 0.22043544953138686 
0.10455677466830743 0.21844347680771237 
0.11828703248501396 0.25158167605920445 
0.07531006970840581 0.20305267411425404 
0.07570136819701002 0.20298232714747266 
0.0769727955978151 0.20281691326126816 
0.12528860853106302 0.1700839575854093 
0.1463114297162765 0.2062206444740789 
0.1169181833460576 0.18126102289342166 
0.13363323070765282 0.1647972568473028 
0.16773409650311197 0.15427290608857122 
0.16773409650311197 0.15427290608857122 
0.06849261823583461 0.18725212355829285 
0.16022333012833906 0.1901969500307954 
0.09239182644291297 0.21912245405007186 
0.09239182644291297 0.21912245405007186 
0.0833631295824535 0.23853452456766078 
0.0833631295824535 0.23853452456766078 
0.0833631295824535 0.23853452456766078 
0.0833631295824535 0.23853452456766078 
0.0833631295824535 0.23853452456766078 
0.09570719329108873 0.23898575895078641 
0.09570719329108873 0.23898575895078641 
0.09096257402908396 0.23513064291877375 
0.11738966905110647 0.2249456725189472 
0.09805878624805892 0.21627489056335228 
0.1516280453319029 0.16934755834119058 
0.13579955857187548 0.15383241032156755 
0.11702242142786214 0.14107742655574196 
0.1576874613701461 0.23911031884457812 
0.1576874613701461 0.23911031884457812 
0.1576874613701461 0.23911031884457812 
0.1576874613701461 0.23911031884457812 
0.16124198776807938 0.2461585752272615 
0.16124198776807938 0.2461585752272615 
0.16455650409496805 0.2519007580622542 
0.16725550841684095 0.2533960013963919 
0.09393195783004457 0.22360815151658853 
0.09393195783004457 0.22360815151658853 
0.09434630052918164 0.2198013802784343 
0.09434630052918164 0.2198013802784343 
0.18123102287151355 0.19259208203467656 
0.1458312916174479 0.21238210500065252 
0.1277951915317267 0.1499965437778159 
0.1789959317578313 0.17332384437118745 
0.1317155951242261 0.18621563088934914 
0.1294129221022582 0.15269372596065417 
0.13835828948721568 0.10498024508932119 
0.13112376745638438 0.1369029295821425 
0.13112376745638438 0.1369029295821425 
0.13855251031887716 0.10677136229720395 
0.13855251031887716 0.10677136229720395 
0.13855251031887716 0.10677136229720395 
0.15223323428770105 0.13401458067127534 
0.15223323428770105 0.13401458067127534 
0.15634229382482814 0.12715224887867269 
0.15318828884915775 0.12975404183504047 
0.15318828884915775 0.12975404183504047 
0.17578356102899534 0.12534521475494254 
0.17578356102899534 0.12534521475494254 
0.1708393529360673 0.12886042493919664 
0.1708393529360673 0.12886042493919664 
0.17528860758824769 0.15238827213169023 
0.17528860758824769 0.15238827213169023 
0.1765813853335459 0.13106943059250548 
0.17675042229159643 0.12883233882223372 
0.17675042229159643 0.12883233882223372 
0.18064190928343138 0.1283969620444215 
0.18064190928343138 0.1283969620444215 
0.18064190928343138 0.1283969620444215 
0.18108931071150558 0.12341499670743739 
0.16601733823757917 0.11920679833339233 
0.16601733823757917 0.11920679833339233 
0.1545645018094622 0.11879458306888134 
0.15336920450393196 0.09832377652058016 
0.15336920450393196 0.09832377652058016 
0.15336920450393196 0.09832377652058016 
0.15132142229004633 0.10109147202314016 
0.09339023547448302 0.17632463261357442 
0.11661467288428223 0.16805954392475575 
0.16413756716708688 0.18922601982035417 
0.16631716682173503 0.19720855367234283 
0.0965259363940351 0.18703504136051932 
0.14821211711674054 0.15895806251399194 
0.07520346581736978 0.1851721402788181 
0.11990720951556594 0.18092692095105709 
0.13148568046340925 0.15839115289796538 
0.13430214166645707 0.13905273113125288 
0.13723077569572026 0.1349601896385516 
0.11596376609907816 0.13319272574780675 
0.1238289416082527 0.1270940089519204 
0.1240984254484595 0.13231469138132523 
0.1240984254484595 0.13231469138132523 
0.12805128909615676 0.13493475005935274 
0.12805128909615676 0.13493475005935274 
0.11607762643876775 0.10038290792420532 
0.11607762643876775 0.10038290792420532 
0.11607762643876775 0.10038290792420532 
0.11607762643876775 0.10038290792420532 
0.11151167713187285 0.1135019043474611 
0.1110876558436792 0.11181580936910664 
0.10300154243442207 0.14225785878442165 
0.10300154243442207 0.14225785878442165 
0.08891639254085296 0.11981140391635213 
0.08799846429911569 0.12521994935802233 
0.09192183961973673 0.11665422554773647 
0.10291491012482147 0.13249480627817883 
0.1063970950722498 0.1504194325351364 
0.12759901581379252 0.2132323923646279 
0.13015155195509287 0.22511617511108928 
0.1593712226123366 0.24046170938952202 
0.1593712226123366 0.24046170938952202 
0.1587292291169393 0.23647716779651626 
0.0877880264543305 0.18624240054517732 
0.10532437803464596 0.18139833428528016 
0.1776732415631604 0.15719666107943286 
0.17872377002163448 0.14673814983337496 
0.17872377002163448 0.14673814983337496 
0.13960083933758877 0.1425977102908195 
0.13960083933758877 0.1425977102908195 
0.13960083933758877 0.1425977102908195 
0.13960083933758877 0.1425977102908195 
0.14215446954796607 0.14329476965040835 
0.14215446954796607 0.14329476965040835 
0.13698214980314935 0.19136856718850948 
0.14065149444993685 0.2121606475310759 
0.09807097721563655 0.212725112970083 
0.08202529747746466 0.21740802471167106 
0.09097763439341473 0.20712625136827645 
0.07063503905721122 0.161544444492984 
0.1276916853229113 0.1776774066867974 
0.17515573501991907 0.1771827022799015 
0.1002797526277859 0.19337607463208276 
0.15827511130731398 0.17169127824313318 
0.1283125211250227 0.20074340203719065 
0.1283125211250227 0.20074340203719065 
0.1283125211250227 0.20074340203719065 
0.10625496292717973 0.1990876371764368 
0.13095813693114589 0.19512728993804396 
0.10936724393805548 0.15292020400818493 
0.11231090274574664 0.15325264234969155 
0.10849572918968546 0.1474672157729073 
0.08914309919025742 0.15466581327578477 
0.10135426858327883 0.1804943397592031 
0.16505462524919984 0.19653394383088424 
0.17628628974783755 0.19188686810644556 
0.17443219980864047 0.1871330529436719 
0.17519281875057613 0.19160421201169625 
0.11805765417886045 0.2105990474047035 
0.1159859086865891 0.2091053979338371 
0.10713577628956786 0.25323686918998006 
0.10713577628956786 0.25323686918998006 
0.07125320637900344 0.2277010890854135 
0.10603850861219832 0.17165735882625666 
0.15458359772793587 0.14487927962817332 
0.12961752030749743 0.15018571143196222 
0.12947676493402027 0.15020186208601435 
0.11298514111269471 0.23021694188087344 
0.13970873266789186 0.23901244603976576 
0.12429480232552259 0.24280410325251436 
0.12429480232552259 0.24280410325251436 
0.12695460924004112 0.24873344239325695 
0.12695460924004112 0.24873344239325695 
0.12695460924004112 0.24873344239325695 
0.12695460924004112 0.24873344239325695 
0.12695460924004112 0.24873344239325695 
0.12695460924004112 0.24873344239325695 
0.12040903588474478 0.25503425635123245 
0.1256294035436935 0.2521666863346658 
0.1256294035436935 0.2521666863346658 
0.12409484749178541 0.250480648405879 
0.13458103196546348 0.2175481495284075 
0.13458103196546348 0.2175481495284075 
0.13464170285176771 0.21378094907629983 
0.13464170285176771 0.21378094907629983 
0.13444208689755469 0.21674567635622666 
0.13927896279508567 0.25083288225461386 
0.13927896279508567 0.25083288225461386 
0.13927896279508567 0.25083288225461386 
0.13927896279508567 0.25083288225461386 
0.13846450385932363 0.24901032575365836 
0.13846450385932363 0.24901032575365836 
0.1327817292584651 0.24005728333198162 
0.1327817292584651 0.24005728333198162 
0.09520007014840642 0.24522758830352448 
0.09520007014840642 0.24522758830352448 
0.08228956753019966 0.23963901396565315 
0.07284819942832998 0.25283835531047527 
0.08216822100330919 0.24036237151413667 
0.08216822100330919 0.24036237151413667 
0.08216822100330919 0.24036237151413667 
0.08216822100330919 0.24036237151413667 
0.17809061307661017 0.21885851111059645 
0.17809061307661017 0.21885851111059645 
0.15401848452924327 0.2282356317096842 
0.13952398468754668 0.19343065708817578 
0.14873097169689192 0.15109456956163247 
0.14873097169689192 0.15109456956163247 
0.06819994040927943 0.17395842704827963 
0.09336325860335784 0.15877442543428216 
0.09523366823327192 0.1268408263528703 
0.09523366823327192 0.1268408263528703 
0.09825034020470436 0.11303478516796303 
0.10432046641743091 0.11456989620976789 
0.10432046641743091 0.11456989620976789 
0.10432046641743091 0.11456989620976789 
0.11556867635837575 0.1237191925056766 
0.12176179977587584 0.12716962530642487 
0.10495887482124583 0.119525373578067 
0.11924337138070107 0.13694953936697282 
0.10314282658547218 0.2009961061752813 
0.10314282658547218 0.2009961061752813 
0.10325964568687046 0.20133752968478272 
0.08863725901782468 0.16586823704821185 
0.1519228902788917 0.21883721156738484 
0.1519228902788917 0.21883721156738484 
0.06276044934766056 0.14946028923131238 
0.06276044934766056 0.14946028923131238 
0.06276044934766056 0.14946028923131238 
0.06276044934766056 0.14946028923131238 
0.06276044934766056 0.14946028923131238 
0.08317146404411437 0.16133896333135106 
0.06375070098159244 0.1437101169198409 
0.06951051715662383 0.14767795019545882 
0.1214479485041558 0.1764894190623014 
0.10243410938452766 0.1703511169995363 
0.10247779203766344 0.16861221659877748 
0.17157438570369452 0.16606271503943917 
0.10456074588596773 0.18683176503443139 
0.08678721411821297 0.21425610014123966 
0.06466654758235506 0.20899717304683968 
0.07843987770280648 0.21808983559062298 
0.06632779159674225 0.25487681709707044 
0.07903205438611051 0.24585840027653405 
0.07903205438611051 0.24585840027653405 
0.07903205438611051 0.24585840027653405 
0.07903205438611051 0.24585840027653405 
0.07983187405220953 0.24329147621498637 
0.125736041749111 0.15578626317857636 
0.16753970938635798 0.21164747622707974 
0.16753970938635798 0.21164747622707974 
0.13952643658138658 0.2144579210033641 
0.1564696672765411 0.20651217191241913 
0.1290436557095413 0.15708171998901896 
0.10271379850344944 0.15903603929708665 
0.06673203751720921 0.1723587304311139 
0.09515698179585885 0.1753626629677327 
0.12180589795681958 0.172492135815364 
0.07944241001557242 0.16245639911876605 
0.13895213350412433 0.1837742031197669 
0.07211007733634292 0.1845905272703461 
0.13297115960195083 0.20564496642232638 
0.12604935277072854 0.23169420128012702 
0.12604935277072854 0.23169420128012702 
0.13376223944039345 0.2520102793996952 
0.13376223944039345 0.2520102793996952 
0.13376223944039345 0.2520102793996952 
0.17811251794950084 0.25149719524036196 
0.17466302159493 0.2307389933401627 
0.1797243111602081 0.22581824340002624 
0.1588561940559635 0.21876952823895474 
0.15779756018685134 0.21314850707552266 
0.09581937882751919 0.18778666982762002 
0.0896907991881486 0.18791891930980884 
0.0896907991881486 0.18791891930980884 
0.12141403395037141 0.16431361573413455 
0.12065199124249443 0.1676567013715592 
0.11395064233440386 0.15386295408636297 
0.060546664987455034 0.21814395124578245 
0.060546664987455034 0.21814395124578245 
0.15971269703864116 0.15702109190134783 
0.15686422868374722 0.1557435460930206 
0.1570156576577461 0.15567151324931697 
0.16953799863146896 0.17571282895490486 
0.1427426243724894 0.22900225891676546 
0.14339344120265907 0.22835631553115213 
0.14339344120265907 0.22835631553115213 
0.1281470131171437 0.20945200656569393 
0.11844257530746734 0.21215742359383646 
0.10367180561180755 0.22974338225778942 
0.10367180561180755 0.22974338225778942 
0.10367180561180755 0.22974338225778942 
0.10367180561180755 0.22974338225778942 
0.13124712153499876 0.2228281867292059 
0.1688566929197165 0.1723828048285178 
0.15927104149640367 0.15417393622371472 
0.06970546568946949 0.19789802864175243 
0.11766591800310755 0.146021836072676 
0.11766591800310755 0.146021836072676 
0.11766591800310755 0.146021836072676 
0.12983022513666584 0.15352398169284376 
0.1668151442871097 0.17099261253403372 
0.13579285763105453 0.20273325959812377 
0.13579285763105453 0.20273325959812377 
0.137492627197268 0.20286125047076992 
0.06821173086700111 0.2115687659381639 
0.17854443312837284 0.19633735110789888 
0.12718130672426042 0.18205720982855722 
0.0753168185453961 0.14822835607372792 
0.15886124533766277 0.18879738155358153 
0.12562855822399327 0.1900545822789142 
0.14282999246635922 0.1929004019558132 
0.17447184919029363 0.19335051784887186 
0.0695232850936239 0.19019546301385865 
0.11079236119993227 0.20489263022318818 
0.12234490069137278 0.22318017394424444 
0.1353399652849783 0.22914074286517286 
0.1353399652849783 0.22914074286517286 
0.13594758124411188 0.23273518531364823 
0.13594758124411188 0.23273518531364823 
0.13476823769573157 0.2339246532204271 
0.13192834210985255 0.2473670206527186 
0.13192834210985255 0.2473670206527186 
0.13192834210985255 0.2473670206527186 
0.13192834210985255 0.2473670206527186 
0.1373580965696824 0.2404806971957747 
0.1429624282996096 0.24814703217977377 
0.1429624282996096 0.24814703217977377 
0.14689149582469643 0.2539942125311824 
0.14349927563712148 0.24501780380021462 
0.14349927563712148 0.24501780380021462 
0.14349927563712148 0.24501780380021462 
0.14349927563712148 0.24501780380021462 
0.14349927563712148 0.24501780380021462 
0.14349927563712148 0.24501780380021462 
0.17753297222324588 0.22055690323982763 
0.17753297222324588 0.22055690323982763 
0.1538399624141042 0.18218339773621983 
0.12961714637741767 0.16258171241232813 
0.1270992230212752 0.20179734158973714 
0.09568401274715324 0.2126008081744017 
0.09568401274715324 0.2126008081744017 
0.11304215172113924 0.15034435127678555 
0.06982760235027817 0.16631322601580778 
0.15138209979020342 0.17851825549841036 
0.18099484684801798 0.1722218572421483 
0.17779293612571012 0.19336999384339476 
0.15543867076034693 0.22479897321038156 
0.15798599100559935 0.21391760987751623 
0.15798599100559935 0.21391760987751623 
0.15858772418379125 0.21666270176930374 
0.10260836740166945 0.25219554318825643 
0.10528568043030449 0.24334381898186908 
0.10528568043030449 0.24334381898186908 
0.10528568043030449 0.24334381898186908 
0.10978021796506543 0.25589417226797384 
0.10978021796506543 0.25589417226797384 
0.10978021796506543 0.25589417226797384 
0.10978021796506543 0.25589417226797384 
0.10978021796506543 0.25589417226797384 
0.10978021796506543 0.25589417226797384 
0.09182608256463465 0.25619664510063006 
0.09182608256463465 0.25619664510063006 
0.09182608256463465 0.25619664510063006 
0.09182608256463465 0.25619664510063006 
0.09182608256463465 0.25619664510063006 
0.1010679820958961 0.2553253380203291 
0.12688779717815296 0.2500248600867982 
0.1323871480489629 0.2390227004745402 
0.1323871480489629 0.2390227004745402 
0.1323871480489629 0.2390227004745402 
0.1323871480489629 0.2390227004745402 
0.15134860885283669 0.2485606062966265 
0.15109197982714914 0.23799932185954753 
0.15109197982714914 0.23799932185954753 
0.15109197982714914 0.23799932185954753 
0.15186863146543914 0.2412315536797295 
0.15186863146543914 0.2412315536797295 
0.15186863146543914 0.2412315536797295 
0.15186863146543914 0.2412315536797295 
0.13583520991984577 0.2325031846063763 
0.13583520991984577 0.2325031846063763 
0.13989748166578142 0.23109885636482294 
0.13989748166578142 0.23109885636482294 
0.13305915799132023 0.24626089712628685 
0.13305915799132023 0.24626089712628685 
0.11116864639398485 0.19760614626587264 
0.11349891276718788 0.20425428980192673 
0.13168903974598864 0.18804560965963596 
0.15732641010608894 0.18259184738207546 
0.12412811667852977 0.20365155731962667 
0.12412811667852977 0.20365155731962667 
0.10002729522906967 0.19708171868715266 
0.06688623938589532 0.17344704105981343 
0.12347761667835846 0.17728203763345454 
0.15790732039376582 0.18099860451499572 
0.10513325861870876 0.1879300616336669 
0.10381133530872078 0.19009593409796743 
0.1034154027352515 0.19009652902483687 
0.1383345375345587 0.19736698157777297 
0.1692184789879962 0.1708077836403538 
0.12024099003778779 0.16936718747335983 
0.12317826117336446 0.1686186733406015 
0.0731626968149862 0.18696314339104517 
0.14598485822450508 0.15722487609891814 
0.14598485822450508 0.15722487609891814 
0.1006866127063733 0.1610303095089618 
0.0821699959809053 0.17127569219207534 
0.08608264711490901 0.1791761906480984 
0.10046727017259918 0.16319213754423945 
0.1721580289693807 0.2051618731877856 
0.17146439237116495 0.20553147859868576 
0.18010676263212594 0.2334646851845078 
0.18010676263212594 0.2334646851845078 
0.17497074613086502 0.221954371078526 
0.17598112371636124 0.20542775795447077 
0.17598112371636124 0.20542775795447077 
0.16904771914963596 0.21031455715721062 
0.16904771914963596 0.21031455715721062 
0.13429168230070315 0.20617505691257984 
0.13417833711558297 0.20398342313505685 
0.10767692839162467 0.1657995862026847 
0.11592065261295695 0.13223968143309175 
0.10763716171859121 0.12938498738057608 
0.10493640681693152 0.12980402042663167 
0.10493640681693152 0.12980402042663167 
0.10493640681693152 0.12980402042663167 
0.10094867901684158 0.1131769372572448 
0.12229809001016989 0.1185833448504166 
0.12229809001016989 0.1185833448504166 
0.12229809001016989 0.1185833448504166 
0.12229809001016989 0.1185833448504166 
0.12229809001016989 0.1185833448504166 
0.12229809001016989 0.1185833448504166 
0.12229809001016989 0.1185833448504166 
0.1160644116174057 0.13339172566684507 
0.11629093997274811 0.1337608675713839 
0.11629093997274811 0.1337608675713839 
0.11602412396414047 0.13166988768987992 
0.12541441426522776 0.1501768967118801 
0.16460455920820438 0.16750358707657897 
0.0809952880046276 0.17797056317997914 
0.09079242071334741 0.17680675814002525 
0.11099103888272309 0.132965183842314 
0.1288998634348175 0.12710814633662848 
0.1288998634348175 0.12710814633662848 
0.1288998634348175 0.12710814633662848 
0.1288998634348175 0.12710814633662848 
0.12673457693708687 0.13225631951314762 
0.12673457693708687 0.13225631951314762 
0.12673457693708687 0.13225631951314762 
0.12673457693708687 0.13225631951314762 
0.12673457693708687 0.13225631951314762 
0.13032169121964607 0.12817374223950057 
0.11853922930688833 0.12619560184310855 
0.10946690564968889 0.10960940954829965 
0.1264744763263202 0.14446961064140867 
0.10795189684782705 0.12522331659732944 
0.1094617065841011 0.12786811794212027 
0.11855230310651005 0.13207467132454462 
0.11732544176259944 0.13479787307794946 
0.11064449277798596 0.1412312549896565 
0.1120793299377037 0.14173397770950935 
0.1131947747635269 0.1412954530066557 
0.11585730992672011 0.14438613222397412 
0.08535791103616795 0.14841616867266227 
0.0655619589603738 0.12534388011770836 
0.0655619589603738 0.12534388011770836 
0.06066364540806174 0.12216740572576634 
0.06066364540806174 0.12216740572576634 
0.06066364540806174 0.12216740572576634 
0.06066364540806174 0.12216740572576634 
0.06066364540806174 0.12216740572576634 
0.06066364540806174 0.12216740572576634 
0.061854218201499764 0.12476180537921025 
0.061854218201499764 0.12476180537921025 
0.061854218201499764 0.12476180537921025 
0.061854218201499764 0.12476180537921025 
0.061854218201499764 0.12476180537921025 
0.061854218201499764 0.12476180537921025 
0.06371224386419416 0.126903720657025 
0.06371224386419416 0.126903720657025 
0.08054653743119497 0.12307014889987185 
0.08054653743119497 0.12307014889987185 
0.08054653743119497 0.12307014889987185 
0.08054653743119497 0.12307014889987185 
0.08054653743119497 0.12307014889987185 
0.10264483059426693 0.14554653641433135 
0.1488816203570562 0.1902162519012272 
0.0652582034439546 0.18898302659239996 
0.1772395455846661 0.16479439351566344 
0.16289362932208398 0.1561455376432641 
0.16289362932208398 0.1561455376432641 
0.13300091358154637 0.1516291059226073 
0.10693353864211942 0.16956451025911395 
0.1539098605197144 0.16144906488563085 
0.1443371859698017 0.1421139906550571 
0.14848962638245672 0.14023670269883773 
0.1259758779890574 0.12147288755703498 
0.1259758779890574 0.12147288755703498 
0.1259758779890574 0.12147288755703498 
0.1259758779890574 0.12147288755703498 
0.14100300947055436 0.1108761171203474 
0.15455943286833862 0.1998206159785536 
0.12433087343409677 0.1577522788248258 
0.10283628112465573 0.14166396776058782 
0.11064627573104355 0.1139067724467811 
0.11843457918825123 0.12089819446558428 
0.12424146115608853 0.12482373185504353 
0.1235519754895247 0.12498215236091098 
0.1235519754895247 0.12498215236091098 
0.12767088846912614 0.14039408151366228 
0.12767088846912614 0.14039408151366228 
0.12648428248955218 0.1413454727044057 
0.17877979987705125 0.15908929674644628 
0.15782093493505459 0.19202233252434045 
0.15851562527329463 0.17007586292850496 
0.16594115229122522 0.20889902406965039 
0.16594115229122522 0.20889902406965039 
0.15870423270252784 0.24516299899734018 
0.15870423270252784 0.24516299899734018 
0.15870423270252784 0.24516299899734018 
0.15870423270252784 0.24516299899734018 
0.17764133440211838 0.25247933037972725 
0.17764133440211838 0.25247933037972725 
0.17764133440211838 0.25247933037972725 
0.17764133440211838 0.25247933037972725 
0.175327278083498 0.2382044686151838 
0.175327278083498 0.2382044686151838 
0.16187226835372365 0.19649894778248758 
0.14220511506637415 0.16895174050602774 
0.07631993923370821 0.174043323043088 
0.06969931025176071 0.1956009110675783 
0.10177875847891638 0.15290405493995737 
0.09000566543065483 0.1841304978466317 
0.07087618643514183 0.18851055248519138 
0.14370349778990305 0.2050561983799562 
0.11663085765503728 0.1969116284618182 
0.15578311275620518 0.17663867352101192 
0.165241789885376 0.16538666354566073 
0.13184556351345275 0.15887536588390166 
0.1430702208896253 0.15057148547776292 
0.1430392698443696 0.14978631082574578 
0.1430392698443696 0.14978631082574578 
0.06964286904197393 0.24303572972167953 
0.06964286904197393 0.24303572972167953 
0.06691002344899104 0.2417601140593655 
0.06691002344899104 0.2417601140593655 
0.06691002344899104 0.2417601140593655 
0.06691002344899104 0.2417601140593655 
0.06611750417689566 0.21257534412228235 
0.106056289880649 0.2032753946722395 
0.106056289880649 0.2032753946722395 
0.08103209117539814 0.22364495936699408 
0.08103209117539814 0.22364495936699408 
0.0830256526818803 0.22391647794791816 
0.06546256959581079 0.2524380024390528 
0.06567280596253026 0.2522871765747262 
0.06567280596253026 0.2522871765747262 
0.06599728134489678 0.25067747242977606 
0.06599728134489678 0.25067747242977606 
0.06599728134489678 0.25067747242977606 
0.06599728134489678 0.25067747242977606 
0.08975297266843568 0.22631436133284663 
0.08809444781166859 0.22842803137147813 
0.08809444781166859 0.22842803137147813 
0.08267241710659598 0.24770851320715948 
0.08267241710659598 0.24770851320715948 
0.08267241710659598 0.24770851320715948 
0.08267241710659598 0.24770851320715948 
0.08652663821317182 0.2332808219333422 
0.08652663821317182 0.2332808219333422 
0.08652663821317182 0.2332808219333422 
0.08652663821317182 0.2332808219333422 
0.08150240143169075 0.24468870622012562 
0.08618046911752367 0.23661534438022291 
0.08618046911752367 0.23661534438022291 
0.08344643798413476 0.2414214310074056 
0.08214528981173475 0.2453199583531322 
0.12545197298106325 0.19331225687646117 
0.1308816824972081 0.17457394858623632 
0.09146825838239912 0.18395923481350293 
0.06856190054243783 0.18683194127661262 
0.16252284093706837 0.17563308716081272 
0.14049672753448691 0.16901722998421637 
0.14870050361307607 0.20868716011531663 
0.16495875774994415 0.21456418215872444 
0.16495875774994415 0.21456418215872444 
0.16495875774994415 0.21456418215872444 
0.1704505789665613 0.21038453952032013 
0.16057081856150573 0.1992819647855285 
0.0632962549918863 0.21804911696670604 
0.0632962549918863 0.21804911696670604 
0.0632962549918863 0.21804911696670604 
0.06330668949078656 0.21850537591069377 
0.06330668949078656 0.21850537591069377 
0.06330668949078656 0.21850537591069377 
0.06330668949078656 0.21850537591069377 
0.06330668949078656 0.21850537591069377 
0.07579876686130227 0.1828828141897061 
0.06905266066323096 0.19130895694699335 
0.17228553228413604 0.17971959963068668 
0.15462701827609932 0.2061682389571517 
0.16481709412975876 0.21728879821627894 
0.17808055137487627 0.22353131385334293 
0.17066923439424472 0.2305887352769015 
0.17333879341246422 0.22864444904404552 
0.17333879341246422 0.22864444904404552 
0.17013273662410783 0.2270160841554249 
0.15646583386284402 0.21636163478553622 
0.12857428700384746 0.22926158518933898 
0.12922319572177227 0.2287269520773145 
0.17846581908385353 0.22372196582559123 
0.16522852717162773 0.2297541837946641 
0.16485427612320774 0.23455715204395297 
0.1643164840048919 0.22436433534116576 
0.10070860882843777 0.20598866242877853 
0.06923247707866755 0.18721651832034403 
0.11039117908162592 0.19161385875298736 
0.07013010497397702 0.25399605237926903 
0.07013010497397702 0.25399605237926903 
0.09076869711616575 0.220396943095714 
0.13774955375874684 0.17838031947928218 
0.15864281567146277 0.15551012243347606 
0.17003091957520822 0.14487672421301095 
0.17003091957520822 0.14487672421301095 
0.1714849662686614 0.14541561977383055 
0.16069038035229885 0.13823264491842377 
0.16069038035229885 0.13823264491842377 
0.15908146944173 0.13784434875783805 
0.06997419822066694 0.17063488166633678 
0.16199483954188656 0.18846896127948745 
0.15737354558243108 0.16138298050977887 
0.15349606816489864 0.18489725162271953 
0.14443002932908294 0.18286333306146202 
0.08045913240301678 0.1793972522456317 
0.13027238740887112 0.21153703745314945 
0.15840736790902255 0.22797196303701783 
0.16856331008395423 0.2316360045654045 
0.11256402345216787 0.1765844513476322 
0.10893758438095855 0.19466293434301152 
0.10893758438095855 0.19466293434301152 
0.07685029337364205 0.18589106458541743 
0.08961558662098025 0.20815823794274113 
0.08559139962536214 0.20412769219848104 
0.0968619628157023 0.20239261175658302 
0.0968619628157023 0.20239261175658302 
0.12272315343325446 0.19860042647185017 
0.1443567766541512 0.21680437594252827 
0.1415009943220998 0.20947516104215047 
0.1415009943220998 0.20947516104215047 
0.11773150104626981 0.20593685821759666 
0.11773150104626981 0.20593685821759666 
0.11773150104626981 0.20593685821759666 
0.11773150104626981 0.20593685821759666 
0.11773150104626981 0.20593685821759666 
0.11344915551095765 0.20546713056274316 
0.11066668760126445 0.20443143675264647 
0.12937398455301313 0.13538621400950812 
0.12868207503771179 0.1392586385719927 
0.12217089362526684 0.1371358577733566 
0.13319639050877297 0.12658810535477683 
0.15123876473347952 0.1731544191798282 
0.16371609491150338 0.19545884065118763 
0.06494615012478083 0.1806713630838283 
0.06517710984371418 0.1781620659716101 
0.17996487412816667 0.1837595580144721 
0.10270683999253531 0.18336224029137752 
0.18048528044687806 0.1675917379027307 
0.07586899592380325 0.1705762737008896 
0.06101482127910335 0.1710510730320127 
0.08221025412588379 0.18614127443417727 
0.0631476324364143 0.1491142206765477 
0.13807372668223322 0.1931869671795221 
0.13807372668223322 0.1931869671795221 
0.139185803205818 0.19673772706242437 
0.1300710490195501 0.21733153705234712 
0.1300710490195501 0.21733153705234712 
0.13915625655142544 0.21871122990138467 
0.13915625655142544 0.21871122990138467 
0.13915625655142544 0.21871122990138467 
0.13915625655142544 0.21871122990138467 
0.15174276825814625 0.2181127351906265 
0.15484866867460934 0.2167971362092519 
0.15484866867460934 0.2167971362092519 
0.08627299588742716 0.21996555450265431 
0.10231792881250185 0.1968499115377981 
0.13242443066884618 0.18811359163404473 
0.1416294155856434 0.18177035772047137 
0.1515291997753662 0.18796786775879276 
0.17920625312293217 0.17135915013669614 
0.13298509686269644 0.19307100449193978 
0.10699776657461854 0.17089232022771106 
0.10175353952619849 0.15058847511966794 
0.10175353952619849 0.15058847511966794 
0.09463790683323726 0.14369379010147237 
0.09257066567462342 0.14398482253807507 
0.08568774853451139 0.13778205176431188 
0.08568774853451139 0.13778205176431188 
0.08568774853451139 0.13778205176431188 
0.08568774853451139 0.13778205176431188 
0.08568774853451139 0.13778205176431188 
0.07584739253389505 0.11454476691479111 
0.07584739253389505 0.11454476691479111 
0.08441553861324583 0.129342914499325 
0.07138509693018753 0.1168289731763631 
0.07138509693018753 0.1168289731763631 
0.07138509693018753 0.1168289731763631 
0.06818428720359868 0.1162560693561526 
0.06818428720359868 0.1162560693561526 
0.06852868252728361 0.11716084503132204 
0.06852868252728361 0.11716084503132204 
0.06852868252728361 0.11716084503132204 
0.06852868252728361 0.11716084503132204 
0.06852868252728361 0.11716084503132204 
0.07085353994199867 0.1272723528978028 
0.07085353994199867 0.1272723528978028 
0.07085353994199867 0.1272723528978028 
0.07022760230571858 0.11656375579084044 
0.09906405320241854 0.12471339155004263 
0.09906405320241854 0.12471339155004263 
0.07098680543943525 0.1241777642309343 
0.07098680543943525 0.1241777642309343 
0.07098680543943525 0.1241777642309343 
0.07098680543943525 0.1241777642309343 
0.09012349284800836 0.12961782821747223 
0.09271336666540522 0.13697890989505912 
0.08603440573477147 0.17371161278672867 
0.11489920029084263 0.19199559896650115 
0.11673311843444849 0.19472141435157334 
0.12119779276767352 0.19579186709391583 
0.0785092823132336 0.15494255690482095 
0.14458393732517474 0.16692387824379817 
0.07757992101864422 0.16086465143032197 
0.12068895847028253 0.17888995076615632 
0.1496204110625002 0.17338978929002624 
0.16947393472760539 0.1526241701396794 
0.15715130071266173 0.19270640031784386 
0.071862833490028 0.18715112309975598 
0.1437614858691024 0.16243995609731537 
0.09143107760747492 0.20934025229702405 
0.1335471875595699 0.19647779073346486 
0.07854460566813934 0.18220108344643754 
0.06621320578319227 0.15941945990330764 
0.16296927595043337 0.16327365596771412 
0.0866034872518589 0.1880677280368459 
0.16854817288863957 0.19053002617826212 
0.07790523191721684 0.205343267141636 
0.08165989402385668 0.22881683155378282 
0.07987367142730696 0.23347202465296465 
0.07987367142730696 0.23347202465296465 
0.07987367142730696 0.23347202465296465 
0.07987367142730696 0.23347202465296465 
0.07987367142730696 0.23347202465296465 
0.07826259889023753 0.24724713335725448 
0.07826259889023753 0.24724713335725448 
0.07826259889023753 0.24724713335725448 
0.07826259889023753 0.24724713335725448 
0.07826259889023753 0.24724713335725448 
0.07826259889023753 0.24724713335725448 
0.06907091414795695 0.2501581044795842 
0.07037625424059021 0.24280284654339374 
0.06797467183792562 0.24339989367417067 
0.06797467183792562 0.24339989367417067 
0.06824349122807584 0.24329019844042105 
0.06824349122807584 0.24329019844042105 
0.06824349122807584 0.24329019844042105 
0.06824349122807584 0.24329019844042105 
0.06658224269892322 0.2555932677179779 
0.06658224269892322 0.2555932677179779 
0.06658224269892322 0.2555932677179779 
0.0690448953716929 0.23611330842321948 
0.0690448953716929 0.23611330842321948 
0.0690448953716929 0.23611330842321948 
0.0690448953716929 0.23611330842321948 
0.06759848895647978 0.2371993946740036 
0.06759848895647978 0.2371993946740036 
0.06759848895647978 0.2371993946740036 
0.06603156629166453 0.25481297670570563 
0.06603156629166453 0.25481297670570563 
0.06603156629166453 0.25481297670570563 
0.07120490016710827 0.253524178716054 
0.07120490016710827 0.253524178716054 
0.07128355389099933 0.25432544308689237 
0.07128355389099933 0.25432544308689237 
0.08181434211509281 0.2547692133124726 
0.08181434211509281 0.2547692133124726 
0.08181434211509281 0.2547692133124726 
0.08181434211509281 0.2547692133124726 
0.08181434211509281 0.2547692133124726 
0.11097190477108933 0.1647128249811819 
0.14941869758755372 0.15253136043231483 
0.15984973958649662 0.11316470527019681 
0.15984973958649662 0.11316470527019681 
0.17270332295530597 0.158067626912339 
0.12509568103674074 0.16753195199116813 
0.14020046024266442 0.18799167644597287 
0.17527431115731712 0.15489271488949455 
0.17527431115731712 0.15489271488949455 
0.14586160229520606 0.1506419930089527 
0.10876132833757438 0.16433961880266132 
0.13054564655761808 0.23504610467349876 
0.11425409566795774 0.2444499588937335 
0.11425409566795774 0.2444499588937335 
0.1202749853141234 0.23581747688777555 
0.10529409562440213 0.2184878298936331 
0.12974918850076644 0.20480746027380936 
0.07406275566543921 0.1626163874822185 
0.12749754822896392 0.1697239095384351 
0.12289265937525236 0.15571885509580213 
0.12963185771235858 0.1593238281978105 
0.14006147712732844 0.1541348724767658 
0.17851099876647955 0.1814161141336027 
0.14013576267404945 0.19135151377821927 
0.17731814035987967 0.17237571100357235 
0.09879543652009498 0.18139497517283285 
0.08843801168559834 0.18943462499692723 
0.08007188161160256 0.19710089514863405 
0.0749628125375627 0.20259967257181755 
0.080927289938528 0.17666240254213797 
0.16224426254744378 0.18272914526344786 
0.17830364629806889 0.15989302226267238 
0.10276629494308034 0.15351388303912905 
0.1030411322994394 0.1251318787253478 
0.10434946960950076 0.13797448489673253 
0.10589622479827819 0.11478957150239219 
0.09065983142773754 0.11932827624729479 
0.09107166908457602 0.12089358910368683 
0.06613722335458597 0.097467360410565 
0.06613722335458597 0.097467360410565 
0.06613722335458597 0.097467360410565 
0.06613722335458597 0.097467360410565 
0.06613722335458597 0.097467360410565 
0.07761912625951874 0.1492403897584116 
0.07318096139798146 0.14540230774736468 
0.07318096139798146 0.14540230774736468 
0.16100247552726282 0.21291650454628447 
0.18138195818639585 0.2019832217558194 
0.18138195818639585 0.2019832217558194 
0.1562135512836821 0.2503669927698179 
0.1447090704586245 0.24250882576974025 
0.1447090704586245 0.24250882576974025 
0.1447090704586245 0.24250882576974025 
0.1447090704586245 0.24250882576974025 
0.1447090704586245 0.24250882576974025 
0.1447090704586245 0.24250882576974025 
0.1447090704586245 0.24250882576974025 
0.16309978003250047 0.25175325257891706 
0.16309978003250047 0.25175325257891706 
0.14496899247539638 0.23313641594953488 
0.14496899247539638 0.23313641594953488 
0.14496899247539638 0.23313641594953488 
0.15112346973133006 0.24313405363703233 
0.15112346973133006 0.24313405363703233 
0.15112346973133006 0.24313405363703233 
0.13615455387613176 0.209015833130537 
0.12965439597470568 0.20687516050383875 
0.12023536951520376 0.22506072722669032 
0.12023536951520376 0.22506072722669032 
0.12023536951520376 0.22506072722669032 
0.12023536951520376 0.22506072722669032 
0.11695503603492716 0.2437959401027445 
0.125154684682255 0.2354252268844188 
0.125154684682255 0.2354252268844188 
0.12942742243259742 0.24838233550053426 
0.12942742243259742 0.24838233550053426 
0.12950167253355768 0.2489351214503609 
0.12932231148438625 0.24962338138451312 
0.12932231148438625 0.24962338138451312 
0.12932231148438625 0.24962338138451312 
0.12932231148438625 0.24962338138451312 
0.12932231148438625 0.24962338138451312 
0.12932231148438625 0.24962338138451312 
0.12932231148438625 0.24962338138451312 
0.11453001900210294 0.20756304738457854 
0.14213201722108165 0.16710911010485693 
0.1104370487811065 0.1709402015700633 
0.07130081246935316 0.17754524664390275 
0.10860495807689008 0.16006786759405006 
0.1323333932100663 0.18624991700814816 
0.10935651790579723 0.2052022620069841 
0.12267375847199696 0.2209565467432166 
0.12267375847199696 0.2209565467432166 
0.13302362149375013 0.2269096416000546 
0.11297163418921866 0.24385861840227477 
0.12806236422889358 0.24166742304386274 
0.13031548759999906 0.22770608807349524 
0.13031548759999906 0.22770608807349524 
0.07510483725721351 0.17414822373264088 
0.15219409300251568 0.16316413696496818 
0.15650443468269853 0.17528038220646178 
0.0681521325799318 0.2187531236344654 
0.0681521325799318 0.2187531236344654 
0.07735081934180668 0.22368128227367134 
0.08479684915049207 0.21927730477156848 
0.07722735522021529 0.23919234949343599 
0.06810062098745491 0.2458642437032996 
0.06810062098745491 0.2458642437032996 
0.06810062098745491 0.2458642437032996 
0.06810062098745491 0.2458642437032996 
0.06810062098745491 0.2458642437032996 
0.07273449920517236 0.22883490038531584 
0.07273449920517236 0.22883490038531584 
0.09702553210322751 0.18597235662938727 
0.15470159669216654 0.17625451653465732 
0.13826016876221925 0.13720044758598388 
0.1382646984715577 0.13734707961339057 
0.14256603908744636 0.1360983606195087 
0.14256603908744636 0.1360983606195087 
0.14068258137711953 0.13764152782303654 
0.0648044753427544 0.17811388751559878 
0.167658442613029 0.16673893700279507 
0.1623543024508241 0.20343545771327298 
0.15217768548318397 0.2086605494092865 
0.17626553719381308 0.17790043894732321 
0.0820842453797727 0.16223205572127375 
0.1306274152024396 0.17653607074063676 
0.13876162160742053 0.2111075600625822 
0.13876162160742053 0.2111075600625822 
0.13876162160742053 0.2111075600625822 
0.13898033482184455 0.21103601536408517 
0.13898033482184455 0.21103601536408517 
0.1366004689817172 0.21275845008676933 
0.1312412592831973 0.222008277701185 
0.1312412592831973 0.222008277701185 
0.1312412592831973 0.222008277701185 
0.16169916152372077 0.24815123563471755 
0.16169916152372077 0.24815123563471755 
0.14859251949210814 0.21755319186693495 
0.14859251949210814 0.21755319186693495 
0.15795124606072247 0.2339199914244462 
0.1225707311885935 0.20794474006219413 
0.12033934026294557 0.2091982564538521 
0.1391337784706283 0.18172365646881194 
0.13010733137214792 0.19231408101337438 
0.12168226180405063 0.20646529885677278 
0.12261055906501858 0.22242389539273244 
0.12615765544775812 0.16167244580304402 
0.169143035054522 0.18903397244161574 
0.1621478973632769 0.2073186657426869 
0.14614883505237974 0.21554915859166526 
0.14614883505237974 0.21554915859166526 
0.14614883505237974 0.21554915859166526 
0.12850833792685928 0.21907842633708133 
0.16839965249586442 0.25198281152808344 
0.16839965249586442 0.25198281152808344 
0.16736867599796457 0.24797714994413197 
0.15991296849509493 0.2319460501113475 
0.15536824235963018 0.2313920315864363 
0.15536824235963018 0.2313920315864363 
0.15417439269683947 0.22959685173075334 
0.15417439269683947 0.22959685173075334 
0.15417439269683947 0.22959685173075334 
0.16176733847552305 0.23861324771610545 
0.16176733847552305 0.23861324771610545 
0.15477753794207844 0.23370990613047415 
0.15761533983123344 0.23773347177050244 
0.17111122055001765 0.24058467019692942 
0.17134358706455274 0.24335920776151043 
0.17057734906815114 0.2441182929397421 
0.17057734906815114 0.2441182929397421 
0.17053836587942178 0.24326059526523455 
0.17537771786046052 0.24452291326171963 
0.16250287849620482 0.2361538661412575 
0.16250287849620482 0.2361538661412575 
0.16250287849620482 0.2361538661412575 
0.16532200979312758 0.22267648333804968 
0.1744977824178167 0.24627568226457724 
0.1651221998157917 0.2406606650444033 
0.1651221998157917 0.2406606650444033 
0.1651221998157917 0.2406606650444033 
0.1651221998157917 0.2406606650444033 
0.16395527498224327 0.23210042119593885 
0.16124624909680055 0.22283770473629877 
0.16124624909680055 0.22283770473629877 
0.1746053635936788 0.23046079535738956 
0.1746053635936788 0.23046079535738956 
0.17723509050262468 0.22766331454928174 
0.17723509050262468 0.22766331454928174 
0.18021951946239068 0.229873341722832 
0.18021951946239068 0.229873341722832 
0.18021951946239068 0.229873341722832 
0.18021951946239068 0.229873341722832 
0.06739328070348928 0.18770366656790993 
0.0864056643794957 0.17087446820396193 
0.08248797763978392 0.15814530560419562 
0.08248797763978392 0.15814530560419562 
0.08248797763978392 0.15814530560419562 
0.08248797763978392 0.15814530560419562 
0.1675998007855255 0.19400756497503685 
0.16638424888230666 0.19166734654422465 
0.15663001703084484 0.17443187827892256 
0.14389675257040457 0.1060178560316736 
0.139852317301908 0.11264864403486317 
0.139852317301908 0.11264864403486317 
0.14182445160867857 0.09841495681898699 
0.14182445160867857 0.09841495681898699 
0.14299118168960923 0.09806233396464567 
0.1496904229169723 0.09342555565580672 
0.1496904229169723 0.09342555565580672 
0.1521107869698987 0.1480279678702711 
0.1521107869698987 0.1480279678702711 
0.17129212641420302 0.1487075808831769 
0.17129212641420302 0.1487075808831769 
0.1772859050270698 0.14658727879352146 
0.1772859050270698 0.14658727879352146 
0.1772859050270698 0.14658727879352146 
0.16256643824953312 0.2074342298961512 
0.16256643824953312 0.2074342298961512 
0.16319284790163535 0.21806483844746513 
0.16319284790163535 0.21806483844746513 
0.17578187424680525 0.17584985534419628 
0.10228973427127262 0.18088792359641404 
0.07651944339906973 0.18208362794462965 
0.06931549332440455 0.19250922065504142 
0.1142111279423077 0.16322605617319938 
0.10646816633863174 0.1815139236588236 
0.07677224884970754 0.21650300359003202 
0.06783271129008647 0.21408530904817508 
0.06783271129008647 0.21408530904817508 
0.06783271129008647 0.21408530904817508 
0.07434000030012172 0.1618929453078201 
0.11418956682496331 0.15392259962808988 
0.12363354394207463 0.14558257110754796 
0.10692718070130447 0.13370553349684708 
0.10692718070130447 0.13370553349684708 
0.07310025142353822 0.12797478235334894 
0.07310025142353822 0.12797478235334894 
0.06693661391023878 0.12217323823537266 
0.06693661391023878 0.12217323823537266 
0.07767214360258998 0.11931974594458901 
0.07767214360258998 0.11931974594458901 
0.10991331345696222 0.12601128990765098 
0.0851201421753185 0.2190733136985106 
0.0851201421753185 0.2190733136985106 
0.0851201421753185 0.2190733136985106 
0.08450250618694427 0.2059698972219221 
0.09467076242391159 0.2143672095190189 
0.09752415023720616 0.21298027354841206 
0.09609168016275742 0.2098441583864477 
0.09050179961929085 0.21287843599220305 
0.178682065364086 0.22324471552189332 
0.13205080135982142 0.1611096709752564 
0.09310886268104067 0.183813241233487 
0.14058919381482826 0.17385686845189866 
0.13880486831462213 0.17834025359181938 
0.13282645347199074 0.20208919219126412 
0.11447607416001873 0.17226757371979187 
0.12379038404548041 0.1469293988038665 
0.12379038404548041 0.1469293988038665 
0.12295500775002763 0.14971805325903692 
0.12775547778806687 0.14734754461982738 
0.14365552803798753 0.173239923999206 
0.10477983198289341 0.18851528704299436 
0.16077635186761313 0.20777111122971093 
0.16813089918958893 0.20040161655543365 
0.17132226215405258 0.251035108848244 
0.17132226215405258 0.251035108848244 
0.17132226215405258 0.251035108848244 
0.08269872312373741 0.20376885497058322 
0.08269872312373741 0.20376885497058322 
0.08269872312373741 0.20376885497058322 
0.12546916858599622 0.1857734704708199 
0.12197704920198495 0.1867675194234387 
0.12047857140068913 0.18346506251937902 
0.11333506476482237 0.18183182850171653 
0.07925199534161183 0.18572888232597412 
0.11145565058783091 0.20150413456779598 
0.10059954987437979 0.19717373694147264 
0.10181939278373785 0.1944534511457861 
0.15358762180261865 0.16610875589286767 
0.0977825020288237 0.1987703860395941 
0.14423334046642403 0.19457347828031868 
0.13894077461166543 0.18965876841797163 
0.061470860537074165 0.16519690360420794 
0.09019710170505241 0.19494532857726518 
0.10141696849354417 0.18080499802357589 
0.09568563697355348 0.15750603458495266 
0.14744959347181905 0.17086451877716455 
0.09157739847928473 0.17137159983508493 
0.15632057726144738 0.16629893082067895 
0.09208617800798868 0.22110441512905654 
0.0903341561647275 0.22124916404293163 
0.0903341561647275 0.22124916404293163 
0.08166247383785258 0.19030363496715264 
0.1796342899988902 0.1806161249415629 
0.10857092608505081 0.17872341855579543 
0.161934283026363 0.19796357930661032 
0.12720942231069235 0.20922296475881513 
0.1809006037645411 0.24150871051897355 
0.1809006037645411 0.24150871051897355 
0.1809006037645411 0.24150871051897355 
0.16593049092434856 0.2375287349342295 
0.1675216214563925 0.22187497644287218 
0.1675216214563925 0.22187497644287218 
0.1675216214563925 0.22187497644287218 
0.1675216214563925 0.22187497644287218 
0.16329254491584783 0.22327767757584205 
0.16329254491584783 0.22327767757584205 
0.1639540141738466 0.22409266903904682 
0.16333472297397839 0.2146341166701381 
0.1310458603201573 0.2007313494854026 
0.11715527043481258 0.2006958059438307 
0.11715527043481258 0.2006958059438307 
0.13637988873008883 0.24484657591302084 
0.1357665372370463 0.24262316262066164 
0.1357665372370463 0.24262316262066164 
0.12285319233569189 0.22140791312089098 
0.10763897375074813 0.20788336306298263 
0.12136136807950433 0.19491811719473834 
0.12136136807950433 0.19491811719473834 
0.14058988335874464 0.16540140993482663 
0.1163651452744485 0.10817234039125376 
0.1163651452744485 0.10817234039125376 
0.1288070381760004 0.12541452295240937 
0.1288070381760004 0.12541452295240937 
0.12965756476438822 0.13341633730233377 
0.11650864872407128 0.14562769721141133 
0.11970532607053805 0.15608983145194102 
0.10902474585786531 0.15574280536363708 
0.14115370955932555 0.15945228740739376 
0.12559877152636612 0.17372911296081162 
0.10176262077148703 0.1883686593263344 
0.10176262077148703 0.1883686593263344 
0.11912668715920127 0.16773905550128962 
0.11852295965778115 0.1854417365062735 
0.1129419648513448 0.1804187672579323 
0.16617373177556188 0.17692425902548808 
0.08082802970570925 0.17677984836334162 
0.11851577170847326 0.18398819787727808 
0.1578111438903133 0.16324673311151727 
0.14232142370682732 0.12952041875730105 
0.14232142370682732 0.12952041875730105 
0.1331322304204171 0.1388442872126931 
0.13171951606967663 0.11209594162430198 
0.13171951606967663 0.11209594162430198 
0.13171951606967663 0.11209594162430198 
0.1199934215209975 0.15774761313971547 
0.08330691769357118 0.15206577569053506 
0.15188152497934693 0.19065052859850867 
0.15814921033792348 0.19869577682392495 
0.060534550203853205 0.19215267745867023 
0.13594698931178825 0.18645526616649996 
0.15823243887047383 0.15602260029482434 
0.12798689716543415 0.14267878678169718 
0.12846581679936842 0.14549426118114187 
0.13277980405281442 0.1435592899238555 
0.13235979380564927 0.14515133264286978 
0.13235979380564927 0.14515133264286978 
0.13114520644145658 0.13613322674043868 
0.13529085160427318 0.14374335695486462 
0.1286042753418439 0.11555201246985869 
0.1286042753418439 0.11555201246985869 
0.1284150945312464 0.09599011418087389 
0.13657908511358952 0.201450872535648 
0.14231554534157803 0.22162260129641476 
0.14231554534157803 0.22162260129641476 
0.1433690802306853 0.22482874315059548 
0.1433690802306853 0.22482874315059548 
0.1433690802306853 0.22482874315059548 
0.17399814712373063 0.14994684825509613 
0.1510675416913012 0.17048020082998414 
0.15580136922225452 0.15945553652967948 
0.12753751241490607 0.16746031592075236 
0.1534496517993639 0.1745031645213759 
0.06368590810117158 0.20585094421834826 
0.06412953091640876 0.22568364840289437 
0.06412953091640876 0.22568364840289437 
0.10428311094095334 0.21167292391309891 
0.1429458305478394 0.15681770068976952 
0.07921497181138593 0.1505420257415607 
0.12166398957882772 0.2131676522630605 
0.12166398957882772 0.2131676522630605 
0.10420784829515352 0.1527523438779544 
0.11749252168864964 0.16408259350002907 
0.09301757935537673 0.19330153947660514 
0.08086234366541792 0.2132076498762826 
0.08261315831154073 0.1936381724324714 
0.08653437179531195 0.19537079162302298 
0.1058823114253378 0.19367232763984374 
0.10341413146173825 0.16054211552288045 
0.12039173080223618 0.16940136494371252 
0.07487689565015254 0.1728345250786041 
0.14165581693125712 0.16068415050069418 
0.1363617388137131 0.17432264734724104 
0.1402101968884158 0.16805965392024735 
0.09997356089039401 0.19713075400126237 
0.12949054468604923 0.20141523583409443 
0.10503554269009716 0.1571207818252343 
0.10503554269009716 0.1571207818252343 
0.11978083841579228 0.15158844280934652 
0.15778888901716592 0.11915324712111522 
0.1574567015913486 0.11979216291140021 
0.16109713225705213 0.09121461447686223 
0.16109713225705213 0.09121461447686223 
0.15334509553017192 0.11823012786683482 
0.15334509553017192 0.11823012786683482 
0.15172335678719304 0.12296528415890935 
0.15172335678719304 0.12296528415890935 
0.1511633010679903 0.12486754698065294 
0.1511633010679903 0.12486754698065294 
0.14642129341567656 0.13321640196018328 
0.14642129341567656 0.13321640196018328 
0.14708917452302117 0.13314023291847646 
0.14793764707711105 0.13246358679204367 
0.16158601822598323 0.13029675851663244 
0.16158601822598323 0.13029675851663244 
0.17197296001718948 0.116356296369612 
0.16418537498131783 0.1574824416824253 
0.06925051518270664 0.20282030038864823 
0.10578374337960622 0.1783819419943524 
0.0771772939747585 0.16131649655641994 
0.06798192927121008 0.17950065993986722 
0.14013396587205185 0.17695458379043666 
0.06450678910033827 0.15721032381949748 
0.1134327676250917 0.1966717398924759 
0.11073281905892224 0.197457415404445 
0.11915507504774094 0.21503931969088608 
0.16621607247482226 0.18850825042799088 
0.10432420434546452 0.17242941081410423 
0.13566426669509668 0.20085046274693213 
0.10927842398863814 0.21097973440047835 
0.10948824382324833 0.2465735097543047 
0.10948824382324833 0.2465735097543047 
0.11085493278497603 0.2352747138128318 
0.11102770543295887 0.24020740217779202 
0.11102770543295887 0.24020740217779202 
0.11102770543295887 0.24020740217779202 
0.11102770543295887 0.24020740217779202 
0.10727970999696926 0.23904148859536287 
0.10499071394640112 0.24124116288460506 
0.10499071394640112 0.24124116288460506 
0.10388947885549596 0.24244576553426953 
0.09756575836092554 0.22117674355104036 
0.10797203728463087 0.1928945591672107 
0.14529426081302715 0.1425456042071552 
0.14588964091328005 0.1428527569395622 
0.14786240604856662 0.14178896771646077 
0.14786240604856662 0.14178896771646077 
0.17581700046992313 0.1546049167105454 
0.18020074631704797 0.1353910782239285 
0.18020074631704797 0.1353910782239285 
0.18020074631704797 0.1353910782239285 
0.18020074631704797 0.1353910782239285 
0.17627024640009428 0.13882309411327504 
0.08649988347268936 0.17586848196815505 
0.17033775878826574 0.1780025216716486 
0.11809733002813085 0.16479057878100664 
0.09133649952466617 0.14411055300263598 
0.10284260613194707 0.14550995471241338 
0.10284260613194707 0.14550995471241338 
0.1275079779988614 0.162857790401533 
0.1419521648893875 0.14289474872835706 
0.10819589784082612 0.10845122312337127 
0.10759045987715013 0.10284271122025276 
0.10759045987715013 0.10284271122025276 
0.0970882911378257 0.14446087695651527 
0.1014045392265417 0.1429197376458012 
0.09794842002857676 0.14034015436446318 
0.15955795133638323 0.16105277902637824 
0.16262146055169938 0.1416173258023622 
0.1672268900411959 0.14477389867999274 
0.16207860917895356 0.19188484554180987 
0.09461484691403677 0.15724655415907066 
0.13438282405039212 0.17357693752849127 
0.1305159994371693 0.1591544732431359 
0.14059276609466348 0.15275123303983426 
0.08030128380115448 0.21755373614533563 
0.08817890492884342 0.14298580159064062 
0.08574381910983842 0.1309313873567303 
0.10606943961188135 0.15437900337567162 
0.11352979669613755 0.1522776960096772 
0.10050591903742409 0.1248221689821729 
0.09592158942168787 0.135026311555716 
0.09592158942168787 0.135026311555716 
0.1054083512648953 0.14568429620898637 
0.12532902140942592 0.1327300933612096 
0.12532902140942592 0.1327300933612096 
0.12519664840230413 0.12365025442931633 
0.12519664840230413 0.12365025442931633 
0.12519664840230413 0.12365025442931633 
0.1237395799621948 0.169874490272495 
0.08495748741665607 0.20630966419404423 
0.08202972627604903 0.2161937690035326 
0.08202972627604903 0.2161937690035326 
0.07736593685341561 0.21760544320316624 
0.09647278072374223 0.21466416070645505 
0.09647278072374223 0.21466416070645505 
0.10237973702632297 0.20420202503729382 
0.08541305814796044 0.21731218003888425 
0.0852954065062008 0.2527697359223314 
0.0852954065062008 0.2527697359223314 
0.10213442235649439 0.221616653058181 
0.10333073444850124 0.2217912286238218 
0.10333073444850124 0.2217912286238218 
0.1137569715318142 0.2491868077946821 
0.12369150742984461 0.24906672519954723 
0.12369150742984461 0.24906672519954723 
0.12369150742984461 0.24906672519954723 
0.13153798671129724 0.24920042967402956 
0.13153798671129724 0.24920042967402956 
0.13615620703405104 0.2301184015077608 
0.13615620703405104 0.2301184015077608 
0.13615620703405104 0.2301184015077608 
0.13615620703405104 0.2301184015077608 
0.13615620703405104 0.2301184015077608 
0.138177300719215 0.2290839466169162 
0.138177300719215 0.2290839466169162 
0.12563255940246387 0.23543333057862592 
0.12874153463272214 0.2208835973689797 
0.12874153463272214 0.2208835973689797 
0.14773263214677965 0.22457853651701265 
0.16288770500800515 0.21770031269169746 
0.1624376042352411 0.213540251710326 
0.1265641081048794 0.17310318335729433 
0.14544923207208374 0.13430125034269874 
0.13953083337039862 0.14008079701428028 
0.12877220909766798 0.1295520673515191 
0.12877220909766798 0.1295520673515191 
0.12903128284154658 0.12951957425129657 
0.12903128284154658 0.12951957425129657 
0.14134054586303957 0.1325915084960578 
0.16864500768188478 0.09804672546043953 
0.16864500768188478 0.09804672546043953 
0.16864500768188478 0.09804672546043953 
0.14700898061535247 0.10260739763391849 
0.1279991501474299 0.1278722779266489 
0.1279991501474299 0.1278722779266489 
0.1279991501474299 0.1278722779266489 
0.13203844466991949 0.13355969222758976 
0.10834415014842544 0.12493108966211929 
0.10834415014842544 0.12493108966211929 
0.10834415014842544 0.12493108966211929 
0.1405599448488499 0.19864172388880974 
0.15121435877008582 0.16772874304115243 
0.08544351143161094 0.18395379383139954 
0.06559232861447552 0.15226746481595027 
0.13190723095331114 0.18875586321640112 
0.07184378737599485 0.17824218525052643 
0.12206857125679972 0.1800926179770174 
0.1609197529469125 0.23637403011446306 
0.15068821570072394 0.2294044349901631 
0.09552894010634963 0.21579213577002154 
0.08955039890184432 0.21780934897936746 
0.0865234916839909 0.22607124523987085 
0.0865234916839909 0.22607124523987085 
0.10541414010212878 0.21102518349289417 
0.10541414010212878 0.21102518349289417 
0.10418605212059712 0.2237756761332747 
0.10665161484319534 0.214773513952145 
0.10443956038351572 0.1710272894508401 
0.14143045465931708 0.17713636826879517 
0.08968165498161128 0.18043446444933336 
0.09167424984374553 0.19513203489534975 
0.10327947231726965 0.1869829001068785 
0.10427413614725635 0.20033800033012206 
0.07554322662818563 0.18937430488106546 
0.13496620584588234 0.19315346216153387 
0.16907438602442884 0.1750278025516172 
0.1417687642839806 0.1472305792141484 
0.13742976140402177 0.13967278213565887 
0.13742976140402177 0.13967278213565887 
0.13742976140402177 0.13967278213565887 
0.14669173519448447 0.1035694059236125 
0.12325072009617824 0.11665758864070172 
0.11793077004398869 0.10818123638739793 
0.10602122086928498 0.13858663400289245 
0.10602122086928498 0.13858663400289245 
0.1119285097929989 0.13245925749024245 
0.0845502251766872 0.09808590988643688 
0.11702155020031876 0.11375106242961314 
0.10625131409917896 0.1720224429686914 
0.1717826956537607 0.15792910567691815 
0.15428784570002532 0.14435020184855485 
0.10674881527305384 0.21416673123073102 
0.11726295383872751 0.20574999824719886 
0.16424903921254297 0.17788578632572385 
0.1626348911422737 0.1471666520442514 
0.1626348911422737 0.1471666520442514 
0.1626348911422737 0.1471666520442514 
0.062404621121354475 0.16043529263733666 
0.13377136220867974 0.15375062774225196 
0.16058013580618982 0.10416806360824402 
0.16058013580618982 0.10416806360824402 
0.16058013580618982 0.10416806360824402 
0.15004019187130044 0.11384124716467237 
0.13824966280931192 0.11916106351084321 
0.17927607403557805 0.20522122625301537 
0.06856978069692808 0.2239637603921418 
0.06837038630893102 0.22485848018197785 
0.06837038630893102 0.22485848018197785 
0.06435420527661567 0.25627853899870756 
0.06435420527661567 0.25627853899870756 
0.08001595771161225 0.2521441864156426 
0.08001595771161225 0.2521441864156426 
0.11269282929376612 0.21326454951682683 
0.10819504857718919 0.2107776273490572 
0.16294878855458977 0.17694915989825044 
0.17124165903321242 0.16156842752417053 
0.17124165903321242 0.16156842752417053 
0.17204353277649573 0.20963764485734143 
0.15019461620412008 0.15162970889343474 
0.1656412985556023 0.12151873037558565 
0.16715498762463182 0.12118985249330112 
0.13171848655931664 0.184721207203363 
0.0789185524622556 0.15015843331289444 
0.11460555766845695 0.18162178060158077 
0.09563009666849068 0.17794999793149063 
0.17976385206833978 0.15492378304018234 
0.17976385206833978 0.15492378304018234 
0.17976385206833978 0.15492378304018234 
0.07587268037052103 0.17294203786002985 
0.111869712792266 0.17284269955499063 
0.17372090842257953 0.17930024601644481 
0.09697897342152306 0.20255900368854937 
0.08005507406260204 0.2136363156477626 
0.08011679958849137 0.21376761305558434 
0.09122243661165792 0.20811894013793222 
0.09168294271623927 0.20951789711058177 
0.08129672442919542 0.2250653740087393 
0.06259239115995396 0.24388325318514775 
0.06707140416469802 0.23181492100149653 
0.06707140416469802 0.23181492100149653 
0.06707140416469802 0.23181492100149653 
0.06707140416469802 0.23181492100149653 
0.06707140416469802 0.23181492100149653 
0.09525085805375891 0.1901621043447294 
0.138312901911519 0.22708369546299995 
0.13120808674426865 0.2513632615609204 
0.13120808674426865 0.2513632615609204 
0.13120808674426865 0.2513632615609204 
0.13120808674426865 0.2513632615609204 
0.12498223237913009 0.2515560655326541 
0.12498223237913009 0.2515560655326541 
0.12498223237913009 0.2515560655326541 
0.12498223237913009 0.2515560655326541 
0.12498223237913009 0.2515560655326541 
0.1253168264728584 0.25117636987895686 
0.12451074429026623 0.25034248895849925 
0.12451074429026623 0.25034248895849925 
0.12626757163748403 0.22006979515032016 
0.11468893497070112 0.2251334445827282 
0.11468893497070112 0.2251334445827282 
0.08430011707496922 0.17203590752956185 
0.1527385987573039 0.16175415957101047 
0.1527385987573039 0.16175415957101047 
0.10648257047655649 0.15376660094096659 
0.10648257047655649 0.15376660094096659 
0.15320869086692893 0.18296778588864857 
0.10313565000099997 0.1650529789697643 
0.14248574277524723 0.19486501358963398 
0.14174458425366568 0.19418362517497917 
0.12047977866310004 0.20228678190321822 
0.14511051884114515 0.21715435597759464 
0.1560814700105757 0.22208677621079936 
0.09762316036781396 0.20310696482983814 
0.06463788857266878 0.1924820874207369 
0.15896451237150439 0.20773548138964545 
0.09077666403817326 0.1759619633051748 
0.07585740812686545 0.1740118041631971 
0.0842152931307481 0.1966555777358001 
0.07928167732190279 0.17920096120402657 
0.08462066753724236 0.19921891707159106 
0.08462066753724236 0.19921891707159106 
0.08771065501279227 0.22401952448634338 
0.0845861096170413 0.22654159315304156 
0.0845861096170413 0.22654159315304156 
0.0845861096170413 0.22654159315304156 
0.0845861096170413 0.22654159315304156 
0.14404395073488427 0.15324466221362765 
0.14404395073488427 0.15324466221362765 
0.14404395073488427 0.15324466221362765 
0.1443884068975333 0.17662697657150497 
0.14925421334124908 0.2106380601441848 
0.06490819677973622 0.19419660443980863 
0.06273619866658256 0.17557066715100023 
0.13604521244432324 0.1660358493360543 
0.13811545959093946 0.1870729106133067 
0.12128215872177696 0.16012872845410875 
0.0652287119724411 0.19075558943628515 
0.09657200448298892 0.2280141480624543 
0.09667509484375 0.22789853432893672 
0.08380940351442066 0.14642510155101102 
0.08345154571074687 0.1458521721710178 
0.06268416889739928 0.18125426809262293 
0.08548637446282925 0.18292809993351097 
0.0746964574991291 0.16541587214046044 
0.15194740328508455 0.18868576707813123 
0.08273009002440115 0.17509586824278373 
0.10940038565799423 0.18281470068050457 
0.17483665545719856 0.20165084962749655 
0.08195101839680342 0.17684573168247678 
0.17820724904885596 0.178642878607112 
0.0773973073730254 0.19311861050286136 
0.11546873585512521 0.19347645746886027 
0.11873408073223968 0.19207021808371352 
0.12613060044208427 0.22689217359053612 
0.13402964299252507 0.24948467967813892 
0.13402964299252507 0.24948467967813892 
0.13416988460370383 0.24978120955953234 
0.13416988460370383 0.24978120955953234 
0.13416988460370383 0.24978120955953234 
0.13416988460370383 0.24978120955953234 
0.14057644473690759 0.16286832767075216 
0.17941963442461392 0.1606340108516246 
0.17672592938516699 0.16291768767179998 
0.0835356795383217 0.15706764611535334 
0.09761039859000441 0.18183031437340624 
0.06813439447443287 0.22964558430681403 
0.06813439447443287 0.22964558430681403 
0.1770482854392407 0.17210728664862063 
0.14421783074541067 0.14549575393955447 
0.14421783074541067 0.14549575393955447 
0.13572570807857745 0.1549758739024015 
0.1510917760286719 0.13518165064166832 
0.15131466222164527 0.12517471437015348 
0.162853609746472 0.13123182761271948 
0.15653869308499463 0.1514648802014089 
0.1776404807597401 0.13726707280252626 
0.1776404807597401 0.13726707280252626 
0.17970048911098543 0.12671936606052608 
0.14946483117816392 0.13045871707446907 
0.15656016906121903 0.12850790272385137 
0.129065679960179 0.18170613307432332 
0.07309520420033246 0.21116199498198282 
0.07556336865025225 0.16644600888359815 
0.08163639873163554 0.16927650345493633 
0.17703908311704616 0.1603629053045404 
0.16736055779322398 0.14910553857350134 
0.15386063891122878 0.162577392993141 
0.08180198280992898 0.21157577431120667 
0.08790387143257233 0.15876871702808934 
0.08498521100410589 0.14999273050807127 
0.0782985966289727 0.12155688298267216 
0.07978023252197124 0.1155351869578117 
0.07978023252197124 0.1155351869578117 
0.08138586729070033 0.1169079606739765 
0.0774937731498473 0.14085383535087997 
0.06275698231763709 0.11267908364353259 
0.06275698231763709 0.11267908364353259 
0.06275698231763709 0.11267908364353259 
0.06436140022513168 0.11931743061144587 
0.07705611163016637 0.12483657576892801 
0.07705611163016637 0.12483657576892801 
0.07751076077143916 0.25212871310927876 
0.09380556311300578 0.23365681121672374 
0.0706748998158103 0.2243928446084603 
0.06918348213331492 0.20575671384479927 
0.06918348213331492 0.20575671384479927 
0.07951463945049818 0.21834866785293622 
0.07951463945049818 0.21834866785293622 
0.08231144150448691 0.2126256005055506 
0.08607687150994199 0.1864188757201044 
0.1662913178694435 0.19252693533322063 
0.15228103911916357 0.19831024205279385 
0.10482817838271999 0.1838144589121349 
0.09756881459228241 0.19235448767679725 
0.15352210448226217 0.16961394968251176 
0.12813908312365763 0.21614395362739353 
0.12553933430156577 0.22420790381615358 
0.1605295963569361 0.17618740053494106 
0.07115292031177806 0.1782888226880901 
0.06615579905332195 0.16667799521648893 
0.0834654620059161 0.16385694877081045 
0.09294145361709982 0.1981889959915257 
0.08101546414444714 0.1976537157205315 
0.1767785812254202 0.2021992774528064 
0.08995048441825194 0.17715052313638036 
0.13792694133955252 0.15673193036765382 
0.13472156402476335 0.13089388528848706 
0.13472156402476335 0.13089388528848706 
0.13472156402476335 0.13089388528848706 
0.11341867843879257 0.1134502594048669 
0.11341867843879257 0.1134502594048669 
0.11583931998473114 0.1325755271206688 
0.11583931998473114 0.1325755271206688 
0.11583931998473114 0.1325755271206688 
0.08623479060006267 0.19043539145231592 
0.15510820429420588 0.15808065176141592 
0.15510820429420588 0.15808065176141592 
0.17587171909758006 0.13287288007472842 
0.17587171909758006 0.13287288007472842 
0.17587171909758006 0.13287288007472842 
0.14567653062258876 0.1442785011308329 
0.1403620649940179 0.12669449319745968 
0.14660489590534564 0.14128937833480124 
0.14689254163745707 0.13435950193538398 
0.13988262521306888 0.13561219276228195 
0.13988262521306888 0.13561219276228195 
0.166741354427933 0.12152335390089161 
0.166741354427933 0.12152335390089161 
0.166741354427933 0.12152335390089161 
0.14693329642050262 0.1280101068706114 
0.13137049217629704 0.14430855022473024 
0.13137049217629704 0.14430855022473024 
0.13137049217629704 0.14430855022473024 
0.07152876477614217 0.203805878180453 
0.1388195089663179 0.1558437129379808 
0.18107483100924426 0.18946292238538637 
0.12161343021413944 0.16255353707576198 
0.12955238371755926 0.15668882578430218 
0.08707403281158888 0.16798284320028348 
0.07804088163736735 0.15845245366925637 
0.07903724512406492 0.15441509471409928 
0.1218889209001318 0.1720348844851706 
0.078098680291019 0.20085993549031303 
0.08514711951820023 0.17504109062079365 
0.1606842754199767 0.15811264127493144 
0.1606842754199767 0.15811264127493144 
0.15897355695028068 0.15748874271600247 
0.15897355695028068 0.15748874271600247 
0.15897355695028068 0.15748874271600247 
0.15897355695028068 0.15748874271600247 
0.12023881715457593 0.1525903696857175 
0.12365049584342848 0.15720978269060917 
0.1517249500553571 0.1271258137305029 
0.17237692471142332 0.11600847616334219 
0.17195388559887134 0.11466905059254186 
0.14819123192311442 0.1605039489207603 
0.16949828636100422 0.15137361085982365 
0.16545089391091836 0.15414241999041994 
0.1671610431134598 0.17797258534145263 
0.14674725630270874 0.17633708794709346 
0.124270965305373 0.1689980928004193 
0.09275452266739 0.1795875116588806 
0.1694954376691867 0.1772156470508587 
0.11694871703410213 0.17240320789440527 
0.08441549745420322 0.14149659275205367 
0.08441549745420322 0.14149659275205367 
0.07104410998642914 0.1456842783000223 
0.07104410998642914 0.1456842783000223 
0.12866096685448095 0.1788069180985266 
0.1256219547222484 0.14843750463835514 
0.1240610288584943 0.14997529159454212 
0.07412935708089452 0.15470435113438477 
0.09101245732962214 0.18813886162145496 
0.17621254659477895 0.18157547052090195 
0.17621254659477895 0.18157547052090195 
0.0761634081209632 0.17902016969760964 
0.12408617964262987 0.18613277333350825 
0.15461454013008175 0.21756161991074474 
0.15662748314024746 0.21936916793659195 
0.15723539448926627 0.21989046348316443 
0.15689878995632822 0.21934734930736838 
0.16632756385211314 0.21075981976957717 
0.0745405393818106 0.16900379251967987 
0.06644675222667362 0.11831088954497257 
0.11398968108409256 0.1313586594819503 
0.11170982544366995 0.12738915946035878 
0.10515950436768481 0.15076269322543118 
0.14982726250081796 0.18418977659377347 
0.13089777707044903 0.25327041379003357 
0.10776281838400188 0.2309431993445259 
0.10776281838400188 0.2309431993445259 
0.10776281838400188 0.2309431993445259 
0.10776281838400188 0.2309431993445259 
0.07152135454874997 0.15669134756733522 
0.07409406138684084 0.13284590590657813 
0.07409406138684084 0.13284590590657813 
0.07905117698512931 0.13382862887909375 
0.16027233307463007 0.20274069257053673 
0.08280168539954527 0.18149228050409538 
0.06549377458747338 0.2343784741340526 
0.06549377458747338 0.2343784741340526 
0.06549377458747338 0.2343784741340526 
0.06549377458747338 0.2343784741340526 
0.06549377458747338 0.2343784741340526 
0.06549377458747338 0.2343784741340526 
0.06260854765097333 0.23894557866354676 
0.060531593051490806 0.23874229324323035 
0.060531593051490806 0.23874229324323035 
0.0767427053772026 0.15301777338057732 
0.07149630237073336 0.15336623212949838 
0.13303222665580067 0.18547096158763457 
0.11416017864671951 0.1670609945644325 
0.08403780543432843 0.2123611429551815 
0.08734915214039392 0.2154189722392191 
0.08734915214039392 0.2154189722392191 
0.08798577222900947 0.21609862354601206 
0.09252303585845514 0.21405775628353213 
0.09167773213874886 0.21298769943344628 
0.06241707794895876 0.2556434490052857 
0.06241707794895876 0.2556434490052857 
0.06241707794895876 0.2556434490052857 
0.0742150230370878 0.23782237729051903 
0.0742150230370878 0.23782237729051903 
0.0742150230370878 0.23782237729051903 
0.08212808324919013 0.23255858017809203 
0.08702025631888906 0.21713424731941067 
0.08702025631888906 0.21713424731941067 
0.08578812160063945 0.2290179631158977 
0.10194451744512084 0.20507102076828237 
0.09904574600900992 0.17273532489348187 
0.15350319925205166 0.17599509094090623 
0.16211610146110808 0.16679648380412232 
0.10907575805732864 0.16916124068944735 
0.15852016608843275 0.20180452854869513 
0.08158081768810975 0.17669209108215322 
0.17010567527640608 0.2138543962734994 
0.17010567527640608 0.2138543962734994 
0.17553540954369967 0.17805754957429568 
0.09836134968310267 0.2028761915645161 
0.08095387311622641 0.214065287717758 
0.1811338867814527 0.2342266130401386 
0.1811338867814527 0.2342266130401386 
0.1811338867814527 0.2342266130401386 
0.16915670594204307 0.2165241733024454 
0.1691460369000641 0.21653889984285413 
0.16948408487008265 0.21700121850600038 
0.17996325525110368 0.22952386321248594 
0.17996325525110368 0.22952386321248594 
0.14231365064817775 0.2293686484776727 
0.14150319791301166 0.25525636523243844 
0.12021826580285945 0.24562471556178592 
0.12021826580285945 0.24562471556178592 
0.12021826580285945 0.24562471556178592 
0.12021826580285945 0.24562471556178592 
0.12203574991198318 0.24376688450322784 
0.13567215345241077 0.23584656031434822 
0.13356055640250308 0.23794578557446971 
0.13356055640250308 0.23794578557446971 
0.14697011033674176 0.22946493502624113 
0.14697011033674176 0.22946493502624113 
0.14697011033674176 0.22946493502624113 
0.16957589360454844 0.22310266587232916 
0.1565465224652391 0.1919536899369569 
0.08477581965933233 0.15883210337428144 
0.06307834677402975 0.1807601493758104 
0.10257707040987785 0.18123649969578567 
0.11882077447264355 0.16233702953292212 
0.11776540311212805 0.14804999685123849 
0.15690520317620318 0.13931946804382023 
0.15551417617221844 0.1437854858296969 
0.15551417617221844 0.1437854858296969 
0.15551417617221844 0.1437854858296969 
0.14698955664029278 0.13820110474298342 
0.16036461761619308 0.13551110913550166 
0.1733921761598599 0.145215850043509 
0.1733921761598599 0.145215850043509 
0.1543743560533548 0.1680355479694264 
0.07429200735754915 0.14998685898178282 
0.07429200735754915 0.14998685898178282 
0.07157348957718682 0.18585400995726745 
0.07356960060328516 0.17385472088743817 
0.08392724469820323 0.19274423212914124 
0.0902958766249473 0.17150196610891277 
0.11693829842564393 0.16111647392914522 
0.13236190034155648 0.1914884783322633 
0.06265665880512648 0.19581032957397318 
0.16195373491841408 0.19099707203095542 
0.10141325069488595 0.19280554280903583 
0.10685693891642867 0.18946658003287378 
0.10990883892300002 0.1718562377078025 
0.13821265976830713 0.14746891747199553 
0.11296231224983157 0.1572927976592411 
0.1451922059474312 0.19427566852754682 
0.1403591014590875 0.15162199163557566 
0.13776086561086837 0.15191633882611577 
0.09684924662219441 0.17385461654945172 
0.1253993867941655 0.2227773864380308 
0.1394429037861006 0.2342615192310391 
0.1394429037861006 0.2342615192310391 
0.13542688866257951 0.23886012900061374 
0.16923925168552428 0.2478118560022231 
0.16923925168552428 0.2478118560022231 
0.16945389743518124 0.24584256640197524 
0.16218308532791614 0.15585598981932594 
0.15884479900229226 0.15233805125943986 
0.09921237731147706 0.16968695121981575 
0.10146120077608768 0.20241158237690718 
0.10146120077608768 0.20241158237690718 
0.09599660757967839 0.22440070216922306 
0.09132186499763179 0.2360579173114647 
0.09132186499763179 0.2360579173114647 
0.09132186499763179 0.2360579173114647 
0.0911096221611595 0.23611637594199505 
0.09388825173941003 0.23495531271805872 
0.07800999566596953 0.2447054745206304 
0.07800999566596953 0.2447054745206304 
0.0964500827564558 0.2353679895726696 
0.08262088272498236 0.23779629780106182 
0.08328810227509281 0.22715781313318237 
0.08328810227509281 0.22715781313318237 
0.08328810227509281 0.22715781313318237 
0.08328810227509281 0.22715781313318237 
0.07017740065669059 0.23032675524671542 
0.07017740065669059 0.23032675524671542 
0.07605895060584233 0.22899509947442978 
0.07605895060584233 0.22899509947442978 
0.08477902438700952 0.19000145348810737 
0.13380204210536162 0.17214900821607976 
0.06754648574846175 0.18792806141447466 
0.1784356202551335 0.1768425843193318 
0.07041592844204493 0.19512276767872064 
0.15594892624288229 0.16652018480227448 
0.07887836309911882 0.16643974560443803 
0.08773445880662542 0.2218016902096417 
0.12347792213445392 0.1835198032069955 
0.0751321254324439 0.162982284077786 
0.16674826088523595 0.16428293314889883 
0.16848713894472475 0.15997840840771343 
0.1332027526860933 0.1659216535595319 
0.1784074807321385 0.16766312718644236 
0.06337473725449039 0.19927393900418305 
0.15481930665647334 0.1677392757484695 
0.1710104078948619 0.18838502452769046 
0.16636544763097955 0.16521632757667923 
0.08501578259884057 0.18620165398722713 
0.07575734964887297 0.17985123681495846 
0.11021338493589511 0.15344592692396386 
0.08586479278969823 0.1756492827333294 
0.11549166690109736 0.17472563249813852 
0.08545622610376415 0.1561716460774368 
0.16210464269390742 0.1731273923522236 
0.1405577051084034 0.19834649228358955 
0.15792844937094552 0.19966635467169624 
0.09927201722963187 0.198666964078664 
0.10390916124929024 0.20456031337525368 
0.08355856391973192 0.17308428360423558 
0.07218310365153689 0.15283031498701902 
0.10560609262903026 0.14916322466349363 
0.08748096424775814 0.20852134587635643 
0.08591649441461348 0.21560387128990474 
0.08405639698239062 0.22255505294641315 
0.08405639698239062 0.22255505294641315 
0.08405639698239062 0.22255505294641315 
0.10562285496803102 0.16761114383500456 
0.0866626260766534 0.18243691643417198 
0.15922666077410413 0.18248279319833827 
0.08407077511751483 0.17526326360472083 
0.144252590874458 0.1619070454451264 
0.06354599499422484 0.17724521114729258 
0.06767888755787926 0.19068275540366675 
0.12104200776140882 0.2148291625069768 
0.0934236576309699 0.24883334047899716 
0.0934236576309699 0.24883334047899716 
0.0934236576309699 0.24883334047899716 
0.0934236576309699 0.24883334047899716 
0.09427173753609848 0.2378758071253104 
0.09427173753609848 0.2378758071253104 
0.09427173753609848 0.2378758071253104 
0.09427173753609848 0.2378758071253104 
0.0975225404479016 0.22788453689214505 
0.09433637366044798 0.22779004669725875 
0.11820324467188162 0.16077847052855854 
0.1013044101540668 0.21284362663195264 
0.09783603777718952 0.21426386888731597 
0.09036609306897155 0.1875334548093235 
0.16620741501589442 0.18856359377266915 
0.13589991030056847 0.2116799881104997 
0.1360321458753737 0.2124060309433575 
0.1360321458753737 0.2124060309433575 
0.1360321458753737 0.2124060309433575 
0.1452605370623661 0.21017756652568895 
0.1452605370623661 0.21017756652568895 
0.10475507453553923 0.1674324287545081 
0.0628246158384736 0.167472061097705 
0.061308057827666795 0.1914015471510199 
0.17479518520595294 0.1947297530738181 
0.11734222643058 0.1683345372114461 
0.06354180517215098 0.1729114350622609 
0.16560402634416732 0.18130306341204236 
0.08113398958824326 0.19052162117770288 
0.15673431031386886 0.19997810708192718 
0.09614992416258626 0.17335978555788253 
0.12789526298553242 0.18962007535902764 
0.12310442682516848 0.19643530010012059 
0.1250695918235992 0.1962825743729339 
0.16451337217634457 0.1547910979863488 
0.1398822299746221 0.15068902997237132 
0.1387612610920568 0.1496335237491535 
0.13916186872194336 0.15916428820404366 
0.14136778860209095 0.1552845359035094 
0.10298022260303775 0.16881483751506945 
0.1125166281075787 0.15318651492324295 
0.1125166281075787 0.15318651492324295 
0.08432696163982775 0.15641677578640245 
0.08096676711053691 0.1499117573418057 
0.08586325400158774 0.15146331088745274 
0.08586325400158774 0.15146331088745274 
0.07941151398113058 0.13400060485682408 
0.07941151398113058 0.13400060485682408 
0.11028332690589743 0.15841307030408483 
0.1139340164743947 0.1986406228869806 
0.06969218178963768 0.15327247549531245 
0.10862277478015868 0.1794355109720201 
0.17282104755795452 0.1895514953437039 
0.14860410025968604 0.16257124775322998 
0.10844705606901231 0.16945210857215118 
0.15052110252262452 0.17251681258635665 
0.1450672812586075 0.1901917685504773 
0.11972472211418467 0.18980817408930936 
0.12675053567274036 0.17729978846723182 
0.09853357871561222 0.15569784493989342 
0.10702052436056188 0.20860942352875503 
0.14068692091505458 0.19862679798121696 
0.15671422000853105 0.15674928270323923 
0.15671422000853105 0.15674928270323923 
0.17817735042090044 0.18336669617427204 
0.16781702879080684 0.17886256858445398 
0.12803044963336385 0.16341885092602576 
0.11585676228784224 0.15966750816203273 
0.1569657251535427 0.16584285364568263 
0.18072535257175165 0.16949618185080284 
0.07198020838110454 0.19679404405741246 
0.1490382872944183 0.2043392812997763 
0.16788351212439445 0.24306342523429625 
0.15947779156337763 0.24277339626957992 
0.15947779156337763 0.24277339626957992 
0.16428373174103608 0.23010124128984139 
0.16428373174103608 0.23010124128984139 
0.16522137642315174 0.23371810550770555 
0.1508374859292022 0.2143435019602441 
0.15050632583978343 0.21091452861436047 
0.06921371251338108 0.19242367715876504 
0.07833283407328095 0.16093946088348324 
0.1085588626588549 0.21354169496889547 
0.10423544802992084 0.21653436458453035 
0.07230480121885169 0.20280613682071974 
0.07230480121885169 0.20280613682071974 
0.07230480121885169 0.20280613682071974 
0.14570402719547304 0.17848103806679264 
0.11067017404275316 0.21902958281225682 
0.12774599882888504 0.21403074677468853 
0.10585042998281177 0.16895001789249267 
0.11582839134752618 0.13746771484405346 
0.11582839134752618 0.13746771484405346 
0.11684444505032412 0.1295411954156394 
0.10502807227743681 0.14540797033211636 
0.10375450242091933 0.1443544558603826 
0.10375450242091933 0.1443544558603826 
0.10396751087005092 0.1837074781606804 
0.07013114795131373 0.1813380334300818 
0.16552908300029642 0.19367180726035801 
0.171338964836995 0.2394877891030655 
0.1652166324756053 0.20313663604270957 
0.06453487694413094 0.17693131117674601 
0.12329260202743374 0.183713191878414 
0.09760351461383387 0.19108700201227038 
0.11155371681075729 0.17705846826606547 
0.10907581635466351 0.15037817698618278 
0.10267614722895535 0.15142506015773394 
0.10267614722895535 0.15142506015773394 
0.10267614722895535 0.15142506015773394 
0.10267614722895535 0.15142506015773394 
0.13752578236715535 0.16634133454390757 
0.09193135167379025 0.18650058861020805 
0.10118695652627459 0.1978313690178864 
0.10118695652627459 0.1978313690178864 
0.18052259716810104 0.20381216468270136 
0.12977969991761235 0.1752075391305253 
0.08724121293652032 0.158954425364836 
0.0840566347551012 0.15492858743632282 
0.08487158682626127 0.1617606771693484 
0.0870502054503614 0.15865140570716652 
0.1352461065396535 0.17693076282739512 
0.08376390970181445 0.21707873320826274 
0.13971548879179108 0.18537546379092132 
0.13505237827495375 0.18978890248368452 
0.15796585880715752 0.20684631431177844 
0.08952386873362939 0.16058401600627326 
0.17552162671070032 0.18363000553880418 
0.08214952633621889 0.15425481657295473 
0.08214952633621889 0.15425481657295473 
0.16414386531660471 0.2243728619031803 
0.17526859182541726 0.24705299988058071 
0.17526859182541726 0.24705299988058071 
0.17526859182541726 0.24705299988058071 
0.175898798195387 0.2495381762296932 
0.16712310710371794 0.15875359814093162 
0.0783235338156585 0.19258667508293115 
0.1357227699227167 0.19460140444939672 
0.13585265120137524 0.1882456784010411 
0.07069276234785693 0.17059447884633136 
0.1372046481362423 0.1868033908787744 
0.07235704873934232 0.19398261086100674 
0.1079794898279267 0.19855329544229397 
0.1710457772917679 0.17786611110161168 
0.116516186344875 0.1790152825902397 
0.08036130499974295 0.16081812206844576 
0.17285574533525916 0.15604656778537088 
0.15309671718971082 0.19366358463888786 
0.143361738797567 0.19578038557211588 
0.18082393168012856 0.20025836325253132 
0.08870764299202824 0.16513884365816217 
0.1551171469562389 0.15961320153605518 
0.13631720131575134 0.20218686827862864 
0.13338222570963545 0.1528841257662194 
0.13338222570963545 0.1528841257662194 
0.12717257033202636 0.13068718967206616 
0.12717257033202636 0.13068718967206616 
0.12717257033202636 0.13068718967206616 
0.13087818912298185 0.13481346852772025 
0.12211585603485786 0.14999206582945399 
0.11381624050059955 0.17989564152440252 
0.10123053139278182 0.18600981979202313 
0.1476318496553241 0.18970034366351538 
0.15689053804714148 0.17602395650025324 
0.10873644588553315 0.17317924647217794 
0.09461466134520896 0.19351031041001282 
0.10679134733031001 0.1868226484721305 
