0.09746974435782534 0.11242280120645792 
0.13392182300763517 0.12211767082924814 
0.13392182300763517 0.12211767082924814 
0.15057788598185717 0.11339230053939926 
0.15057788598185717 0.11339230053939926 
0.15057788598185717 0.11339230053939926 
0.15057788598185717 0.11339230053939926 
0.1519959085650512 0.11075553694648979 
0.1463236573943977 0.12647213848755884 
0.13560994139888405 0.12554381715808424 
0.13560994139888405 0.12554381715808424 
0.13504076575301596 0.12567781549758233 
0.13504076575301596 0.12567781549758233 
0.13504076575301596 0.12567781549758233 
0.13549318570519903 0.1245369224717166 
0.13549318570519903 0.1245369224717166 
0.11803361463994344 0.09150898061280446 
0.12817549675496157 0.10526856929432098 
0.11242269679436452 0.1372390724173823 
0.12296789127437996 0.11590585980749046 
0.12296789127437996 0.11590585980749046 
0.11204005786970747 0.13321940836298013 
0.09999754306564912 0.10916268087963507 
0.11874944790322337 0.13843600472394513 
0.11503156456139657 0.1803556023955931 
0.10062457393014013 0.21336347360113864 
0.11289911497081344 0.20518573145587668 
0.08494299622786203 0.2311143606692919 
0.07968599963838309 0.21999569940534128 
0.0791101718989211 0.22435254644232366 
0.14797686877998234 0.20345229461842765 
0.07305091655596002 0.17298754071220643 
0.15618003265923758 0.19177071145632626 
0.0690292277112021 0.17722897930695225 
0.10993238793973838 0.17965973561163712 
0.1548116867366313 0.18457256860064625 
0.06774678133885528 0.171207069903873 
0.10895118270163363 0.15965597425948277 
0.10842430010114491 0.15402033733305778 
0.10832273972051987 0.15492341756401454 
0.10832273972051987 0.15492341756401454 
0.1127073613503357 0.1496663421016714 
0.06719323498478215 0.1133027628934266 
0.06719323498478215 0.1133027628934266 
0.06719323498478215 0.1133027628934266 
0.06719323498478215 0.1133027628934266 
0.08626702677509801 0.13232950165619392 
0.06467047451489581 0.11713645807196277 
0.06467047451489581 0.11713645807196277 
0.06467047451489581 0.11713645807196277 
0.06784226655869152 0.12693514017629087 
0.06784226655869152 0.12693514017629087 
0.06784226655869152 0.12693514017629087 
0.06784226655869152 0.12693514017629087 
0.08278812443664214 0.12177007884022174 
0.15884148820105473 0.23176125217345903 
0.15884148820105473 0.23176125217345903 
0.15884148820105473 0.23176125217345903 
0.1559763905019868 0.23793767936958848 
0.1559763905019868 0.23793767936958848 
0.13012354646276844 0.2179325127654347 
0.10112970855407354 0.2273364591733268 
0.09625125915516916 0.20747677156754066 
0.11060140464851348 0.14314870950529493 
0.11060140464851348 0.14314870950529493 
0.11060140464851348 0.14314870950529493 
0.0922690761440893 0.13161770932436803 
0.09164189172487723 0.13284540101751902 
0.09164189172487723 0.13284540101751902 
0.09320161186595267 0.13390179003064828 
0.10422699840670044 0.17081501122696346 
0.1325185164278981 0.18546748452739933 
0.1589143131999916 0.20182973302934692 
0.1566845143301 0.1977798249404359 
0.1566845143301 0.1977798249404359 
0.1566845143301 0.1977798249404359 
0.11598437688041321 0.18555849783413414 
0.15086391884591904 0.19545670775802199 
0.171293071135936 0.15642239283841694 
0.171293071135936 0.15642239283841694 
0.17389621669317082 0.14905277946278206 
0.16726833602685906 0.15985648109055 
0.07705824640674372 0.18096410196406745 
0.10946680217139404 0.176465327246988 
0.07506579077819482 0.20024615852250988 
0.06846911645507449 0.15841269175064568 
0.17961273784454368 0.17861616778037295 
0.08911796551424626 0.18226442640594967 
0.0962427330451742 0.17203490561265913 
0.07159778958626384 0.2148109154299469 
0.0699583235506253 0.2121943046012063 
0.0699583235506253 0.2121943046012063 
0.0699583235506253 0.2121943046012063 
0.0699583235506253 0.2121943046012063 
0.0699583235506253 0.2121943046012063 
0.06744916367925782 0.2465205955251858 
0.0972128000124895 0.22250861114423043 
0.10775349950078049 0.22232432253123935 
0.11814652890270887 0.17797170918814303 
0.12961819900488428 0.22572219915010838 
0.1333395310986007 0.24211980534138816 
0.14333370419240032 0.2347974372176412 
0.16435061795144246 0.25171194142118924 
0.15925286649574544 0.25442777032133723 
0.15925286649574544 0.25442777032133723 
0.15936262294240053 0.25346794617005886 
0.15523583767011903 0.24723312738987824 
0.15523583767011903 0.24723312738987824 
0.1543479228900158 0.24551598429767701 
0.1543479228900158 0.24551598429767701 
0.15270544200606773 0.23722781660948164 
0.16112417847541838 0.2400115962138295 
0.12529478110684045 0.17730016297274187 
0.0680948527084127 0.16562346995840266 
0.07891961548088128 0.2066711005106106 
0.08885959073841346 0.19912142817274953 
0.16289331620524233 0.1611900594899862 
0.07620401150351638 0.20562877898232584 
0.16721615814119256 0.1805459616506368 
0.10502502408632819 0.16141320661280253 
0.11984496775733539 0.1681008155067079 
0.09487636290083828 0.17215249531655769 
0.13293316892839807 0.17823013882397906 
0.07940107245883042 0.19863057924781136 
0.07940107245883042 0.19863057924781136 
0.08701375545204884 0.20126354509679054 
0.14545129204366236 0.18355671495915885 
0.07121790147508031 0.16604069630533194 
0.10271153119856789 0.16465047324791765 
0.09347355138216516 0.18599769370687735 
0.15100295559981786 0.2217188275529851 
0.15100295559981786 0.2217188275529851 
0.06688622892139355 0.16603214273064582 
0.0852677850899353 0.2002401211535426 
0.08919849888429641 0.19801982203485796 
0.07041146767293112 0.23479535382207478 
0.07041146767293112 0.23479535382207478 
0.08150001677261594 0.21004649152213875 
0.16696884664149897 0.15297061333629405 
0.12556489729670683 0.1412333135945059 
0.09487231775072932 0.16763355780943148 
0.15060748445816863 0.21058628030326268 
0.15399609181605664 0.15837994571313907 
0.15399609181605664 0.15837994571313907 
0.14317205044193512 0.14409198613220073 
0.17668165383943624 0.11412023492000813 
0.1730195169916439 0.12380357445053032 
0.1730195169916439 0.12380357445053032 
0.1730195169916439 0.12380357445053032 
0.1730195169916439 0.12380357445053032 
0.17856001475630764 0.1150330464033929 
0.17325597930586806 0.12133053655328722 
0.17325597930586806 0.12133053655328722 
0.1740700780577809 0.1206005973149204 
0.17976728066607622 0.11632766992919506 
0.17552155650063608 0.15683062105309467 
0.061034999028837744 0.18298126054512354 
0.11516255726941581 0.1977482160946803 
0.10062146662794591 0.18398987813014764 
0.06457797061954293 0.16153570665353176 
0.13570007157864616 0.18984243995401934 
0.11062471582492413 0.1840807204385347 
0.0856515967658403 0.19517941498256136 
0.0856515967658403 0.19517941498256136 
0.17332147922246427 0.1678882089642088 
0.1093628772840175 0.18546568390362805 
0.14880330357084756 0.2430418747076441 
0.14137218143640268 0.23619693946392617 
0.14137218143640268 0.23619693946392617 
0.14137218143640268 0.23619693946392617 
0.14137218143640268 0.23619693946392617 
0.14225344656934075 0.2380550188069399 
0.1680088413389802 0.15215196619136262 
0.11206691167730952 0.195693252082393 
0.08400633717566142 0.23295819798959094 
0.08400633717566142 0.23295819798959094 
0.08297731075707225 0.24103156315187013 
0.07813580287197598 0.22510600575563056 
0.0661224545521305 0.2500121840876626 
0.06413490083133543 0.25198275896507744 
0.06413490083133543 0.25198275896507744 
0.06413490083133543 0.25198275896507744 
0.06079941941673926 0.2535590939015389 
0.10516553557689892 0.19585739576438155 
0.0899379491509453 0.19988497548890932 
0.0899379491509453 0.19988497548890932 
0.0899379491509453 0.19988497548890932 
0.0899379491509453 0.19988497548890932 
0.15159408056380816 0.14873711398975215 
0.15365231099333995 0.14577545331999558 
0.1618871576028128 0.14093430319623884 
0.1618871576028128 0.14093430319623884 
0.15687154513257243 0.14714998370040128 
0.1666645318773376 0.13706502329224357 
0.16723619352226013 0.14054553311220086 
0.16723619352226013 0.14054553311220086 
0.16677484928482011 0.1417659054589873 
0.16677484928482011 0.1417659054589873 
0.1643149286275663 0.1482057194898119 
0.14458035055221932 0.16290301649781258 
0.1729448263566758 0.16860652302781562 
0.13192179909119392 0.15715531416107978 
0.146497861040812 0.13714520027557103 
0.14378372652524463 0.11586363199012012 
0.15011404956195792 0.11035533707819287 
0.16462685021583912 0.10770449564090812 
0.15522961320236262 0.13397107694728222 
0.14334479894308305 0.13417523884440202 
0.12323518675781894 0.10381155661196068 
0.11299681674827491 0.12201526586509731 
0.14772015524666288 0.09693686345448936 
0.14474404779051794 0.1081261845127103 
0.14377596296788198 0.10993828977828644 
0.14377596296788198 0.10993828977828644 
0.14472706488433046 0.11532253490795177 
0.14730089168793686 0.09902966534598781 
0.13810874848032173 0.141517122528048 
0.13810874848032173 0.141517122528048 
0.12937351492565294 0.12673620978479838 
0.1315966554317593 0.13040359999121232 
0.1315966554317593 0.13040359999121232 
0.1315966554317593 0.13040359999121232 
0.1315966554317593 0.13040359999121232 
0.13423469213079242 0.12864628811796847 
0.13423469213079242 0.12864628811796847 
0.12157797391718476 0.14688853963571874 
0.12157797391718476 0.14688853963571874 
0.14099434156973756 0.13737262871107103 
0.14297905240670572 0.13223136120668172 
0.14297905240670572 0.13223136120668172 
0.11956595322808097 0.21831669526363903 
0.1245436903993528 0.21190218551491113 
0.10201164168199693 0.21629941761373744 
0.10606377449040402 0.21511261367273476 
0.10682204479309775 0.21603153385802643 
0.11631424077267111 0.1613763352760004 
0.12880944702730576 0.11908960633028755 
0.12457112829258497 0.11953961737232484 
0.12466668417852553 0.1147506898858359 
0.09325116550580637 0.10189755512364501 
0.09325116550580637 0.10189755512364501 
0.10042457862259417 0.10430541859962639 
0.10042457862259417 0.10430541859962639 
0.06380362694618669 0.1867476333813104 
0.11764511280940725 0.16022652779902455 
0.10826899483042504 0.1581062896792845 
0.15892581016680035 0.15576395487855932 
0.16674858885387944 0.15232529545808995 
0.16674858885387944 0.15232529545808995 
0.16674858885387944 0.15232529545808995 
0.1683084037994315 0.15601670975690665 
0.15841381670509078 0.15050306558687104 
0.1489184462810107 0.13726517024163226 
0.1489184462810107 0.13726517024163226 
0.17093849202520545 0.10898071795094802 
0.17093849202520545 0.10898071795094802 
0.17093849202520545 0.10898071795094802 
0.17093849202520545 0.10898071795094802 
0.15926426120403522 0.10495336767434348 
0.15926426120403522 0.10495336767434348 
0.15926426120403522 0.10495336767434348 
0.15926426120403522 0.10495336767434348 
0.1631152401866585 0.14035134477711303 
0.1814064507122027 0.1261265953318685 
0.1814064507122027 0.1261265953318685 
0.1814064507122027 0.1261265953318685 
0.1814064507122027 0.1261265953318685 
0.1814064507122027 0.1261265953318685 
0.1814064507122027 0.1261265953318685 
0.1673316827529831 0.12675896434175077 
0.1673316827529831 0.12675896434175077 
0.15109996328148256 0.1421739871515177 
0.09642472030853505 0.17854637968496684 
0.08882278679463942 0.1908432597868204 
0.11680817617110781 0.20125436034909897 
0.16120787592604185 0.18381736089375988 
0.14780821737556307 0.15400820394290235 
0.17342387057310898 0.13054236360848614 
0.17959398953484956 0.1279692987365824 
0.1754619643833805 0.13914025621721976 
0.1754619643833805 0.13914025621721976 
0.159339693933293 0.14368302562138316 
0.159339693933293 0.14368302562138316 
0.13181070206688175 0.1334896455278483 
0.13004255265573472 0.13545389920783896 
0.15359860733647518 0.13706540300431705 
0.1608118249296049 0.19704420870803158 
0.08529059827560946 0.20547427602665627 
0.14564232651023146 0.2099669603783988 
0.1174487010660566 0.19125440504587765 
0.17808455436802184 0.18511054038170788 
0.1622815158630516 0.20812624619242867 
0.1622815158630516 0.20812624619242867 
0.1622815158630516 0.20812624619242867 
0.1729347839614432 0.18623144052375493 
0.15981743950366017 0.19024420829752234 
0.10602098411068449 0.18195588500005028 
0.17727583937472582 0.17090825981452126 
0.14606126951654302 0.16051375794059858 
0.15138868397863053 0.20453568739967007 
0.1518264742367695 0.20291679225480536 
0.17093824628693555 0.20554730941831972 
0.17520786884124384 0.20955258258811127 
0.17520786884124384 0.20955258258811127 
0.18000270660688944 0.21357636220381454 
0.07588072280399694 0.181372233147153 
0.1365759546401485 0.17000171252066082 
0.1304413912886581 0.1498232275850348 
0.1132807483413147 0.17285507796530777 
0.06177144276357892 0.1252419586591915 
0.06177144276357892 0.1252419586591915 
0.06177144276357892 0.1252419586591915 
0.06177144276357892 0.1252419586591915 
0.07600810906795255 0.1387737897041959 
0.07009810722773391 0.12773005486497224 
0.06957575186880717 0.13780323182129273 
0.06957575186880717 0.13780323182129273 
0.06957575186880717 0.13780323182129273 
0.06874876754969811 0.2154116525239645 
0.08655945693567607 0.20895609084319958 
0.10441093477183006 0.1977897846942798 
0.10804191963659855 0.20153535583508253 
0.1283776856569598 0.18065203799863291 
0.11322405649287885 0.17839820902104703 
0.11712134416779713 0.1679956054976443 
0.10788108061262137 0.2164643269302879 
0.10788108061262137 0.2164643269302879 
0.09900380450474319 0.19522959629354802 
0.07180048209682437 0.18512478725934267 
0.08994676838791979 0.1911032995762887 
0.17980105131994606 0.17081418710722332 
0.14224276614562023 0.24774786520744546 
0.14224276614562023 0.24774786520744546 
0.14224276614562023 0.24774786520744546 
0.14224276614562023 0.24774786520744546 
0.1528367788554289 0.25245936714731815 
0.1528367788554289 0.25245936714731815 
0.1528367788554289 0.25245936714731815 
0.1528367788554289 0.25245936714731815 
0.1528367788554289 0.25245936714731815 
0.14638261638369776 0.2314536993493072 
0.14638261638369776 0.2314536993493072 
0.14599563894619677 0.2343518507146633 
0.15571630379779755 0.24108964261290444 
0.15571630379779755 0.24108964261290444 
0.15571630379779755 0.24108964261290444 
0.15571630379779755 0.24108964261290444 
0.15571630379779755 0.24108964261290444 
0.15223128341591613 0.2429131622006947 
0.15223128341591613 0.2429131622006947 
0.13700656866727257 0.21756665172225928 
0.1364511997420627 0.22144689429280523 
0.14351492079003714 0.22454909030406184 
0.14576145020909698 0.23240761926901243 
0.14576145020909698 0.23240761926901243 
0.14611228776727186 0.25234345066602903 
0.14611228776727186 0.25234345066602903 
0.1482481439190914 0.24160724236720832 
0.1482481439190914 0.24160724236720832 
0.1482481439190914 0.24160724236720832 
0.1482481439190914 0.24160724236720832 
0.1482481439190914 0.24160724236720832 
0.1482481439190914 0.24160724236720832 
0.13848656388774494 0.23801512342517345 
0.13815183005230275 0.23677211516563168 
0.08002008105489031 0.19455677497172447 
0.12297015998380417 0.16052295906210118 
0.12460959433745226 0.1587229397409078 
0.13468224782508734 0.1915688364715771 
0.07134894825332516 0.17542549320194833 
0.09258859434271302 0.1889047079554186 
0.11787477311059724 0.1992161518162507 
0.14858848537979658 0.18910926088113134 
0.14858903378066401 0.189109153401578 
0.07923579216644605 0.17694388290381427 
0.06496163116913 0.19179431226244395 
0.0982960329284165 0.22036656932632565 
0.09829136702287901 0.22036000384092305 
0.09829136702287901 0.22036000384092305 
0.10297551863910263 0.2271846591851248 
0.10297551863910263 0.2271846591851248 
0.07403130379781028 0.2288684659851784 
0.07403130379781028 0.2288684659851784 
0.07598628229664608 0.22573577006236065 
0.07598628229664608 0.22573577006236065 
0.08371298075676245 0.22470715266334215 
0.1641864199297549 0.1780063526001962 
0.10718971765693647 0.19771755513680747 
0.14450188920014673 0.15583840703081495 
0.14449624652751297 0.15583682041261088 
0.16076628570929433 0.19227452088052213 
0.09713066733869304 0.2036091103884211 
0.10097170446293643 0.21621030481670483 
0.0950836912455297 0.2033234667253036 
0.09124477721117047 0.20784430508769217 
0.09124477721117047 0.20784430508769217 
0.09124477721117047 0.20784430508769217 
0.12359178972695883 0.18158068032885982 
0.08225122747038051 0.1696511578418492 
0.08512983020846986 0.16897413104547856 
0.0831141369556438 0.23059843668348992 
0.062357862942383074 0.23755820374432832 
0.062357862942383074 0.23755820374432832 
0.10423777433835629 0.1981733713021903 
0.1383490200612188 0.18196858963817827 
0.09957063285136522 0.17531133473674665 
0.09291505490793872 0.1953587445581405 
0.17054024166656329 0.15909089509140434 
0.16171265370284651 0.15606029666140958 
0.12598491058995956 0.1918989473455342 
0.14551957700611334 0.19692313410734782 
0.08873806543371379 0.20809933449074638 
0.08001227663936539 0.21645397853052573 
0.07535624348842782 0.21465782094096514 
0.07535624348842782 0.21465782094096514 
0.11378700214658452 0.2104470371779686 
0.12029474236735244 0.2062137738925805 
0.11499035732716584 0.1995184956838836 
0.15837692830103534 0.17361792447409916 
0.06299703891075517 0.1888060403849304 
0.11709816002096675 0.15921991414177 
0.11709816002096675 0.15921991414177 
0.12209810235461771 0.16783963381001762 
0.12591291283045608 0.17351636115072108 
0.1490246025531703 0.1661899152668842 
0.12355312105354657 0.20447283982411307 
0.16109909526085725 0.186757741808981 
0.13970305057804153 0.1677476340241161 
0.12151257028464654 0.1729199277432692 
0.10211535234187723 0.16817385637976565 
0.17822395643926459 0.19321404503548936 
0.16773982447294467 0.17596172180803904 
0.08148695079162202 0.21020934622880938 
0.17545273880374207 0.21469423675933413 
0.17545273880374207 0.21469423675933413 
0.17926735596689902 0.21380967852604296 
0.06217242215857549 0.18560406530849824 
0.14549956198856945 0.16999663198781922 
0.16675338429042214 0.18484276234009842 
0.11884037679116888 0.21047363683327297 
0.1777792636012192 0.21491624456852315 
0.1777792636012192 0.21491624456852315 
0.12950814980768605 0.14998845750850598 
0.12695707557549316 0.15112319535480664 
0.13139092643076844 0.14514029767899136 
0.09624283337467748 0.0937256521344877 
0.09624283337467748 0.0937256521344877 
0.1220285018101435 0.12547307762911794 
0.11590323768118128 0.11647205632178746 
0.12024986744407123 0.12606587474691447 
0.12209920107365592 0.13418160393664766 
0.1573042258997145 0.13156361841896358 
0.1573042258997145 0.13156361841896358 
0.1516815890565178 0.1330445886744936 
0.1516815890565178 0.1330445886744936 
0.15310085781882252 0.14304581400055358 
0.13547127343292492 0.15391265892784867 
0.13050552264300036 0.18293526698225415 
0.1250203115250007 0.1905826793529284 
0.07888530601000654 0.21669071633125547 
0.07847701211738498 0.21712565601318656 
0.07847701211738498 0.21712565601318656 
0.07847701211738498 0.21712565601318656 
0.13650251770030128 0.20084629849486332 
0.15558756579337585 0.17917342867018538 
0.14114996354746415 0.1268466229733634 
0.14114996354746415 0.1268466229733634 
0.14114996354746415 0.1268466229733634 
0.14530867140559756 0.1251217590234199 
0.15429392914013623 0.10182513119439308 
0.1495195465345355 0.13063068479039483 
0.14383310293140822 0.15260625439923586 
0.14788113022315913 0.14521172007237237 
0.08703404293926408 0.16022998402518526 
0.08810976914346219 0.15952978744487226 
0.08068863455371979 0.15178908127853225 
0.0951408051520817 0.13890260697828422 
0.16938694430595502 0.18149689773480152 
0.09510530091258033 0.17616514257814386 
0.09737822360586336 0.203360783213739 
0.09737822360586336 0.203360783213739 
0.12805183416611352 0.1696636445911465 
0.08305204976044979 0.1805311442026807 
0.09479126855504103 0.1926373281737433 
0.0920750265895689 0.18680717541777497 
0.1368966123123001 0.1570780149886991 
0.1718378691118252 0.17654171001915878 
0.16163182221386063 0.18854020993702542 
0.07650565199108816 0.1775831339596554 
0.09609673481555357 0.21179223723497548 
0.09609673481555357 0.21179223723497548 
0.09616685670030833 0.2102156486876457 
0.10084677115411506 0.15143117970168196 
0.10084677115411506 0.15143117970168196 
0.09308490575102629 0.1480238351266279 
0.08761286782889167 0.21503799804334178 
0.11584368129723338 0.23174871202987224 
0.12450208705409632 0.22363323714606942 
0.09960627487967746 0.22357989630650568 
0.09960627487967746 0.22357989630650568 
0.10709856887667299 0.2474405956449458 
0.11041352451138667 0.24602881959855838 
0.11041352451138667 0.24602881959855838 
0.11041352451138667 0.24602881959855838 
0.11041352451138667 0.24602881959855838 
0.11041352451138667 0.24602881959855838 
0.09438847833455088 0.24741818231020207 
0.09438847833455088 0.24741818231020207 
0.09438847833455088 0.24741818231020207 
0.10059564656713989 0.24202948443312705 
0.09872843149215696 0.23728188821724877 
0.09868441416907546 0.2332647202713749 
0.10015070845890944 0.2412044753794173 
0.15750382886272077 0.19226420839016303 
0.13514891145001146 0.24048891162138405 
0.13514891145001146 0.24048891162138405 
0.13514891145001146 0.24048891162138405 
0.13514891145001146 0.24048891162138405 
0.13514891145001146 0.24048891162138405 
0.1331183565737637 0.23886238563385057 
0.1331183565737637 0.23886238563385057 
0.1320488576743507 0.24871360176968332 
0.1320488576743507 0.24871360176968332 
0.1320488576743507 0.24871360176968332 
0.1320488576743507 0.24871360176968332 
0.1356399577877345 0.24852509092775743 
0.1356399577877345 0.24852509092775743 
0.1356399577877345 0.24852509092775743 
0.1395852987578253 0.25480529404327457 
0.1395852987578253 0.25480529404327457 
0.13223440298083558 0.20990441847684832 
0.13223440298083558 0.20990441847684832 
0.13046754315293305 0.20931286009153557 
0.17880243410697438 0.17938494026718907 
0.11953942049779788 0.17899067666959342 
0.11775999936078704 0.1500156708255805 
0.11775999936078704 0.1500156708255805 
0.17163433066846218 0.21384130809099455 
0.11096678036920044 0.14873897325565216 
0.11398581516356138 0.15201566915405088 
0.14362940610262948 0.17844312073768748 
0.15707156865148403 0.19787123032829868 
0.10049767504518586 0.19429636169116654 
0.10444103182529038 0.23653886241919253 
0.10444103182529038 0.23653886241919253 
0.13749205677956916 0.24996159777413346 
0.13904598160957818 0.22822588683246509 
0.13904598160957818 0.22822588683246509 
0.13904598160957818 0.22822588683246509 
0.13873819268834162 0.22820143007490912 
0.13396915345458826 0.2089423260472712 
0.13396915345458826 0.2089423260472712 
0.1296539315723837 0.1995753325930766 
0.1787002713348994 0.17997497416926578 
0.06234808171093311 0.15956831710581826 
0.16545366532163758 0.18198672710497277 
0.07633236544557985 0.2011028168554382 
0.06234777679904595 0.15713441459402855 
0.0882248892852585 0.206260834259153 
0.08290875160194248 0.2043846115658586 
0.176153183414538 0.15979161289866986 
0.17932129818310635 0.17642719027694073 
0.12194146295779834 0.16929477638266807 
0.09964964994386705 0.16903267585639667 
0.0793285500958577 0.14140854911799566 
0.0793285500958577 0.14140854911799566 
0.0793285500958577 0.14140854911799566 
0.08029363017608482 0.1457587335132919 
0.08029363017608482 0.1457587335132919 
0.11621179384567495 0.22391536533094494 
0.1166622630055358 0.23543106854415605 
0.1166622630055358 0.23543106854415605 
0.11651751886637497 0.23550309621764504 
0.11651751886637497 0.23550309621764504 
0.11880147768740919 0.23745006854033773 
0.11120145972229478 0.25517587974439093 
0.12601799008699105 0.19144081413933597 
0.09736765690258495 0.16675420322083181 
0.08716218159941701 0.16320906291056986 
0.07638892062798706 0.1823101882958002 
0.1440373941556787 0.1838493829884314 
0.11788953166928515 0.2157891311801307 
0.12572639533398086 0.20989032843356228 
0.13043750318411854 0.20133088213610395 
0.1268094635936778 0.22562177043180548 
0.14072215772879845 0.20547597205718227 
0.1527906891958945 0.22548064321260727 
0.1527906891958945 0.22548064321260727 
0.1527906891958945 0.22548064321260727 
0.14969168299380303 0.22455714254525455 
0.14969168299380303 0.22455714254525455 
0.14959007030274807 0.22245228434986844 
0.14959007030274807 0.22245228434986844 
0.14959007030274807 0.22245228434986844 
0.15848753208477573 0.2385947183634864 
0.15848753208477573 0.2385947183634864 
0.15906967473575778 0.23761151097147012 
0.15906967473575778 0.23761151097147012 
0.15906967473575778 0.23761151097147012 
0.15219547349179857 0.24215225515669195 
0.15219547349179857 0.24215225515669195 
0.16771607426831753 0.24023020265609932 
0.16771607426831753 0.24023020265609932 
0.16771607426831753 0.24023020265609932 
0.16771607426831753 0.24023020265609932 
0.1560148295548547 0.2301615865305045 
0.08624631687369047 0.1716271376839231 
0.11163881340085838 0.18459817422450478 
0.07448361186183874 0.18048947406804783 
0.07957511806456405 0.19217038680700416 
0.13207611845959422 0.17330913638291526 
0.08676410910204477 0.20470477357500685 
0.08676410910204477 0.20470477357500685 
0.1043536770273531 0.1895635719702489 
0.08808711605793824 0.19874801474030654 
0.09228806104260337 0.20317988869204595 
0.06349689530975597 0.22466890967745623 
0.06349689530975597 0.22466890967745623 
0.06349689530975597 0.22466890967745623 
0.06360831757935433 0.2243066862221772 
0.06360831757935433 0.2243066862221772 
0.0895924497481653 0.2317020609234086 
0.0895924497481653 0.2317020609234086 
0.0895924497481653 0.2317020609234086 
0.06707081468306691 0.21821055794157912 
0.06707081468306691 0.21821055794157912 
0.06707081468306691 0.21821055794157912 
0.06707081468306691 0.21821055794157912 
0.11481494438008026 0.16754847279560495 
0.13660798706509003 0.1295532658970886 
0.13644978156788698 0.12765731414804782 
0.14228421373869748 0.1318333963588064 
0.14228421373869748 0.1318333963588064 
0.14939136339446113 0.11783633987677336 
0.14939136339446113 0.11783633987677336 
0.13299684205492546 0.11415293631105308 
0.13299684205492546 0.11415293631105308 
0.13299684205492546 0.11415293631105308 
0.13299684205492546 0.11415293631105308 
0.13299684205492546 0.11415293631105308 
0.13135267628752822 0.12297967029893707 
0.13171475136823724 0.11971935743092649 
0.13042862272320999 0.1201325232419607 
0.16195329468621508 0.21647193988691477 
0.16195329468621508 0.21647193988691477 
0.16195329468621508 0.21647193988691477 
0.16783941051166293 0.21050962975279405 
0.15717607871282127 0.19147262134327073 
0.1382762966747616 0.1758359442025808 
0.15355815211804616 0.1990093848257942 
0.07895407314524652 0.21277832451948137 
0.07558864051417609 0.1964653665208374 
0.07393059296053713 0.19872695688535327 
0.07329502919142565 0.1971994744703543 
0.07329502919142565 0.1971994744703543 
0.0651159574566248 0.18148756298688862 
0.08124775493013305 0.18951824771850206 
0.06716243694550549 0.18065599644463864 
0.0974141158671393 0.1954848287827102 
0.0974141158671393 0.1954848287827102 
0.13044508168808064 0.18266233280373556 
0.10906502680576141 0.1889776197884624 
0.13512999953037663 0.2140845881859906 
0.12633576646372863 0.2042313830862069 
0.1137751017144721 0.23163669645252394 
0.13267928780717017 0.19048657717313483 
0.13224647750282728 0.1929290436877283 
0.07207417656821172 0.161502728550822 
0.11401331662782084 0.20116858597167925 
0.1385788942138171 0.2154313454352241 
0.14350387341977036 0.21338564322834178 
0.08819969388408026 0.18002532657880116 
0.1790044441353968 0.150193633624488 
0.1790044441353968 0.150193633624488 
0.1790044441353968 0.150193633624488 
0.1790044441353968 0.150193633624488 
0.14971691903862888 0.18425121722175006 
0.06090861546066914 0.15485880500228277 
0.06090861546066914 0.15485880500228277 
0.06390037821606706 0.16060667129905631 
0.14051506658493826 0.16244142500931028 
0.1740714862249409 0.1765099867093297 
0.11817876251875264 0.17301533434371189 
0.09267863157367201 0.16548073074000477 
0.10345888873854381 0.19004013995905422 
0.1432149449721521 0.17462500451560523 
0.14956547519477856 0.2186770853643366 
0.15033937723830632 0.22079427054293033 
0.15786603936941807 0.22719980466962586 
0.15779712973619434 0.22553446920260486 
0.15779712973619434 0.22553446920260486 
0.15779712973619434 0.22553446920260486 
0.15779712973619434 0.22553446920260486 
0.13953784940827654 0.18293657056358117 
0.15559102794340052 0.16346317250348494 
0.17799185605707865 0.1694287576534012 
0.12789631284333625 0.20426326685196167 
0.12789631284333625 0.20426326685196167 
0.11041139924430272 0.20810572660813048 
0.08926916865886211 0.2080329930575563 
0.11906228044265144 0.1985975453256355 
0.14752248847699967 0.19626309443113296 
0.10845189324231165 0.1799005221734612 
0.13396464686004902 0.18756088629941683 
0.1149586125629914 0.17335583533190457 
0.13778737967108418 0.15525407000247596 
0.17803675165764027 0.1860560987725604 
0.1140310461186009 0.19966599841137983 
0.0758936099145327 0.21841809508233628 
0.0687249643293025 0.22352672860729744 
0.06561168901501041 0.22727363549251042 
0.06561168901501041 0.22727363549251042 
0.06556746860164749 0.23544209784321585 
0.17951527945893067 0.2260623345910957 
0.170679747564517 0.21120483256977407 
0.07311755414421699 0.19430899528584042 
0.16105787710615804 0.18356240303930624 
0.15439787833037466 0.19578961549733043 
0.13959461007104998 0.24156934945717978 
0.13959461007104998 0.24156934945717978 
0.13959461007104998 0.24156934945717978 
0.13959461007104998 0.24156934945717978 
0.1396475618673939 0.23912623993933485 
0.14845399391220895 0.2527147826635456 
0.13878257347062528 0.22615044676204432 
0.13768080064883442 0.2260081015362656 
0.13768080064883442 0.2260081015362656 
0.13768080064883442 0.2260081015362656 
0.13768080064883442 0.2260081015362656 
0.13548048045986374 0.20613942531823742 
0.17631849586988807 0.17760841700369692 
0.11851380879088402 0.1665989885745693 
0.10756310053864578 0.10995339942595571 
0.13638721177172364 0.11103134233492343 
0.1018936773190742 0.1775326939216345 
0.0617679664996535 0.15687734337308554 
0.16776618316396116 0.18605270814208774 
0.06389170729151274 0.17250710373219275 
0.09280337724838525 0.19953876746601862 
0.1660363635869336 0.21825848885748178 
0.1660363635869336 0.21825848885748178 
0.16822913254122568 0.16029506965140108 
0.15406581498189043 0.18255100180748757 
0.11611168063653306 0.2189581921528941 
0.11600894742430243 0.2189361165501481 
0.11600894742430243 0.2189361165501481 
0.09684911088793136 0.1679097640305434 
0.16442934039227639 0.1910670421120827 
0.115210218488464 0.18926394713909442 
0.1569336223973179 0.16607767256293887 
0.1166806252127153 0.17945604404389132 
0.17074455415083045 0.19737015284882453 
0.17074455415083045 0.19737015284882453 
0.17074455415083045 0.19737015284882453 
0.1270367298037952 0.2216399214825569 
0.12553076291798376 0.22451664819482872 
0.12553076291798376 0.22451664819482872 
0.06548783768799477 0.23495748426526433 
0.06548783768799477 0.23495748426526433 
0.06548783768799477 0.23495748426526433 
0.06548783768799477 0.23495748426526433 
0.08760819801055893 0.21585778828540775 
0.1065664785810199 0.1639445302864178 
0.10237954998487084 0.14826200490665237 
0.1006064620321974 0.13764450121982758 
0.07097764348105491 0.10312532915465741 
0.07097764348105491 0.10312532915465741 
0.06879277456244891 0.10405329144516406 
0.06879277456244891 0.10405329144516406 
0.06879277456244891 0.10405329144516406 
0.06879277456244891 0.10405329144516406 
0.06879277456244891 0.10405329144516406 
0.06879277456244891 0.10405329144516406 
0.06879277456244891 0.10405329144516406 
0.07624791415340781 0.11776203361287729 
0.07677750308409156 0.10852968485109034 
0.06935946048787793 0.10364216499324137 
0.07718566749119841 0.1292987966165784 
0.07718566749119841 0.1292987966165784 
0.07361861849015805 0.12449235034603079 
0.06735273234976745 0.1278341548485202 
0.06735273234976745 0.1278341548485202 
0.07525320691907167 0.12135787772129351 
0.07464422839064445 0.11835442352388341 
0.0749390836044344 0.10678255097260368 
0.09991262562980695 0.18220006667875396 
0.15729164989064973 0.2312851146777214 
0.15903591855823218 0.2324710737994723 
0.1625643749367346 0.23491090698246286 
0.1625643749367346 0.23491090698246286 
0.1497281496256722 0.21919380154702234 
0.15053541446980148 0.2170076315361644 
0.1596240200039039 0.21324044694211686 
0.1596240200039039 0.21324044694211686 
0.1295809660457449 0.20989715296108774 
0.11466229266864444 0.2254135202526456 
0.11466229266864444 0.2254135202526456 
0.150140935800188 0.21602547875813324 
0.16249673626234537 0.2235509946196281 
0.16526231609690017 0.2312129275413565 
0.16526231609690017 0.2312129275413565 
0.1775680319054176 0.2404457572556375 
0.08855310079621932 0.16235741340281193 
0.08855310079621932 0.16235741340281193 
0.06767194255317288 0.14217901231274246 
0.06423834654822948 0.1391566968423824 
0.06423834654822948 0.1391566968423824 
0.06423834654822948 0.1391566968423824 
0.06581270382675476 0.14101195540237796 
0.06581270382675476 0.14101195540237796 
0.06581270382675476 0.14101195540237796 
0.06517709844048616 0.14601489238111737 
0.06517709844048616 0.14601489238111737 
0.12243193995840852 0.1714085757932947 
0.08508054881722876 0.18124390562290524 
0.10989519103898691 0.18709145507376124 
0.09765691319597135 0.20748899910230545 
0.09765691319597135 0.20748899910230545 
0.09765691319597135 0.20748899910230545 
0.09765691319597135 0.20748899910230545 
0.15025327313681736 0.15216152431894514 
0.1603132597272414 0.12524548860353008 
0.163281125154072 0.10882268432228565 
0.163281125154072 0.10882268432228565 
0.16643543846226513 0.12756187924843534 
0.16643543846226513 0.12756187924843534 
0.1550895559509497 0.13293715112057086 
0.1550895559509497 0.13293715112057086 
0.13988807056888444 0.13075303528419652 
0.14666183565308405 0.11402947986844014 
0.14666183565308405 0.11402947986844014 
0.14666183565308405 0.11402947986844014 
0.1339669502222314 0.12564018575207903 
0.13517577872706943 0.1250694935908619 
0.16166858722733224 0.17505561064542496 
0.09117970526766778 0.23123541769638206 
0.09117970526766778 0.23123541769638206 
0.0840634689038909 0.24820751725293352 
0.0840634689038909 0.24820751725293352 
0.0840634689038909 0.24820751725293352 
0.11069366468090412 0.2405350014377583 
0.10100481275623138 0.24491339335886653 
0.09636043393616744 0.24899936396957983 
0.09636043393616744 0.24899936396957983 
0.09636043393616744 0.24899936396957983 
0.09636043393616744 0.24899936396957983 
0.09636043393616744 0.24899936396957983 
0.09154422445750102 0.25628230260083357 
0.09154422445750102 0.25628230260083357 
0.09154422445750102 0.25628230260083357 
0.09154422445750102 0.25628230260083357 
0.09154422445750102 0.25628230260083357 
0.09154422445750102 0.25628230260083357 
0.09154422445750102 0.25628230260083357 
0.09298526455016688 0.25551150816622087 
0.09287705585226348 0.24993071309226428 
0.09287705585226348 0.24993071309226428 
0.09287705585226348 0.24993071309226428 
0.09287705585226348 0.24993071309226428 
0.09252348029736217 0.24681936439595864 
0.09252348029736217 0.24681936439595864 
0.10533091941859767 0.22061186116672898 
0.10507239857654148 0.17515437445364412 
0.16737093112267798 0.17964515001579917 
0.1052857833129415 0.17218409511721086 
0.1215020798123838 0.17490778940446472 
0.08319100706130687 0.17609380080759401 
0.13972788322004426 0.19211046098153786 
0.14511879976859107 0.19580758614136137 
0.11780669070059907 0.15188241761948698 
0.09357216736355685 0.16066600691287442 
0.06925482213199609 0.18520250291265666 
0.06455735447017363 0.16241602190381751 
0.14523764021457275 0.18302809187584382 
0.16175861240063613 0.20779633440629872 
0.10280507494496569 0.15580095084088053 
0.06274408395720343 0.1881761410279614 
0.12014459640295494 0.177493431510856 
0.08762366357109815 0.18226956473222639 
0.14363303417428558 0.17264690130090612 
0.15771715642599063 0.19420083642678798 
0.15523753490512276 0.18995451902495175 
0.12366309115277373 0.17532618974659286 
0.12098620257188444 0.15662277796453458 
0.12098620257188444 0.15662277796453458 
0.07837700758632751 0.17059712065690763 
0.16667580451415204 0.17200501777023683 
0.09757327341964078 0.19737473551631118 
0.1009877117292313 0.20085018026736393 
0.09662165142080142 0.209164614695998 
0.1732240516282847 0.16352999171460197 
0.1100657633307528 0.19261474113006613 
0.15281742299263482 0.168144614313463 
0.13678695491597997 0.13718230632885803 
0.13678695491597997 0.13718230632885803 
0.12441410911187285 0.1458262923283576 
0.12441410911187285 0.1458262923283576 
0.11849304977904013 0.13377688032205381 
0.11968437207417788 0.14662026543781936 
0.1578447799392006 0.18992086088625035 
0.11337977889682457 0.16358900647128283 
0.13440484967790084 0.12229339381868373 
0.11758046194122848 0.1589265290849418 
0.0920522814707872 0.21482186331275793 
0.11304026814355889 0.20406889492457295 
0.11225270361043481 0.20790580152717222 
0.1606287160270919 0.16963069435793846 
0.1635824953746448 0.14853479632542543 
0.1635824953746448 0.14853479632542543 
0.16055552986094457 0.12303751104637671 
0.16892687535075665 0.10168439473830714 
0.12939969524493075 0.1308107916909786 
0.1313526728735851 0.12068095687187241 
0.13240273385865176 0.11973227215452967 
0.1348643980099418 0.14592533795423815 
0.17731891283452367 0.22860574786538132 
0.1772113762143293 0.22708129821800307 
0.15244197986195007 0.21906966485038037 
0.13244348581960513 0.1974891171660798 
0.1214997235121041 0.15310622214144 
0.1313700648908595 0.2010804881720999 
0.16685240185596367 0.22911391423442526 
0.16685240185596367 0.22911391423442526 
0.16991280820039623 0.23336410094902904 
0.16682258892720736 0.23641854270532345 
0.16682258892720736 0.23641854270532345 
0.16548416261663382 0.23622721705602076 
0.16548416261663382 0.23622721705602076 
0.16548416261663382 0.23622721705602076 
0.16548416261663382 0.23622721705602076 
0.07356219776942466 0.18471523873723997 
0.07682746282677073 0.2313415554183481 
0.0784085444211628 0.21160337645060534 
0.07626499639911646 0.2069664294762825 
0.10690888747976185 0.21418195893654365 
0.10690888747976185 0.21418195893654365 
0.08656299880351026 0.1638003458144096 
0.12719629159524956 0.17993107698485356 
0.16214658762504 0.16556433261612274 
0.07196920668768986 0.18026696692268762 
0.08168985449658578 0.1663053271220533 
0.13165779922860782 0.17007182460375636 
0.101726288240952 0.151190548003786 
0.10329432740914084 0.14414658428655747 
0.08862279579081317 0.14702054782574964 
0.08862279579081317 0.14702054782574964 
0.13109758654520076 0.18149026154686296 
0.0785166266962065 0.16452131869139464 
0.0785166266962065 0.16452131869139464 
0.06585520610292997 0.17274348238031553 
0.17630229258991148 0.18511946413865502 
0.12232332547067998 0.19386626628651155 
0.08600408825872687 0.19058369006359155 
0.1267511993445936 0.14758089169109853 
0.1324887591545575 0.14317355910619803 
0.13655946306515787 0.1387332152603606 
0.14297164766637221 0.1376082615945765 
0.14297164766637221 0.1376082615945765 
0.14339989052044821 0.13659294789388574 
0.14339989052044821 0.13659294789388574 
0.16270199671534039 0.12506673251714054 
0.16890484286440785 0.12338928157168674 
0.16890484286440785 0.12338928157168674 
0.16890484286440785 0.12338928157168674 
0.16890484286440785 0.12338928157168674 
0.17493501022754238 0.11669946938263653 
0.17482082781198474 0.11610134970066036 
0.17482082781198474 0.11610134970066036 
0.1751511786842861 0.11546770165563897 
0.1751511786842861 0.11546770165563897 
0.1751511786842861 0.11546770165563897 
0.1751511786842861 0.11546770165563897 
0.17639292092990416 0.11155615346850001 
0.17639292092990416 0.11155615346850001 
0.17639292092990416 0.11155615346850001 
0.1573867337382484 0.1064399743694603 
0.14876601888047533 0.14025708662423808 
0.17531374815028417 0.11603306002281516 
0.17179184807148234 0.14055229799220334 
0.17179184807148234 0.14055229799220334 
0.17935201813501128 0.12327114500402256 
0.17935201813501128 0.12327114500402256 
0.17935201813501128 0.12327114500402256 
0.15508795931174663 0.14545853217174445 
0.1564833021570503 0.14119462654888212 
0.15055438835587284 0.14108000939004628 
0.16029642925563514 0.11803841288353187 
0.1293936073780004 0.1261149848729112 
0.14254624982360592 0.12971339659852438 
0.14254624982360592 0.12971339659852438 
0.14428310953264822 0.13113240291293368 
0.14921485969411138 0.12860145238631618 
0.14921485969411138 0.12860145238631618 
0.14921485969411138 0.12860145238631618 
0.16275349971050823 0.13621846323765346 
0.15889373356448191 0.09582039213222449 
0.15889373356448191 0.09582039213222449 
0.12118560261224279 0.12235525178796033 
0.1333267161762627 0.11722048841004168 
0.13104898427279163 0.10153630838683901 
0.1272867796968454 0.11183512787225199 
0.1272867796968454 0.11183512787225199 
0.1272867796968454 0.11183512787225199 
0.12419956998957461 0.09669649937152343 
0.12419956998957461 0.09669649937152343 
0.11821488963723441 0.11735379787300354 
0.116037437806182 0.13854741193926237 
0.116037437806182 0.13854741193926237 
0.11270421068768773 0.14759826898229714 
0.1340228475187709 0.1582433514874609 
0.11430563413337372 0.14546756079698914 
0.11430563413337372 0.14546756079698914 
0.16663810446819824 0.17569062542490016 
0.16325549109595447 0.17199795924996264 
0.16663482639331828 0.09899939231071225 
0.16088914790908318 0.12286470469437563 
0.15655625326021208 0.12172799924267551 
0.15655625326021208 0.12172799924267551 
0.15655625326021208 0.12172799924267551 
0.15579305470760121 0.1371857475376173 
0.1459899116562777 0.1473057640976441 
0.12134590363115505 0.129301099116027 
0.12134590363115505 0.129301099116027 
0.12134590363115505 0.129301099116027 
0.108242738106802 0.13091636584239247 
0.108242738106802 0.13091636584239247 
0.10606884873345127 0.12923499763013213 
0.10948307364818088 0.13899811388152866 
0.10609794354073535 0.13933666790273658 
0.10609794354073535 0.13933666790273658 
0.17815427872337158 0.1652137726615815 
0.1788301454001327 0.15778275812091194 
0.12509880171886434 0.1655690662654849 
0.11742128465446605 0.12960436651667528 
0.12369085279481906 0.1270457482672793 
0.14014188530102067 0.1164641191828867 
0.17586182769608416 0.09685949058539205 
0.1539258951510662 0.11823573275519372 
0.15068256162369076 0.13558942319448103 
0.1486165137764326 0.13816259324008773 
0.14302467387057535 0.14568590017234004 
0.1406404588655378 0.14678888104437077 
0.1406404588655378 0.14678888104437077 
0.14903367781562793 0.13132114605360817 
0.14296198635706547 0.1469794937394947 
0.1410197424682892 0.14864147756936022 
0.1405144897975485 0.14985151535479801 
0.18092075794456475 0.15229240411851092 
0.1374901187412364 0.20133637230278373 
0.14742672005091342 0.2312769667005161 
0.14742672005091342 0.2312769667005161 
0.14742672005091342 0.2312769667005161 
0.14742672005091342 0.2312769667005161 
0.14054605511955837 0.2306917375394344 
0.14860758448656952 0.23573846288376582 
0.14781899130942147 0.23307818160089386 
0.14781899130942147 0.23307818160089386 
0.14781899130942147 0.23307818160089386 
0.16274464389802717 0.15446620328522961 
0.16837674071091413 0.12494644973954734 
0.17385502287272925 0.11059975501048484 
0.17437856302224733 0.13933984348406026 
0.1741561237993835 0.1441309135935464 
0.10340418898819931 0.17880037680066388 
0.11382695728329643 0.2005323667556208 
0.12405217542103117 0.2099397557143488 
0.12405217542103117 0.2099397557143488 
0.12391994999315999 0.2101113047496043 
0.08237487060811022 0.1962823953866778 
0.08237487060811022 0.1962823953866778 
0.0722536230125953 0.21945590576423554 
0.0722536230125953 0.21945590576423554 
0.0635759328183301 0.22052770094416166 
0.11517986072941458 0.17990141340874202 
0.1549062810644723 0.17499506729423553 
0.06735470130212015 0.2098826355658658 
0.08022981558939629 0.2129346546995312 
0.08022981558939629 0.2129346546995312 
0.10503072761235144 0.21921732473354463 
0.098966471628761 0.19880599680280533 
0.15693271361090852 0.21309084515393972 
0.10258408305675132 0.16685294485400282 
0.09338154065701432 0.17898348067525244 
0.0763396876476768 0.17202081342019834 
0.15587863890652187 0.1592430067142006 
0.17197938609702906 0.23168480909821318 
0.17197938609702906 0.23168480909821318 
0.17124964640821838 0.22947461324619411 
0.17124964640821838 0.22947461324619411 
0.16158283494488254 0.19460327158209947 
0.09326270491228872 0.1836865768409424 
0.17425348348688788 0.1584366479441045 
0.1505189060036946 0.19658042657331817 
0.11468679134784875 0.20219314725495818 
0.10652264826179905 0.2030322708401411 
0.17513892807417944 0.20064314197222982 
0.12528662409073288 0.16797276647312342 
0.12373296633758066 0.19174063035675834 
0.11569081120899562 0.2531881470256625 
0.11963211337725169 0.2422416895618111 
0.1141417073904944 0.23231907530890838 
0.1141417073904944 0.23231907530890838 
0.1141417073904944 0.23231907530890838 
0.11096796985359356 0.24793685001566423 
0.10827925559817086 0.2505039440633022 
0.13345694259606275 0.25601224573667 
0.13345694259606275 0.25601224573667 
0.13345694259606275 0.25601224573667 
0.13345694259606275 0.25601224573667 
0.13345694259606275 0.25601224573667 
0.14272539216555974 0.2454066240453272 
0.15235841061747554 0.18891213053609068 
0.126898471717523 0.19018021681459632 
0.126898471717523 0.19018021681459632 
0.07673591143040569 0.2354012882235767 
0.07673591143040569 0.2354012882235767 
0.07673591143040569 0.2354012882235767 
0.07461296512596988 0.23197001378380178 
0.07461296512596988 0.23197001378380178 
0.07461296512596988 0.23197001378380178 
0.07461296512596988 0.23197001378380178 
0.06939231738342315 0.23859693371552795 
0.06822892375057257 0.24110255460276947 
0.06822892375057257 0.24110255460276947 
0.06822892375057257 0.24110255460276947 
0.06822892375057257 0.24110255460276947 
0.06822892375057257 0.24110255460276947 
0.06804946877827245 0.24146031213964936 
0.06804946877827245 0.24146031213964936 
0.0656006147067745 0.2406531480851168 
0.10313301631048506 0.21893607415325508 
0.10713685793331608 0.20466278837931728 
0.1781523623936333 0.21787809643842806 
0.10576157639685134 0.148823535993793 
0.12725757716635622 0.17561490664115123 
0.16437236946524134 0.16053762983662814 
0.14200985694044557 0.1743876183836649 
0.08501253427198086 0.22500049719517745 
0.08501253427198086 0.22500049719517745 
0.08501253427198086 0.22500049719517745 
0.08950297659992587 0.22187080842151902 
0.08950297659992587 0.22187080842151902 
0.07561412618703779 0.217577304007013 
0.08312467642065703 0.19697480968575481 
0.08481346352198148 0.20133417676344614 
0.07905453156828353 0.20446718497889085 
0.15138210987810585 0.15034269161092062 
0.1523732425497739 0.15640739870123282 
0.1046198434724894 0.1823217501894328 
0.11417650458246094 0.17744141591267207 
0.1630459134788063 0.16674917464619968 
0.15357640189695476 0.2364026809142238 
0.15357640189695476 0.2364026809142238 
0.15357640189695476 0.2364026809142238 
0.14957446341121 0.2368899311756589 
0.13149447790527014 0.2331735001652256 
0.1425902363080108 0.23991842766910654 
0.1376427293201231 0.24014160753761865 
0.14037199525690408 0.16341045004296295 
0.15136677633887002 0.15476144521071317 
0.1753084807330682 0.19151922128124632 
0.06587525382850845 0.16399173036348316 
0.09690606624243583 0.17016649647803608 
0.16404662475682352 0.1553746551642565 
0.135173167595194 0.19349832525932897 
0.07164654142952472 0.19081311252270114 
0.08624069633126466 0.17140281735004137 
0.08851980982114499 0.2027247063965412 
0.11668075084677723 0.2240187271124671 
0.11668075084677723 0.2240187271124671 
0.1193128256025077 0.2240112620899281 
0.11235643427978345 0.24438621307928754 
0.12989901732806153 0.20187492448435254 
0.10618729647834313 0.21765473923136752 
0.0822760713640102 0.21517769116321772 
0.0822760713640102 0.21517769116321772 
0.0819026258224902 0.2187840485846738 
0.09939446000123368 0.19650295321620823 
0.11358221862361004 0.18639564691563043 
0.09827819470324838 0.21352965506226207 
0.1114051811098309 0.22486279561146313 
0.1114051811098309 0.22486279561146313 
0.1114051811098309 0.22486279561146313 
0.1096882501066232 0.23327193456065332 
0.0874119165221363 0.25628520087066387 
0.0874119165221363 0.25628520087066387 
0.0874119165221363 0.25628520087066387 
0.0874119165221363 0.25628520087066387 
0.0874119165221363 0.25628520087066387 
0.11005820582930578 0.23828788114188482 
0.13158286914918954 0.23022710813940156 
0.13158286914918954 0.23022710813940156 
0.17110293785245745 0.17602988257901234 
0.11685912110833839 0.17793777865513244 
0.16977757943360053 0.1817865888988333 
0.14220783609740376 0.1754799992894914 
0.07220571181394193 0.1816470419033358 
0.08155435369796779 0.16535183546614812 
0.14803319458596376 0.16299562371318288 
0.17665578744516353 0.12942007638640918 
0.1699330714545108 0.1381890394305433 
0.13289440479002235 0.16992215998190283 
0.1266298478737907 0.21864145063302687 
0.12225492131040794 0.22092483617457942 
0.12225492131040794 0.22092483617457942 
0.11992637153354019 0.22776947364584452 
0.1014848446265362 0.23614760665876297 
0.1067137055008611 0.2265899482776591 
0.13600048316989946 0.22045095134975487 
0.14532262777819882 0.2317916583797257 
0.1460466461071417 0.23732667326365564 
0.1460466461071417 0.23732667326365564 
0.136110072449327 0.2343053096322799 
0.1340936218411283 0.2368703947613504 
0.1340936218411283 0.2368703947613504 
0.1331801047935444 0.2351184385862492 
0.1318980955331658 0.2326270579754004 
0.1318980955331658 0.2326270579754004 
0.13096933195569674 0.23519592978744197 
0.12662155340387832 0.2181887482966681 
0.1407920467250637 0.1906981590599299 
0.09960274414637951 0.16299153555061108 
0.09613392597061292 0.15268735236892958 
0.1333676757191303 0.21720017492546884 
0.09238341757530269 0.1746336008887144 
0.11575824838854229 0.1928441721986877 
0.11575824838854229 0.1928441721986877 
0.08820293795581992 0.15487969053707695 
0.09349727470713823 0.1979198329383264 
0.15151148701154432 0.19974134784360353 
0.11782507814293408 0.18206128631981083 
0.129196830017895 0.18509906480656976 
0.14245574670757394 0.1531440971297526 
0.09050161301550994 0.1845166399189947 
0.1291448112436256 0.20435213118183326 
0.13390663463477373 0.20372235900253782 
0.12560579719133216 0.2132836502492924 
0.13410542073225573 0.21187042862087735 
0.1604990417058687 0.20868074857082097 
0.1604990417058687 0.20868074857082097 
0.1604990417058687 0.20868074857082097 
0.1442219233420867 0.14936812382200274 
0.14110775117169327 0.15065596931537523 
0.11759411747175447 0.19566916253773678 
0.061947899537710835 0.23139729408432275 
0.07105307810513006 0.2255097724575602 
0.07388872207920658 0.22594688157719753 
0.06583862175027075 0.22548296729814316 
0.06583862175027075 0.22548296729814316 
0.06738451841349664 0.21814920196551593 
0.07168855673912575 0.21459639895007043 
0.07168855673912575 0.21459639895007043 
0.13558824073901118 0.17628139470200088 
0.13688171141623756 0.1998704165217088 
0.1322483051323564 0.19814970603978643 
0.12142939372482711 0.22974302151071285 
0.15866750840998955 0.235018864407369 
0.15866750840998955 0.235018864407369 
0.13729611769102915 0.22805253915926196 
0.13729611769102915 0.22805253915926196 
0.07479425439745072 0.23383707912523288 
0.11239164970385586 0.2093791034380662 
0.06989096459054105 0.23679392702693713 
0.06989096459054105 0.23679392702693713 
0.06989096459054105 0.23679392702693713 
0.06989096459054105 0.23679392702693713 
0.06989096459054105 0.23679392702693713 
0.06989096459054105 0.23679392702693713 
0.06989096459054105 0.23679392702693713 
0.06750941256958898 0.23982632970868556 
0.09012821910796837 0.21264552349967664 
0.09012821910796837 0.21264552349967664 
0.09410554522161216 0.24608531950919357 
0.10688467206583493 0.2315531085300363 
0.09831601960446401 0.25286285253437557 
0.09958607866821977 0.2504265243716317 
0.09958607866821977 0.2504265243716317 
0.09958607866821977 0.2504265243716317 
0.10153153820066449 0.2488651064898495 
0.10153153820066449 0.2488651064898495 
0.10153153820066449 0.2488651064898495 
0.09709506885363053 0.2076466014941653 
0.16558216647211615 0.22159718879023196 
0.16558216647211615 0.22159718879023196 
0.16392239367377068 0.21866033499626328 
0.17061459874210483 0.2527217824640459 
0.17061459874210483 0.2527217824640459 
0.17061459874210483 0.2527217824640459 
0.17061459874210483 0.2527217824640459 
0.17061459874210483 0.2527217824640459 
0.16896749152114285 0.2512977285479182 
0.16896749152114285 0.2512977285479182 
0.15819066103064736 0.21399949042989252 
0.16332590958216708 0.21389955481244072 
0.166445511724651 0.22724014564374265 
0.166445511724651 0.22724014564374265 
0.1559946860786545 0.22087601543735905 
0.156857483572972 0.223627377356047 
0.13674639211962236 0.22974720794041464 
0.13674639211962236 0.22974720794041464 
0.1264575097612977 0.23326728872172678 
0.1601124095461996 0.2213778423041549 
0.1601124095461996 0.2213778423041549 
0.1601124095461996 0.2213778423041549 
0.16000445924295578 0.22071820200871567 
0.15964485550634372 0.22081171478244432 
0.15964485550634372 0.22081171478244432 
0.15964485550634372 0.22081171478244432 
0.15964485550634372 0.22081171478244432 
0.15964485550634372 0.22081171478244432 
0.17565989623567302 0.2117194078962118 
0.17565989623567302 0.2117194078962118 
0.1660569377920602 0.21610484377146147 
0.1660569377920602 0.21610484377146147 
0.1653958651577711 0.15478079065496364 
0.1653958651577711 0.15478079065496364 
0.15691744520437817 0.17745352636321982 
0.07072684394130674 0.18150550413087163 
0.07711443092739736 0.19848504553422663 
0.07532619472440544 0.2067670725174564 
0.07385802782350254 0.21290107016030288 
0.0791982607330078 0.2034947965141399 
0.0791982607330078 0.2034947965141399 
0.066904352778209 0.2149481247644141 
0.066904352778209 0.2149481247644141 
0.07797827479882746 0.21465689838486002 
0.12632687792937258 0.21562706183299285 
0.1226317821312249 0.15712608943573234 
0.14338397479905124 0.15442993679458913 
0.1771818955223246 0.1514855188714836 
0.11974072976605035 0.18992004071873592 
0.08162369988259957 0.19275797522071073 
0.17680939924142636 0.18687073541742602 
0.15110936135052494 0.16611486877392298 
0.157392753578303 0.15133511531486554 
0.157392753578303 0.15133511531486554 
0.10262858640076433 0.21214122569189453 
0.10262858640076433 0.21214122569189453 
0.06856214781186311 0.23021360929288168 
0.06856214781186311 0.23021360929288168 
0.06856214781186311 0.23021360929288168 
0.15124470858692393 0.18596585192127704 
0.17816464541113125 0.17056504263712166 
0.08406497931968106 0.1721992193742264 
0.06690600755368428 0.16176684176448514 
0.09382277055202598 0.1695140209966748 
0.10415263169363319 0.16405248331484454 
0.06938356821303751 0.16139615307372324 
0.14322462836411445 0.17473532150148557 
0.08530155398315184 0.21445049759520315 
0.09280274941135701 0.21742517275820114 
0.09280274941135701 0.21742517275820114 
0.0652802625020426 0.24306646431209528 
0.0652802625020426 0.24306646431209528 
0.0652802625020426 0.24306646431209528 
0.0652802625020426 0.24306646431209528 
0.0652802625020426 0.24306646431209528 
0.0652802625020426 0.24306646431209528 
0.0652802625020426 0.24306646431209528 
0.08062944702874568 0.2386171986002372 
0.08062944702874568 0.2386171986002372 
0.0773462648416039 0.23985962901037314 
0.0773462648416039 0.23985962901037314 
0.0773462648416039 0.23985962901037314 
0.0773462648416039 0.23985962901037314 
0.0773462648416039 0.23985962901037314 
0.07775830505865211 0.23963207494118763 
0.07775830505865211 0.23963207494118763 
0.07775830505865211 0.23963207494118763 
0.16842389856941012 0.18789873677696345 
0.14102539929251526 0.17111349246643187 
0.17269917246028904 0.17427332136452325 
0.16255479451817417 0.21217769430598998 
0.16621295373801273 0.24104396602055805 
0.1469116464972397 0.24206871505642846 
0.16349923550299397 0.18875886321480642 
0.17923609822611386 0.15473986303661433 
0.17923609822611386 0.15473986303661433 
0.18004877405254882 0.13158202780241465 
0.168172264360724 0.14034232632668334 
0.168172264360724 0.14034232632668334 
0.17129475259291593 0.1304739859949497 
0.17129475259291593 0.1304739859949497 
0.17129475259291593 0.1304739859949497 
0.17129475259291593 0.1304739859949497 
0.17129475259291593 0.1304739859949497 
0.17129475259291593 0.1304739859949497 
0.17129475259291593 0.1304739859949497 
0.17129475259291593 0.1304739859949497 
0.17129475259291593 0.1304739859949497 
0.17476627337791348 0.12139886716612232 
0.17392118628747041 0.1380026999219346 
0.1774915940297948 0.128132121826359 
0.1774915940297948 0.128132121826359 
0.1739184846558908 0.1714355163349316 
0.0879582995464007 0.17444866418647934 
0.06440243115162586 0.1392738113444392 
0.0636378272732939 0.1389912592463614 
0.06377796335978807 0.14939502735988697 
0.06377796335978807 0.14939502735988697 
0.1400667883950062 0.15717560234269193 
0.11909783513089528 0.21457609785808773 
0.12021047607139207 0.17596582297263602 
0.16381611532705226 0.18547363570198988 
0.12137651712440146 0.2083201839039847 
0.09485756704681594 0.1783441967810226 
0.11247361871323634 0.1689894183091833 
0.1663996880290488 0.1758626379655162 
0.08381987160422429 0.17705487007779835 
0.08632227146422304 0.19765671973179408 
0.07641615495272025 0.1560422492067123 
0.10982470647816153 0.18815795097684432 
0.13696658664813813 0.22451109130496538 
0.14325655836612203 0.21637238404306097 
0.14784060734555932 0.1593471222273744 
0.06908044070272869 0.14943248362206812 
0.07926928702771703 0.1937937316961031 
0.11238191297153916 0.15141683521637944 
0.17987385524565178 0.23474936655524423 
0.17773251628351713 0.23348293383707833 
0.1779374215437741 0.22931800021160686 
0.1779374215437741 0.22931800021160686 
0.15969876390119064 0.21055807034315516 
0.15969876390119064 0.21055807034315516 
0.10750310685283274 0.16535911903005968 
0.15436726616218752 0.15903538922245494 
0.1506198730037413 0.15654595437884805 
0.12217558471702228 0.17601166131418702 
0.09870292833545068 0.17813754048246838 
0.16387864866253 0.18463149492392306 
0.16987095728846 0.1884972071822638 
0.06392401990424583 0.17032064663222518 
0.08859110439438736 0.18136982614784794 
0.08903657317208104 0.16935075680406192 
0.15205987990968445 0.1572729892347664 
0.08571027506806844 0.19642907254996056 
0.0757073662995414 0.2019582443320343 
0.0757073662995414 0.2019582443320343 
0.1360937699892113 0.15653931828439538 
0.16818877044073718 0.19193158099494725 
0.17693494183862135 0.1995027726250016 
0.17693494183862135 0.1995027726250016 
0.17693494183862135 0.1995027726250016 
0.11974820345654018 0.2213337589434391 
0.09985107354180528 0.2193323514642477 
0.09985107354180528 0.2193323514642477 
0.09985107354180528 0.2193323514642477 
0.075227899280235 0.23672231329449545 
0.075227899280235 0.23672231329449545 
0.0611533602921501 0.24210627516390015 
0.0611533602921501 0.24210627516390015 
0.07020416110524325 0.22695152206032848 
0.07020416110524325 0.22695152206032848 
0.07020416110524325 0.22695152206032848 
0.06375986565454962 0.17059936063663358 
0.1643878035700334 0.16901371381951358 
0.14359030538352419 0.15615127401367157 
0.06612830624845399 0.24222655574507096 
0.06612830624845399 0.24222655574507096 
0.06612830624845399 0.24222655574507096 
0.07531788967792623 0.23715144923794898 
0.06925685488605823 0.2468174086037964 
0.08839699862792443 0.22782338158761944 
0.11252597393183975 0.23601475759839358 
0.17887903774933622 0.16898457340910042 
0.16027108256834624 0.15810281129971188 
0.1538598515981642 0.14785024257281398 
0.15202235618494095 0.19572256201375887 
0.160587287654573 0.19439335596150215 
0.07202898130182794 0.17817327864766536 
0.15169965664314256 0.14739300075061784 
0.10186872754239874 0.1751483954177353 
0.09764034142646653 0.15773120208210958 
0.16341945504747804 0.18519518635990972 
0.08718171248109026 0.2018711841716316 
0.08674972673905466 0.20028030782636103 
0.14994200891645595 0.20849060091729704 
0.17981371119109502 0.20605556620626778 
0.10466128171564855 0.18301866440458903 
0.06208129578105989 0.20951736078486488 
0.06208129578105989 0.20951736078486488 
0.13875658327882961 0.16859152192955895 
0.07538962422637567 0.19112179857486303 
0.0696840641622103 0.20966735203006232 
0.0696840641622103 0.20966735203006232 
0.06411539035273695 0.21486356220583477 
0.06411539035273695 0.21486356220583477 
0.06411539035273695 0.21486356220583477 
0.1574779518714862 0.21436204212751564 
0.1574779518714862 0.21436204212751564 
0.12010765817438718 0.15460284763300705 
0.12010765817438718 0.15460284763300705 
0.07380905761177062 0.18191484357050913 
0.15878503050704834 0.16709341345642237 
0.11915586375141389 0.16356464162310577 
0.113441333617158 0.15050034791069636 
0.14935597164888537 0.21588826368017822 
0.13788503739212132 0.19988556619504222 
0.11887808811961524 0.20306563326944843 
0.11887808811961524 0.20306563326944843 
0.11099133940462469 0.18092368972980583 
0.14374730433455246 0.18759737522498302 
0.1363847113083359 0.1912206949871873 
0.10083573537230048 0.16427191172905456 
0.07982350792638007 0.18418329827835686 
0.1455063013744912 0.1818868356465921 
0.16915707632415747 0.18132554353798094 
0.09040284480323635 0.16050127147366905 
0.17535191400878336 0.17292114135943049 
0.15335096515971375 0.16532715012089091 
0.07603547713511485 0.19762943888575205 
0.10965663080808438 0.17487079450884657 
0.12201021242715228 0.15095723607344316 
0.12201021242715228 0.15095723607344316 
0.1632178322661887 0.2430574506444528 
0.16246163738761604 0.2514786424575186 
0.16246163738761604 0.2514786424575186 
0.16349631073852053 0.23477100250581787 
0.16349631073852053 0.23477100250581787 
0.06105706113247626 0.21570729612786932 
0.06105706113247626 0.21570729612786932 
0.06105706113247626 0.21570729612786932 
0.06105706113247626 0.21570729612786932 
0.06105706113247626 0.21570729612786932 
0.06156921620152063 0.2056329405057485 
0.17180754722779598 0.1888940734341648 
0.12874396553913603 0.17721420283558445 
0.0884052446871664 0.20105535541349284 
0.0884052446871664 0.20105535541349284 
0.1634520736629963 0.20135988721922404 
0.1634520736629963 0.20135988721922404 
0.13913856889553167 0.15594093507230336 
0.136830736613459 0.16248237297159634 
0.162618720998426 0.2148028550533263 
0.06852837884020166 0.15530202062151882 
0.06852837884020166 0.15530202062151882 
0.12687223022467334 0.15640986938594192 
0.12562263958059094 0.15740351420228557 
0.0939640862029486 0.12120217269665946 
0.0939640862029486 0.12120217269665946 
0.10081886881759133 0.11670685945653458 
0.10081886881759133 0.11670685945653458 
0.1062907039504373 0.12755268983635534 
0.11009297927149966 0.12999169453161585 
0.11009297927149966 0.12999169453161585 
0.09793923618020138 0.11969469177495898 
0.10117504330489387 0.11366241293708479 
0.10117504330489387 0.11366241293708479 
0.09210416077637647 0.10239734176594906 
0.09210416077637647 0.10239734176594906 
0.09814268004184515 0.10851626800920525 
0.17481069210716374 0.19104742563383137 
0.07549235353928523 0.1957679148600484 
0.07179302600332438 0.19089472602571608 
0.06361282861626531 0.21012089716474577 
0.07001869860829332 0.15758991646552703 
0.15287255681750667 0.20300036285806675 
0.15287255681750667 0.20300036285806675 
0.15293904286792226 0.2030224116229888 
0.13707797051828768 0.19097144237056568 
0.1272671640882081 0.1880397054171447 
0.1271774789679984 0.1746659538507749 
0.18124632734241106 0.17165861147539968 
0.0865683809671578 0.1573298822228482 
0.1774411257027378 0.24481981191981453 
0.16872365896776456 0.24001625227678308 
0.16969193367420915 0.24333955918052336 
0.16969193367420915 0.24333955918052336 
0.16067459088953284 0.23075675829419512 
0.16067459088953284 0.23075675829419512 
0.16095120110843836 0.23204082249169367 
0.16095120110843836 0.23204082249169367 
0.16337850373414897 0.15204738114367536 
0.14036235586425114 0.16850164482766194 
0.16661125053009712 0.18233719709101237 
0.16685305679818024 0.2400380394351816 
0.1794005290811902 0.24393907761091604 
0.1606038694964621 0.24271160114328286 
0.1606038694964621 0.24271160114328286 
0.16777317308654266 0.2504329171565077 
0.16777317308654266 0.2504329171565077 
0.16777317308654266 0.2504329171565077 
0.16777317308654266 0.2504329171565077 
0.16777317308654266 0.2504329171565077 
0.16777317308654266 0.2504329171565077 
0.16777317308654266 0.2504329171565077 
0.16777317308654266 0.2504329171565077 
0.16777317308654266 0.2504329171565077 
0.16777317308654266 0.2504329171565077 
0.16777317308654266 0.2504329171565077 
0.16777317308654266 0.2504329171565077 
0.16777317308654266 0.2504329171565077 
0.16777317308654266 0.2504329171565077 
0.16777317308654266 0.2504329171565077 
0.1675687088650504 0.25135197211643134 
0.1675687088650504 0.25135197211643134 
0.1675687088650504 0.25135197211643134 
0.16740277903097606 0.254040082826267 
0.16740277903097606 0.254040082826267 
0.1440383711558841 0.21920843650283806 
0.1440383711558841 0.21920843650283806 
0.1440383711558841 0.21920843650283806 
0.1440383711558841 0.21920843650283806 
0.09331924455627746 0.21653436958864322 
0.09315580600974037 0.21221082793052748 
0.09315580600974037 0.21221082793052748 
0.09217697872059727 0.2090950339492995 
0.09216830454464993 0.20822265758047687 
0.08794991050613961 0.21242319886607156 
0.17242785041834496 0.2139136534954023 
0.14692834434193716 0.2198439119044518 
0.16348894443772463 0.2392388888243702 
0.16537770478450828 0.24301971307966763 
0.16537770478450828 0.24301971307966763 
0.16537770478450828 0.24301971307966763 
0.16263194923182556 0.2335175323918221 
0.06151428639303337 0.21929818371592505 
0.14127322738623804 0.16938968405050384 
0.08012397078067306 0.16502872038349126 
0.08313901093941409 0.20210324417391098 
0.15040510960897083 0.16332327749858405 
0.15040510960897083 0.16332327749858405 
0.15040510960897083 0.16332327749858405 
0.17366380925328706 0.21825604345624816 
0.171702282316246 0.21943749476824925 
0.1706833280049896 0.23720311333806443 
0.1706833280049896 0.23720311333806443 
0.14757205303186974 0.23746449418796917 
0.14377842523485715 0.24492506582367657 
0.11863790815690446 0.20508900488518653 
0.11326814159576215 0.20077480977222573 
0.08400749491510856 0.1689562779809774 
0.10300997679024033 0.16424250367785992 
0.13407644190734894 0.18544310103215575 
0.1024641922729777 0.16927715826809067 
0.15119188541185463 0.19243785436904487 
0.1544878205128971 0.19661269239669052 
0.08613042655671374 0.16437225653142695 
0.06488902657488631 0.1945982224488587 
0.17198242241531186 0.21916403244227464 
0.15947901656062893 0.2267390782369823 
0.15573353600734374 0.22831319091073604 
0.15573353600734374 0.22831319091073604 
0.15329499107278116 0.22939233949047308 
0.1665914995484497 0.19984802022505954 
0.1552709262509939 0.21258230079151214 
0.16048495248054215 0.21362081952565604 
0.15026236514106034 0.20833728064636015 
0.15026236514106034 0.20833728064636015 
0.06178526763841989 0.1552735517539328 
0.11463749978061698 0.17512390521291818 
0.13418338548898856 0.15164768726046107 
0.10110577496910213 0.18332655214202082 
0.06387713576012569 0.19457993735422796 
0.10555733475620277 0.1608445773607032 
0.13780938736674397 0.21641727853110232 
0.13675845359326014 0.21483618949454558 
0.13804713288173795 0.22975018645979486 
0.13800668618447237 0.2303563338311017 
0.13794124377539854 0.23030849728248687 
0.13794124377539854 0.23030849728248687 
0.1451045320315386 0.24282604925137669 
0.14778396319557924 0.2433810283383684 
0.11789305466043369 0.2103731992989632 
0.0764147129926531 0.24142777301925328 
0.0764147129926531 0.24142777301925328 
0.0764147129926531 0.24142777301925328 
0.0764147129926531 0.24142777301925328 
0.0764147129926531 0.24142777301925328 
0.08894899499553345 0.2351990913389492 
0.08574439066289082 0.22651298810742176 
0.09667411207939818 0.18609328075886483 
0.10619435094406425 0.21370267220937894 
0.10565575697198629 0.18582888133859396 
0.10565575697198629 0.18582888133859396 
0.13640120057995278 0.1806309920992101 
0.11493661862675109 0.16860139001075525 
0.1478402197973403 0.11704546148492953 
0.15215373915625868 0.11861995877103038 
0.13533720185935783 0.1496495478403484 
0.12519161048528119 0.15989571276764064 
0.16710713464523283 0.15571090267305066 
0.16710713464523283 0.15571090267305066 
0.07083832534008029 0.20172419465200206 
0.12183752600470368 0.1703049516218917 
0.10499689022456918 0.12656319538013558 
0.10499689022456918 0.12656319538013558 
0.09908902733740882 0.1251690155472605 
0.10303607982719656 0.1084560947264778 
0.10303607982719656 0.1084560947264778 
0.1224875561625336 0.12353049149648085 
0.12608348270862643 0.13100628076670132 
0.1415781895079827 0.13646914841227825 
0.1415781895079827 0.13646914841227825 
0.1415781895079827 0.13646914841227825 
0.10867627949231878 0.17366896031696613 
0.13634930146247567 0.17480531953516867 
0.14297512464213732 0.1634362811866109 
0.09184551404176881 0.15685191256182196 
0.0705243299793265 0.11121239907622704 
0.07215820213886745 0.11123309420605765 
0.07215820213886745 0.11123309420605765 
0.07215820213886745 0.11123309420605765 
0.07215820213886745 0.11123309420605765 
0.08161290222518552 0.13981381121417308 
0.08161290222518552 0.13981381121417308 
0.0847641025701115 0.14466038626440647 
0.07424027545795196 0.16712120396792632 
0.14628269706026595 0.15694641988405805 
0.11327886095413768 0.179903260048399 
0.1603344392858415 0.17571341005584112 
0.17797100298558788 0.1535383537865737 
0.1307880766057922 0.17577599217953283 
0.09192386571293117 0.20725409995368604 
0.1484795481702127 0.17993905986794695 
0.10373130146376094 0.18925911007571056 
0.13874864382372554 0.1813986176150166 
0.1738936406565728 0.18742871186288643 
0.13092161354090012 0.18908797361188465 
0.07632705524155152 0.17778902537017083 
0.08855109589812593 0.19860895835160608 
0.0797822968240464 0.22362955209038282 
0.06215160735618919 0.2302220716594268 
0.08876783135187624 0.23475230429880492 
0.10619980959065645 0.21127716157451915 
0.10619980959065645 0.21127716157451915 
0.10619980959065645 0.21127716157451915 
0.06572132565271413 0.15978558813724097 
0.07704309461418023 0.16657827906508613 
0.12964149667916397 0.18345796811094744 
0.07840323166786269 0.18735510535419186 
0.09339224308627377 0.20109251360598587 
0.08043587346022586 0.20964296846338454 
0.17369845535185924 0.222631125410463 
0.15195724553832296 0.20862702526855806 
0.15166012847129315 0.20175752627385524 
0.15166012847129315 0.20175752627385524 
0.13512134676484927 0.2168334123561853 
0.09806898879250796 0.23664386701760712 
0.14666559731931939 0.17664228835624196 
0.16424681022924578 0.16961919759722122 
0.1303736206339612 0.17975801380896947 
0.16840183694806746 0.2256058461801429 
0.16840183694806746 0.2256058461801429 
0.17477906793666417 0.22220214567964927 
0.17477906793666417 0.22220214567964927 
0.17477906793666417 0.22220214567964927 
0.17477906793666417 0.22220214567964927 
0.17477906793666417 0.22220214567964927 
0.14024683400759985 0.17159125684083845 
0.15881592415318693 0.17570230220093003 
0.06377544999807115 0.1574949915854407 
0.06377544999807115 0.1574949915854407 
0.06377544999807115 0.1574949915854407 
0.14244076729603541 0.23342088847921133 
0.14787620391445264 0.22868704062391043 
0.14787620391445264 0.22868704062391043 
0.14681962478795604 0.1944764524019703 
0.09685151271715572 0.20668501993121666 
0.0985742969523544 0.20735260765303629 
0.09863202449602039 0.22211742196026826 
0.18004144384850831 0.18550474026303104 
0.17803849677735986 0.18668567011846465 
0.17803849677735986 0.18668567011846465 
0.17113172874099747 0.2195003629924496 
0.14480459939911783 0.23026975020723345 
0.15395662166027207 0.23275623165349957 
0.14619016576690022 0.23664050011532875 
0.14619016576690022 0.23664050011532875 
0.1372318160812535 0.25245751294798613 
0.1328548775307655 0.20637764218299054 
0.17435334826681204 0.21815199559379464 
0.16763460108090922 0.21280683813243403 
0.16763460108090922 0.21280683813243403 
0.07529558078733996 0.18145042143551804 
0.08488551857110817 0.16175823934383146 
0.16917170318690505 0.22424322634442323 
0.16491599206945234 0.2200108660391357 
0.16278087720100645 0.24234026188277835 
0.08313157962293038 0.19325817422571215 
0.08751677389004264 0.22464843809211965 
0.17166564468122117 0.17347941192107266 
0.14945930549285968 0.1644083046000232 
0.16113456544756116 0.21374574199903204 
0.10197150153800855 0.17789458359260213 
0.11483974566177182 0.18649086398820167 
0.06086523179790876 0.16612239499990178 
0.10838989359811615 0.1450297160222661 
0.14316468106912142 0.1904985534744687 
0.12937788098242373 0.19256015171673255 
0.16935185458107407 0.21483735748946375 
0.13681264389304573 0.17160228844655753 
0.08266969883609782 0.16936374260432152 
0.08149620726900707 0.18244084950822845 
0.10849688439222131 0.18130434794146244 
0.16279807837515112 0.17168064553882567 
0.1694985600065751 0.15764275428347158 
0.10829066282198035 0.17842883271115043 
0.16286464641302772 0.15284069531290362 
0.16286464641302772 0.15284069531290362 
0.08154629508604033 0.1669960294082828 
0.06588198263967027 0.13953398224724445 
0.06681991598118502 0.13829972661105813 
0.08427268459649541 0.18023728198318462 
0.06708806679039585 0.18471593839361103 
0.06685518750151753 0.20341666661383512 
0.15837545812673315 0.16493105508691303 
0.06521770257164525 0.20156834427172904 
0.09685569462363551 0.19555921821738553 
0.08837006853780702 0.20475985596788757 
0.07549420860333218 0.21628721557021177 
0.07549420860333218 0.21628721557021177 
0.10739362471495367 0.2063906135337239 
0.10323418702633214 0.20602149976199569 
0.09749345784223179 0.19709406494118492 
0.07819576115660609 0.2318832608963572 
0.07819576115660609 0.2318832608963572 
0.07816094316907674 0.24091754241265326 
0.07816094316907674 0.24091754241265326 
0.08139792904694787 0.24087932810545856 
0.08289510644144826 0.25142400343263316 
0.08289510644144826 0.25142400343263316 
0.1079817563612707 0.24832962626193264 
0.1079817563612707 0.24832962626193264 
0.1079817563612707 0.24832962626193264 
0.11440812412256351 0.23519016142243077 
0.1163374441210417 0.22007257554469495 
0.1163374441210417 0.22007257554469495 
0.11342348888304507 0.21143224698691943 
0.11210382193085638 0.23494159598882391 
0.11210382193085638 0.23494159598882391 
0.11210382193085638 0.23494159598882391 
0.11210382193085638 0.23494159598882391 
0.11210382193085638 0.23494159598882391 
0.09460851899802676 0.19745982486518665 
0.0807437910402543 0.17254430171924376 
0.08848060298344877 0.18156618229467023 
0.10243112563755583 0.16768113135129853 
0.10228252252371978 0.16744901277782792 
0.10802046082209382 0.16159350647866877 
0.11098292903059506 0.17666518021605834 
0.08903154076637923 0.1783847075833141 
0.11805860674587425 0.1618101667649253 
0.0686151024890459 0.18498708836714986 
0.11950492072984777 0.19114331414259833 
0.1129020700074014 0.20372049425572175 
0.10440625541451796 0.22462042619660005 
0.12226916074140244 0.24056269574476866 
0.12226916074140244 0.24056269574476866 
0.12240468224318084 0.24259930644898417 
0.12240468224318084 0.24259930644898417 
0.12240468224318084 0.24259930644898417 
0.11978369707665051 0.2278310043616239 
0.13747314981602843 0.17263901288269803 
0.15494212910626634 0.22742744056661762 
0.15416330718381901 0.22880633871151845 
0.13704943610156597 0.23382264135907482 
0.13704943610156597 0.23382264135907482 
0.13535201936068814 0.2326871589378869 
0.13535201936068814 0.2326871589378869 
0.13643396231234217 0.2330828616270535 
0.12001319380536948 0.1704062167634311 
0.09602171021960172 0.16934500655790136 
0.1047600617022558 0.16136305090042868 
0.1047600617022558 0.16136305090042868 
0.10348851565662942 0.19451813496883766 
0.06065348181714221 0.20526027820492687 
0.1752650186496459 0.2095839971112157 
0.16428592864162922 0.22017726343570304 
0.12015727047136568 0.220980006893728 
0.12015727047136568 0.220980006893728 
0.10615896693920057 0.15070736663503104 
0.12347185614800257 0.13613708450836262 
0.11319590742515795 0.14773503840526162 
0.12391467319257897 0.1504526967334619 
0.12391467319257897 0.1504526967334619 
0.1264719523252995 0.14448301453702067 
0.1264719523252995 0.14448301453702067 
0.1264719523252995 0.14448301453702067 
0.1264719523252995 0.14448301453702067 
0.1410926504688533 0.13599347632754352 
0.16872867517442314 0.13726092551598365 
0.16872867517442314 0.13726092551598365 
0.16811612978211296 0.14231222960705558 
0.16811612978211296 0.14231222960705558 
0.1643307770424552 0.1078634638053807 
0.1643307770424552 0.1078634638053807 
0.1643307770424552 0.1078634638053807 
0.15757102312046717 0.12712635813425857 
0.15757102312046717 0.12712635813425857 
0.15757102312046717 0.12712635813425857 
0.15757102312046717 0.12712635813425857 
0.1563305819202263 0.12636252358275535 
0.1563305819202263 0.12636252358275535 
0.14331728355359197 0.12640408599729896 
0.14876962920235903 0.11554347653478024 
0.14091910090167237 0.09207092678325282 
0.14356098831077233 0.08710548018104868 
0.14356098831077233 0.08710548018104868 
0.14005338017418556 0.09759540794044338 
0.14005338017418556 0.09759540794044338 
0.14005338017418556 0.09759540794044338 
0.1397807336189296 0.09637068997504869 
0.1388795828918927 0.09712749189353607 
0.13811702823429922 0.10235170912286283 
0.13811702823429922 0.10235170912286283 
0.13811702823429922 0.10235170912286283 
0.13811702823429922 0.10235170912286283 
0.14942820982537708 0.19042019329968837 
0.1392177617153739 0.16526341399813627 
0.12240423974867357 0.1256842961928511 
0.09447304756619518 0.17636315673152278 
0.12525106050253454 0.17448955843729133 
0.07611403788417975 0.17061242930943285 
0.06869404424588933 0.15729480286920183 
0.06606273814667718 0.14390324282931233 
0.06606273814667718 0.14390324282931233 
0.07036829812891655 0.14202077903417248 
0.13505160879816613 0.17907593608360994 
0.10717897633363313 0.12725834042732498 
0.08937340111216881 0.12750644130986719 
0.08937340111216881 0.12750644130986719 
0.07875883514748006 0.12143554223482642 
0.07875883514748006 0.12143554223482642 
0.07931039258158738 0.11979982987677508 
0.09080271740655144 0.1312276123150985 
0.09080271740655144 0.1312276123150985 
0.08943548810560636 0.12911726837429965 
0.08943548810560636 0.12911726837429965 
0.08943548810560636 0.12911726837429965 
0.08943548810560636 0.12911726837429965 
0.06289444963142868 0.10017820785817545 
0.06289444963142868 0.10017820785817545 
0.06289444963142868 0.10017820785817545 
0.06289444963142868 0.10017820785817545 
0.06558048285498626 0.11375681695385945 
0.06399257354506063 0.09652101911243542 
0.07046986696253134 0.104934052632766 
0.07046986696253134 0.104934052632766 
0.07046986696253134 0.104934052632766 
0.0853304815834896 0.1473385733920739 
0.09121658199523372 0.10252343479076645 
0.09127398849027446 0.1027758224832283 
0.13116849473425873 0.11234455514931786 
0.12350523933939739 0.09630617582876959 
0.12350523933939739 0.09630617582876959 
0.11725609253960564 0.10697990573769688 
0.11852058797847552 0.10813680278346632 
0.12721356911565232 0.10578689510762856 
0.09869886575251585 0.1557873617453288 
0.1594562707017707 0.2053859854640705 
0.16727523941524303 0.15458254685836675 
0.16872874003128757 0.11804687316433132 
0.16872874003128757 0.11804687316433132 
0.16872874003128757 0.11804687316433132 
0.1775024099274021 0.11749758949917923 
0.16930471319449703 0.15034643488520624 
0.16930471319449703 0.15034643488520624 
0.16521100837519206 0.15074919449917917 
0.09527554601722474 0.1886565764200121 
0.15037144161190608 0.18736596743144684 
0.1553718627599908 0.15290546532000085 
0.16329997875563562 0.13982205603882875 
0.17278416113842018 0.14045303442305374 
0.17278416113842018 0.14045303442305374 
0.17543985206015883 0.1387179017970125 
0.1672786911394011 0.1431769657887943 
0.1672786911394011 0.1431769657887943 
0.1738416651349597 0.1372508910526672 
0.1738416651349597 0.1372508910526672 
0.1738416651349597 0.1372508910526672 
0.1738416651349597 0.1372508910526672 
0.17316572170189534 0.12955413962457554 
0.16467885456887077 0.1322207405748152 
0.11946486967278754 0.18648540192357982 
0.07991180048753325 0.1954505710890659 
0.08907281068165104 0.2016641087791596 
0.08633637435163385 0.20396840463765703 
0.0642772432035718 0.23994119313292614 
0.0642772432035718 0.23994119313292614 
0.0642772432035718 0.23994119313292614 
0.14194491016272598 0.16629231024851981 
0.1434353454523028 0.16392015604994425 
0.16359355874441012 0.1500313665559208 
0.16359355874441012 0.1500313665559208 
0.16000457532126894 0.14861811782627174 
0.152318483526325 0.10201202530845481 
0.152318483526325 0.10201202530845481 
0.13605113444848038 0.11834871622091135 
0.13605113444848038 0.11834871622091135 
0.13605113444848038 0.11834871622091135 
0.17289169575113844 0.11377693071900445 
0.17289169575113844 0.11377693071900445 
0.17363771606457598 0.1104013814557172 
0.17363771606457598 0.1104013814557172 
0.16624076910722094 0.13478354596457826 
0.1752940070634041 0.13398283174704853 
0.1752940070634041 0.13398283174704853 
0.1769228504826782 0.12650314368149623 
0.1769228504826782 0.12650314368149623 
