0.16869971694846808 0.1328247182659869 
0.16869971694846808 0.1328247182659869 
0.16869971694846808 0.1328247182659869 
0.17203286059388742 0.12380834226212964 
0.1799871987415487 0.13715926851306506 
0.1799871987415487 0.13715926851306506 
0.14797996037580238 0.18255818879615685 
0.16619696499886666 0.19774458389471578 
0.11827991366692037 0.22160890493229554 
0.09153231723156342 0.22138678093656103 
0.11596183202002064 0.14498178013122826 
0.11523555126308763 0.1456841057526098 
0.11296181913313354 0.1446775911946198 
0.11114436869280557 0.14259761757734005 
0.11114436869280557 0.14259761757734005 
0.10467402171579873 0.14862504918849037 
0.13328860973488524 0.21132393389942689 
0.1398959243533584 0.21332160603353087 
0.14991667400541164 0.23742020897777474 
0.14991667400541164 0.23742020897777474 
0.14991667400541164 0.23742020897777474 
0.17591038285597432 0.2285245833348244 
0.17591038285597432 0.2285245833348244 
0.1213780704199022 0.1662291747892935 
0.16981149859475336 0.1934348023014985 
0.15025835502869 0.20841901651484332 
0.08800573394607944 0.2171487328194537 
0.09148906946224465 0.20143463455892774 
0.16235052561964602 0.16155713678598296 
0.14105529495434146 0.1560764568629689 
0.1441831658117591 0.14676711804492568 
0.14909054031440272 0.14571682419099366 
0.15230599800872988 0.14977888247672333 
0.12762285963235415 0.15660297373744814 
0.07407023419279708 0.17023690693488547 
0.06792474529695602 0.17271664577503468 
0.06712165136084976 0.1571521934932981 
0.1461869017248863 0.1902529380898395 
0.06888204516124669 0.18454596366529014 
0.06763630672992957 0.19083159746673345 
0.11286798822211908 0.16294770012550028 
0.13786282739590694 0.12094089185846486 
0.1667874292514455 0.10913212561523353 
0.1667874292514455 0.10913212561523353 
0.1667874292514455 0.10913212561523353 
0.17314581255462036 0.10782470640736538 
0.17314581255462036 0.10782470640736538 
0.17314581255462036 0.10782470640736538 
0.1519424597684877 0.12598894402024374 
0.1363457023741891 0.09929122427958895 
0.11338327626502781 0.14856765087977747 
0.07003120014314988 0.1902631254829442 
0.1723422023812159 0.1609595954698955 
0.1723422023812159 0.1609595954698955 
0.1073136488498217 0.18870152303759125 
0.08145324134199712 0.1803725189283915 
0.17210686865562505 0.20701588446455235 
0.10076916842147268 0.1586896384489565 
0.16437089471017946 0.19926128699646478 
0.13310275750960096 0.1778227210429329 
0.10366776162249924 0.20226472692899058 
0.10261586451801662 0.20705401743924273 
0.08647882700607284 0.2140903156569129 
0.1692635336441177 0.21029224792126266 
0.1764633158749306 0.24071589794188314 
0.1764633158749306 0.24071589794188314 
0.1764633158749306 0.24071589794188314 
0.17405950959336863 0.2448526287029635 
0.17405950959336863 0.2448526287029635 
0.17405950959336863 0.2448526287029635 
0.17405950959336863 0.2448526287029635 
0.17405950959336863 0.2448526287029635 
0.17429462005933924 0.2450914206331535 
0.14142631550217352 0.24897028482617406 
0.14142631550217352 0.24897028482617406 
0.14142631550217352 0.24897028482617406 
0.14886280579715747 0.24132894038566735 
0.14869019957372898 0.24115796630052616 
0.1506797024634963 0.2414826086977703 
0.15258694966729813 0.22430606331009062 
0.1303396547594139 0.17859847907899273 
0.1295076231268911 0.16662285488324013 
0.12446728838541446 0.163361399849216 
0.08236091992293493 0.17780439252202326 
0.11902152492141094 0.1896433078158328 
0.08431255547188324 0.1616386209887208 
0.1461571012081003 0.21589169980485318 
0.13394498230798008 0.19468141089473515 
0.13394498230798008 0.19468141089473515 
0.18133886551703668 0.17698896513324638 
0.1387402549997765 0.17344547466226592 
0.06411018916984948 0.1811360878141526 
0.11062298553409966 0.2019931227189784 
0.11062298553409966 0.2019931227189784 
0.07728213924861911 0.1577201060865596 
0.18037723404436876 0.15705447640483403 
0.10753755569201838 0.17781096241093358 
0.1361911531275288 0.16875218246827714 
0.09025808709113806 0.1706409284553954 
0.1174082437312109 0.18545757834335538 
0.1406162678673698 0.17926415898601564 
0.12783721055393873 0.2009523008364342 
0.08219218797133139 0.16414123953181414 
0.09693749384984163 0.16183390562199815 
0.07216283940943824 0.10707897630259491 
0.07216283940943824 0.10707897630259491 
0.09032043933236689 0.14814318191165288 
0.08215486803642977 0.2162118594830142 
0.07802604642386392 0.241329315462338 
0.07802604642386392 0.241329315462338 
0.10074330434698645 0.22004576802769205 
0.10074330434698645 0.22004576802769205 
0.10074330434698645 0.22004576802769205 
0.07946428036902942 0.16088854071750627 
0.10212844287884881 0.17958242638904065 
0.06606257973310395 0.19266006935570423 
0.13003229343855763 0.16955058572492018 
0.110105037437143 0.15895656088835486 
0.11961124177835214 0.16627474703426037 
0.08106061665904556 0.16633433533395497 
0.15915335882712517 0.16700834497715442 
0.1181131423027833 0.19659838998213622 
0.06720306860602036 0.17472381844802198 
0.1776517248944562 0.17433704734146027 
0.1513145446052385 0.17458825987720733 
0.16613509932531556 0.18840044624030017 
0.07263872692664733 0.18878721662268547 
0.1061796906885609 0.15593838376858216 
0.1061796906885609 0.15593838376858216 
0.11580466275235282 0.1886182373233266 
0.11811355854439706 0.1990093201234367 
0.10563441052983177 0.15770131485075353 
0.10658351281837551 0.1530843181594447 
0.06316024791928306 0.10009275093885224 
0.06316024791928306 0.10009275093885224 
0.06316024791928306 0.10009275093885224 
0.0633554131907071 0.10669657321709247 
0.06707045139108202 0.11020226001007939 
0.06695975226310256 0.11001279425278614 
0.06695975226310256 0.11001279425278614 
0.09268679620811765 0.11752382894270952 
0.09788190878581288 0.1010489512045978 
0.09030028719711891 0.11623831516974796 
0.09030028719711891 0.11623831516974796 
0.09030028719711891 0.11623831516974796 
0.09030028719711891 0.11623831516974796 
0.09030028719711891 0.11623831516974796 
0.08574963444686587 0.1956649287268607 
0.08735178935426766 0.17563656496901903 
0.1575945876163894 0.2337289961750303 
0.1575945876163894 0.2337289961750303 
0.12869823012275916 0.2336368099245786 
0.14443494395759798 0.23995857113101446 
0.14443494395759798 0.23995857113101446 
0.14443494395759798 0.23995857113101446 
0.14443494395759798 0.23995857113101446 
0.13807365340568645 0.2423547044825815 
0.13807365340568645 0.2423547044825815 
0.13575040291101004 0.23952771493544428 
0.1347571920574374 0.23947121415415432 
0.1347571920574374 0.23947121415415432 
0.13442645261834696 0.24366615147199977 
0.12181543621304061 0.2499805417861164 
0.17044822967896298 0.1548632973761011 
0.16721780661754682 0.15594477467973222 
0.07936528380793104 0.16809169188716405 
0.08542070665777195 0.1863437671861668 
0.060779563823136165 0.14889533349018028 
0.060779563823136165 0.14889533349018028 
0.060779563823136165 0.14889533349018028 
0.110967451628972 0.14645257205987258 
0.07911702223333415 0.16705193343606234 
0.10950643873802827 0.1684731623836321 
0.1233964829506985 0.14663472967727825 
0.1233964829506985 0.14663472967727825 
0.12103696594510442 0.14951365350856138 
0.14322049901217515 0.16944355387530657 
0.15933407451633466 0.18212449819825005 
0.12648088370398292 0.1838217348838333 
0.1268479439267785 0.19329169041725716 
0.1020552890208362 0.16262958301504665 
0.06101027838550238 0.18880403889943748 
0.0940095028910766 0.20983680587929282 
0.17857793605958172 0.18559612898014363 
0.1467730125442208 0.1514141675996265 
0.15477990989560714 0.15195569905693096 
0.15418504284113715 0.1527086166397769 
0.1550084000883109 0.19036940564158866 
0.11439467675583487 0.15902396339121316 
0.06171861457387446 0.1696499895762723 
0.06148353558568229 0.20364310167551233 
0.06148353558568229 0.20364310167551233 
0.06148353558568229 0.20364310167551233 
0.09139439693457467 0.18723625775657476 
0.1287949149045233 0.16371029397730985 
0.13391364844002235 0.18344988788656022 
0.11074212575734226 0.19781939997792652 
0.07271502885226179 0.19725611403921312 
0.14752447803166036 0.18940803912318713 
0.15586147371258055 0.15719059365289956 
0.11233767014840412 0.18550499174598498 
0.17572861330506534 0.19906223010753804 
0.0818608226279762 0.22825197284549248 
0.0818608226279762 0.22825197284549248 
0.1526945719557424 0.2176273940243642 
0.12540415782330055 0.15269469598689653 
0.1429552003234959 0.19599774351590815 
0.1741067646163231 0.2033433331207417 
0.1741067646163231 0.2033433331207417 
0.1741067646163231 0.2033433331207417 
0.17246250732204169 0.17414085694427212 
0.08896262980271649 0.16806698761423383 
0.17763594637284813 0.16784070680466415 
0.15132825218067805 0.16264426974700602 
0.09640994860895387 0.18128951893359843 
0.11168626894502573 0.2041420836673964 
0.11273510361292503 0.20575346349085016 
0.11273510361292503 0.20575346349085016 
0.1134564351250145 0.1984123693422629 
0.10967833018373169 0.15657820058773786 
0.07501134939678576 0.1658065775453827 
0.0664936731720512 0.18415735862264765 
0.12724363661703522 0.1644267422130623 
0.10289588503701373 0.14750722054780924 
0.10426175421708427 0.1500889091197263 
0.10426175421708427 0.1500889091197263 
0.10426175421708427 0.1500889091197263 
0.13042663755085274 0.154280759459404 
0.13060330659713268 0.1536488721090715 
0.1419979513523128 0.1382033444707373 
0.1419979513523128 0.1382033444707373 
0.1419979513523128 0.1382033444707373 
0.13486814162236416 0.13728897730496017 
0.14133433210029406 0.1221910205687588 
0.14018196561063623 0.11849460179313626 
0.1734675628599816 0.14904713622298058 
0.10508687964108895 0.24229163403016973 
0.10508687964108895 0.24229163403016973 
0.10508687964108895 0.24229163403016973 
0.10605272587684662 0.24884112464531116 
0.10605272587684662 0.24884112464531116 
0.10609121057271143 0.24622585392737434 
0.10609121057271143 0.24622585392737434 
0.10900823022947755 0.24754421004907906 
0.10882818397724739 0.24477410397965899 
0.10237807179429864 0.25521152320067697 
0.10237807179429864 0.25521152320067697 
0.10241600741929814 0.2542091827367588 
0.10241600741929814 0.2542091827367588 
0.10241600741929814 0.2542091827367588 
0.10241600741929814 0.2542091827367588 
0.10241600741929814 0.2542091827367588 
0.10241600741929814 0.2542091827367588 
0.10241600741929814 0.2542091827367588 
0.10241600741929814 0.2542091827367588 
0.10241600741929814 0.2542091827367588 
0.10241600741929814 0.2542091827367588 
0.10241600741929814 0.2542091827367588 
0.10241600741929814 0.2542091827367588 
0.10241600741929814 0.2542091827367588 
0.10241600741929814 0.2542091827367588 
0.10241600741929814 0.2542091827367588 
0.1155902134303218 0.23590681104503436 
0.1155902134303218 0.23590681104503436 
0.1155902134303218 0.23590681104503436 
0.1155902134303218 0.23590681104503436 
0.11842335801903241 0.23109338540356072 
0.11720969700682408 0.2288642143446371 
0.1168616111456593 0.19101096371264123 
0.08059307677914077 0.18211479763842675 
0.11515668209759203 0.18583345198626997 
0.11468607035265584 0.18648491095422026 
0.13822141880086536 0.21182097693647048 
0.06331710237147482 0.21651273065413593 
0.13690176153224476 0.21720443080569846 
0.12453043434115404 0.19258451582564992 
0.1069345558679235 0.1868570928183258 
0.10881981264494665 0.18633698171773463 
0.17669837047185977 0.1588336589979909 
0.11375150258109938 0.21752167716292906 
0.11375150258109938 0.21752167716292906 
0.11375150258109938 0.21752167716292906 
0.062062569177272306 0.21773796081458288 
0.062062569177272306 0.21773796081458288 
0.10561802133565532 0.2295322080537986 
0.11915791106482496 0.23562351611072502 
0.11469983756681942 0.2513333379791791 
0.11469983756681942 0.2513333379791791 
0.11469983756681942 0.2513333379791791 
0.11469983756681942 0.2513333379791791 
0.11580976757287299 0.2365111395800703 
0.11580976757287299 0.2365111395800703 
0.11229254656874421 0.22922335004355437 
0.12046090853860972 0.22110870077782574 
0.10133231532467964 0.25529372977620013 
0.10133231532467964 0.25529372977620013 
0.10021497134107069 0.25374645146760233 
0.10021497134107069 0.25374645146760233 
0.1255730403347247 0.20618829842703695 
0.11815960265548081 0.19944705381911382 
0.17354610888438238 0.18067889367924633 
0.1467137787457271 0.19051617483948713 
0.1467137787457271 0.19051617483948713 
0.14535362480253922 0.19054140996343638 
0.14535362480253922 0.19054140996343638 
0.11184948400862885 0.17868629951043746 
0.1061362833974399 0.19151431328075422 
0.13209662190067897 0.2418831043020302 
0.1323150083215224 0.241604572848784 
0.1335395772451661 0.24075968746527684 
0.14561893978708854 0.24300990675102851 
0.14898891447335672 0.24188756365044026 
0.14898891447335672 0.24188756365044026 
0.14898891447335672 0.24188756365044026 
0.14898891447335672 0.24188756365044026 
0.1459081909507151 0.24040036360055697 
0.14942524835089097 0.23466564891522235 
0.14942524835089097 0.23466564891522235 
0.14582886315738422 0.22265180901519177 
0.14830530916901644 0.22176204631052368 
0.1496711591615894 0.22169622766081246 
0.1378287934825085 0.21696483553529816 
0.1304571783772508 0.17618457144439878 
0.11360854792406504 0.17440022328701482 
0.15452261716065696 0.16525593009865897 
0.16079796789315848 0.14905739219717634 
0.16600086690424393 0.15582673826378504 
0.13164848707796395 0.18486165286733078 
0.1685090713664613 0.1836900997632154 
0.12215833891515304 0.1749836782991648 
0.11074554355599853 0.169183525015592 
0.0746835274553277 0.16555940076242998 
0.08144964299495963 0.16000229057785587 
0.17161111971654042 0.18228787967441448 
0.1398549863029441 0.19197074495506317 
0.13831021865341614 0.16073529929346708 
0.1076002792178874 0.1857757060580133 
0.17624300481587124 0.18561632851297175 
0.0712170226489672 0.17388656688522589 
0.07298411900255238 0.1758271552510955 
0.0724377167727328 0.1595541938817289 
0.13728446000917202 0.15270231547883062 
0.13482942948563828 0.15659801115918126 
0.135587999145851 0.14499907086351227 
0.135587999145851 0.14499907086351227 
0.11503559833359311 0.08992251273561261 
0.11403323452358353 0.10221776996963065 
0.1308617760742263 0.1392337119180822 
0.1335136725048191 0.14027525932866677 
0.13286500116203434 0.1322259855074005 
0.1334774187386522 0.1181078176993153 
0.13362278870045022 0.11697045969673875 
0.13362278870045022 0.11697045969673875 
0.12963437880365516 0.12166548691724507 
0.12489571205485947 0.13720588116847993 
0.12265991218147936 0.1022708497054715 
0.12265991218147936 0.1022708497054715 
0.13274479618453064 0.14254780147043664 
0.10907783027910897 0.13298951353185995 
0.10916827310525097 0.1329620681720783 
0.10916827310525097 0.1329620681720783 
0.11099166553572754 0.1380312453241442 
0.11099166553572754 0.1380312453241442 
0.11099166553572754 0.1380312453241442 
0.11654096678491832 0.11679713898629825 
0.11654096678491832 0.11679713898629825 
0.11813525809308367 0.11944833488418109 
0.11813525809308367 0.11944833488418109 
0.14682260581463746 0.10853543758900948 
0.14491125182331496 0.11033225329598126 
0.14491125182331496 0.11033225329598126 
0.14491125182331496 0.11033225329598126 
0.14491125182331496 0.11033225329598126 
0.14491125182331496 0.11033225329598126 
0.14621843559802106 0.10815610320088208 
0.14621843559802106 0.10815610320088208 
0.1483689886276878 0.1043622714516369 
0.160155735382768 0.12101435118831941 
0.160155735382768 0.12101435118831941 
0.15955001280624298 0.1324181730854279 
0.15955001280624298 0.1324181730854279 
0.15955001280624298 0.1324181730854279 
0.15955001280624298 0.1324181730854279 
0.15955001280624298 0.1324181730854279 
0.15959276479353954 0.13243660287626222 
0.11855518083066319 0.18153730386776998 
0.13888996972273165 0.21855655120415676 
0.1648602934100144 0.16768583941261545 
0.11489947756442691 0.1716824995886522 
0.10004846303273138 0.19563031042593654 
0.0957688722635774 0.19994068691122313 
0.06779797345967588 0.21995441513360156 
0.06779797345967588 0.21995441513360156 
0.06779797345967588 0.21995441513360156 
0.06779797345967588 0.21995441513360156 
0.07327243811927905 0.21426390850687052 
0.07082318332654662 0.21547625285876543 
0.10411389184651 0.15975662316876713 
0.09180195568914512 0.19534454657519582 
0.10496826632509168 0.18860001797474735 
0.10781137215714277 0.18738384966395505 
0.1768386228200703 0.18852521637170627 
0.12624486945439609 0.19700278944301053 
0.08828872797487515 0.17877064816233754 
0.13345316714695762 0.1862116133346436 
0.06651824236620144 0.18141008158346184 
0.09302571481363917 0.1474542846911651 
0.09712109999228687 0.14020145378484478 
0.09712109999228687 0.14020145378484478 
0.09521398721392421 0.1507808092969003 
0.09769357965240837 0.1452297162080752 
0.09606481615667822 0.14227061554361892 
0.09606481615667822 0.14227061554361892 
0.0668541322748467 0.12419500230907524 
0.0668541322748467 0.12419500230907524 
0.07941396887084351 0.16770538116708275 
0.1419305891555972 0.17037447882467768 
0.16653789609503183 0.17682610608851443 
0.1785778229977045 0.18434902055327101 
0.08648600492802892 0.1702350892282452 
0.09602898616109383 0.18553486240403005 
0.13718065633125742 0.18280910146946555 
0.09221562188327466 0.17092557617203563 
0.1718304484727866 0.2009013895889178 
0.15021139837183164 0.1569090573367376 
0.15160801638211246 0.1550822074728346 
0.14874437870455373 0.13915314160901243 
0.1449612891892913 0.14528745257410153 
0.14445933268435726 0.13372722942157264 
0.14662316179243845 0.13902842246252678 
0.15954117331500517 0.1127565437106464 
0.15954117331500517 0.1127565437106464 
0.15954117331500517 0.1127565437106464 
0.15953741018305362 0.11277649480924087 
0.15953741018305362 0.11277649480924087 
0.15953741018305362 0.11277649480924087 
0.15717118142942743 0.12042324599699247 
0.1555689822263335 0.12685292291434974 
0.15616318446564775 0.138492308991041 
0.15616318446564775 0.138492308991041 
0.15978316504834722 0.13509471948298435 
0.13853571364314426 0.18441335657023783 
0.08699701000351613 0.17536906162253454 
0.11860131116359411 0.175670330375543 
0.07079680774152014 0.11846448389125125 
0.0902800058617633 0.14466567081671033 
0.11981732287755975 0.18073596332270628 
0.08200203192801783 0.16052413983484023 
0.1271859129156089 0.19783424038811367 
0.18095622935157993 0.14903991055649357 
0.16575699548177447 0.13427421144592752 
0.16575699548177447 0.13427421144592752 
0.15238876526444808 0.13732713324185455 
0.16165367571402486 0.13192273169467283 
0.16165367571402486 0.13192273169467283 
0.16165367571402486 0.13192273169467283 
0.15687583401874575 0.13864791850622266 
0.15191487049391703 0.1422411909910581 
0.15191487049391703 0.1422411909910581 
0.15191487049391703 0.1422411909910581 
0.15191487049391703 0.1422411909910581 
0.15191487049391703 0.1422411909910581 
0.15191487049391703 0.1422411909910581 
0.15191487049391703 0.1422411909910581 
0.0965178529040358 0.1995698249407769 
0.06528679514646697 0.21562277725746506 
0.06528679514646697 0.21562277725746506 
0.06528679514646697 0.21562277725746506 
0.06528679514646697 0.21562277725746506 
0.06528679514646697 0.21562277725746506 
0.06437758749066559 0.2121611315254481 
0.06437758749066559 0.2121611315254481 
0.0654409887125825 0.2008184058983146 
0.18027240729976626 0.17541524869286007 
0.09766352899052401 0.18472436565800274 
0.08605270040528126 0.17525334735212797 
0.09609435162785403 0.17978186702023924 
0.07524548270106977 0.17499694899345047 
0.12407050256568466 0.18379509960414764 
0.09562593109590865 0.18494826573188838 
0.17981115056748048 0.17289992056704093 
0.10844824014324998 0.24094853746630926 
0.1021861131126249 0.1715671885836574 
0.06551152240476739 0.18816748394955865 
0.16382177782501117 0.18068399543381694 
0.16841726101911447 0.1456297338449382 
0.16841726101911447 0.1456297338449382 
0.16841726101911447 0.1456297338449382 
0.10058254891211904 0.17665611678806567 
0.08815637706814207 0.17786651131626802 
0.086176756860035 0.18146853776025437 
0.14425940723594452 0.16430233395114768 
0.1555693759562042 0.12169775055372634 
0.1555693759562042 0.12169775055372634 
0.1555693759562042 0.12169775055372634 
0.07132149074760333 0.1809649212065979 
0.09898034146978738 0.16553359963656425 
0.1011760340145157 0.11332285954542548 
0.1011760340145157 0.11332285954542548 
0.1094452194539462 0.12434284148287905 
0.1094452194539462 0.12434284148287905 
0.08700051380680685 0.15478582509909383 
0.11434692441712276 0.17487813620021117 
0.15787022973534598 0.15999272278423618 
0.10061192280907648 0.2059171568089093 
0.10114691451827243 0.1736029965529248 
0.15981568497533277 0.15612720370502847 
0.10243103523198593 0.21242680569472563 
0.1720306561685815 0.22143349301231333 
0.12503560618699222 0.20208600755866044 
0.1280296924090007 0.20177127478167262 
0.13822921603965474 0.16283583590380216 
0.17857050390195517 0.20046327465600072 
0.17857050390195517 0.20046327465600072 
0.16788944250994914 0.2049378216397413 
0.16492582630270372 0.1910158946705779 
0.1673404107049556 0.16690787390796427 
0.17656685957526602 0.15769552396102157 
0.17895954280254334 0.174322262150006 
0.16775599418326828 0.18525795353115065 
0.1665834780804796 0.15973372237334854 
0.09022965031967152 0.2059124904871027 
0.09012962170223254 0.18056427465877906 
0.11554562468462579 0.17194802771482692 
0.14687159219362242 0.1577741524106481 
0.14669893478556434 0.16408895718164787 
0.13934450246406088 0.12978758586652758 
0.13934450246406088 0.12978758586652758 
0.13293613065768603 0.11368487077849408 
0.13293613065768603 0.11368487077849408 
0.13031962922600066 0.12901658340933375 
0.13345799379901122 0.15423474871579523 
0.12648101300471312 0.1811037107217968 
0.13058419149231573 0.20622797941966564 
0.13058419149231573 0.20622797941966564 
0.1405551015925016 0.182828540957312 
0.1273275594286025 0.17592458827456053 
0.07171828680101947 0.1971289438305284 
0.06088834420684716 0.2045878816377194 
0.06088834420684716 0.2045878816377194 
0.18140115276383093 0.19428952909811742 
0.13522848638358695 0.16069502328317967 
0.11978721623701565 0.15564336334041703 
0.12710050504349407 0.1553140106589348 
0.12710050504349407 0.1553140106589348 
0.1409768043484836 0.13578590157975745 
0.13978418032993853 0.11883394631291752 
0.13965379729809796 0.11773636716856425 
0.13965379729809796 0.11773636716856425 
0.13965379729809796 0.11773636716856425 
0.13965379729809796 0.11773636716856425 
0.11082696725588921 0.12700710768685977 
0.11082696725588921 0.12700710768685977 
0.11082696725588921 0.12700710768685977 
0.07515007805316692 0.12182051130981525 
0.07515007805316692 0.12182051130981525 
0.10385672755072041 0.12128396227149399 
0.115135009475525 0.12392076734100459 
0.115135009475525 0.12392076734100459 
0.13505942492700432 0.10534496036743729 
0.13673328049161518 0.09810625103301707 
0.14691383050437803 0.14897898381404323 
0.14691383050437803 0.14897898381404323 
0.14691383050437803 0.14897898381404323 
0.14691383050437803 0.14897898381404323 
0.16371599550227373 0.14471754812289106 
0.17109353482597411 0.17943666534446737 
0.16686925993905483 0.16151082046720597 
0.13530737634849463 0.21303645703708088 
0.06593786448978832 0.17406881502241975 
0.12690293536253291 0.17685813837936581 
0.15309126732009223 0.1692278497272836 
0.12778997266115552 0.17300048653291444 
0.1303084238307675 0.2268958706793891 
0.12506957122190565 0.21773788992243653 
0.13450483434470656 0.23488572140031555 
0.13450483434470656 0.23488572140031555 
0.14660307258504196 0.2426374448246404 
0.147038505132381 0.2495415653732972 
0.14697067787591056 0.250832840704049 
0.14077525968882068 0.24192452120736596 
0.14077525968882068 0.24192452120736596 
0.14077525968882068 0.24192452120736596 
0.14077525968882068 0.24192452120736596 
0.13080139723750492 0.2236688042929731 
0.13297702017595103 0.2319683295055191 
0.13297702017595103 0.2319683295055191 
0.13283232920039015 0.23200647185622167 
0.1484793914171927 0.22349411812188497 
0.15335515225869667 0.16052311399754676 
0.0727632935221153 0.18734502986601276 
0.1739894357389396 0.22377892042389977 
0.1359002981671267 0.20454819847792804 
0.14238166778636646 0.1595464726901201 
0.14376597886251918 0.15857680484824282 
0.09672303751451572 0.21929925167115072 
0.09646054660154144 0.22009539614973106 
0.06860478442769326 0.2127401496670083 
0.06860478442769326 0.2127401496670083 
0.11233136346290726 0.1774199797939339 
0.10623229501924639 0.17637610153371275 
0.1801160342583792 0.1881600375643758 
0.1428391685221158 0.19413079920799164 
0.09823379400754499 0.20559183214215285 
0.09823379400754499 0.20559183214215285 
0.07054148769050855 0.22489573687139308 
0.07054148769050855 0.22489573687139308 
0.07054148769050855 0.22489573687139308 
0.09237284734365069 0.24807325442600275 
0.11093546786679077 0.24822912126784846 
0.12109893709457518 0.23804207164154476 
0.12109893709457518 0.23804207164154476 
0.11009528779375927 0.1824167049706023 
0.08674792858856259 0.17005537026004702 
0.08513942838874657 0.20796134035189573 
0.08748587126353184 0.20596812068177942 
0.08744103110107894 0.2058901189569778 
0.08753092021504616 0.2087415762650911 
0.16070796678046373 0.15220377912309088 
0.15414398699747955 0.09895547972359658 
0.11459012605373096 0.15371979773043243 
0.11459012605373096 0.15371979773043243 
0.11459012605373096 0.15371979773043243 
0.07002230479740269 0.16472788227075005 
0.11660738508325144 0.18798220436199686 
0.07539895095591304 0.15989384401908904 
0.08537636131698903 0.1982493754136595 
0.08443193345779586 0.1888412002190274 
0.08443193345779586 0.1888412002190274 
0.13097424345488787 0.18367213755325348 
0.13127145047816607 0.15508531287315372 
0.1039283597471087 0.16668401269093575 
0.15983934314007706 0.1738529401713551 
0.13344484258256845 0.1684419298567113 
0.1275303957525519 0.15538864315780493 
0.12364641648278173 0.1830675253465729 
0.06739702670322517 0.17358419890361784 
0.14055487867592867 0.16154255324125824 
0.16366983277373354 0.20799039214150372 
0.16342178701999951 0.21074767763976016 
0.1093141929145119 0.2184900619122594 
0.11439116672686328 0.22158370618412515 
0.11439116672686328 0.22158370618412515 
0.11944470476075346 0.24924476259970005 
0.11944470476075346 0.24924476259970005 
0.12093937100272674 0.24494669438280842 
0.12093937100272674 0.24494669438280842 
0.12093937100272674 0.24494669438280842 
0.12278837850732771 0.24311471880951663 
0.12278837850732771 0.24311471880951663 
0.11778588615987748 0.23479737570297807 
0.1278636743104309 0.22427218775761956 
0.12237302001326848 0.21884494622733655 
0.09982973970737702 0.2359968752526383 
0.10113103154563324 0.23540559980836454 
0.10113103154563324 0.23540559980836454 
0.10113103154563324 0.23540559980836454 
0.10113103154563324 0.23540559980836454 
0.09959142778910719 0.23704924107090203 
0.10664121560232054 0.2301508925257366 
0.16750952003719977 0.1724279022078899 
0.11975084964409717 0.19605554600870426 
0.11975084964409717 0.19605554600870426 
0.10196061020760694 0.20778078437208897 
0.07560708607159344 0.19189192276708483 
0.08769267205855061 0.15939107421038431 
0.10435128338647134 0.20834988314548525 
0.1443662236688908 0.1745573893162243 
0.09815550107668242 0.18022218198101334 
0.1116978656559316 0.1563656569198298 
0.12223660174697798 0.2166127279911303 
0.12223660174697798 0.2166127279911303 
0.12223660174697798 0.2166127279911303 
0.13133053698313157 0.20340075343600425 
0.13133053698313157 0.20340075343600425 
0.12432335129111768 0.2140440244721449 
0.09512402961023202 0.1575074227476265 
0.09512402961023202 0.1575074227476265 
0.1281477826936619 0.20269180406781284 
0.13612280676435728 0.2110791994685881 
0.13612280676435728 0.2110791994685881 
0.13612280676435728 0.2110791994685881 
0.13612280676435728 0.2110791994685881 
0.12647796340613834 0.18000203926568234 
0.10745109604624012 0.15875551893612327 
0.16825730281846663 0.19121126225087656 
0.13629457595596883 0.186527135597593 
0.1415305944009852 0.17943818552771745 
0.1096656915706822 0.19991584526024767 
0.13291693770352592 0.184612575509231 
0.1281850920652967 0.16489721470683144 
0.12540726558071752 0.18206285125298555 
0.12517361748363112 0.19854237486985063 
0.10926264015449802 0.18799618872365087 
0.10374092751243877 0.19273095347556918 
0.06702736192591609 0.19800254734910178 
0.07339909304158947 0.20361141045773393 
0.07339909304158947 0.20361141045773393 
0.07339909304158947 0.20361141045773393 
0.151592908298221 0.17980169922605796 
0.16112672262039607 0.1920223009229711 
0.12259455052442432 0.19483837539928836 
0.12192384886291016 0.1943793902233297 
0.12729265003992868 0.20987670158322375 
0.15197358260676297 0.24383919524254816 
0.15197358260676297 0.24383919524254816 
0.15176483455238332 0.24724057266079214 
0.16602909196104 0.19665840168118937 
0.16602909196104 0.19665840168118937 
0.17105391833381506 0.23292352397473043 
0.17759860857487705 0.23061593665081856 
0.16139634447522316 0.21676541010557804 
0.17464566125063352 0.22420788021558327 
0.17464566125063352 0.22420788021558327 
0.17917538241601969 0.2308881364561956 
0.06421309174990869 0.16688764940962336 
0.16287141025112462 0.2158452638527223 
0.15906801279040475 0.20848362296611195 
0.16531836339617398 0.24604375903265752 
0.16531836339617398 0.24604375903265752 
0.16531836339617398 0.24604375903265752 
0.16035190211970057 0.20902908705995327 
0.15731183433123225 0.167933387587407 
0.13815818747242015 0.1672935317069466 
0.13815818747242015 0.1672935317069466 
0.08316186061037048 0.18303730073882438 
0.14785742677682243 0.17526587276631253 
0.09460351915070032 0.16725137420096747 
0.06740955873132246 0.09884396264233766 
0.06740955873132246 0.09884396264233766 
0.06901080555354258 0.10575961415480309 
0.08231115846228518 0.11668568179995704 
0.08231115846228518 0.11668568179995704 
0.10310808646108874 0.12053006989232637 
0.09071558469767625 0.1543190431846373 
0.11698944601119529 0.1842350126163374 
0.16396446218528293 0.1668945123061951 
0.17115987908133162 0.1754789553207445 
0.09994020126049002 0.20434432681284495 
0.09994020126049002 0.20434432681284495 
0.09807182524594732 0.20982240226321316 
0.09807182524594732 0.20982240226321316 
0.09586052610684132 0.1428105535865628 
0.09545703609583184 0.14115288829200504 
0.09545703609583184 0.14115288829200504 
0.09545703609583184 0.14115288829200504 
0.09545703609583184 0.14115288829200504 
0.06587017179938666 0.1502817907971781 
0.06721791559235571 0.14732161078884332 
0.1193857739305639 0.19744473206627258 
0.14288471751265647 0.16937431933263397 
0.09016675078505258 0.17071476189838294 
0.07620287430746264 0.16127327469824107 
0.07620287430746264 0.16127327469824107 
0.15674100378627706 0.16489824990987645 
0.13095523583978935 0.19201502496313663 
0.07184450437441897 0.1566884075382779 
0.07097501028481043 0.1599985392704001 
0.07097501028481043 0.1599985392704001 
0.07054865172062158 0.18471429794900063 
0.15150086165409885 0.159719379746729 
0.0933582866095046 0.2093070413447553 
0.0933582866095046 0.2093070413447553 
0.09253686052865835 0.23662914597642654 
0.09253686052865835 0.23662914597642654 
0.08693508739234967 0.24075106673353178 
0.0752409108788992 0.2457047466331253 
0.09201137661997061 0.24252094015900866 
0.12676239328836675 0.1491449455815465 
0.12676239328836675 0.1491449455815465 
0.12676239328836675 0.1491449455815465 
0.12676239328836675 0.1491449455815465 
0.14815854756447916 0.15620390848986349 
0.09356280566772543 0.1764752635332816 
0.0836454149526182 0.16533612085595104 
0.1507513841682022 0.18220078021084654 
0.14228883984539273 0.15055846240383952 
0.13386033263695826 0.14549191952402768 
0.12757856511291826 0.1454877379602931 
0.12757856511291826 0.1454877379602931 
0.13334457069819153 0.1500021863540167 
0.1242854078765412 0.13460281448852215 
0.1242854078765412 0.13460281448852215 
0.10813037511332771 0.14613994233190486 
0.11763284502744255 0.19921574251500004 
0.14218715204136717 0.21220460164125077 
0.13904712844890163 0.21663818975886273 
0.1038489748767371 0.19539410727158588 
0.1321993023408026 0.1734875137098467 
0.1233659047189313 0.1870583482591332 
0.1808462576110513 0.1652358704224258 
0.1041283206426753 0.15371035928073368 
0.1041283206426753 0.15371035928073368 
0.1041283206426753 0.15371035928073368 
0.13016235294728232 0.17876862420060502 
0.16171827697331734 0.16943530815551686 
0.15991706706601785 0.1751771435858427 
0.11068534910413316 0.17322560976099408 
0.10214930126030224 0.1518684195937762 
0.10214930126030224 0.1518684195937762 
0.10206856344283338 0.15035732316100797 
0.08650641746932702 0.1911447432922128 
0.13918833774621142 0.18265389339160643 
0.10415954104579579 0.1577926608207324 
0.10486019692669306 0.1521311895082449 
0.10172782903561649 0.14431128984329272 
0.10172782903561649 0.14431128984329272 
0.09803254693230981 0.1715401151273841 
0.08918914824663832 0.17357460714864784 
0.13676531090959115 0.17070537424958504 
0.15453585709549544 0.21939581785797535 
0.1710297408097143 0.22751599810138265 
0.1710297408097143 0.22751599810138265 
0.15512078466570356 0.17708316852099312 
0.18071546466475902 0.1915903200625774 
0.14474037591973 0.17996774190436457 
0.1439259304335821 0.16201459457251008 
0.13772923383505314 0.132013573048622 
0.1514392399223286 0.11115501362205586 
0.1514392399223286 0.11115501362205586 
0.15597148879522937 0.12369145744030086 
0.1592220424204911 0.1700480546338736 
0.1338223803953274 0.19287882534594653 
0.14843815259852652 0.20438994578215625 
0.14215299152083183 0.1708788451816254 
0.17780322994798198 0.2184775401229262 
0.17566524996441993 0.20489541359695218 
0.17566524996441993 0.20489541359695218 
0.1807569271373457 0.19574661190104528 
0.0739770537644447 0.20054809307145852 
0.09549130082355792 0.19323217234851092 
0.16182669629615246 0.19988461802370283 
0.1485615059934241 0.1670729718394548 
0.10833941164275743 0.1708252784533236 
0.0839688260615799 0.18181450861313486 
0.06563606039451506 0.1615727777857546 
0.06563606039451506 0.1615727777857546 
0.14581161445433072 0.1683362763847498 
0.10090015707729369 0.18214951700347867 
0.12005457673459621 0.15115773300726537 
0.14401533762545884 0.1828807078550808 
0.15153666670912896 0.16470356523216717 
0.15915394793262966 0.1640664120148531 
0.1272990082478891 0.1865457072124288 
0.07564253947511079 0.18679931599946767 
0.1011598863968001 0.2206180312334174 
0.1011598863968001 0.2206180312334174 
0.12516418721714456 0.23268423243939776 
0.12342479372556636 0.2076457716380569 
0.1216298301498951 0.20767802406078098 
0.13115725578769621 0.2036292342660711 
0.1441544760300782 0.19685129998552867 
0.13725311672399712 0.21396671529270095 
0.13798323597822307 0.2196851104574563 
0.14447440354462493 0.22799923512772324 
0.13997596628997117 0.2514678685366535 
0.13570439087217911 0.20982409320163942 
0.14638892448875424 0.21717348770183792 
0.17601624526911658 0.2217578147325602 
0.17601624526911658 0.2217578147325602 
0.17601624526911658 0.2217578147325602 
0.17601624526911658 0.2217578147325602 
0.17601624526911658 0.2217578147325602 
0.17601624526911658 0.2217578147325602 
0.17601624526911658 0.2217578147325602 
0.1777771873700737 0.20406223830433445 
0.1777771873700737 0.20406223830433445 
0.0850675361617964 0.16958347295343415 
0.09178588585193923 0.15777114096124129 
0.09612764974922511 0.18716833313159953 
0.11124253240288426 0.1785065309349861 
0.14507003676145225 0.18756308385704296 
0.1563397602994087 0.14742207734154286 
0.15632837020724816 0.1474405716168553 
0.15632837020724816 0.1474405716168553 
0.15310352546007017 0.2004009974359368 
0.15310352546007017 0.2004009974359368 
0.153364320378039 0.20028240809606318 
0.1658886786806658 0.2270146379743721 
0.09224420467156207 0.18422884558743213 
0.12739908429774338 0.1860942435646649 
0.17382359535444325 0.1652145362312077 
0.16728646474719566 0.15332581977192053 
0.17187574527764693 0.14438378988025305 
0.1640623850332857 0.1487476677855084 
0.1568309603037143 0.154635480621387 
0.17197402521945337 0.14982360863598937 
0.172165483550791 0.15071614948696987 
0.1519908588152183 0.21450006625393866 
0.1751107807543083 0.2517425370776285 
0.1751107807543083 0.2517425370776285 
0.1751107807543083 0.2517425370776285 
0.1751107807543083 0.2517425370776285 
0.1751107807543083 0.2517425370776285 
0.17351408213436617 0.24603601667968483 
0.16374736693956532 0.23816775593397221 
0.17462986736739616 0.2362711303810499 
0.17462986736739616 0.2362711303810499 
0.15505693239570578 0.21950116202603842 
0.15319079849293088 0.23263714807549926 
0.16628671496960773 0.2471474875243403 
0.16865462101506665 0.2524603520024203 
0.16865462101506665 0.2524603520024203 
0.16865462101506665 0.2524603520024203 
0.14836290434214475 0.23251388935573142 
0.14954047480440988 0.22595130263273877 
0.07884683661918249 0.20209965919179482 
0.09596813868325048 0.15492698088577644 
0.1003483515957616 0.14981841096522092 
0.10322679842761184 0.13237767775942366 
0.10497371836620198 0.13293026652965723 
0.11383437125115399 0.13013820520924752 
0.09885935223549333 0.13152582622482675 
0.09993856103949544 0.13111375450868323 
0.10160807878890388 0.19490335866939387 
0.1523177159058185 0.1589675547175379 
0.07525246264875698 0.20283484666026833 
0.07525246264875698 0.20283484666026833 
0.06863048410985845 0.20434699523574582 
0.0818916480657535 0.17303811876589173 
0.15186475980521275 0.187798638548817 
0.1771327504559475 0.1969890604664049 
0.1696306065427221 0.1887517691656112 
0.16969816147043776 0.18886938294122313 
0.06943210516530868 0.15339969012838742 
0.08431165222062711 0.12506562167260707 
0.08431165222062711 0.12506562167260707 
0.08431165222062711 0.12506562167260707 
0.16281229538362546 0.1690239695101778 
0.0793425480384509 0.2104550133957751 
0.16691976697847793 0.20694790213855335 
0.15088061302675573 0.21329728523002414 
0.15088061302675573 0.21329728523002414 
0.07360327276669959 0.21635110978205851 
0.08011264800233248 0.19687079377360445 
0.08011264800233248 0.19687079377360445 
0.08547891466667366 0.20103262263615954 
0.06379193334819057 0.16585944780375408 
0.11347786955780825 0.1995491210655518 
0.11347786955780825 0.1995491210655518 
0.1602571871470858 0.21194005212421674 
0.15085935117125515 0.16889127240032856 
0.10489656980805029 0.16137511434372437 
0.10183152597260081 0.1637326436122919 
0.1268620982840918 0.1557990153393741 
0.11594616243962583 0.19013198416292437 
0.17378120347750642 0.17043069564498506 
0.17578506688345608 0.18542691831322491 
0.08505018338434517 0.201580514321251 
0.08450517949433262 0.20261061319340784 
0.08450517949433262 0.20261061319340784 
0.08631739269823431 0.20480333666578288 
0.08074886669351973 0.16645150182426377 
0.17563636586573267 0.1738370174253438 
0.08372070013620737 0.15090515112407105 
0.17999122816887103 0.15362834494215863 
0.17999122816887103 0.15362834494215863 
0.12958240766220258 0.18989889031312188 
0.17753999854858676 0.17252641324239057 
0.0998522832996707 0.17370817208448508 
0.09528218163102058 0.17420278806269957 
0.10172850275936404 0.16162095693150588 
0.17725705953121657 0.19942716538399194 
0.17725705953121657 0.19942716538399194 
0.17725705953121657 0.19942716538399194 
0.17725705953121657 0.19942716538399194 
0.17723739356426854 0.19919181867285 
0.15761315979560853 0.1921614940314756 
0.08440837288057011 0.15621253900021423 
0.08440837288057011 0.15621253900021423 
0.06541510521961905 0.13726071814115104 
0.06717681421516758 0.13369374661424552 
0.06717681421516758 0.13369374661424552 
0.06417407342990981 0.11715649796546931 
0.06417407342990981 0.11715649796546931 
0.06417407342990981 0.11715649796546931 
0.06577203338518328 0.1356426580455226 
0.06577203338518328 0.1356426580455226 
0.06577203338518328 0.1356426580455226 
0.06577203338518328 0.1356426580455226 
0.07210277066159969 0.13081344470512088 
0.07210277066159969 0.13081344470512088 
0.07177720296431604 0.12804373220116486 
0.07528534069890508 0.130536126821333 
0.07528534069890508 0.130536126821333 
0.07610137150756206 0.12448837751686528 
0.07610137150756206 0.12448837751686528 
0.07610137150756206 0.12448837751686528 
0.07610137150756206 0.12448837751686528 
0.07610137150756206 0.12448837751686528 
0.07347014838567814 0.12572861187877793 
0.07249715474606559 0.11392827727640953 
0.07174347494206915 0.11035899600521765 
0.08219374428121166 0.1372605334659998 
0.07826432013851231 0.13336749138953816 
0.07297399457451373 0.13099352927202085 
0.07384782043026389 0.14058206364540002 
0.07384782043026389 0.14058206364540002 
0.07384782043026389 0.14058206364540002 
0.07787606236025783 0.14070184446266043 
0.07787606236025783 0.14070184446266043 
0.10385052399047028 0.14617677491559602 
0.16758182561940865 0.24518541955846895 
0.16758182561940865 0.24518541955846895 
0.16758182561940865 0.24518541955846895 
0.16758182561940865 0.24518541955846895 
0.16758182561940865 0.24518541955846895 
0.170361546631803 0.25137575030028303 
0.15585100341798874 0.22149802873952157 
0.10173072363839172 0.17784471453661915 
0.16800021059927628 0.15397820737306436 
0.16800021059927628 0.15397820737306436 
0.1603958269005356 0.1566351200129798 
0.17046773671887944 0.13410343421036325 
0.17258911074025535 0.13110520505263965 
0.17258911074025535 0.13110520505263965 
0.17400706375736252 0.12951574974164642 
0.17395645435326637 0.11063415328144224 
0.18028769845676484 0.1197643937548637 
0.15855429737728138 0.14934777006077132 
0.15855429737728138 0.14934777006077132 
0.15855429737728138 0.14934777006077132 
0.15855429737728138 0.14934777006077132 
0.15909091695136324 0.14954776535948716 
0.15892966995513808 0.14251547667286082 
0.1668544230319004 0.14032061996963974 
0.1668544230319004 0.14032061996963974 
0.1668544230319004 0.14032061996963974 
0.1668544230319004 0.14032061996963974 
0.1668544230319004 0.14032061996963974 
0.1668544230319004 0.14032061996963974 
0.15885599089925412 0.15598708168868333 
0.1639395091265705 0.15669532050448418 
0.1759355004185881 0.15064897430406254 
0.1737925215297086 0.1489420094069795 
0.15028984046510713 0.1939368858640122 
0.15028984046510713 0.1939368858640122 
0.11090074503661415 0.1633639849187786 
0.09837121741540177 0.16366720857535064 
0.09044529438446708 0.18364016141573256 
0.08284215923287018 0.1954157672931249 
0.10643826275588804 0.1745862538061594 
0.1027863030182185 0.1779593405091447 
0.1071886725410233 0.15003926799501138 
0.1071886725410233 0.15003926799501138 
0.09519236029056916 0.12078257014888724 
0.10934544644794926 0.15252217914807065 
0.09736510356114828 0.11516608198703784 
0.09736510356114828 0.11516608198703784 
0.09736510356114828 0.11516608198703784 
0.09736510356114828 0.11516608198703784 
0.0963791068208681 0.13630448261810296 
0.0963791068208681 0.13630448261810296 
0.0963791068208681 0.13630448261810296 
0.07404213938047419 0.11808223282383334 
0.07064494468879248 0.11654637349867092 
0.07064494468879248 0.11654637349867092 
0.07584297755450244 0.13161424790252926 
0.07679175692648205 0.1367189494154123 
0.07679175692648205 0.1367189494154123 
0.07679175692648205 0.1367189494154123 
0.07679175692648205 0.1367189494154123 
0.07679175692648205 0.1367189494154123 
0.07679175692648205 0.1367189494154123 
0.10289544921753888 0.21402514932443803 
0.10289544921753888 0.21402514932443803 
0.09869787298415855 0.23498386330100363 
0.08246599980838995 0.20815908231892186 
0.0801694648169878 0.20355263384422762 
0.0801694648169878 0.20355263384422762 
0.0801694648169878 0.20355263384422762 
0.16242143158432437 0.14678492203279828 
0.16547500120234412 0.2094197378122556 
0.16547500120234412 0.2094197378122556 
0.0695209754256508 0.20974009562368956 
0.06889696741876451 0.24182944036165824 
0.0771901456903999 0.22955067533414183 
0.1025634444672981 0.2079287518150814 
0.12549874740141545 0.20179711525051097 
0.12549874740141545 0.20179711525051097 
0.12549874740141545 0.20179711525051097 
0.11934200038758416 0.21537235437647323 
0.09861736081213862 0.2483502506182918 
0.10486902476457277 0.2422141056078811 
0.10486902476457277 0.2422141056078811 
0.10486902476457277 0.2422141056078811 
0.10486902476457277 0.2422141056078811 
0.07372957943604039 0.23164496634384746 
0.1239373479200514 0.2232904912421733 
0.11467857621774721 0.22730927401465348 
0.12500296323446558 0.2466314263072568 
0.12500296323446558 0.2466314263072568 
0.12500296323446558 0.2466314263072568 
0.11890300357305364 0.20661859839976265 
0.08602852741690281 0.21786359328759053 
0.12575142940831283 0.23486383152624224 
0.13944811876178226 0.23504645153735088 
0.13944811876178226 0.23504645153735088 
0.13944811876178226 0.23504645153735088 
0.13703490705363197 0.23497732964843784 
0.14860115771496463 0.22310430118504396 
0.17858440686641872 0.22827988906883295 
0.17943525152618384 0.1826952742859584 
0.0766031835187136 0.18871700784441728 
0.15384493594000043 0.19809471802409573 
0.1518897367996643 0.18393476877002504 
0.15575286035795927 0.18792244905265298 
0.07324393655278999 0.16594011596542965 
0.1624215491700664 0.15667460900529984 
0.1624215491700664 0.15667460900529984 
0.1689344660871822 0.20280736994112913 
0.10242025879688296 0.21002705467371066 
0.15631062127427345 0.15559286366508063 
0.06910530271537159 0.17633606355052742 
0.16559675632626714 0.2079713185429243 
0.10991208397348376 0.16409058818411137 
0.17243524602404134 0.1646376574818896 
0.08696743053429436 0.20569190915301866 
0.09867109623290363 0.1758805162973307 
0.125500417549159 0.15232450064235722 
0.0710439332529505 0.15366635839610837 
0.11130433831677315 0.1688218775438891 
0.1108911116075371 0.16873059459193268 
0.09379486977514753 0.18910767737339493 
0.09379486977514753 0.18910767737339493 
0.15999665638598645 0.1569589241295709 
0.15999665638598645 0.1569589241295709 
0.15999665638598645 0.1569589241295709 
0.15999665638598645 0.1569589241295709 
0.07441451204023233 0.20826769822676214 
0.07441451204023233 0.20826769822676214 
0.07441451204023233 0.20826769822676214 
0.08090907329722623 0.19595843575978422 
0.06769335289906371 0.1983386407190655 
0.15022637465222774 0.15506976474961792 
0.06472172348229964 0.20300566315840288 
0.06128273814065631 0.16519307280580775 
0.12769817406717682 0.16628924928548966 
0.12597419833766815 0.1696864162304668 
0.08395471124986678 0.1937833420035993 
0.06666226904250581 0.1661142513367489 
0.07212365037884458 0.16162137644609004 
0.07774774396232337 0.15955046343693208 
0.07774774396232337 0.15955046343693208 
0.0769249566885552 0.13560718111166825 
0.0752977476230785 0.13290523160771187 
0.1799820102109561 0.16515450759080894 
0.07077590338442145 0.20389643472950902 
0.07126232605494592 0.20902669381866062 
0.06826982649436135 0.1935342904035786 
0.07237778708872197 0.1611320957119038 
0.09539786728052138 0.21602328330029127 
0.15540115385609526 0.18213161712819115 
0.07424107037705395 0.16541884072514954 
0.1540846121731262 0.16198405952399442 
0.1485416184612063 0.1733299092681611 
0.10204164974224991 0.1799706595363027 
0.08771834978380497 0.21133573468001363 
0.07227738385082161 0.22428288455463188 
0.0710691776917545 0.16588247526801425 
0.1269823973942141 0.15559818950063367 
0.13517939824667777 0.15016776183331684 
0.13517939824667777 0.15016776183331684 
0.13517939824667777 0.15016776183331684 
0.13336597014178644 0.15447507535386323 
0.13336597014178644 0.15447507535386323 
0.14363643952988672 0.18955757722367006 
0.1140182890083639 0.1671974511548571 
0.13477300854312416 0.09478749517086912 
0.11878382610030239 0.11429869331201771 
0.11192345323084565 0.12136313322154246 
0.0635332174865955 0.11085716347810964 
0.07710581280049245 0.19910577990406678 
0.07710581280049245 0.19910577990406678 
0.07693200364887495 0.1879630075016149 
0.08437735116072076 0.19488566690024547 
0.1040127802845909 0.1906815080101959 
0.0699415837023278 0.1827927506881793 
0.09083694985428509 0.16644893587304407 
0.1763346714477194 0.1641625201728981 
0.17141166771229754 0.1651973005873181 
0.17855498917083185 0.15411326529761302 
0.1301055018496169 0.17792864172075734 
0.13164118121805102 0.18462308531535848 
0.0885808432498584 0.15595527296741618 
0.0885808432498584 0.15595527296741618 
0.10084208673323206 0.1967129817811981 
0.1286505350409954 0.14709864073592255 
0.13670472273272744 0.19608561383506778 
0.1334607627931789 0.20122333840138262 
0.13325142903848639 0.20107572467474716 
0.1564210538061036 0.23783398323395766 
0.1564210538061036 0.23783398323395766 
0.1564210538061036 0.23783398323395766 
0.1564210538061036 0.23783398323395766 
0.13487752748895188 0.2431532317769968 
0.13487752748895188 0.2431532317769968 
0.13487752748895188 0.2431532317769968 
0.13487752748895188 0.2431532317769968 
0.13487752748895188 0.2431532317769968 
0.13487752748895188 0.2431532317769968 
0.12969529065148067 0.24443276259017924 
0.10362272951522083 0.1956273810077146 
0.15095048394475805 0.15803740021326956 
0.0822017597121066 0.18644885807340603 
0.14958611674479383 0.18225794974136877 
0.1231205974261353 0.1924021046986092 
0.10887825705136248 0.22292411834412112 
0.10902511898127781 0.22231590158074008 
0.10801375549775487 0.22340559893717055 
0.10759115290412027 0.24510937817405193 
0.10759115290412027 0.24510937817405193 
0.10759115290412027 0.24510937817405193 
0.10759115290412027 0.24510937817405193 
0.10759115290412027 0.24510937817405193 
0.10759115290412027 0.24510937817405193 
0.10759115290412027 0.24510937817405193 
0.10759115290412027 0.24510937817405193 
0.10759115290412027 0.24510937817405193 
0.10935498293767171 0.2470560863524912 
0.10935498293767171 0.2470560863524912 
0.11152502525626501 0.25440596737157156 
0.11152502525626501 0.25440596737157156 
0.11152502525626501 0.25440596737157156 
0.16358122485344645 0.15938075441941105 
0.16603419101278938 0.17522990358994356 
0.1416993393038749 0.17200634908959545 
0.14981255513712627 0.18910271458791106 
0.09295936730021225 0.16486972535059172 
0.09295936730021225 0.16486972535059172 
0.07401022836830617 0.1029113470867136 
0.07401022836830617 0.1029113470867136 
0.07401022836830617 0.1029113470867136 
0.07401022836830617 0.1029113470867136 
0.08079533413030282 0.11869567681986247 
0.08856959516921173 0.09470598287635736 
0.10580190113353963 0.14851016752230756 
0.10580190113353963 0.14851016752230756 
0.11154080983230176 0.1402404790184025 
0.11154080983230176 0.1402404790184025 
0.11154080983230176 0.1402404790184025 
0.11154080983230176 0.1402404790184025 
0.11154080983230176 0.1402404790184025 
0.11188935599201233 0.14155034643768238 
0.17671193123133333 0.21560777014489127 
0.09314242841093562 0.1900502114925087 
0.12300139965289926 0.19467454766465142 
0.07046834038521675 0.17274428863346356 
0.1684965295576157 0.1651078482550226 
0.0844369578604977 0.18108805468107422 
0.10330365168620638 0.16180721591496405 
0.08343379211756555 0.20031652768952649 
0.061846666929761186 0.15844516037093562 
0.061846666929761186 0.15844516037093562 
0.17110625918756373 0.2041365917302965 
0.16493251320670338 0.20698354308357694 
0.17564954725366208 0.2272031824290546 
0.17564954725366208 0.2272031824290546 
0.17564954725366208 0.2272031824290546 
0.1730333030375102 0.23783007369676884 
0.1730333030375102 0.23783007369676884 
0.1730333030375102 0.23783007369676884 
0.1730333030375102 0.23783007369676884 
0.1763292428769472 0.24200579012289203 
0.1763292428769472 0.24200579012289203 
0.1763292428769472 0.24200579012289203 
0.1147153829104258 0.16194795939709805 
0.06259830498290342 0.19777099642390897 
0.06259830498290342 0.19777099642390897 
0.06249660105799264 0.16886744844448415 
0.0929634495937389 0.22185335455196803 
0.10821409215763236 0.20188718962056418 
0.1213192235049591 0.15709092838831695 
0.12181268987914098 0.14792653156452942 
0.12577521187342602 0.11188751791034064 
0.12682033800990947 0.11053010927827586 
0.12682033800990947 0.11053010927827586 
0.12682033800990947 0.11053010927827586 
0.12682033800990947 0.11053010927827586 
0.12682033800990947 0.11053010927827586 
0.12682033800990947 0.11053010927827586 
0.12682033800990947 0.11053010927827586 
0.12368055523848329 0.11003144131241369 
0.14954950026106395 0.1294539569067778 
0.16529521924763185 0.1125980018772974 
0.16529521924763185 0.1125980018772974 
0.1661068850412348 0.11257771795602838 
0.14233421716641817 0.19340919789763333 
0.15739003174274324 0.2096979527041436 
0.17530444307632898 0.22190592430994144 
0.17204846874335006 0.22326057664142854 
0.17204846874335006 0.22326057664142854 
0.17204846874335006 0.22326057664142854 
0.17171566302708946 0.22403867683758866 
0.16883783158687382 0.22640680040217204 
0.16883783158687382 0.22640680040217204 
0.16883783158687382 0.22640680040217204 
0.16883783158687382 0.22640680040217204 
0.16883783158687382 0.22640680040217204 
0.16883783158687382 0.22640680040217204 
0.16503305424487053 0.20936370571101282 
0.1566610924422767 0.17883648547857942 
0.1034962520181965 0.16091143986242146 
0.07538353856311071 0.1665480400985117 
0.1456638442146302 0.16767298969440136 
0.17818590727175782 0.14230153781939853 
0.17818590727175782 0.14230153781939853 
0.17818590727175782 0.14230153781939853 
0.16025580553671773 0.13406926463645377 
0.16025580553671773 0.13406926463645377 
0.1388847713938 0.14114633334530846 
0.1388847713938 0.14114633334530846 
0.13272743686852406 0.14028051580664244 
0.13272743686852406 0.14028051580664244 
0.11633062768960656 0.1212021596349299 
0.13334676488684344 0.13926217993339116 
0.1162743481159029 0.13984403015943633 
0.15321772400111863 0.14087044640305327 
0.1537887316015724 0.17365692341257064 
0.11596344232899361 0.19759141135299788 
0.13624651350454123 0.18132462613642586 
0.08527602259469493 0.22588946639367008 
0.08252456656288895 0.23556136456312907 
0.13027354026990573 0.24522502900135365 
0.1228822348988192 0.24372914146029576 
0.1228822348988192 0.24372914146029576 
0.08563371674941721 0.17225668884096662 
0.1651213018025852 0.18592625122886955 
0.15321175514023871 0.19559548563118045 
0.07662520672608569 0.19000568257461703 
0.15626454381226004 0.17092481657778177 
0.09221989844936872 0.1866280172976676 
0.13742029190920213 0.1771266731883022 
0.1348073678631715 0.2176678722662661 
0.13483624360161847 0.2168852136225926 
0.13483624360161847 0.2168852136225926 
0.13516575029811134 0.21059769385725094 
0.13516575029811134 0.21059769385725094 
0.12344567347723559 0.22607896839084893 
0.13884599069393888 0.2401873987717846 
0.13884599069393888 0.2401873987717846 
0.13884599069393888 0.2401873987717846 
0.1388208367219589 0.24059804314622274 
0.1388208367219589 0.24059804314622274 
0.1461991602357652 0.255271751941627 
0.1461991602357652 0.255271751941627 
0.1461991602357652 0.255271751941627 
0.1461991602357652 0.255271751941627 
0.11783299032090053 0.2165709696585602 
0.11783299032090053 0.2165709696585602 
0.16880679793744285 0.1557510303704253 
0.08348989252846055 0.14976411018667246 
0.06294450355329205 0.1278859272529457 
0.1717740345132231 0.17990881374242454 
0.07737164749420468 0.19648241597188207 
0.09448806373968496 0.2230493787617689 
0.08191491561469279 0.24219061775215545 
0.08103019248315435 0.21811827088901226 
0.08103019248315435 0.21811827088901226 
0.09506199820980807 0.21013262325123985 
0.09506199820980807 0.21013262325123985 
0.08893849517417955 0.21809589691320308 
0.08960576683234626 0.21967804762813276 
0.07176122170503586 0.24861682391081197 
0.07176122170503586 0.24861682391081197 
0.07176122170503586 0.24861682391081197 
0.07212228133664156 0.2475905466586595 
0.07212228133664156 0.2475905466586595 
0.10255124885813711 0.24030785988640851 
0.09657266445366124 0.23147553549890879 
0.09657266445366124 0.23147553549890879 
0.09657266445366124 0.23147553549890879 
0.09657266445366124 0.23147553549890879 
0.06925110652609562 0.24622055794332812 
0.06925110652609562 0.24622055794332812 
0.06770788446962092 0.2499573676147605 
0.06770788446962092 0.2499573676147605 
0.06770788446962092 0.2499573676147605 
0.06770788446962092 0.2499573676147605 
0.06834333264251288 0.24974887647217486 
0.07021025477259737 0.24744252096738095 
0.07021025477259737 0.24744252096738095 
0.07021025477259737 0.24744252096738095 
0.06705006861608045 0.24766678861154579 
0.06705006861608045 0.24766678861154579 
0.06705006861608045 0.24766678861154579 
0.06705006861608045 0.24766678861154579 
0.08197554076499854 0.2258023403117997 
0.08197554076499854 0.2258023403117997 
0.0730963520838569 0.2289639454768259 
0.0730963520838569 0.2289639454768259 
0.0669586524623433 0.23329025703409317 
0.0669586524623433 0.23329025703409317 
0.06990178876323125 0.2312923398987632 
0.062343576356845926 0.24579422428624878 
0.062343576356845926 0.24579422428624878 
0.062343576356845926 0.24579422428624878 
0.062343576356845926 0.24579422428624878 
0.06283166229461944 0.21299199424937035 
0.13739682023592176 0.18213522679812197 
0.10719593426195924 0.16592530943126255 
0.10856784451077496 0.16671477488502337 
0.10668227650845874 0.15585803337431337 
0.17653869763844213 0.19763131293864156 
0.1482174539354102 0.17895687122361495 
0.167240854776122 0.15146758561333729 
0.167240854776122 0.15146758561333729 
0.16992384514521897 0.15472212586755318 
0.1773605925726728 0.1453933670655705 
0.1773605925726728 0.1453933670655705 
0.11877476703473325 0.17003040289570326 
0.11077297983845995 0.1626124601289375 
0.14142251558477126 0.1531944465904135 
0.1425816623827954 0.1511228701171502 
0.13954342100138872 0.1434846178402242 
0.13954342100138872 0.1434846178402242 
0.12969107527184967 0.11439530196129358 
0.13551625030453304 0.11176530129566849 
0.1778854789025141 0.16838640726436724 
0.1532052476599341 0.18371503754629093 
0.12755538295205615 0.18089222947326392 
0.1272828432195256 0.17516705012991984 
0.13377306507279318 0.13365204414603718 
0.13377306507279318 0.13365204414603718 
0.13403167492143975 0.1473778141612936 
0.1461959511272779 0.13050844352199895 
0.1461959511272779 0.13050844352199895 
0.1461959511272779 0.13050844352199895 
0.1461959511272779 0.13050844352199895 
0.15179498772290934 0.1203149441648785 
0.15179498772290934 0.1203149441648785 
0.15179498772290934 0.1203149441648785 
0.14564230487877974 0.1351591344464559 
0.14572376740960427 0.13437772796873762 
0.14945430291325362 0.10247014776447026 
0.14945430291325362 0.10247014776447026 
0.14489378076825357 0.12764801611397636 
0.14491607182469118 0.12754658517730166 
0.1460059998371786 0.12303953189267633 
0.12672852349248898 0.15063611591861953 
0.13109179601519222 0.1495148636106004 
0.13052813493591603 0.14920061155163064 
0.13052813493591603 0.14920061155163064 
0.0820369926553301 0.16782023526623246 
0.09668449373708723 0.17072296855385072 
0.14389522847547062 0.1688506396858066 
0.13884154728122758 0.1731672680648646 
0.06467291491433663 0.17869862235372266 
0.06571293342523822 0.19045260671301206 
0.11936506392098917 0.19879390239390576 
0.12016335540215953 0.209242715017931 
0.12016335540215953 0.209242715017931 
0.07850668764891827 0.17682032484494212 
0.12802713707592533 0.15869274630550545 
0.12802713707592533 0.15869274630550545 
0.11208692066284878 0.18714161427391982 
0.13723424605230253 0.19879715356128969 
0.12726183183009399 0.20260266791528433 
0.12726183183009399 0.20260266791528433 
0.06459518497105689 0.1572245457023293 
0.06459518497105689 0.1572245457023293 
0.06562596128540901 0.15841126068878908 
0.13809965916691766 0.17416571060342775 
0.12219832072199555 0.1477425082828929 
0.13645505725401114 0.18419578245836796 
0.13649285185570792 0.1677449500602163 
0.15233668623591776 0.17176317007798755 
0.14046228796960547 0.19431968002621372 
0.11626675758673116 0.16566092069437294 
0.15653863571087193 0.18383832962238686 
0.09502448309508785 0.19716098397692158 
0.10353964699659574 0.1787592934835471 
0.10502102654976117 0.20026534963725334 
0.10965001028465543 0.20645800430271227 
0.11035653749874211 0.2056571053130335 
0.13405477943285646 0.17332769293510153 
0.08673304382634571 0.2134195196394651 
0.11370287661276114 0.16243395542785102 
0.07134133903156031 0.19138569482312998 
0.07134133903156031 0.19138569482312998 
0.1650630527784182 0.17566642711807112 
0.0805757808314364 0.20443360496287782 
0.0799364902497274 0.19124962666480108 
0.17261942230548838 0.21345504107241609 
0.11540356255597842 0.22426633038108787 
0.1125937970069799 0.23459963122694938 
0.0973698032213293 0.23737084441734027 
0.0973698032213293 0.23737084441734027 
0.10079811544941701 0.20880110812898253 
0.11734189304530768 0.24273661203950592 
0.11765825034049791 0.24261982699188495 
0.11730866879136406 0.2453111501897049 
0.1280915830780614 0.2374682131794908 
0.14995514299047263 0.24365399775205454 
0.15394319966680037 0.25199805547157905 
0.15394319966680037 0.25199805547157905 
0.15104733050103888 0.24699260635365014 
0.15104733050103888 0.24699260635365014 
0.15104733050103888 0.24699260635365014 
0.15155718726634637 0.23665270703902588 
0.15155718726634637 0.23665270703902588 
0.15155718726634637 0.23665270703902588 
0.16047017236340805 0.23839607570837362 
0.12781804630492538 0.2383558646642735 
0.12781804630492538 0.2383558646642735 
0.12967703257835786 0.2175347548839725 
0.12967703257835786 0.2175347548839725 
0.12967703257835786 0.2175347548839725 
0.13043160330572873 0.21778076100069363 
0.1267430207875723 0.21833996573947467 
0.10631268081439514 0.1665857008527971 
0.0952482349355165 0.17306799170758294 
0.09508850636386737 0.15620481890657908 
0.09508850636386737 0.15620481890657908 
0.07827252569129325 0.17502806251709646 
0.06186865770284118 0.1647489627719108 
0.06471900480103897 0.17396020367709109 
0.1296945353219437 0.17627037626498038 
0.1330755964319965 0.18202643747656105 
0.17808723963285808 0.1700332460193869 
0.17247710329497107 0.16349179496040042 
0.06742859459142239 0.1958182197061307 
0.16614534634280803 0.16852303756678125 
0.0898635864192216 0.19378206270429627 
0.11986233854734761 0.17503889696274916 
0.07924216175614329 0.17937478097929535 
0.1200826130557833 0.16377794095174067 
0.09867202633667417 0.18970885079396685 
0.10797608032656175 0.16292165310634574 
0.08436797145898116 0.11209502381764919 
0.08436797145898116 0.11209502381764919 
0.08436797145898116 0.11209502381764919 
0.08436797145898116 0.11209502381764919 
0.08436797145898116 0.11209502381764919 
0.08436797145898116 0.11209502381764919 
0.08714941410976591 0.20544257083409043 
0.09772303588679919 0.24394295581014863 
0.09772303588679919 0.24394295581014863 
0.06706301468025701 0.24351416399081877 
0.06706301468025701 0.24351416399081877 
0.06706301468025701 0.24351416399081877 
0.06706301468025701 0.24351416399081877 
0.06591952222070549 0.2486695121698455 
0.0770115137616016 0.2285673368631302 
0.0770115137616016 0.2285673368631302 
0.06791854151203452 0.24393022698311323 
0.06791854151203452 0.24393022698311323 
0.06791854151203452 0.24393022698311323 
0.06791854151203452 0.24393022698311323 
0.06791854151203452 0.24393022698311323 
0.06791854151203452 0.24393022698311323 
0.06649187131615829 0.24845551630260543 
0.0660711006067088 0.2522900528564006 
0.0660711006067088 0.2522900528564006 
0.0660711006067088 0.2522900528564006 
0.08577233165538187 0.23092084889373218 
0.08133304323311696 0.2258331152291114 
0.08133304323311696 0.2258331152291114 
0.09964109269880375 0.23102920851300038 
0.10902910092481381 0.2432636717350672 
0.10902910092481381 0.2432636717350672 
0.1152623413693923 0.2257325176549809 
0.1416278972672457 0.23965355277536898 
0.14025091635304734 0.2382515835470626 
0.12131043007941131 0.23805054781223883 
0.11268234887571812 0.2423017557463239 
0.11268234887571812 0.2423017557463239 
0.11268234887571812 0.2423017557463239 
0.11268234887571812 0.2423017557463239 
0.11054265171298686 0.23659020849533124 
0.11710866329164953 0.21386233540450952 
0.16068089183567139 0.24526162391666517 
0.16051327736901144 0.244667801977688 
0.16051327736901144 0.244667801977688 
0.18039053562544766 0.22652992526116333 
0.18039053562544766 0.22652992526116333 
0.18039053562544766 0.22652992526116333 
0.18039053562544766 0.22652992526116333 
0.17844070026255596 0.22189154892405896 
0.17844070026255596 0.22189154892405896 
0.10095679802727352 0.20303309238654255 
0.10792010185558358 0.1803027917120394 
0.09335280154305456 0.24757175180202698 
0.09335280154305456 0.24757175180202698 
0.09046673569109573 0.25383589261335854 
0.0941424321993903 0.25332890451000023 
0.0941424321993903 0.25332890451000023 
0.0941424321993903 0.25332890451000023 
0.10337085036137603 0.23674214948960484 
0.10538233490423354 0.2444879612804372 
0.10538233490423354 0.2444879612804372 
0.10538233490423354 0.2444879612804372 
0.10035446723876693 0.23943147829437633 
0.10035446723876693 0.23943147829437633 
0.10035446723876693 0.23943147829437633 
0.10035446723876693 0.23943147829437633 
0.10035446723876693 0.23943147829437633 
0.10035446723876693 0.23943147829437633 
0.10035446723876693 0.23943147829437633 
0.10149431468370243 0.24444043621126246 
0.10149431468370243 0.24444043621126246 
0.10149431468370243 0.24444043621126246 
0.09864266380124881 0.24229731250491346 
0.09864266380124881 0.24229731250491346 
0.07605249662936839 0.2533644881004957 
0.07607843342565215 0.25332106304313023 
0.1525420070519681 0.1584576235398073 
0.12833971509604364 0.18875257808019524 
0.12426617178593521 0.19265080265530518 
0.17329752036949278 0.16501265747537633 
0.1768637091682597 0.18600738434362835 
0.15450728640269734 0.17640424211426944 
0.14436949539123872 0.1757075062058182 
0.10828894583896473 0.18344085817782838 
0.1464210452957453 0.21385879142852965 
0.06294817679542246 0.17782508631957417 
0.17125678438796266 0.17960118234150163 
0.11418715314445013 0.2048831405079297 
0.11418715314445013 0.2048831405079297 
0.09730926121409694 0.22774365612869094 
0.09730926121409694 0.22774365612869094 
0.09730926121409694 0.22774365612869094 
0.09963868250152291 0.22313520848333987 
0.0919900774757025 0.1941373255309276 
0.17787861692916984 0.17616136914879504 
0.1142330739978897 0.17350853184857162 
0.1125083651596277 0.16123278510894165 
0.1699420288775308 0.16205870582953338 
0.1699420288775308 0.16205870582953338 
0.16535204785578225 0.12539960303652042 
0.16535204785578225 0.12539960303652042 
0.16535204785578225 0.12539960303652042 
0.16535204785578225 0.12539960303652042 
0.17492249941007443 0.10543206764141311 
0.17492249941007443 0.10543206764141311 
0.17492249941007443 0.10543206764141311 
0.13286295706192075 0.12918166418722807 
0.13625693552232157 0.11398279907423728 
0.13625693552232157 0.11398279907423728 
0.127204865821875 0.14543632706226323 
0.10603630324858627 0.17305205427565926 
0.13424791749535603 0.1711020744994274 
0.15696622831014556 0.1639519786122209 
0.17168407200470268 0.16031955787691146 
0.08671743504051857 0.1895658639856246 
0.1422090059392001 0.15835905667295191 
0.16931866444371677 0.23773000346395243 
0.17254967212401728 0.2364200512506911 
0.1622577551417793 0.18475918894687268 
0.06450428573302057 0.16340497655534392 
0.12049481874245051 0.20304921897760977 
0.16961661235518388 0.1519434294584842 
0.10676299506486317 0.1864589374710987 
0.14872194916830003 0.16840631315989874 
0.1772926803380561 0.17201021515680479 
0.1623195531273775 0.2560554719846859 
0.1623195531273775 0.2560554719846859 
0.16252707886122797 0.25607138983801125 
0.16331615659091556 0.21678621732297018 
0.15780494160760822 0.21303637961637273 
0.15878582059549254 0.2163147256823228 
0.1805216365977254 0.22467250054273027 
0.1715610359486851 0.22564511169681822 
0.18127365847480137 0.2553084575381353 
0.18127365847480137 0.2553084575381353 
0.16882066967885284 0.24114693441755813 
0.16882066967885284 0.24114693441755813 
0.17662025107077714 0.24967656179131154 
0.17217682265452777 0.23867520859177493 
0.17200519215869647 0.24886092712511382 
0.17200519215869647 0.24886092712511382 
0.17200519215869647 0.24886092712511382 
0.17200519215869647 0.24886092712511382 
0.17200519215869647 0.24886092712511382 
0.17200519215869647 0.24886092712511382 
0.14634760605400007 0.22448618847704865 
0.14634760605400007 0.22448618847704865 
0.14634760605400007 0.22448618847704865 
0.1471302324129974 0.21016993716851687 
0.15290007051613472 0.20658250170360337 
0.15290007051613472 0.20658250170360337 
0.0804079140873346 0.16786458045810143 
0.0984988962816936 0.19716367674400534 
0.06711062166301353 0.19056042212372623 
0.06711062166301353 0.19056042212372623 
0.06369945159030485 0.15814773226343368 
0.12773428968339973 0.2128836955226332 
0.15300359913481248 0.2448855382753088 
0.15300359913481248 0.2448855382753088 
0.13048365828778288 0.19590054164232268 
0.1369680905210916 0.15363495052732215 
0.13464131804736673 0.15156140869523893 
0.12115380927236644 0.2259919920158062 
0.12115380927236644 0.2259919920158062 
0.15920684925306547 0.16278533811424772 
0.1681341512847383 0.1878017860866022 
0.1681341512847383 0.1878017860866022 
0.1681341512847383 0.1878017860866022 
0.1334706454265161 0.18603332637759723 
0.1398310232126019 0.2045541514433005 
0.1330555555141506 0.19408847165682866 
0.15486334438996582 0.1880509797597905 
0.17207823940119038 0.16098717451028244 
0.18006690341279685 0.14601801174254814 
0.18006690341279685 0.14601801174254814 
0.17418365571481897 0.14345976607228803 
0.17356784899024993 0.14668702070237477 
0.17356784899024993 0.14668702070237477 
0.1735721169818714 0.14757439807165842 
0.07270802043261976 0.16969035254996062 
0.1464422780546957 0.16920186194910167 
0.07771272955649736 0.18650448855961738 
0.13297596584156576 0.1998534848727179 
0.17669188976120848 0.2091832402886996 
0.1313899456610473 0.18826273683900782 
0.08467318340117075 0.15998731386989104 
0.15962172846308018 0.2073488605755928 
0.15962172846308018 0.2073488605755928 
0.15962172846308018 0.2073488605755928 
0.15865430265514333 0.21573888357514778 
0.14830758971503707 0.23100498834362565 
0.1502465609462815 0.22424941617524735 
0.1502465609462815 0.22424941617524735 
0.1502465609462815 0.22424941617524735 
0.1617808784514569 0.2201756927917152 
0.16736913767096376 0.2270377921982153 
0.0655343016170574 0.22618363563664656 
0.06320223408367902 0.23184151969020905 
0.17988226578072536 0.17053880829420823 
0.09733148527701449 0.19641327708296047 
0.1163094430207951 0.17338632092816106 
0.08578274691963889 0.16151634164787548 
0.08578274691963889 0.16151634164787548 
0.10561200695417558 0.18305052316418555 
0.17252758924877842 0.18360238977785928 
0.15491095624204343 0.17496581971913608 
0.119534436272513 0.16376951151521854 
0.17932108882155223 0.1695327917117473 
0.16157520272565215 0.1986071908833035 
0.16157520272565215 0.1986071908833035 
0.16628098074363473 0.19790295347300946 
0.07279317541402629 0.18334423717997766 
0.063264759403583 0.1836653105501963 
0.15307334218681323 0.15989426600204643 
0.10193355301440224 0.15676241683287306 
0.14569837144811443 0.15883520182519809 
0.11253789648605932 0.20505105274911323 
0.1273931218970608 0.17302623355752128 
0.14106157580225528 0.16310593584802924 
0.14715945569044203 0.15785990396029106 
0.15045277076724284 0.1526198429410038 
0.12662435181892734 0.1375899974921048 
0.1440647379646583 0.1378380077764946 
0.13817355615795876 0.13476261399215286 
0.15185200255547393 0.12752104306292522 
0.15185200255547393 0.12752104306292522 
0.15125236374551015 0.1267967243197616 
0.14659846146077393 0.10969555072064147 
0.1505996499654046 0.14832287547680378 
0.1505996499654046 0.14832287547680378 
0.14974521484539355 0.14286227446803695 
0.14974521484539355 0.14286227446803695 
0.16281206049405061 0.140478449217473 
0.16281206049405061 0.140478449217473 
0.15886986461715397 0.1455477522316054 
0.15886986461715397 0.1455477522316054 
0.15886986461715397 0.1455477522316054 
0.15886986461715397 0.1455477522316054 
0.1566587536828504 0.14546862857045345 
0.15093272638184108 0.15084517464376512 
0.08228396503121693 0.1898724795627489 
0.15105743624958407 0.1698262523279576 
0.065388828489187 0.17919522854878564 
0.13246778667004774 0.1825364052227533 
0.06067816943367779 0.18016760619855288 
0.07597901648632999 0.19937440345569754 
0.1341992937162795 0.1671461220056487 
0.1110685499256695 0.13490831783297952 
0.1110685499256695 0.13490831783297952 
0.1110685499256695 0.13490831783297952 
0.11205835539390456 0.13307668693354827 
0.11113900285914004 0.13478793245839432 
0.11113900285914004 0.13478793245839432 
0.11113900285914004 0.13478793245839432 
0.07623190978326409 0.14897683314143728 
0.07612822028949004 0.14369564897930495 
0.07937620398774692 0.14896163618563518 
0.06729696838130095 0.18424787555086897 
0.08052379352734501 0.20589943387327903 
0.08052379352734501 0.20589943387327903 
0.1330188341696188 0.19229146409857978 
0.16968988020701578 0.16920779431023045 
0.13324015134681907 0.15646385597497112 
0.13324015134681907 0.15646385597497112 
0.10504418073691307 0.16002496939436675 
0.06195918061890365 0.20036969882497527 
0.06195918061890365 0.20036969882497527 
0.15232147981508162 0.1751088059505997 
0.10310108893303885 0.2013215177543253 
0.12791750614783767 0.18285903233921286 
0.1753670411310335 0.18117072316670277 
0.17760683896923596 0.1964867312500308 
0.17760683896923596 0.1964867312500308 
0.1790465782797078 0.19844198005615676 
0.12704229310652967 0.16850640106244033 
0.06733120414746627 0.20722652852440765 
0.06733120414746627 0.20722652852440765 
0.06733120414746627 0.20722652852440765 
0.07809154477566439 0.21761252669468664 
0.07388282562831594 0.21781155736633814 
0.07388282562831594 0.21781155736633814 
0.16581052808818164 0.21255712238593 
0.08063295331219766 0.18842549877328071 
0.125521909542025 0.18266494556340557 
0.06504023108904582 0.1683401375231128 
0.09532019585565096 0.18312625207496094 
0.16403116265169265 0.21323003449090963 
0.1581293792174373 0.20905090552422775 
0.15535658590028917 0.21005549175358473 
0.16574756450663533 0.23495119896854721 
0.15709659762031764 0.23527875433157347 
0.10088623791717669 0.25094384256451197 
0.10088623791717669 0.25094384256451197 
0.10088623791717669 0.25094384256451197 
0.10088623791717669 0.25094384256451197 
0.10088623791717669 0.25094384256451197 
0.10088623791717669 0.25094384256451197 
0.10088623791717669 0.25094384256451197 
0.10088623791717669 0.25094384256451197 
0.10088623791717669 0.25094384256451197 
0.10088623791717669 0.25094384256451197 
0.10088623791717669 0.25094384256451197 
0.10088623791717669 0.25094384256451197 
0.10088623791717669 0.25094384256451197 
0.10088623791717669 0.25094384256451197 
0.10088623791717669 0.25094384256451197 
0.10088623791717669 0.25094384256451197 
0.10088623791717669 0.25094384256451197 
0.1020805641751519 0.2535396418905935 
0.1020805641751519 0.2535396418905935 
0.10083624912747507 0.25583852068697704 
0.10083624912747507 0.25583852068697704 
0.10083624912747507 0.25583852068697704 
0.10083624912747507 0.25583852068697704 
0.10083624912747507 0.25583852068697704 
0.10083624912747507 0.25583852068697704 
0.10083624912747507 0.25583852068697704 
0.07039392566994206 0.22358457267044812 
0.07170980209125227 0.2372298245341003 
0.07170980209125227 0.2372298245341003 
0.07170980209125227 0.2372298245341003 
0.07170980209125227 0.2372298245341003 
0.07170980209125227 0.2372298245341003 
0.0702045356580608 0.2509654903990205 
0.0702045356580608 0.2509654903990205 
0.08098370431671391 0.24768924418771918 
0.08098370431671391 0.24768924418771918 
0.08098370431671391 0.24768924418771918 
0.08098370431671391 0.24768924418771918 
0.08098370431671391 0.24768924418771918 
0.08098370431671391 0.24768924418771918 
0.08176435338481322 0.24976876949350627 
0.08497336304666162 0.24195771180894343 
0.08743792714153364 0.20735699750339479 
0.08743792714153364 0.20735699750339479 
0.11081880581158587 0.20151801069713898 
0.09860552733839942 0.21068405427959647 
0.09860552733839942 0.21068405427959647 
0.07388661604191055 0.1502812015694256 
0.1474938514879532 0.2156025654560349 
0.1474938514879532 0.2156025654560349 
0.1474938514879532 0.2156025654560349 
0.13039890972230592 0.23911561974276063 
0.1304996308847356 0.24034264972140013 
0.12981132054606687 0.23940823090161995 
0.12981132054606687 0.23940823090161995 
0.1456440127811785 0.2407509755672629 
0.1456440127811785 0.2407509755672629 
0.15029980227431539 0.23758222693754266 
0.1594020642905055 0.2238672990424007 
0.16605697564393318 0.2392141930359574 
0.16605697564393318 0.2392141930359574 
0.16605697564393318 0.2392141930359574 
0.16605697564393318 0.2392141930359574 
0.16605697564393318 0.2392141930359574 
0.16605697564393318 0.2392141930359574 
0.16605697564393318 0.2392141930359574 
0.1333592479099137 0.23224988184243667 
0.1333592479099137 0.23224988184243667 
0.14801657972733567 0.22757514426309647 
0.0962367817390131 0.2238336700349714 
0.08631686583199116 0.2319100331746765 
0.08701675190919682 0.23735533868486805 
0.08147597028064016 0.24781273419520783 
0.08987729991919402 0.23743719761746024 
0.08987729991919402 0.23743719761746024 
0.08987729991919402 0.23743719761746024 
0.08962275336956296 0.24178014911122014 
0.08962275336956296 0.24178014911122014 
0.08962275336956296 0.24178014911122014 
0.06955248118019239 0.23982110783625551 
0.08753889378649 0.2234119574832771 
0.08464313946056855 0.22573518645327928 
0.08464313946056855 0.22573518645327928 
0.06464972993093358 0.2506601117328853 
0.06464972993093358 0.2506601117328853 
0.06464972993093358 0.2506601117328853 
0.06464972993093358 0.2506601117328853 
0.06464972993093358 0.2506601117328853 
0.06464972993093358 0.2506601117328853 
0.08568162977890295 0.2260721190506985 
0.08568162977890295 0.2260721190506985 
0.08578043227333063 0.22525924373301687 
0.07092167527286998 0.23811750652483343 
0.06437728249301901 0.2565236532369733 
0.06437728249301901 0.2565236532369733 
0.07013949567983366 0.23659163029214253 
0.07013949567983366 0.23659163029214253 
0.07276097763491732 0.22512480640733215 
0.0684155336357557 0.2284953429084075 
0.0684155336357557 0.2284953429084075 
0.10971613457021778 0.18847889500124268 
0.07331839050201125 0.18867863608708468 
0.13989651171653242 0.19851005338494718 
0.0991908637873162 0.2377796015369945 
0.06894698433868114 0.24235403392010937 
0.06654273425492105 0.24640726448168754 
0.06654273425492105 0.24640726448168754 
0.06654273425492105 0.24640726448168754 
0.06654273425492105 0.24640726448168754 
0.06654273425492105 0.24640726448168754 
0.09972739196772841 0.24705072148838267 
0.09996165670634875 0.24402368394445928 
0.09996165670634875 0.24402368394445928 
0.09996165670634875 0.24402368394445928 
0.09996165670634875 0.24402368394445928 
0.09996165670634875 0.24402368394445928 
0.09996165670634875 0.24402368394445928 
0.09996165670634875 0.24402368394445928 
0.1329660525709613 0.19344609347315075 
0.07458674802266999 0.2030856308112258 
0.07776271317815303 0.2052880249287594 
0.07776271317815303 0.2052880249287594 
0.09389979913427515 0.18573395758685762 
0.06904300526579812 0.18711733369527234 
0.13201253762239193 0.18159204256926995 
0.0644135131265288 0.1652979650310593 
0.12614265211602918 0.18380506083161463 
0.13730360190120677 0.18387503310391679 
0.11547910918193825 0.14652310228214205 
0.11547910918193825 0.14652310228214205 
0.129807234473234 0.12491503762088244 
0.13851485665985264 0.09044166152056414 
0.13606975748683953 0.1125180757944593 
0.13606975748683953 0.1125180757944593 
0.13606975748683953 0.1125180757944593 
0.13606975748683953 0.1125180757944593 
0.13606975748683953 0.1125180757944593 
0.13709500799220742 0.1276198438371432 
0.1472989963114134 0.12144833913543668 
0.1472989963114134 0.12144833913543668 
0.1472989963114134 0.12144833913543668 
0.15071963975708141 0.12005293988630494 
0.12320776032642847 0.1382199295209294 
0.11373482033528637 0.1300634193457682 
0.11373482033528637 0.1300634193457682 
0.11140007121692357 0.12965130018881516 
0.11140007121692357 0.12965130018881516 
0.11140007121692357 0.12965130018881516 
0.08777043220335508 0.13188830079921016 
0.08777043220335508 0.13188830079921016 
0.08777043220335508 0.13188830079921016 
0.079572959872754 0.12924100167647437 
0.079572959872754 0.12924100167647437 
0.07605454540346787 0.12177731079753545 
0.06469759832724019 0.11643007915890419 
0.06469759832724019 0.11643007915890419 
0.06469759832724019 0.11643007915890419 
0.06469759832724019 0.11643007915890419 
0.0757394027829261 0.12116991242331684 
0.0837265813384544 0.13052757614268967 
0.08294846732725675 0.1389999690403528 
0.08294846732725675 0.1389999690403528 
0.08262495054227434 0.13865311959358487 
0.08262495054227434 0.13865311959358487 
0.08262495054227434 0.13865311959358487 
0.08262495054227434 0.13865311959358487 
0.06298932954381206 0.11226284565618715 
0.06342192876848203 0.12113832579534697 
0.06342192876848203 0.12113832579534697 
0.06342192876848203 0.12113832579534697 
0.070434861024399 0.13610410794434474 
0.07060371675014246 0.135613379330963 
0.07060371675014246 0.135613379330963 
0.07544959526909539 0.1427642368105866 
0.10675388440159966 0.15189121056791116 
0.10675388440159966 0.15189121056791116 
0.0871810844217745 0.1743925100636937 
0.07875728973580767 0.17359583064459483 
0.11578047711694864 0.1806591461078732 
