0.0855297815208606 0.5519948290735458 8.727549485180578 
0.0855297815208606 0.5519948290735458 8.727549485180578 
0.0855297815208606 0.5519948290735458 8.727549485180578 
0.0855297815208606 0.5519948290735458 8.727549485180578 
0.08549211319985361 0.5519948361636505 8.727615855315838 
0.08549211319985361 0.5519948361636505 8.727615855315838 
0.08549211319985361 0.5519948361636505 8.727615855315838 
0.08544854282633041 0.5519681558584403 8.727727753056815 
0.08496195920238837 0.5516823305241256 8.727807875854912 
0.08512065330465927 0.5517898644291664 8.7277558842544 
0.08527762758337835 0.5518849519198168 8.727640888917312 
0.08527104436502142 0.5517727552477486 8.727718341444978 
0.08527104436502142 0.5517727552477486 8.727718341444978 
0.08526986907992519 0.5508206731304012 8.728416154113916 
0.08526986907992519 0.5508206731304012 8.728416154113916 
0.08508783910488756 0.5498173407413611 8.729329684919783 
0.08501822738933659 0.5512259238510163 8.72803339186498 
0.08501822738933659 0.5512259238510163 8.72803339186498 
0.08508907249652517 0.551259647948595 8.728017894839521 
0.08508907249652517 0.551259647948595 8.728017894839521 
0.08508907249652517 0.551259647948595 8.728017894839521 
0.08508907249652517 0.551259647948595 8.728017894839521 
0.08508907249652517 0.551259647948595 8.728017894839521 
0.08508907249652517 0.551259647948595 8.728017894839521 
0.08508907249652517 0.551259647948595 8.728017894839521 
0.08483318051211224 0.5519561698878563 8.729449216842843 
0.08483318051211224 0.5519561698878563 8.729449216842843 
0.08483318051211224 0.5519561698878563 8.729449216842843 
0.08483318051211224 0.5519561698878563 8.729449216842843 
0.08483318051211224 0.5519561698878563 8.729449216842843 
0.08483318051211224 0.5519561698878563 8.729449216842843 
0.08483318051211224 0.5519561698878563 8.729449216842843 
0.08483318051211224 0.5519561698878563 8.729449216842843 
0.08483318051211224 0.5519561698878563 8.729449216842843 
0.08483318051211224 0.5519561698878563 8.729449216842843 
0.08487454525459366 0.5519920624081178 8.729264660526818 
0.08487454525459366 0.5519920624081178 8.729264660526818 
0.08217140169723539 0.5484319233313687 8.731949034751372 
0.08217140169723539 0.5484319233313687 8.731949034751372 
0.08321021448527945 0.5457478303155952 8.73568922244851 
0.0813628574232235 0.5424916493314712 8.73866266772779 
0.0813628574232235 0.5424916493314712 8.73866266772779 
0.08133283061414769 0.5423908783052925 8.738907581238161 
0.08133283061414769 0.5423908783052925 8.738907581238161 
0.08133283061414769 0.5423908783052925 8.738907581238161 
0.06890227056918521 0.5214026564967048 8.757103788678638 
0.06890227056918521 0.5214026564967048 8.757103788678638 
0.08295175671996388 0.5186977645671661 8.581286084639338 
0.08295175671996388 0.5186977645671661 8.581286084639338 
0.08295175671996388 0.5186977645671661 8.581286084639338 
0.08295175671996388 0.5186977645671661 8.581286084639338 
0.08295175671996388 0.5186977645671661 8.581286084639338 
0.08271395007535369 0.518695575242981 8.58202702370843 
0.08271395007535369 0.518695575242981 8.58202702370843 
0.07381850593322885 0.5204523863376657 8.633433107122906 
0.07381850593322885 0.5204523863376657 8.633433107122906 
0.06798213193547632 0.5337902676997665 8.677934699246094 
0.0704580519820204 0.5368820361399641 8.68948084167571 
0.07194253453377909 0.5447373612470741 8.674885327955021 
0.06816578706262438 0.5449750813813723 8.642203988878869 
0.06816578706262438 0.5449750813813723 8.642203988878869 
0.061862663760326085 0.5355792366411494 8.681924744975403 
0.06336464097588979 0.5380065766936538 8.698845413573638 
0.06838952849302368 0.5089007471249333 8.628940772230326 
0.06838952849302368 0.5089007471249333 8.628940772230326 
0.06838952849302368 0.5089007471249333 8.628940772230326 
0.06838952849302368 0.5089007471249333 8.628940772230326 
0.06838952849302368 0.5089007471249333 8.628940772230326 
0.06838952849302368 0.5089007471249333 8.628940772230326 
0.06000465007583913 0.5152128908175121 8.636041923561583 
0.06000465007583913 0.5152128908175121 8.636041923561583 
0.055211338584552114 0.5205063260856305 8.682776097803485 
0.06336883270143312 0.534817985001338 8.760841492939212 
0.057281685197659825 0.5340418720663038 8.824994210945373 
0.06741045971010018 0.5341790202010767 8.653263923623847 
0.05208453059699032 0.5310907735699997 8.669315575474398 
0.05103938088885563 0.532793702349903 8.708977154434448 
0.058990758716019144 0.5371046701569603 8.728955867923313 
0.05500401370801515 0.5378718818022492 8.755940638061947 
0.03970965653717107 0.5474860797971282 8.532775330158188 
0.03970965653717107 0.5474860797971282 8.532775330158188 
0.03970965653717107 0.5474860797971282 8.532775330158188 
0.03970965653717107 0.5474860797971282 8.532775330158188 
0.051415510741646714 0.5317422447815704 8.694797794577198 
0.051415510741646714 0.5317422447815704 8.694797794577198 
0.045545567237018005 0.5321224191001676 8.998893537127632 
0.045545567237018005 0.5321224191001676 8.998893537127632 
0.045545567237018005 0.5321224191001676 8.998893537127632 
0.045545567237018005 0.5321224191001676 8.998893537127632 
0.049712920540716146 0.5489991565883877 9.385318484286715 
0.049712920540716146 0.5489991565883877 9.385318484286715 
0.048970132276250765 0.5359148873713686 9.253551503152412 
0.048970132276250765 0.5359148873713686 9.253551503152412 
0.048960510920320346 0.5357384346036593 9.257202553028621 
0.048960510920320346 0.5357384346036593 9.257202553028621 
0.048960510920320346 0.5357384346036593 9.257202553028621 
0.048960510920320346 0.5357384346036593 9.257202553028621 
0.048960510920320346 0.5357384346036593 9.257202553028621 
0.04759105892345917 0.5489005437008925 9.314034006557526 
0.04759105892345917 0.5489005437008925 9.314034006557526 
0.0855297815208606, 0.5519948290735458, 8.727549485180578 \0.0855297815208606, 0.5519948290735458, 8.727549485180578 \0.0855297815208606, 0.5519948290735458, 8.727549485180578 \0.0855297815208606, 0.5519948290735458, 8.727549485180578 \0.08549211319985361, 0.5519948361636505, 8.727615855315838 \0.08549211319985361, 0.5519948361636505, 8.727615855315838 \0.08549211319985361, 0.5519948361636505, 8.727615855315838 \0.08544854282633041, 0.5519681558584403, 8.727727753056815 \0.08496195920238837, 0.5516823305241256, 8.727807875854912 \0.08512065330465927, 0.5517898644291664, 8.7277558842544 \0.08527762758337835, 0.5518849519198168, 8.727640888917312 \0.08527104436502142, 0.5517727552477486, 8.727718341444978 \0.08527104436502142, 0.5517727552477486, 8.727718341444978 \0.08526986907992519, 0.5508206731304012, 8.728416154113916 \0.08526986907992519, 0.5508206731304012, 8.728416154113916 \0.08508783910488756, 0.5498173407413611, 8.729329684919783 \0.08501822738933659, 0.5512259238510163, 8.72803339186498 \0.08501822738933659, 0.5512259238510163, 8.72803339186498 \0.08508907249652517, 0.551259647948595, 8.728017894839521 \0.08508907249652517, 0.551259647948595, 8.728017894839521 \0.08508907249652517, 0.551259647948595, 8.728017894839521 \0.08508907249652517, 0.551259647948595, 8.728017894839521 \0.08508907249652517, 0.551259647948595, 8.728017894839521 \0.08508907249652517, 0.551259647948595, 8.728017894839521 \0.08508907249652517, 0.551259647948595, 8.728017894839521 \0.08483318051211224, 0.5519561698878563, 8.729449216842843 \0.08483318051211224, 0.5519561698878563, 8.729449216842843 \0.08483318051211224, 0.5519561698878563, 8.729449216842843 \0.08483318051211224, 0.5519561698878563, 8.729449216842843 \0.08483318051211224, 0.5519561698878563, 8.729449216842843 \0.08483318051211224, 0.5519561698878563, 8.729449216842843 \0.08483318051211224, 0.5519561698878563, 8.729449216842843 \0.08483318051211224, 0.5519561698878563, 8.729449216842843 \0.08483318051211224, 0.5519561698878563, 8.729449216842843 \0.08483318051211224, 0.5519561698878563, 8.729449216842843 \0.08487454525459366, 0.5519920624081178, 8.729264660526818 \0.08487454525459366, 0.5519920624081178, 8.729264660526818 \0.08217140169723539, 0.5484319233313687, 8.731949034751372 \0.08217140169723539, 0.5484319233313687, 8.731949034751372 \0.08321021448527945, 0.5457478303155952, 8.73568922244851 \0.0813628574232235, 0.5424916493314712, 8.73866266772779 \0.0813628574232235, 0.5424916493314712, 8.73866266772779 \0.08133283061414769, 0.5423908783052925, 8.738907581238161 \0.08133283061414769, 0.5423908783052925, 8.738907581238161 \0.08133283061414769, 0.5423908783052925, 8.738907581238161 \0.06890227056918521, 0.5214026564967048, 8.757103788678638 \0.06890227056918521, 0.5214026564967048, 8.757103788678638 \0.08295175671996388, 0.5186977645671661, 8.581286084639338 \0.08295175671996388, 0.5186977645671661, 8.581286084639338 \0.08295175671996388, 0.5186977645671661, 8.581286084639338 \0.08295175671996388, 0.5186977645671661, 8.581286084639338 \0.08295175671996388, 0.5186977645671661, 8.581286084639338 \0.08271395007535369, 0.518695575242981, 8.58202702370843 \0.08271395007535369, 0.518695575242981, 8.58202702370843 \0.07381850593322885, 0.5204523863376657, 8.633433107122906 \0.07381850593322885, 0.5204523863376657, 8.633433107122906 \0.06798213193547632, 0.5337902676997665, 8.677934699246094 \0.0704580519820204, 0.5368820361399641, 8.68948084167571 \0.07194253453377909, 0.5447373612470741, 8.674885327955021 \0.06816578706262438, 0.5449750813813723, 8.642203988878869 \0.06816578706262438, 0.5449750813813723, 8.642203988878869 \0.061862663760326085, 0.5355792366411494, 8.681924744975403 \0.06336464097588979, 0.5380065766936538, 8.698845413573638 \0.06838952849302368, 0.5089007471249333, 8.628940772230326 \0.06838952849302368, 0.5089007471249333, 8.628940772230326 \0.06838952849302368, 0.5089007471249333, 8.628940772230326 \0.06838952849302368, 0.5089007471249333, 8.628940772230326 \0.06838952849302368, 0.5089007471249333, 8.628940772230326 \0.06838952849302368, 0.5089007471249333, 8.628940772230326 \0.06000465007583913, 0.5152128908175121, 8.636041923561583 \0.06000465007583913, 0.5152128908175121, 8.636041923561583 \0.055211338584552114, 0.5205063260856305, 8.682776097803485 \0.06336883270143312, 0.534817985001338, 8.760841492939212 \0.057281685197659825, 0.5340418720663038, 8.824994210945373 \0.06741045971010018, 0.5341790202010767, 8.653263923623847 \0.05208453059699032, 0.5310907735699997, 8.669315575474398 \0.05103938088885563, 0.532793702349903, 8.708977154434448 \0.058990758716019144, 0.5371046701569603, 8.728955867923313 \0.05500401370801515, 0.5378718818022492, 8.755940638061947 \0.03970965653717107, 0.5474860797971282, 8.532775330158188 \0.03970965653717107, 0.5474860797971282, 8.532775330158188 \0.03970965653717107, 0.5474860797971282, 8.532775330158188 \0.03970965653717107, 0.5474860797971282, 8.532775330158188 \0.051415510741646714, 0.5317422447815704, 8.694797794577198 \0.051415510741646714, 0.5317422447815704, 8.694797794577198 \0.045545567237018005, 0.5321224191001676, 8.998893537127632 \0.045545567237018005, 0.5321224191001676, 8.998893537127632 \0.045545567237018005, 0.5321224191001676, 8.998893537127632 \0.045545567237018005, 0.5321224191001676, 8.998893537127632 \0.049712920540716146, 0.5489991565883877, 9.385318484286715 \0.049712920540716146, 0.5489991565883877, 9.385318484286715 \0.048970132276250765, 0.5359148873713686, 9.253551503152412 \0.048970132276250765, 0.5359148873713686, 9.253551503152412 \0.048960510920320346, 0.5357384346036593, 9.257202553028621 \0.048960510920320346, 0.5357384346036593, 9.257202553028621 \0.048960510920320346, 0.5357384346036593, 9.257202553028621 \0.048960510920320346, 0.5357384346036593, 9.257202553028621 \0.048960510920320346, 0.5357384346036593, 9.257202553028621 \0.04759105892345917, 0.5489005437008925, 9.314034006557526 \0.04759105892345917, 0.5489005437008925, 9.314034006557526 \