0.0853897254049104 0.5520468859596818 8.727416929275394 
0.0853897254049104 0.5520468859596818 8.727416929275394 
0.0853897254049104 0.5520468859596818 8.727416929275394 
0.0853897254049104 0.5520468859596818 8.727416929275394 
0.0853897254049104 0.5520468859596818 8.727416929275394 
0.0853897254049104 0.5520468859596818 8.727416929275394 
0.0853897254049104 0.5520468859596818 8.727416929275394 
0.0853897254049104 0.5520468859596818 8.727416929275394 
0.0853897254049104 0.5520468859596818 8.727416929275394 
0.0853897254049104 0.5520468859596818 8.727416929275394 
0.0853897254049104 0.5520468859596818 8.727416929275394 
0.0853897254049104 0.5520468859596818 8.727416929275394 
0.0853897254049104 0.5520468859596818 8.727416929275394 
0.08517657739239114 0.5519071889773168 8.727292205611684 
0.08517657739239114 0.5519071889773168 8.727292205611684 
0.08517657739239114 0.5519071889773168 8.727292205611684 
0.08530343230852465 0.5518414879793748 8.72709900557315 
0.08530343230852465 0.5518414879793748 8.72709900557315 
0.08499821686666197 0.5517439095222746 8.727059827588448 
0.0851851934344073 0.5518816648380254 8.727229174675282 
0.0851851934344073 0.5518816648380254 8.727229174675282 
0.0851851934344073 0.5518816648380254 8.727229174675282 
0.08458115012968523 0.5516868136997449 8.727018080867268 
0.08458115012968523 0.5516868136997449 8.727018080867268 
0.08497074286365858 0.5517873941942228 8.727178650884277 
0.0846726964724401 0.5518494388543491 8.727351078574564 
0.0846726964724401 0.5518494388543491 8.727351078574564 
0.08485904138381724 0.5518171897890938 8.727237277353993 
0.08485904138381724 0.5518171897890938 8.727237277353993 
0.08485904138381724 0.5518171897890938 8.727237277353993 
0.08519682212946551 0.5518233375776181 8.728487011462379 
0.08519682212946551 0.5518233375776181 8.728487011462379 
0.08538297995253628 0.5518387161710349 8.729164762162156 
0.08308603323906663 0.551431749967456 8.729887316454032 
0.08337106777820087 0.5514634319529089 8.729121253759585 
0.08337106777820087 0.5514634319529089 8.729121253759585 
0.08337106777820087 0.5514634319529089 8.729121253759585 
0.08337106777820087 0.5514634319529089 8.729121253759585 
0.08322101212247698 0.5503830539746585 8.73058084610613 
0.08322101212247698 0.5503830539746585 8.73058084610613 
0.08322101212247698 0.5503830539746585 8.73058084610613 
0.08143393227420026 0.5491203504329453 8.747131573053993 
0.08143393227420026 0.5491203504329453 8.747131573053993 
0.08143393227420026 0.5491203504329453 8.747131573053993 
0.07706005769308519 0.549786454096092 8.73332773356259 
0.07714251915652082 0.5497823667081432 8.732926689328432 
0.07714251915652082 0.5497823667081432 8.732926689328432 
0.07714251915652082 0.5497823667081432 8.732926689328432 
0.08079804469073432 0.5503602260012638 8.7308592913633 
0.08062372787053275 0.5503799997986967 8.730979478559615 
0.08062372787053275 0.5503799997986967 8.730979478559615 
0.07862123324061115 0.5481858050989131 8.729236085753964 
0.07862123324061115 0.5481858050989131 8.729236085753964 
0.07862123324061115 0.5481858050989131 8.729236085753964 
0.0775274279058428 0.5476705794354466 8.740819346584415 
0.07570167791514228 0.5484311061839712 8.73538725167435 
0.07570167791514228 0.5484311061839712 8.73538725167435 
0.07570167791514228 0.5484311061839712 8.73538725167435 
0.07570167791514228 0.5484311061839712 8.73538725167435 
0.07825405422351027 0.5485378103745214 8.733364996090918 
0.07750657548344743 0.5483956480049869 8.735001220354679 
0.07750657548344743 0.5483956480049869 8.735001220354679 
0.07750657548344743 0.5483956480049869 8.735001220354679 
0.07685535922678918 0.5435881702859531 8.741497502084506 
0.07685535922678918 0.5435881702859531 8.741497502084506 
0.07685535922678918 0.5435881702859531 8.741497502084506 
0.07685535922678918 0.5435881702859531 8.741497502084506 
0.07685535922678918 0.5435881702859531 8.741497502084506 
0.07793556312431929 0.5435121172324202 8.742830136176499 
0.07793556312431929 0.5435121172324202 8.742830136176499 
0.07793556312431929 0.5435121172324202 8.742830136176499 
0.07793556312431929 0.5435121172324202 8.742830136176499 
0.05947552933621847 0.5447278435701177 8.805451502358723 
0.05947552933621847 0.5447278435701177 8.805451502358723 
0.04821645331970198 0.5187387119765339 8.808208529153735 
0.06407464702197896 0.5122700850083325 8.904203713602096 
0.07655175814363707 0.5333183632224973 9.008028445524666 
0.07655175814363707 0.5333183632224973 9.008028445524666 
0.07595417290760201 0.533423372359563 9.010185143969894 
0.08412717278681657 0.5411608637575628 9.044200540062866 
0.07567851525439873 0.5425494907909956 9.152450014940639 
0.07567851525439873 0.5425494907909956 9.152450014940639 
0.07567851525439873 0.5425494907909956 9.152450014940639 
0.07567851525439873 0.5425494907909956 9.152450014940639 
0.07567851525439873 0.5425494907909956 9.152450014940639 
0.07567851525439873 0.5425494907909956 9.152450014940639 
0.07567851525439873 0.5425494907909956 9.152450014940639 
0.07567851525439873 0.5425494907909956 9.152450014940639 
0.07567851525439873 0.5425494907909956 9.152450014940639 
0.07567851525439873 0.5425494907909956 9.152450014940639 
0.06680288920660767 0.5445234852930683 9.163213982324061 
0.06652445548377328 0.5443041686132989 9.15535251141239 
0.06786082580749253 0.5491563120198139 9.127362942125457 
0.06735202916045117 0.5478211320327692 9.12209926444893 
0.06735202916045117 0.5478211320327692 9.12209926444893 
0.07017652586778855 0.5380075673091901 9.343338292631618 
0.07017652586778855 0.5380075673091901 9.343338292631618 
0.0817015736403105 0.5404029957539631 9.50839516318218 
0.0817015736403105 0.5404029957539631 9.50839516318218 
0.06420019390825357 0.5255084804343336 9.063460759452076 
0.0853897254049104, 0.5520468859596818, 8.727416929275394 \0.0853897254049104, 0.5520468859596818, 8.727416929275394 \0.0853897254049104, 0.5520468859596818, 8.727416929275394 \0.0853897254049104, 0.5520468859596818, 8.727416929275394 \0.0853897254049104, 0.5520468859596818, 8.727416929275394 \0.0853897254049104, 0.5520468859596818, 8.727416929275394 \0.0853897254049104, 0.5520468859596818, 8.727416929275394 \0.0853897254049104, 0.5520468859596818, 8.727416929275394 \0.0853897254049104, 0.5520468859596818, 8.727416929275394 \0.0853897254049104, 0.5520468859596818, 8.727416929275394 \0.0853897254049104, 0.5520468859596818, 8.727416929275394 \0.0853897254049104, 0.5520468859596818, 8.727416929275394 \0.0853897254049104, 0.5520468859596818, 8.727416929275394 \0.08517657739239114, 0.5519071889773168, 8.727292205611684 \0.08517657739239114, 0.5519071889773168, 8.727292205611684 \0.08517657739239114, 0.5519071889773168, 8.727292205611684 \0.08530343230852465, 0.5518414879793748, 8.72709900557315 \0.08530343230852465, 0.5518414879793748, 8.72709900557315 \0.08499821686666197, 0.5517439095222746, 8.727059827588448 \0.0851851934344073, 0.5518816648380254, 8.727229174675282 \0.0851851934344073, 0.5518816648380254, 8.727229174675282 \0.0851851934344073, 0.5518816648380254, 8.727229174675282 \0.08458115012968523, 0.5516868136997449, 8.727018080867268 \0.08458115012968523, 0.5516868136997449, 8.727018080867268 \0.08497074286365858, 0.5517873941942228, 8.727178650884277 \0.0846726964724401, 0.5518494388543491, 8.727351078574564 \0.0846726964724401, 0.5518494388543491, 8.727351078574564 \0.08485904138381724, 0.5518171897890938, 8.727237277353993 \0.08485904138381724, 0.5518171897890938, 8.727237277353993 \0.08485904138381724, 0.5518171897890938, 8.727237277353993 \0.08519682212946551, 0.5518233375776181, 8.728487011462379 \0.08519682212946551, 0.5518233375776181, 8.728487011462379 \0.08538297995253628, 0.5518387161710349, 8.729164762162156 \0.08308603323906663, 0.551431749967456, 8.729887316454032 \0.08337106777820087, 0.5514634319529089, 8.729121253759585 \0.08337106777820087, 0.5514634319529089, 8.729121253759585 \0.08337106777820087, 0.5514634319529089, 8.729121253759585 \0.08337106777820087, 0.5514634319529089, 8.729121253759585 \0.08322101212247698, 0.5503830539746585, 8.73058084610613 \0.08322101212247698, 0.5503830539746585, 8.73058084610613 \0.08322101212247698, 0.5503830539746585, 8.73058084610613 \0.08143393227420026, 0.5491203504329453, 8.747131573053993 \0.08143393227420026, 0.5491203504329453, 8.747131573053993 \0.08143393227420026, 0.5491203504329453, 8.747131573053993 \0.07706005769308519, 0.549786454096092, 8.73332773356259 \0.07714251915652082, 0.5497823667081432, 8.732926689328432 \0.07714251915652082, 0.5497823667081432, 8.732926689328432 \0.07714251915652082, 0.5497823667081432, 8.732926689328432 \0.08079804469073432, 0.5503602260012638, 8.7308592913633 \0.08062372787053275, 0.5503799997986967, 8.730979478559615 \0.08062372787053275, 0.5503799997986967, 8.730979478559615 \0.07862123324061115, 0.5481858050989131, 8.729236085753964 \0.07862123324061115, 0.5481858050989131, 8.729236085753964 \0.07862123324061115, 0.5481858050989131, 8.729236085753964 \0.0775274279058428, 0.5476705794354466, 8.740819346584415 \0.07570167791514228, 0.5484311061839712, 8.73538725167435 \0.07570167791514228, 0.5484311061839712, 8.73538725167435 \0.07570167791514228, 0.5484311061839712, 8.73538725167435 \0.07570167791514228, 0.5484311061839712, 8.73538725167435 \0.07825405422351027, 0.5485378103745214, 8.733364996090918 \0.07750657548344743, 0.5483956480049869, 8.735001220354679 \0.07750657548344743, 0.5483956480049869, 8.735001220354679 \0.07750657548344743, 0.5483956480049869, 8.735001220354679 \0.07685535922678918, 0.5435881702859531, 8.741497502084506 \0.07685535922678918, 0.5435881702859531, 8.741497502084506 \0.07685535922678918, 0.5435881702859531, 8.741497502084506 \0.07685535922678918, 0.5435881702859531, 8.741497502084506 \0.07685535922678918, 0.5435881702859531, 8.741497502084506 \0.07793556312431929, 0.5435121172324202, 8.742830136176499 \0.07793556312431929, 0.5435121172324202, 8.742830136176499 \0.07793556312431929, 0.5435121172324202, 8.742830136176499 \0.07793556312431929, 0.5435121172324202, 8.742830136176499 \0.05947552933621847, 0.5447278435701177, 8.805451502358723 \0.05947552933621847, 0.5447278435701177, 8.805451502358723 \0.04821645331970198, 0.5187387119765339, 8.808208529153735 \0.06407464702197896, 0.5122700850083325, 8.904203713602096 \0.07655175814363707, 0.5333183632224973, 9.008028445524666 \0.07655175814363707, 0.5333183632224973, 9.008028445524666 \0.07595417290760201, 0.533423372359563, 9.010185143969894 \0.08412717278681657, 0.5411608637575628, 9.044200540062866 \0.07567851525439873, 0.5425494907909956, 9.152450014940639 \0.07567851525439873, 0.5425494907909956, 9.152450014940639 \0.07567851525439873, 0.5425494907909956, 9.152450014940639 \0.07567851525439873, 0.5425494907909956, 9.152450014940639 \0.07567851525439873, 0.5425494907909956, 9.152450014940639 \0.07567851525439873, 0.5425494907909956, 9.152450014940639 \0.07567851525439873, 0.5425494907909956, 9.152450014940639 \0.07567851525439873, 0.5425494907909956, 9.152450014940639 \0.07567851525439873, 0.5425494907909956, 9.152450014940639 \0.07567851525439873, 0.5425494907909956, 9.152450014940639 \0.06680288920660767, 0.5445234852930683, 9.163213982324061 \0.06652445548377328, 0.5443041686132989, 9.15535251141239 \0.06786082580749253, 0.5491563120198139, 9.127362942125457 \0.06735202916045117, 0.5478211320327692, 9.12209926444893 \0.06735202916045117, 0.5478211320327692, 9.12209926444893 \0.07017652586778855, 0.5380075673091901, 9.343338292631618 \0.07017652586778855, 0.5380075673091901, 9.343338292631618 \0.0817015736403105, 0.5404029957539631, 9.50839516318218 \0.0817015736403105, 0.5404029957539631, 9.50839516318218 \0.06420019390825357, 0.5255084804343336, 9.063460759452076 \