0.08540933198707654 0.5519480693557962 8.727436231124196 
0.08542314341909293 0.5519378346995977 8.727433324685146 
0.08541808328670816 0.5519323771137995 8.727435899554324 
0.08538328714535923 0.5519393516380905 8.727438220590932 
0.08538328714535923 0.5519393516380905 8.727438220590932 
0.08538328714535923 0.5519393516380905 8.727438220590932 
0.08533443340916526 0.5518937497648502 8.727428443582024 
0.08533443340916526 0.5518937497648502 8.727428443582024 
0.08533443340916526 0.5518937497648502 8.727428443582024 
0.08526518609232879 0.5518656735479486 8.727360560038944 
0.08517210205861325 0.5517912269748817 8.727323547242552 
0.08502448886797195 0.551713576567529 8.727205144489561 
0.08467509037632094 0.5515785149164509 8.726998760239109 
0.08467509037632094 0.5515785149164509 8.726998760239109 
0.08429295600625243 0.5513546546746744 8.726790548084068 
0.08416236897785598 0.5512729977412851 8.726716410034863 
0.08366631392528004 0.5509805423523997 8.726445050304104 
0.08384729769671721 0.5510904666202869 8.726537377596 
0.08290665722742938 0.550501094284113 8.725683236263508 
0.08287018779926857 0.5504866100506923 8.725613540242541 
0.08287018779926857 0.5504866100506923 8.725613540242541 
0.08287018779926857 0.5504866100506923 8.725613540242541 
0.08301430777285475 0.550563609758366 8.725720928051263 
0.08276426741074806 0.550669611262101 8.725826656503976 
0.08276426741074806 0.550669611262101 8.725826656503976 
0.08229363981880912 0.5503786602229512 8.725450726844038 
0.082517451429141 0.5504207472883029 8.725862278912253 
0.082517451429141 0.5504207472883029 8.725862278912253 
0.08140529995749561 0.5505477826492712 8.723240460651349 
0.07980105853403442 0.550172085476318 8.718908468895496 
0.0792687490575158 0.5500513133667828 8.717755454148117 
0.07751611510038936 0.5496536700604312 8.713959142249745 
0.07492442096269901 0.5491264449832066 8.710474822705546 
0.07363949838387286 0.5503049640455271 8.706915025876928 
0.07269413814787554 0.5500614718579288 8.707776893594072 
0.07492297088588071 0.5503724193522223 8.714611347425116 
0.0736835483470902 0.5485931018581801 8.720686667936759 
0.07257302762785967 0.5482813265250753 8.719927588232007 
0.06244757195843894 0.546365780901814 8.71343742718334 
0.06244757195843894 0.546365780901814 8.71343742718334 
0.06244757195843894 0.546365780901814 8.71343742718334 
0.06431587293936865 0.5465158484384206 8.716064130937603 
0.04834090734638733 0.5503882360419029 8.694619443846605 
0.039687725521226666 0.5517378533407744 8.659357571380879 
0.04677042417956608 0.5516443211240257 8.666970539239221 
0.04677042417956608 0.5516443211240257 8.666970539239221 
0.04677042417956608 0.5516443211240257 8.666970539239221 
0.04677042417956608 0.5516443211240257 8.666970539239221 
0.04677042417956608 0.5516443211240257 8.666970539239221 
0.04677042417956608 0.5516443211240257 8.666970539239221 
0.04677042417956608 0.5516443211240257 8.666970539239221 
0.04677042417956608 0.5516443211240257 8.666970539239221 
0.04677042417956608 0.5516443211240257 8.666970539239221 
0.05872191099147796 0.550401692802862 8.697306042518484 
0.05592174807827188 0.5258412027935224 8.701938592014663 
0.0656731494207879 0.5150735230492474 8.719553389115479 
0.06690140177447994 0.518061576688015 8.72445002123417 
0.06690140177447994 0.518061576688015 8.72445002123417 
0.0630966319827273 0.5049314127512209 8.719721346438163 
0.051672129227652616 0.4720642535553875 8.709437809397954 
0.061720348118808346 0.5437265872537351 9.135566453830563 
0.05450362263952875 0.5427362182414686 9.356980369690518 
0.049549305388041504 0.5408144985731921 9.209220892690439 
0.028555219862478984 0.5356717062888129 9.340720400895323 
0.028555219862478984 0.5356717062888129 9.340720400895323 
0.028555219862478984 0.5356717062888129 9.340720400895323 
0.028555219862478984 0.5356717062888129 9.340720400895323 
0.028555219862478984 0.5356717062888129 9.340720400895323 
0.028555219862478984 0.5356717062888129 9.340720400895323 
0.028555219862478984 0.5356717062888129 9.340720400895323 
0.028555219862478984 0.5356717062888129 9.340720400895323 
0.0300059298075458 0.5336360318873372 9.28919240948379 
0.029581442241826968 0.5336667983938196 9.294643394648563 
0.029581442241826968 0.5336667983938196 9.294643394648563 
0.029581442241826968 0.5336667983938196 9.294643394648563 
0.029581442241826968 0.5336667983938196 9.294643394648563 
0.029581442241826968 0.5336667983938196 9.294643394648563 
0.029581442241826968 0.5336667983938196 9.294643394648563 
0.030718300369417244 0.5331199685298127 9.273120000475833 
0.030718300369417244 0.5331199685298127 9.273120000475833 
0.030718300369417244 0.5331199685298127 9.273120000475833 
0.030718300369417244 0.5331199685298127 9.273120000475833 
0.033593454489181614 0.49258283892949606 9.128047269564561 
0.03935946008903409 0.5043764071330479 9.030460189235427 
0.03935946008903409 0.5043764071330479 9.030460189235427 
0.04553075675417724 0.5002962822667709 8.665602045732449 
0.04553075675417724 0.5002962822667709 8.665602045732449 
0.04553075675417724 0.5002962822667709 8.665602045732449 
0.04553075675417724 0.5002962822667709 8.665602045732449 
0.04666182627038785 0.513468013291348 8.860249927908793 
0.03761808502945073 0.5011324290092775 9.5885720002696 
0.05719425953691538 0.4863907415674684 9.20013940612649 
0.05347549275984396 0.5087844548748063 9.224291164193724 
0.05347549275984396 0.5087844548748063 9.224291164193724 
0.06382897644437262 0.5158639107552564 8.95386263101177 
0.06351535992757877 0.515649467543515 8.962054159313006 
0.06351535992757877 0.515649467543515 8.962054159313006 
0.06739213330436451 0.5206123366479573 9.303429671462219 
0.06739213330436451 0.5206123366479573 9.303429671462219 
0.06739213330436451 0.5206123366479573 9.303429671462219 
0.08540933198707654, 0.5519480693557962, 8.727436231124196 \0.08542314341909293, 0.5519378346995977, 8.727433324685146 \0.08541808328670816, 0.5519323771137995, 8.727435899554324 \0.08538328714535923, 0.5519393516380905, 8.727438220590932 \0.08538328714535923, 0.5519393516380905, 8.727438220590932 \0.08538328714535923, 0.5519393516380905, 8.727438220590932 \0.08533443340916526, 0.5518937497648502, 8.727428443582024 \0.08533443340916526, 0.5518937497648502, 8.727428443582024 \0.08533443340916526, 0.5518937497648502, 8.727428443582024 \0.08526518609232879, 0.5518656735479486, 8.727360560038944 \0.08517210205861325, 0.5517912269748817, 8.727323547242552 \0.08502448886797195, 0.551713576567529, 8.727205144489561 \0.08467509037632094, 0.5515785149164509, 8.726998760239109 \0.08467509037632094, 0.5515785149164509, 8.726998760239109 \0.08429295600625243, 0.5513546546746744, 8.726790548084068 \0.08416236897785598, 0.5512729977412851, 8.726716410034863 \0.08366631392528004, 0.5509805423523997, 8.726445050304104 \0.08384729769671721, 0.5510904666202869, 8.726537377596 \0.08290665722742938, 0.550501094284113, 8.725683236263508 \0.08287018779926857, 0.5504866100506923, 8.725613540242541 \0.08287018779926857, 0.5504866100506923, 8.725613540242541 \0.08287018779926857, 0.5504866100506923, 8.725613540242541 \0.08301430777285475, 0.550563609758366, 8.725720928051263 \0.08276426741074806, 0.550669611262101, 8.725826656503976 \0.08276426741074806, 0.550669611262101, 8.725826656503976 \0.08229363981880912, 0.5503786602229512, 8.725450726844038 \0.082517451429141, 0.5504207472883029, 8.725862278912253 \0.082517451429141, 0.5504207472883029, 8.725862278912253 \0.08140529995749561, 0.5505477826492712, 8.723240460651349 \0.07980105853403442, 0.550172085476318, 8.718908468895496 \0.0792687490575158, 0.5500513133667828, 8.717755454148117 \0.07751611510038936, 0.5496536700604312, 8.713959142249745 \0.07492442096269901, 0.5491264449832066, 8.710474822705546 \0.07363949838387286, 0.5503049640455271, 8.706915025876928 \0.07269413814787554, 0.5500614718579288, 8.707776893594072 \0.07492297088588071, 0.5503724193522223, 8.714611347425116 \0.0736835483470902, 0.5485931018581801, 8.720686667936759 \0.07257302762785967, 0.5482813265250753, 8.719927588232007 \0.06244757195843894, 0.546365780901814, 8.71343742718334 \0.06244757195843894, 0.546365780901814, 8.71343742718334 \0.06244757195843894, 0.546365780901814, 8.71343742718334 \0.06431587293936865, 0.5465158484384206, 8.716064130937603 \0.04834090734638733, 0.5503882360419029, 8.694619443846605 \0.039687725521226666, 0.5517378533407744, 8.659357571380879 \0.04677042417956608, 0.5516443211240257, 8.666970539239221 \0.04677042417956608, 0.5516443211240257, 8.666970539239221 \0.04677042417956608, 0.5516443211240257, 8.666970539239221 \0.04677042417956608, 0.5516443211240257, 8.666970539239221 \0.04677042417956608, 0.5516443211240257, 8.666970539239221 \0.04677042417956608, 0.5516443211240257, 8.666970539239221 \0.04677042417956608, 0.5516443211240257, 8.666970539239221 \0.04677042417956608, 0.5516443211240257, 8.666970539239221 \0.04677042417956608, 0.5516443211240257, 8.666970539239221 \0.05872191099147796, 0.550401692802862, 8.697306042518484 \0.05592174807827188, 0.5258412027935224, 8.701938592014663 \0.0656731494207879, 0.5150735230492474, 8.719553389115479 \0.06690140177447994, 0.518061576688015, 8.72445002123417 \0.06690140177447994, 0.518061576688015, 8.72445002123417 \0.0630966319827273, 0.5049314127512209, 8.719721346438163 \0.051672129227652616, 0.4720642535553875, 8.709437809397954 \0.061720348118808346, 0.5437265872537351, 9.135566453830563 \0.05450362263952875, 0.5427362182414686, 9.356980369690518 \0.049549305388041504, 0.5408144985731921, 9.209220892690439 \0.028555219862478984, 0.5356717062888129, 9.340720400895323 \0.028555219862478984, 0.5356717062888129, 9.340720400895323 \0.028555219862478984, 0.5356717062888129, 9.340720400895323 \0.028555219862478984, 0.5356717062888129, 9.340720400895323 \0.028555219862478984, 0.5356717062888129, 9.340720400895323 \0.028555219862478984, 0.5356717062888129, 9.340720400895323 \0.028555219862478984, 0.5356717062888129, 9.340720400895323 \0.028555219862478984, 0.5356717062888129, 9.340720400895323 \0.0300059298075458, 0.5336360318873372, 9.28919240948379 \0.029581442241826968, 0.5336667983938196, 9.294643394648563 \0.029581442241826968, 0.5336667983938196, 9.294643394648563 \0.029581442241826968, 0.5336667983938196, 9.294643394648563 \0.029581442241826968, 0.5336667983938196, 9.294643394648563 \0.029581442241826968, 0.5336667983938196, 9.294643394648563 \0.029581442241826968, 0.5336667983938196, 9.294643394648563 \0.030718300369417244, 0.5331199685298127, 9.273120000475833 \0.030718300369417244, 0.5331199685298127, 9.273120000475833 \0.030718300369417244, 0.5331199685298127, 9.273120000475833 \0.030718300369417244, 0.5331199685298127, 9.273120000475833 \0.033593454489181614, 0.49258283892949606, 9.128047269564561 \0.03935946008903409, 0.5043764071330479, 9.030460189235427 \0.03935946008903409, 0.5043764071330479, 9.030460189235427 \0.04553075675417724, 0.5002962822667709, 8.665602045732449 \0.04553075675417724, 0.5002962822667709, 8.665602045732449 \0.04553075675417724, 0.5002962822667709, 8.665602045732449 \0.04553075675417724, 0.5002962822667709, 8.665602045732449 \0.04666182627038785, 0.513468013291348, 8.860249927908793 \0.03761808502945073, 0.5011324290092775, 9.5885720002696 \0.05719425953691538, 0.4863907415674684, 9.20013940612649 \0.05347549275984396, 0.5087844548748063, 9.224291164193724 \0.05347549275984396, 0.5087844548748063, 9.224291164193724 \0.06382897644437262, 0.5158639107552564, 8.95386263101177 \0.06351535992757877, 0.515649467543515, 8.962054159313006 \0.06351535992757877, 0.515649467543515, 8.962054159313006 \0.06739213330436451, 0.5206123366479573, 9.303429671462219 \0.06739213330436451, 0.5206123366479573, 9.303429671462219 \0.06739213330436451, 0.5206123366479573, 9.303429671462219 \