1.9384964883441207 1.0268450449829014 10.949124568656119 
1.9384964883441207 1.0268450449829014 10.949124568656119 
1.9388000121069495 1.028235890699012 11.20176623568519 
1.9388000121069495 1.028235890699012 11.20176623568519 
1.9388000121069495 1.028235890699012 11.20176623568519 
1.9415766191616795 0.900455936322228 11.422242232335472 
1.9432103751460446 0.9012472816805444 10.886821608872323 
1.9500637718264833 0.904566873898518 8.640800808583155 
1.9500637718264833 0.904566873898518 8.640800808583155 
1.9500637718264833 0.904566873898518 8.640800808583155 
1.9500637718264833 0.904566873898518 8.640800808583155 
1.9500637718264833 0.904566873898518 8.640800808583155 
1.9500637718264833 0.904566873898518 8.640800808583155 
1.9500637718264833 0.904566873898518 8.640800808583155 
1.9500637718264833 0.904566873898518 8.640800808583155 
1.9500611579711067 0.8603267436313864 9.663182320539303 
1.9500611579711067 0.8603267436313864 9.663182320539303 
1.9500611579711067 0.8603267436313864 9.663182320539303 
1.9500008525406902 0.858090799343694 9.517302521899254 
1.9500008525406902 0.858090799343694 9.517302521899254 
1.9500008525406902 0.858090799343694 9.517302521899254 
1.9533976438179128 0.8525836028755643 11.26030335613238 
1.9533976438179128 0.8525836028755643 11.26030335613238 
1.9533976438179128 0.8525836028755643 11.26030335613238 
1.9565054609263248 0.6505880887554689 13.657658181256576 
1.9565054609263248 0.6505880887554689 13.657658181256576 
1.9565054609263248 0.6505880887554689 13.657658181256576 
1.9567156214605046 0.7173522420332762 13.331848180004313 
1.9567156214605046 0.7173522420332762 13.331848180004313 
1.9567156214605046 0.7173522420332762 13.331848180004313 
1.9581098291641432 0.6176372971690343 13.53909721361403 
1.9581098291641432 0.6176372971690343 13.53909721361403 
1.9581098291641432 0.6176372971690343 13.53909721361403 
1.9581098291641432 0.6176372971690343 13.53909721361403 
1.9581098291641432 0.6176372971690343 13.53909721361403 
1.9581098291641432 0.6176372971690343 13.53909721361403 
1.9581098291641432 0.6176372971690343 13.53909721361403 
1.9581098291641432 0.6176372971690343 13.53909721361403 
1.9585606974306642 0.5792108407231312 13.716778956473185 
1.9586063765555741 0.5978502229991541 13.785243252064198 
1.9586063765555741 0.5978502229991541 13.785243252064198 
1.9586063765555741 0.5978502229991541 13.785243252064198 
1.9586063765555741 0.5978502229991541 13.785243252064198 
1.9586063765555741 0.5978502229991541 13.785243252064198 
1.9586063765555741 0.5978502229991541 13.785243252064198 
1.9586063765555741 0.5978502229991541 13.785243252064198 
1.9586063765555741 0.5978502229991541 13.785243252064198 
1.9586063765555741 0.5978502229991541 13.785243252064198 
1.9586063765555741 0.5978502229991541 13.785243252064198 
1.9586063765555741 0.5978502229991541 13.785243252064198 
1.9586063765555741 0.5978502229991541 13.785243252064198 
1.9586063765555741 0.5978502229991541 13.785243252064198 
1.9586063765555741 0.5978502229991541 13.785243252064198 
1.9591834477636525 0.5935536170538136 13.550375416889763 
1.9591834477636525 0.5935536170538136 13.550375416889763 
1.9591834477636525 0.5935536170538136 13.550375416889763 
1.9591834477636525 0.5935536170538136 13.550375416889763 
1.9591834477636525 0.5935536170538136 13.550375416889763 
1.9591834477636525 0.5935536170538136 13.550375416889763 
1.9591834477636525 0.5935536170538136 13.550375416889763 
1.9591834477636525 0.5935536170538136 13.550375416889763 
1.9591834477636525 0.5935536170538136 13.550375416889763 
1.9591834477636525 0.5935536170538136 13.550375416889763 
1.9591831692629924 0.5559900552285101 13.916616361302617 
1.958951257371705 0.5874488570561145 13.874176060255978 
1.958992659716844 0.7303920975023103 13.136544738758875 
1.958992659716844 0.7303920975023103 13.136544738758875 
1.9589739782668998 0.6540113983057295 13.544702322544566 
1.9589808130839017 0.6401325602779022 13.617434818861083 
1.9589808130839017 0.6401325602779022 13.617434818861083 
1.9589808130839017 0.6401325602779022 13.617434818861083 
1.9589808130839017 0.6401325602779022 13.617434818861083 
1.9590098649326542 0.6050804100021936 14.012189339569534 
1.9590080437662507 0.585740277371551 14.218567826488782 
1.9590080437662507 0.585740277371551 14.218567826488782 
1.9590080437662507 0.585740277371551 14.218567826488782 
1.959067896046831 0.5988236545297935 14.056296762980171 
1.959067896046831 0.5988236545297935 14.056296762980171 
1.9590108772326194 0.9073600152521686 13.723419946632935 
1.9590108772326194 0.9073600152521686 13.723419946632935 
1.9590169714417272 0.889313274130737 13.82764994062116 
1.9590169714417272 0.889313274130737 13.82764994062116 
1.9590169714417272 0.889313274130737 13.82764994062116 
1.9590169714417272 0.889313274130737 13.82764994062116 
1.9590697426314896 0.7898059861334 13.738527418336925 
1.9590697426314896 0.7898059861334 13.738527418336925 
1.9590726480443037 0.7843274333294259 13.733620617496664 
1.9590726480443037 0.7843274333294259 13.733620617496664 
1.9590726480443037 0.7843274333294259 13.733620617496664 
1.9589890250720123 0.7987944424328033 13.611895160635974 
1.9589890250720123 0.7987944424328033 13.611895160635974 
1.9589588122595323 0.8404463744410091 13.740408910973668 
1.9589588122595323 0.8404463744410091 13.740408910973668 
1.9589588122595323 0.8404463744410091 13.740408910973668 
1.959068756084414 0.7152057917208298 13.85969129966525 
1.959068756084414 0.7152057917208298 13.85969129966525 
1.959068756084414 0.7152057917208298 13.85969129966525 
1.959068756084414 0.7152057917208298 13.85969129966525 
1.959068756084414 0.7152057917208298 13.85969129966525 
1.959039049333012 0.7798509700639769 14.0467775966134 
