-0.13394903640651323 1.6499241302238472 
-0.13389486344002385 1.649876835856883 
-0.13389486344002385 1.649876835856883 
-0.13388503320690265 1.6498569011490976 
-0.13388503320690265 1.6498569011490976 
-0.13388503320690265 1.6498569011490976 
-0.13407522891540627 1.6498176932440474 
-0.1340720335266935 1.6497268585624152 
-0.13406144192799668 1.6496804510140428 
-0.13426805166188852 1.6494865237733154 
-0.1342523539454481 1.6494491747123512 
-0.13433362310951627 1.6492140417067833 
-0.13436718563190916 1.6493729037533789 
-0.13451587445998112 1.6490497246497011 
-0.13451587445998112 1.6490497246497011 
-0.13513105564987524 1.648421750054316 
-0.13513105564987524 1.648421750054316 
-0.13513105564987524 1.648421750054316 
-0.13822229376992975 1.6450777545868036 
-0.13820483743253884 1.6453090553672052 
-0.13945857153023605 1.6427704050896097 
-0.13945857153023605 1.6427704050896097 
-0.13945857153023605 1.6427704050896097 
-0.14125597050533914 1.641012039470172 
-0.1428787947501637 1.6392384405415503 
-0.1428787947501637 1.6392384405415503 
-0.14242990136082082 1.6357767645596506 
-0.14242990136082082 1.6357767645596506 
-0.14242990136082082 1.6357767645596506 
-0.1424341465567822 1.6357666275666927 
-0.1424341465567822 1.6357666275666927 
-0.14244479877786898 1.6252550698609383 
-0.14182461180791725 1.6325900953646801 
-0.14182461180791725 1.6325900953646801 
-0.14162534873662375 1.6291271663954712 
-0.14162534873662375 1.6291271663954712 
-0.14162534873662375 1.6291271663954712 
-0.14117258227982923 1.6159127704784715 
-0.14102747217315748 1.6116009623535925 
-0.14102747217315748 1.6116009623535925 
-0.14102747217315748 1.6116009623535925 
-0.1407851286195267 1.5951515209820462 
-0.1404571496688284 1.5994763078555003 
-0.1403635238156746 1.5912019855523447 
-0.14063824467555233 1.6082412868981093 
-0.14066096467245826 1.6093917818704029 
-0.14168154337197839 1.5579334522718848 
-0.14168154337197839 1.5579334522718848 
-0.14168154337197839 1.5579334522718848 
-0.14163088088894807 1.5487370360645139 
-0.14163088088894807 1.5487370360645139 
-0.14163088088894807 1.5487370360645139 
-0.1414740341212983 1.5375305223788611 
-0.14159432491399013 1.503772188161135 
-0.14159432491399013 1.503772188161135 
-0.14175630305358872 1.509427747845341 
-0.14226890656002691 1.5316579655258362 
-0.14226890656002691 1.5316579655258362 
-0.14298479568217157 1.3869976541629803 
-0.14298479568217157 1.3869976541629803 
-0.14298479568217157 1.3869976541629803 
-0.14298479568217157 1.3869976541629803 
-0.14298479568217157 1.3869976541629803 
-0.1472609136084406 1.0023306425512428 
-0.1472609136084406 1.0023306425512428 
-0.1472609136084406 1.0023306425512428 
-0.1472609136084406 1.0023306425512428 
-0.1472609136084406 1.0023306425512428 
-0.14834351709249674 0.8564946920882323 
-0.14834351709249674 0.8564946920882323 
-0.1484484005589658 0.8449407261787014 
-0.14911408283021668 0.7716091465928958 
-0.14911408283021668 0.7716091465928958 
-0.14911408283021668 0.7716091465928958 
-0.14911408283021668 0.7716091465928958 
-0.14911408283021668 0.7716091465928958 
-0.14911408283021668 0.7716091465928958 
-0.14911408283021668 0.7716091465928958 
-0.14962757496447648 0.6855036398313926 
-0.14962757496447648 0.6855036398313926 
-0.14993730318203224 0.6002603045599281 
-0.14993730318203224 0.6002603045599281 
-0.14984838271488848 0.6117266328828371 
-0.14984838271488848 0.6117266328828371 
-0.14984838271488848 0.6117266328828371 
-0.14984838271488848 0.6117266328828371 
-0.15027600554273624 0.5701691989903535 
-0.15020416097506586 0.5417121143427752 
-0.15020416097506586 0.5417121143427752 
-0.15020336382305743 0.5417357777206223 
-0.15020336382305743 0.5417357777206223 
-0.1494417225266068 0.5885631992564793 
-0.14946127771866002 0.5802447124071299 
-0.14946127771866002 0.5802447124071299 
-0.1505077677487975 0.5090260452505729 
-0.15057472016671689 0.5034027445948989 
-0.15057472016671689 0.5034027445948989 
-0.15072670019297965 0.4962909664515569 
-0.15015812902295203 0.4997981080913707 
-0.15012197170867372 0.5084651069572428 
-0.15012197170867372 0.5084651069572428 
-0.14925209749663262 0.5728464649897128 
-0.14925209749663262 0.5728464649897128 
-0.14925209749663262 0.5728464649897128 
-0.15044806391495852 0.4921613294181364 
-0.15044806391495852 0.4921613294181364 
-0.15032924481620408 0.5110975291677646 
-0.15032924481620408 0.5110975291677646 
-0.1503522935000627 0.4857394775621227 
-0.15052522320567704 0.47533101403048955 
-0.15047761992480252 0.47097382212913996 
-0.15032067199298516 0.4566081682312332 
-0.15032067199298516 0.4566081682312332 
-0.15041044887129565 0.4536076786455314 
-0.1501273702916523 0.4546396327278317 
-0.15063291790236374 0.451628351159392 
-0.15083326613325815 0.44492367893936585 
-0.15083716142828515 0.4403963842902711 
-0.15073432633702488 0.4421560107956525 
-0.15106940380977518 0.4679341509380317 
-0.15106940380977518 0.4679341509380317 
-0.15137692581155612 0.46311639841385943 
-0.15137692581155612 0.46311639841385943 
-0.15137692581155612 0.46311639841385943 
-0.15121942232008412 0.4540854790189805 
-0.1511519958398684 0.44984073579939726 
-0.1510608254998298 0.4445898930848886 
-0.15074237256554696 0.4273235258657758 
-0.15024839794945982 0.4406176032650456 
-0.1502659633074498 0.4624179343096156 
-0.14984070068659538 0.4650900419003892 
-0.15018159700849698 0.4507582587823237 
-0.15018159700849698 0.4507582587823237 
-0.15018159700849698 0.4507582587823237 
-0.15032634413493304 0.4451117515705347 
-0.1506395289083697 0.4551857321702012 
-0.1512118239431644 0.43477388368821207 
-0.15123661191074556 0.43528428273494413 
-0.15123661191074556 0.43528428273494413 
-0.1509957627793617 0.42397769714340217 
-0.1509957627793617 0.42397769714340217 
-0.1509957627793617 0.42397769714340217 
-0.15086893067035184 0.43060514614644735 
-0.15105625281102628 0.4418684593325505 
-0.15105625281102628 0.4418684593325505 
-0.15105625281102628 0.4418684593325505 
-0.15071052059469256 0.44558280100571535 
-0.15071052059469256 0.44558280100571535 
-0.1508313077487998 0.43843341085806625 
-0.1508313077487998 0.43843341085806625 
-0.15052407764198883 0.44753778523462695 
-0.15052407764198883 0.44753778523462695 
-0.15026731967465623 0.4486600722184795 
-0.150220105837891 0.44444712986807944 
-0.150220105837891 0.44444712986807944 
-0.15035232617849434 0.4382745749071991 
-0.1504311375087758 0.4245433483698678 
-0.15003955284115114 0.407350519183728 
-0.15013769771555727 0.40674707003826427 
-0.15013769771555727 0.40674707003826427 
-0.14998209272319482 0.403445479811023 
-0.14998209272319482 0.403445479811023 
-0.1498843629393002 0.40317079690076935 
-0.1498843629393002 0.40317079690076935 
-0.15088725012755846 0.4064471307264569 
-0.15088725012755846 0.4064471307264569 
-0.15088725012755846 0.4064471307264569 
-0.15105872747223137 0.40491417779570077 
-0.1510585481133303 0.4049055222944334 
-0.1510585481133303 0.4049055222944334 
-0.1510585481133303 0.4049055222944334 
-0.1510585481133303 0.4049055222944334 
-0.15092071423540937 0.40480212142979727 
-0.15095606167181172 0.4046611757856947 
-0.15088638159872145 0.40254478789993764 
-0.15084561102987504 0.40240699162241267 
-0.15084561102987504 0.40240699162241267 
-0.15085332263077234 0.4068616784124667 
-0.150681142542399 0.40849070044180746 
-0.150681142542399 0.40849070044180746 
-0.15032064102670573 0.40898981214859303 
-0.15019009534277789 0.41241462746224294 
-0.15019009534277789 0.41241462746224294 
-0.15020787326330817 0.41284045693494537 
-0.15020787326330817 0.41284045693494537 
-0.15020787326330817 0.41284045693494537 
-0.15020787326330817 0.41284045693494537 
-0.15079375325921257 0.41108831807768187 
-0.15079212928242985 0.4111662327781523 
-0.15026415513880856 0.4059854417684677 
-0.15062152543293872 0.4067465866417378 
-0.15062152543293872 0.4067465866417378 
-0.15072197603299342 0.40531658100236334 
-0.15072197603299342 0.40531658100236334 
-0.15072197603299342 0.40531658100236334 
-0.15072197603299342 0.40531658100236334 
-0.15072197603299342 0.40531658100236334 
-0.15072197603299342 0.40531658100236334 
-0.15069715891973637 0.40494241662153957 
-0.1507199045252744 0.4045254687916814 
-0.15078304167918938 0.4047070770564156 
-0.15078304167918938 0.4047070770564156 
-0.1508347078256294 0.40492562124571113 
-0.15048050064827678 0.4034273496355571 
-0.15050067589305127 0.4223729970909521 
-0.15050067589305127 0.4223729970909521 
-0.15050067589305127 0.4223729970909521 
-0.1505219974751324 0.4206872202704779 
-0.1505219974751324 0.4206872202704779 
-0.15064474801255587 0.4169552787395128 
-0.15058222294500265 0.42931910437151966 
-0.15072222071490357 0.42962441675975904 
-0.1507221685113379 0.42962914887332265 
-0.15065306771477355 0.4348815816679477 
-0.15052887044676797 0.46120704059715506 
-0.15058406042779782 0.44633653500158665 
-0.14999018181976723 0.4673123732902201 
-0.15002551710110987 0.4662120385429335 
-0.15002551710110987 0.4662120385429335 
-0.15002551710110987 0.4662120385429335 
-0.15022816055276825 0.45682062970914966 
-0.1502147329346526 0.46169082739051875 
-0.15080340844423928 0.4493025094506962 
-0.1508887680685415 0.44854808051509193 
-0.1508672522303647 0.4550417093149861 
-0.1508672522303647 0.4550417093149861 
-0.1508055205249019 0.470335472287138 
-0.15094877519817654 0.46548120327731746 
-0.1508312722067784 0.4592241156371229 
-0.1507962438344831 0.46320282762767784 
-0.1507962438344831 0.46320282762767784 
-0.1507962438344831 0.46320282762767784 
-0.15080630510234003 0.45946301989261124 
-0.15083257604590095 0.4573997992595767 
-0.15083395129732166 0.45727890145606964 
-0.15106507073319392 0.4471314090047276 
-0.15097049042081506 0.446820202319293 
-0.15096133381440252 0.44157782475200874 
-0.15096133381440252 0.44157782475200874 
-0.15126110236883109 0.4319696650526339 
-0.15126110236883109 0.4319696650526339 
-0.15126110236883109 0.4319696650526339 
-0.15093884833795168 0.4293841586542402 
-0.1510742542135038 0.42355926368857066 
-0.15101597258414037 0.42558150629467384 
-0.15096241420290799 0.4374356105841227 
-0.15096241420290799 0.4374356105841227 
-0.15092529730361542 0.43705035198691494 
-0.15092529730361542 0.43705035198691494 
-0.15103743380601298 0.43338358673741734 
-0.15103743380601298 0.43338358673741734 
-0.15105387899290565 0.44989910870123984 
-0.15108103988115257 0.43530839574939995 
-0.1509697516066914 0.4595666564713963 
-0.15123408526389562 0.44899195028864874 
-0.15123405857796465 0.4517871223714662 
-0.15123405857796465 0.4517871223714662 
-0.15123405857796465 0.4517871223714662 
-0.1508621686585061 0.4720612878542802 
-0.15093540361363977 0.4618775163618825 
-0.15093540361363977 0.4618775163618825 
-0.15005943070447705 0.4958802992427096 
-0.15010194465682472 0.4949610978613889 
-0.15010194465682472 0.4949610978613889 
-0.15004670016259228 0.5181199193809273 
-0.15004670016259228 0.5181199193809273 
-0.15052553901521207 0.48314226950715966 
-0.15052553901521207 0.48314226950715966 
-0.15052553901521207 0.48314226950715966 
-0.15059368131509762 0.4752277329341798 
-0.15090079892389105 0.4505456767069777 
-0.1508951939325911 0.4496627911290794 
-0.15019859939477942 0.46317604353696307 
-0.15007880503532417 0.4690977180392018 
-0.15089792742519625 0.43636856098187776 
-0.15108326558332535 0.42675601813090025 
-0.15117057008209983 0.4238085758657236 
-0.15113015784733771 0.4329941646283138 
-0.1507083484383244 0.45107600156016314 
-0.15064964081863333 0.46290882486902474 
-0.15064964081863333 0.46290882486902474 
-0.15079480844221754 0.4543185016990971 
-0.15034461544844835 0.4752944242554079 
-0.15034461544844835 0.4752944242554079 
-0.1502673799595648 0.4882307886424515 
-0.15024262810001873 0.4923069260924653 
-0.1496057704000269 0.5358751039014409 
-0.1496057704000269 0.5358751039014409 
-0.1496057704000269 0.5358751039014409 
-0.14995727499511413 0.5155874650986907 
-0.14995727499511413 0.5155874650986907 
-0.15069259815767796 0.47368480815496944 
-0.15069259815767796 0.47368480815496944 
-0.15066407627886155 0.45894009541204195 
-0.15066407627886155 0.45894009541204195 
-0.15066407627886155 0.45894009541204195 
-0.15064980117066973 0.45788868985197345 
-0.15057289186725448 0.46219139998460945 
-0.15057289186725448 0.46219139998460945 
-0.15057289186725448 0.46219139998460945 
