-0.13416235665328474 1.6498629397935531 
-0.13416235665328474 1.6498629397935531 
-0.13416235665328474 1.6498629397935531 
-0.13412728041648495 1.6498773295447362 
-0.13409029402298533 1.6498506591865798 
-0.13409029402298533 1.6498506591865798 
-0.13409029402298533 1.6498506591865798 
-0.13407304512413842 1.6497857917218401 
-0.13407336506094572 1.6498336172656232 
-0.13411881749580978 1.64984385054507 
-0.13429863179766985 1.6502328926393928 
-0.1346454967227276 1.6491028111900725 
-0.13477459549060886 1.6489216621194556 
-0.13477459549060886 1.6489216621194556 
-0.13477459549060886 1.6489216621194556 
-0.13486002105285716 1.6492094436489135 
-0.13507740567435747 1.6487683939862372 
-0.13781676377474275 1.6461894782586723 
-0.13781676377474275 1.6461894782586723 
-0.13770456076805088 1.6462951096102643 
-0.13770456076805088 1.6462951096102643 
-0.13810709973725052 1.6451118198499215 
-0.13823162025294167 1.6449038115951118 
-0.13823162025294167 1.6449038115951118 
-0.13823162025294167 1.6449038115951118 
-0.13823162025294167 1.6449038115951118 
-0.13823162025294167 1.6449038115951118 
-0.13823162025294167 1.6449038115951118 
-0.13823162025294167 1.6449038115951118 
-0.13911423881698093 1.645355655020207 
-0.13911423881698093 1.645355655020207 
-0.13920795539201034 1.6453264436517654 
-0.13920795539201034 1.6453264436517654 
-0.13913836628446477 1.6454796658768578 
-0.14008005757168776 1.6469421588673365 
-0.14056467236721742 1.6137924018114251 
-0.14056467236721742 1.6137924018114251 
-0.14055077279609485 1.6142799209843215 
-0.14055077279609485 1.6142799209843215 
-0.14055077279609485 1.6142799209843215 
-0.14055077279609485 1.6142799209843215 
-0.14055077279609485 1.6142799209843215 
-0.14072687034585102 1.6107586559227391 
-0.14077208915891712 1.610757970599849 
-0.1408423659419014 1.6161818212868837 
-0.14102397510156264 1.6023861573928728 
-0.14102397510156264 1.6023861573928728 
-0.14102397510156264 1.6023861573928728 
-0.1413276581681947 1.6031449233463917 
-0.1413276581681947 1.6031449233463917 
-0.1413276581681947 1.6031449233463917 
-0.1413276581681947 1.6031449233463917 
-0.14316006586104485 1.3943738016386793 
-0.14316006586104485 1.3943738016386793 
-0.14470681045697537 1.2418496433239432 
-0.14470681045697537 1.2418496433239432 
-0.1449079689441877 1.2239018423719508 
-0.14480238100225545 1.2273464428335539 
-0.14480238100225545 1.2273464428335539 
-0.14588716139492666 1.0736613310259828 
-0.14790542399206888 0.7058597716653179 
-0.14917645663298248 0.4657764932690539 
-0.14917645663298248 0.4657764932690539 
-0.14917645663298248 0.4657764932690539 
-0.14917645663298248 0.4657764932690539 
-0.14907172093333876 0.4542531790226463 
-0.14907172093333876 0.4542531790226463 
-0.14917416698648586 0.4434385411870102 
-0.14917416698648586 0.4434385411870102 
-0.14917416698648586 0.4434385411870102 
-0.14917416698648586 0.4434385411870102 
-0.14917416698648586 0.4434385411870102 
-0.14917416698648586 0.4434385411870102 
-0.14917416698648586 0.4434385411870102 
-0.14916148529582343 0.4434885183535749 
-0.14884910569131424 0.49782065897263306 
-0.1491580840719554 0.44031162707303034 
-0.1505043087247025 0.4318670993409544 
-0.1505043087247025 0.4318670993409544 
-0.1505043087247025 0.4318670993409544 
-0.1505043087247025 0.4318670993409544 
-0.15023407598870822 0.4300880746535119 
-0.15023407598870822 0.4300880746535119 
-0.1504596631120052 0.4341263963667114 
-0.1504590522462836 0.43706809751183856 
-0.1504590522462836 0.43706809751183856 
-0.15059939538697634 0.44072862955566805 
-0.15098971109678289 0.40938086999901224 
-0.1509778580202551 0.41092454723210725 
-0.15111904685606567 0.41065837337107886 
-0.15070358228738764 0.412591540631207 
-0.15070358228738764 0.412591540631207 
-0.15070358228738764 0.412591540631207 
-0.15070358228738764 0.412591540631207 
-0.15070358228738764 0.412591540631207 
-0.15070358228738764 0.412591540631207 
-0.15037860668358582 0.41497300026171785 
-0.15037932934953435 0.41110567943266035 
-0.15037932934953435 0.41110567943266035 
-0.1503535780102638 0.4161008892346778 
-0.15022714691118616 0.4282448725681159 
-0.15068229791677615 0.42698975155527913 
-0.15068229791677615 0.42698975155527913 
-0.15048397188355275 0.4330639098165455 
-0.15023097207551955 0.43722960171495984 
-0.15019411541788652 0.4454466628260311 
-0.15008702988955985 0.44994512841749795 
-0.15008149336777604 0.4502831726940694 
-0.15009979570167492 0.44965105005262235 
-0.15041756217188404 0.4435430203793454 
-0.15041756217188404 0.4435430203793454 
-0.1503595380144915 0.44452393546403 
-0.15036192011510802 0.4469352798303116 
-0.15036192011510802 0.4469352798303116 
-0.14973967775741334 0.4448769679363385 
-0.1507151657681936 0.4289790297948739 
-0.1507151657681936 0.4289790297948739 
-0.1508254812495431 0.42211984613470255 
-0.1508254812495431 0.42211984613470255 
-0.1507219761149116 0.4206008590959103 
-0.15086151890118227 0.4134196909850123 
-0.15086095498234522 0.41394789576987573 
-0.15086095498234522 0.41394789576987573 
-0.15086095498234522 0.41394789576987573 
-0.15071787951765428 0.41470237503751817 
-0.1509125733823315 0.4131115464618229 
-0.15097206939327734 0.40908163487904775 
-0.15097206939327734 0.40908163487904775 
-0.1509745502481108 0.4090347395844838 
-0.15100187648102448 0.40663622234673547 
-0.15103544087555104 0.40376405554109773 
-0.15117535421956763 0.4052491378509978 
-0.15117535421956763 0.4052491378509978 
-0.15110242531220816 0.4065207876323021 
-0.15110242531220816 0.4065207876323021 
-0.15111316119756585 0.4068525922910387 
-0.15111316119756585 0.4068525922910387 
-0.15049036372156865 0.4077283360955633 
-0.15066753611608943 0.40910417624590695 
-0.15066753611608943 0.40910417624590695 
-0.1506431790041712 0.4080004389397825 
-0.1506683994319325 0.4058334532385886 
-0.1506683994319325 0.4058334532385886 
-0.1506020459226204 0.4047153349901871 
-0.150617582592557 0.40469778117223687 
-0.150617582592557 0.40469778117223687 
-0.150617582592557 0.40469778117223687 
-0.15061114869970949 0.4046894074796509 
-0.1506534573946083 0.4044439436508325 
-0.15052532519498596 0.4018909084113099 
-0.15052532519498596 0.4018909084113099 
-0.15059552023414471 0.40346339732724507 
-0.15069696567178978 0.40552771164441614 
-0.1507914335324073 0.40181285736675326 
-0.15042546015143338 0.4338680413840469 
-0.1505575461241187 0.43209836347860336 
-0.1505720549455168 0.4336650351620423 
-0.15065699457483067 0.42745238908983824 
-0.1507280641223854 0.4274418705034801 
-0.15083671697915274 0.436193189684307 
-0.15083671697915274 0.436193189684307 
-0.15192047674379303 0.4523630588193088 
-0.15152082882363613 0.4344193436923272 
-0.15126551393074525 0.43201514720589934 
-0.15177298154593954 0.4175776434543358 
-0.15167684618278596 0.416174502120824 
-0.15169022814564703 0.41636103406766156 
-0.1517001160585278 0.4159883161197982 
-0.15178571981811603 0.4239650326291842 
-0.15197447693194527 0.4248354848425713 
-0.15197447693194527 0.4248354848425713 
-0.15197447693194527 0.4248354848425713 
-0.15197447693194527 0.4248354848425713 
-0.15100149788539188 0.440462946708816 
-0.15102894123804067 0.4433553926593274 
-0.15107379151080502 0.4781262484830585 
-0.15107379151080502 0.4781262484830585 
-0.1507178573409319 0.44403842308124786 
-0.1507178573409319 0.44403842308124786 
-0.15038452083438275 0.4570869373075641 
-0.14968052126373632 0.5093663680568579 
-0.14968052126373632 0.5093663680568579 
-0.14993724818940624 0.4803699435906385 
-0.14993724818940624 0.4803699435906385 
-0.14993724818940624 0.4803699435906385 
-0.14993724818940624 0.4803699435906385 
-0.14993724818940624 0.4803699435906385 
-0.15002722203068297 0.47211148525821395 
-0.1504016890069442 0.4504516685777103 
-0.1504016890069442 0.4504516685777103 
-0.1504016890069442 0.4504516685777103 
-0.1504016890069442 0.4504516685777103 
-0.1504016890069442 0.4504516685777103 
-0.1503599423790402 0.4597457660698387 
-0.150460427834297 0.46551894274097266 
-0.150460427834297 0.46551894274097266 
-0.15052479673658117 0.45230464626676087 
-0.15052479673658117 0.45230464626676087 
-0.15052479673658117 0.45230464626676087 
-0.15052826124144142 0.45226001664876253 
-0.15054335316898063 0.4512227265697629 
-0.15026413945726808 0.4633140775733993 
-0.14964281609337052 0.4645592118719037 
-0.1496618686324853 0.46340420721714826 
-0.14968096238573592 0.46246270115642274 
-0.14978041383939017 0.4592681122995545 
-0.15021263222522432 0.44944398953546627 
-0.15026866532136865 0.4398816590857217 
-0.15005074881658814 0.4543416316901873 
-0.15005074881658814 0.4543416316901873 
-0.15014675696411017 0.45023423999192136 
-0.15021939737915496 0.4484324754866006 
-0.1499795126110104 0.44276129931638836 
-0.1498303363104433 0.4447125393807659 
-0.1498303363104433 0.4447125393807659 
-0.14981260659549858 0.44529997130842364 
-0.1499089736553327 0.44598013435098083 
-0.1499089736553327 0.44598013435098083 
-0.1499089736553327 0.44598013435098083 
-0.1499089736553327 0.44598013435098083 
-0.15022605502674372 0.4429110983308428 
-0.14992911257404234 0.4440272695774868 
-0.15050563712416573 0.43494651672336915 
-0.15049133129187894 0.4286228236276884 
-0.150415182712585 0.42173127177226666 
-0.150415182712585 0.42173127177226666 
-0.15042115732652567 0.41990724686641595 
-0.149830913840125 0.4267822870932222 
-0.149830913840125 0.4267822870932222 
-0.15001865122204652 0.4163897746327468 
-0.15033659023565207 0.4151825002564986 
-0.15033659023565207 0.4151825002564986 
-0.15029555434611316 0.41554210165354694 
-0.15045226373833706 0.41375389812173624 
-0.15045226373833706 0.41375389812173624 
-0.15061413328346882 0.41130489848498014 
-0.1502994788277371 0.4144634404692692 
-0.15058943299221106 0.41702579181264204 
-0.15079561919420695 0.40900292486683665 
-0.15079561919420695 0.40900292486683665 
-0.15081444623252155 0.4040145544352811 
-0.15081444623252155 0.4040145544352811 
-0.15081444623252155 0.4040145544352811 
-0.15075819899976098 0.4039938668404209 
-0.15075819899976098 0.4039938668404209 
-0.15072684046522494 0.40434074780788215 
-0.15072444118836797 0.4040653443091694 
-0.1508517075135901 0.41241945387934714 
-0.1508517075135901 0.41241945387934714 
-0.1507597912223461 0.4130169044657378 
-0.15106103358287537 0.429222187708154 
-0.15103428695740562 0.4421864976194674 
-0.15103428695740562 0.4421864976194674 
-0.15103428695740562 0.4421864976194674 
-0.1511876787725007 0.42877200138128274 
-0.15111175943204416 0.43403159937295016 
-0.15086641877884047 0.4279050662512573 
-0.1507015451329566 0.4292688974388094 
-0.15104202883240267 0.4295170180240993 
-0.15104202883240267 0.4295170180240993 
-0.15104202883240267 0.4295170180240993 
-0.15105631824526936 0.4314116407062337 
-0.15105044626773306 0.4321614589913749 
-0.15100372245612398 0.43458623805960966 
-0.15120506082856885 0.44249704557765607 
-0.15130113607980689 0.4422459849661214 
-0.1511838240879053 0.45251588205391036 
-0.1511838240879053 0.45251588205391036 
-0.1511838240879053 0.45251588205391036 
-0.15131808445544903 0.4374691767816238 
-0.15108238642498587 0.44177726698661157 
-0.15120489654404207 0.4269225483085646 
-0.1510102110068443 0.4398499551678049 
-0.1512060187135829 0.44602250644370206 
-0.15177568463919433 0.44336895328933257 
-0.15177086850087948 0.4427385848707173 
-0.15207465734737965 0.447629616762583 
-0.1521949438694303 0.4494720514125057 
-0.15205630991384878 0.43972330271391913 
-0.1524949174774101 0.4342076233345443 
-0.15260117708733892 0.43449761565747475 
-0.1521556915885774 0.42396479207214294 
-0.15190801576375706 0.42573862482203645 
-0.15181313429455295 0.42292079399750543 
-0.15196100964734194 0.4123142876459507 
-0.15177170701008993 0.41282261928847624 
-0.1517023649167124 0.4130230789309268 
-0.1517023649167124 0.4130230789309268 
-0.15168437121972592 0.412589966547092 
-0.1516480993943561 0.4120505783491151 
-0.15137993048472234 0.41516152336802664 
-0.15110957197320712 0.4113247979691856 
-0.1516783113047455 0.4080357130752967 
-0.1516783113047455 0.4080357130752967 
-0.1519829326387797 0.4096028805926653 
-0.15246930709863238 0.4119284794562996 
-0.15246930709863238 0.4119284794562996 
-0.15246930709863238 0.4119284794562996 
-0.1525132938194893 0.4116249672051347 
-0.1525132938194893 0.4116249672051347 
