-0.13401267366715147 1.6499434556134134 
-0.13401410851012022 1.6499465182365691 
-0.13401028403493065 1.649943133968653 
-0.13401088621396806 1.6499436832658447 
-0.13401088621396806 1.6499436832658447 
-0.13404137658046375 1.6499188980186201 
-0.13402166408445115 1.649918569062043 
-0.13402166408445115 1.649918569062043 
-0.13402166408445115 1.649918569062043 
-0.13400952078666498 1.649959755571768 
-0.13400952078666498 1.649959755571768 
-0.13406382647374346 1.650193891307903 
-0.13406382647374346 1.650193891307903 
-0.13425899242677497 1.649489201029439 
-0.13425899242677497 1.649489201029439 
-0.13421825894505274 1.6494898154231914 
-0.13421825894505274 1.6494898154231914 
-0.1342384137054866 1.649595346280454 
-0.1344409628440583 1.649350840233986 
-0.13503048915698587 1.6492187198298878 
-0.1355985405385288 1.6487468474999831 
-0.13565031359359456 1.64879296781984 
-0.13565031359359456 1.64879296781984 
-0.13587858373916245 1.6485431492374816 
-0.13701320241799114 1.6496598851776945 
-0.13704461339196367 1.6510757326719112 
-0.13704461339196367 1.6510757326719112 
-0.13704461339196367 1.6510757326719112 
-0.13765601140980135 1.6503313186924609 
-0.1384053688047019 1.6480466906677675 
-0.1384053688047019 1.6480466906677675 
-0.1384053688047019 1.6480466906677675 
-0.1384053688047019 1.6480466906677675 
-0.14012203776875654 1.6260945020605884 
-0.14031099811796444 1.630808259117266 
-0.14287649350886508 1.6092890709553136 
-0.1430007507836365 1.5942030408059424 
-0.1430007507836365 1.5942030408059424 
-0.1430691078658086 1.5821546350805724 
-0.1445549138287234 1.528316481497835 
-0.1445684050410877 1.5210298202467252 
-0.14475724082413483 1.4983420256013067 
-0.14475724082413483 1.4983420256013067 
-0.14475724082413483 1.4983420256013067 
-0.14466464423827033 1.5016457050419905 
-0.14466464423827033 1.5016457050419905 
-0.14470717644894074 1.4996923258464465 
-0.14470717644894074 1.4996923258464465 
-0.14470717644894074 1.4996923258464465 
-0.14497721367511546 1.4883072158024624 
-0.14484369830084123 1.4953200177975619 
-0.14484369830084123 1.4953200177975619 
-0.14484369830084123 1.4953200177975619 
-0.14484369830084123 1.4953200177975619 
-0.14484369830084123 1.4953200177975619 
-0.14316924702652875 1.5570146223365309 
-0.14433546159345137 1.4139525298752973 
-0.1445167916058534 1.3414833126194972 
-0.14451652185867017 1.3413328586984332 
-0.14403663991764926 1.367887762117843 
-0.14403663991764926 1.367887762117843 
-0.14403663991764926 1.367887762117843 
-0.14403663991764926 1.367887762117843 
-0.14403663991764926 1.367887762117843 
-0.14403663991764926 1.367887762117843 
-0.14403663991764926 1.367887762117843 
-0.14454823656415774 1.308242724145076 
-0.1446452116725141 1.2636731765784088 
-0.1446452116725141 1.2636731765784088 
-0.1446452116725141 1.2636731765784088 
-0.1446452116725141 1.2636731765784088 
-0.1446452116725141 1.2636731765784088 
-0.14663145859700602 1.0382147556817607 
-0.14649261047827408 1.0788305326944607 
-0.14649261047827408 1.0788305326944607 
-0.14649261047827408 1.0788305326944607 
-0.14649261047827408 1.0788305326944607 
-0.14769993047831262 0.9533091335476449 
-0.14756313103213983 0.8645158113888147 
-0.14842601088667354 0.7585617184970024 
-0.14842601088667354 0.7585617184970024 
-0.14842601088667354 0.7585617184970024 
-0.1490699907486053 0.651919514391326 
-0.1492684811980326 0.6328393302342946 
-0.14948036617059954 0.6057947936626662 
-0.14948036617059954 0.6057947936626662 
-0.14973170023279483 0.585779257111449 
-0.14973170023279483 0.585779257111449 
-0.1497305795802913 0.5876394921658394 
-0.1497305795802913 0.5876394921658394 
-0.1497305795802913 0.5876394921658394 
-0.1497282494308063 0.5878393664134198 
-0.14997328763457932 0.5749703126541291 
-0.15000712324360996 0.5634727776588485 
-0.15000712324360996 0.5634727776588485 
-0.15004579649588992 0.5678730904131051 
-0.15001963888107953 0.5731492113429916 
-0.15001313507219782 0.5572213992729257 
-0.1502662261215202 0.5263059539565986 
-0.15026947307767574 0.5245874676356871 
-0.15026947307767574 0.5245874676356871 
-0.15057555718152374 0.5069482470605915 
-0.15057555718152374 0.5069482470605915 
-0.15058568934385874 0.5075359660931802 
-0.15046673555805556 0.5003620036207956 
-0.15046673555805556 0.5003620036207956 
-0.15046673555805556 0.5003620036207956 
-0.15046673555805556 0.5003620036207956 
-0.1504329153492706 0.4959656094552979 
-0.1504329153492706 0.4959656094552979 
-0.1504329153492706 0.4959656094552979 
-0.15081049785222572 0.48773709411584176 
-0.15093296733032083 0.47083098711443266 
-0.15102943274472883 0.44914334099480074 
-0.15132368512249347 0.447716803425674 
-0.15095147940621154 0.436419697345953 
-0.1508542889317424 0.44075201533613423 
-0.15084581826842253 0.4410142663008034 
-0.15027525243306855 0.44370722844410376 
-0.15066583386642446 0.42852936578513745 
-0.1503088990414902 0.41693681417850564 
-0.1496666212314412 0.40448990901341775 
-0.1501901552227109 0.40604239223586713 
-0.1501901552227109 0.40604239223586713 
-0.1501901552227109 0.40604239223586713 
-0.1501901552227109 0.40604239223586713 
-0.15021754525648168 0.40137450425367316 
-0.15084296859732554 0.41020451195460184 
-0.1507980160429845 0.4092110022970375 
-0.1507980160429845 0.4092110022970375 
-0.15105666924689146 0.4128586856107006 
-0.1509719248307006 0.4140450375287426 
-0.1509538337631544 0.4157729680645254 
-0.1509538337631544 0.4157729680645254 
-0.15061339209751715 0.41327544999958205 
-0.15117736679546318 0.4211496701091375 
-0.15114440268924823 0.41896127130789823 
-0.15107154895624747 0.4192533453883166 
-0.15132755638326964 0.41336301852222795 
-0.15128467605045756 0.40641172598006625 
-0.15119710248774987 0.4090329301936978 
-0.15114871798804447 0.41241840827309095 
-0.15099632784916803 0.4132586719668889 
-0.15099632784916803 0.4132586719668889 
-0.15099632784916803 0.4132586719668889 
-0.15087957098219176 0.41146647652499657 
-0.15087957098219176 0.41146647652499657 
-0.15091937414079198 0.41112916926721554 
-0.15103579772400616 0.4027563704044343 
-0.15091523345812133 0.40431739701638686 
-0.15053831074944074 0.40497763342854975 
-0.15053831074944074 0.40497763342854975 
-0.15053831074944074 0.40497763342854975 
-0.15053831074944074 0.40497763342854975 
-0.15053831074944074 0.40497763342854975 
-0.15053831074944074 0.40497763342854975 
-0.15059051982223157 0.4058936012272584 
-0.15045587882707334 0.40551901944854846 
-0.15045587882707334 0.40551901944854846 
-0.15045587882707334 0.40551901944854846 
-0.15045587882707334 0.40551901944854846 
-0.15045587882707334 0.40551901944854846 
-0.15051694363762325 0.40735773614769427 
-0.15051694363762325 0.40735773614769427 
-0.15051091463506866 0.4070658001022594 
-0.1505863917995126 0.4105490188213353 
-0.1504801363352201 0.41147639941184394 
-0.15074432608215885 0.4139470068638754 
-0.1507944545644065 0.41277527578904666 
-0.15083969985503837 0.40967129194536867 
-0.15091542508094957 0.41293930472223395 
-0.15091542508094957 0.41293930472223395 
-0.15032354694192465 0.4199385868374114 
-0.15032354694192465 0.4199385868374114 
-0.150261460608318 0.4186285608668511 
-0.15019756419761743 0.419431145490207 
-0.14993564252165517 0.41763764353953603 
-0.1497339253542045 0.4217060115627074 
-0.1497339253542045 0.4217060115627074 
-0.14963791412870453 0.4231543107336446 
-0.14980360959535186 0.4225539309341518 
-0.14980360959535186 0.4225539309341518 
-0.1500694854652423 0.41834515036749786 
-0.14997252875783737 0.4204144647641539 
-0.14969583247203275 0.42255868990715995 
-0.1499880846341775 0.41735956982327177 
-0.15090768733010468 0.41294432610753157 
-0.15083428037931323 0.41964902154285877 
-0.1508435729536729 0.4193570164582875 
-0.15071566631697322 0.422471755166665 
-0.1515619910594786 0.4247120687500234 
-0.15164244800735513 0.4263528965430361 
-0.15168143883404678 0.4232373601749379 
-0.15139893917314928 0.4292789231733285 
-0.1510806489412331 0.4223827994158014 
-0.15081161463649773 0.426620283480733 
-0.1508352514813165 0.423453420510488 
-0.15076500475888158 0.4227128393346445 
-0.1503005154776079 0.439486540500906 
-0.15032445237769482 0.4376617087509785 
-0.15074719837141484 0.45734886576642547 
-0.15074719837141484 0.45734886576642547 
-0.1507638816220392 0.43583716111884807 
-0.15075767100903617 0.42261604417666115 
-0.15073353000608486 0.4193928447901666 
-0.1508931024114944 0.42352622635420856 
-0.15054141736692878 0.43482308611055276 
-0.15054347833081924 0.4348598541754371 
-0.15056691983723 0.42432244361557553 
-0.1505939377605681 0.4230351106951048 
-0.1505939377605681 0.4230351106951048 
-0.1505939377605681 0.4230351106951048 
-0.1506530866484706 0.42196960107439263 
-0.15066329311770427 0.42170130545284085 
-0.1506678771437357 0.4240701901444159 
-0.15052313466685993 0.428051654053623 
-0.15054980843699675 0.4276948653837768 
-0.15054980843699675 0.4276948653837768 
-0.15079993972716535 0.4223441287127751 
-0.1505165011811647 0.42766911394815693 
-0.1505165011811647 0.42766911394815693 
-0.1505165011811647 0.42766911394815693 
-0.15022899564255415 0.4303497309801916 
-0.15000589091421704 0.4563511616234156 
-0.15000589091421704 0.4563511616234156 
-0.14977421154677917 0.44895595056621007 
-0.14977421154677917 0.44895595056621007 
-0.15039365365538693 0.4363055549621077 
-0.15039365365538693 0.4363055549621077 
-0.15021242833591528 0.44096830538531606 
-0.15052093580455467 0.4346044895553939 
-0.15049257541724492 0.43533901404454667 
-0.1507038092767035 0.4253425397017852 
-0.15082831294881785 0.42470692740563626 
-0.15083169925067746 0.42376526522907304 
-0.15177421626528273 0.4174242701665232 
-0.15177421626528273 0.4174242701665232 
-0.1518455901618193 0.41788317955398124 
-0.1518455901618193 0.41788317955398124 
-0.1513443089885682 0.4120007739506475 
-0.1513443089885682 0.4120007739506475 
-0.15147614324458725 0.4088113878952049 
-0.15181416288057792 0.40677530180275684 
-0.15189071409810406 0.4073826673648602 
-0.1519472921778931 0.40569431182400945 
-0.1519017160709596 0.40709634328033445 
-0.1519017160709596 0.40709634328033445 
-0.1519017160709596 0.40709634328033445 
-0.1519017160709596 0.40709634328033445 
-0.1519017160709596 0.40709634328033445 
-0.15189030694109126 0.4072797179406407 
-0.15131796211158927 0.4128091451486309 
-0.1515207648044005 0.4089349476305754 
-0.15145384442005758 0.4111239190427683 
-0.15172622618577242 0.41464489170573554 
-0.15163878891739202 0.4174035775923605 
-0.15163878891739202 0.4174035775923605 
-0.15163878891739202 0.4174035775923605 
-0.15184179825763405 0.41599661677936667 
-0.1522662811072461 0.409908395551895 
-0.15227979987890172 0.4096918678842482 
-0.15227979987890172 0.4096918678842482 
-0.15227979987890172 0.4096918678842482 
-0.15224158489180728 0.40927587551942984 
-0.15148880926191893 0.4256579938621848 
-0.15148880926191893 0.4256579938621848 
-0.15118630281189555 0.43468895702844357 
-0.1511864921199944 0.4333274576043019 
-0.1514138607554514 0.4374051628330264 
-0.15142951962975912 0.42136121253432224 
-0.1512300930505353 0.4211190217636594 
-0.15121582494536912 0.4206090772391123 
-0.15105546472190784 0.4336109564345144 
-0.15094880109047887 0.4302923115374022 
-0.15093788777743616 0.4324640439471173 
-0.15106672461674103 0.43405320362470634 
-0.15098740055574186 0.43312702541498976 
-0.15092564963738925 0.43003020843466555 
-0.15085940122690417 0.4299612871666222 
-0.15085940122690417 0.4299612871666222 
-0.15085940122690417 0.4299612871666222 
-0.15085940122690417 0.4299612871666222 
-0.1508596218399732 0.4299103217122294 
-0.15077949416311937 0.4370290922822099 
-0.15101240048553952 0.42432156621408157 
-0.15128043214705297 0.42712558085338354 
-0.1512866102163346 0.42708456546901097 
-0.1512264496437295 0.42883870905551263 
-0.15116292105550186 0.42758624655727834 
-0.15100582789718608 0.43568616218816697 
-0.1510006640981451 0.4331233567094402 
-0.15103688472609925 0.42835437367983065 
-0.15127539939675957 0.4232852445701302 
-0.15158399771999043 0.42803858232613173 
-0.15161009776214285 0.431647338670407 
-0.1510295038069891 0.4414121951980294 
-0.15097762490075856 0.43975965697521385 
-0.15097762490075856 0.43975965697521385 
-0.15082969565057927 0.44857727218095605 
-0.1509795100654357 0.44396430750701454 
