-0.13404989830110187 1.6499828519902235 
-0.13406246871966235 1.6500827651783931 
-0.13405632086480299 1.6500662858072628 
-0.13405418736732178 1.6499071064631077 
-0.13405449033632083 1.6495562272675108 
-0.13405449033632083 1.6495562272675108 
-0.13413543510440878 1.6495508806021355 
-0.13416173065751752 1.6494652017445786 
-0.13439495725829675 1.6495345714856513 
-0.13466554727568072 1.649282844516336 
-0.13505297153561402 1.649001556577617 
-0.13505297153561402 1.649001556577617 
-0.13537086407816198 1.6483992518880655 
-0.13537086407816198 1.6483992518880655 
-0.13537086407816198 1.6483992518880655 
-0.1355477909566762 1.6484329517381118 
-0.13587613468765308 1.6466653403214389 
-0.1366132540621022 1.6483358055580588 
-0.1367509024283962 1.6482530867281229 
-0.1367509024283962 1.6482530867281229 
-0.13774714050911 1.64727170140822 
-0.13807866461382265 1.6471367348087027 
-0.1403588699921608 1.645142898753369 
-0.14229278738437087 1.6305272811284808 
-0.14229278738437087 1.6305272811284808 
-0.14229278738437087 1.6305272811284808 
-0.14229278738437087 1.6305272811284808 
-0.14229278738437087 1.6305272811284808 
-0.14229278738437087 1.6305272811284808 
-0.14229278738437087 1.6305272811284808 
-0.14229278738437087 1.6305272811284808 
-0.14207185287064217 1.6306611397528556 
-0.14185309969318016 1.619181622989705 
-0.14185309969318016 1.619181622989705 
-0.14185309969318016 1.619181622989705 
-0.14185309969318016 1.619181622989705 
-0.1419981597924581 1.6157237873138393 
-0.1419981597924581 1.6157237873138393 
-0.1421957302131712 1.6052032673989578 
-0.14218032100031658 1.603743440198586 
-0.14218032100031658 1.603743440198586 
-0.1421293153479775 1.5986543799724326 
-0.14172320247892928 1.5788424339144045 
-0.14168336499423123 1.576898988734312 
-0.14130597684984492 1.5408431906339026 
-0.14360729712679585 1.2239323318702713 
-0.1480751882203103 0.6991185745925768 
-0.1480751882203103 0.6991185745925768 
-0.1480751882203103 0.6991185745925768 
-0.1480751882203103 0.6991185745925768 
-0.1480751882203103 0.6991185745925768 
-0.14981470916372217 0.46030556021195457 
-0.14981470916372217 0.46030556021195457 
-0.14981470916372217 0.46030556021195457 
-0.14981470916372217 0.46030556021195457 
-0.14981470916372217 0.46030556021195457 
-0.14981470916372217 0.46030556021195457 
-0.14981470916372217 0.46030556021195457 
-0.14981470916372217 0.46030556021195457 
-0.14981470916372217 0.46030556021195457 
-0.14981470916372217 0.46030556021195457 
-0.14981470916372217 0.46030556021195457 
-0.14981470916372217 0.46030556021195457 
-0.14981470916372217 0.46030556021195457 
-0.14981470916372217 0.46030556021195457 
-0.14981470916372217 0.46030556021195457 
-0.14981470916372217 0.46030556021195457 
-0.14981470916372217 0.46030556021195457 
-0.14981470916372217 0.46030556021195457 
-0.14981470916372217 0.46030556021195457 
-0.1500593247914856 0.41323265536088416 
-0.1500593247914856 0.41323265536088416 
-0.15048487691725998 0.4511297754304388 
-0.15048487691725998 0.4511297754304388 
-0.15108558690549168 0.45465473631108805 
-0.15108558690549168 0.45465473631108805 
-0.15108558690549168 0.45465473631108805 
-0.15108558690549168 0.45465473631108805 
-0.15108558690549168 0.45465473631108805 
-0.15108558690549168 0.45465473631108805 
-0.15108558690549168 0.45465473631108805 
-0.15108558690549168 0.45465473631108805 
-0.15108558690549168 0.45465473631108805 
-0.15155916797401547 0.4336143303788693 
-0.15155916797401547 0.4336143303788693 
-0.15155916797401547 0.4336143303788693 
-0.15155916797401547 0.4336143303788693 
-0.15155916797401547 0.4336143303788693 
-0.15142152402296516 0.44912053971574295 
-0.1513423724282425 0.4640255936068577 
-0.1513423724282425 0.4640255936068577 
-0.15192903627561838 0.4272924351391633 
-0.15192903627561838 0.4272924351391633 
-0.15192903627561838 0.4272924351391633 
-0.15201410245843444 0.44380420093252465 
-0.15201410245843444 0.44380420093252465 
-0.15170902048381044 0.45228797719366715 
-0.15170786907245415 0.4521346752258847 
-0.151640857488775 0.4436858494710486 
-0.1517736164839377 0.447765587473369 
-0.1517736164839377 0.447765587473369 
-0.1517736164839377 0.447765587473369 
-0.1517736164839377 0.447765587473369 
-0.1517736164839377 0.447765587473369 
-0.15156368509859708 0.4428116492732808 
-0.15156368509859708 0.4428116492732808 
-0.15089565096288077 0.43843118624008853 
-0.1509992230239907 0.43778051765115433 
-0.15099925393618827 0.43777940345149824 
-0.15098933650411694 0.43661272570013143 
-0.15070446510729835 0.4451110346595151 
-0.15070446510729835 0.4451110346595151 
-0.15066006434566326 0.4478248006321467 
-0.15065831238907565 0.44934767763081224 
-0.15088387639997633 0.42985208333076874 
-0.15096609732513191 0.4291153614218922 
-0.15096609732513191 0.4291153614218922 
-0.15100608627836667 0.42661362383649504 
-0.15118111688089794 0.42270821212152115 
-0.1517592746805682 0.4246215754603882 
-0.15135200655212655 0.41828890579289896 
-0.15135200655212655 0.41828890579289896 
-0.15117605767470924 0.4172621540462102 
-0.15131285322157864 0.41771615644712234 
-0.15075436708353354 0.4222427706466664 
-0.1503882422447963 0.4217187289235914 
-0.15060936071260098 0.41316994228819626 
-0.15059150981080832 0.4198741008918639 
-0.15059150981080832 0.4198741008918639 
-0.1510871121697357 0.42068063795948757 
-0.15104850426743305 0.41984144516998195 
-0.15104850426743305 0.41984144516998195 
-0.150949540634225 0.41694942854124695 
-0.15083168522540522 0.41354486080683023 
-0.15089823613143152 0.41404581731133466 
-0.1507564358799623 0.41599732363422937 
-0.15092071045963687 0.41382226262345634 
-0.1508570737611001 0.41175237460711556 
-0.15069560352475592 0.41009747122359347 
-0.1506978365350011 0.4122205976501635 
-0.1506978365350011 0.4122205976501635 
-0.15063548397066193 0.42157784126884024 
-0.150621228329314 0.4247797570065234 
-0.15069497803426618 0.41847733077595245 
-0.15086625257237718 0.42070403565072456 
-0.15086625257237718 0.42070403565072456 
-0.1509561347245966 0.4175769163626777 
-0.15087255537055097 0.41542266488749235 
-0.15143003589128834 0.42222975725505313 
-0.15150273162974104 0.41853661610411474 
-0.15150273162974104 0.41853661610411474 
-0.151484598287552 0.41828714368494807 
-0.1514468087903567 0.41942021312908623 
-0.15155268436559222 0.41767068520014244 
-0.15153164872790834 0.4175686484104381 
-0.151098968107156 0.4235390486340452 
-0.1508005039833093 0.414300185311843 
-0.15079248500179432 0.41511834507339807 
-0.15054597663107608 0.40682653819991954 
-0.1506665976164743 0.4089032787089993 
-0.150793502951018 0.409607209094301 
-0.15080895500168415 0.41088591934289537 
-0.15034268643961432 0.40804289093718843 
-0.15010164935629236 0.40721516910419747 
-0.1500864296430996 0.40633632513140605 
-0.14985855955338542 0.40422859229617125 
-0.14985855955338542 0.40422859229617125 
-0.14985855955338542 0.40422859229617125 
-0.15061325544798232 0.4073266935754743 
-0.15045994697463555 0.40340706028973294 
-0.15045994697463555 0.40340706028973294 
-0.15045994697463555 0.40340706028973294 
-0.1505643465573916 0.40087658532440185 
-0.1505643465573916 0.40087658532440185 
-0.1505643465573916 0.40087658532440185 
-0.1505643465573916 0.40087658532440185 
-0.1505643465573916 0.40087658532440185 
-0.1505643465573916 0.40087658532440185 
-0.1505643465573916 0.40087658532440185 
-0.1505643465573916 0.40087658532440185 
-0.15066732063437718 0.401566666558543 
-0.15066732063437718 0.401566666558543 
-0.1506776012800592 0.4015584111807598 
-0.1506776012800592 0.4015584111807598 
-0.1506776012800592 0.4015584111807598 
-0.1506776012800592 0.4015584111807598 
-0.1506776012800592 0.4015584111807598 
-0.1506776012800592 0.4015584111807598 
-0.1506776012800592 0.4015584111807598 
-0.15069993080770114 0.40151396053721256 
-0.15065641755546044 0.4021828994645279 
-0.15057898826293162 0.40466484658023694 
-0.15039571041631572 0.4085135110485937 
-0.15039571041631572 0.4085135110485937 
-0.15065927050388414 0.4096459650403133 
-0.15065927050388414 0.4096459650403133 
-0.15065927050388414 0.4096459650403133 
-0.15068444397002273 0.40817660206143697 
-0.15068444397002273 0.40817660206143697 
-0.15068444397002273 0.40817660206143697 
-0.1509155939557752 0.41891688023481144 
-0.15087623119684876 0.4182772574396695 
-0.15074827798801813 0.4183790046900225 
-0.15068864650807587 0.41327431061061876 
-0.15068864650807587 0.41327431061061876 
-0.15069324047133634 0.41320927152125797 
-0.15069324047133634 0.41320927152125797 
-0.15069324047133634 0.41320927152125797 
-0.15079734526963692 0.4126323799817107 
-0.15079734526963692 0.4126323799817107 
-0.15049222813769472 0.41363635565058404 
-0.15044984942206696 0.41518613423466894 
-0.15045719314239403 0.41443926026333094 
-0.1507424013348866 0.4125435782371554 
-0.1507260003690147 0.4127258178286901 
-0.1498147069841001 0.4197391935498014 
-0.1497825211020239 0.4202390041132526 
-0.15030266708029144 0.4221562586014959 
-0.15046259111510554 0.42895430700082854 
-0.15044377661405264 0.4293156934650231 
-0.1499274298557597 0.4224405598716176 
-0.1499274298557597 0.4224405598716176 
-0.15042531143864318 0.41983596614115937 
-0.15042531143864318 0.41983596614115937 
-0.15059190790476357 0.42202131817843713 
-0.1505927796820064 0.42183728690397915 
-0.14978854318067464 0.42712088904894513 
-0.1505057050353833 0.41955768048750997 
-0.1505057050353833 0.41955768048750997 
-0.1501719489878155 0.42676364920932 
-0.15046449428999956 0.4265642831702189 
-0.15046449428999956 0.4265642831702189 
-0.15046449428999956 0.4265642831702189 
-0.15046449428999956 0.4265642831702189 
-0.15028415029359826 0.4263975255476972 
-0.15029315753951378 0.426123925331196 
-0.15029315753951378 0.426123925331196 
-0.15072638480441602 0.4195049850569882 
-0.15072638480441602 0.4195049850569882 
-0.1505981916139312 0.41631350135043 
-0.15060000576962154 0.41552934457176144 
-0.15060000576962154 0.41552934457176144 
-0.15060000576962154 0.41552934457176144 
-0.15054204055821566 0.41588171894004167 
-0.15029258904861723 0.41060846245461635 
-0.1505554307308026 0.4091709931295113 
-0.15074409193367577 0.4129648065501448 
-0.15076670105328188 0.41449000104913436 
-0.15076670105328188 0.41449000104913436 
-0.15081520505858273 0.41437622529508444 
-0.15081005564668729 0.414771438642669 
-0.15081005564668729 0.414771438642669 
-0.15081005564668729 0.414771438642669 
-0.1507579138200948 0.418965180961159 
-0.15120130295408776 0.41328583763384646 
-0.15128591152513138 0.4129803632333695 
-0.15127557901688507 0.41355772516349093 
-0.15124456685387924 0.413654243851344 
-0.15125886452385312 0.4151577380251666 
-0.15125886452385312 0.4151577380251666 
-0.15129564504322668 0.41652351231225004 
-0.15115949060043654 0.41311654660536473 
-0.1507641242538918 0.41031428998082936 
-0.1507641242538918 0.41031428998082936 
-0.1507641242538918 0.41031428998082936 
-0.15076249837412184 0.41589688826372695 
-0.15038007248055876 0.4255180673237235 
-0.15032230672822197 0.4407499314322723 
-0.15041240364285766 0.43591758648959794 
-0.1504170093348022 0.4357422337599002 
-0.15043747357324325 0.43461584935831915 
-0.15036413799471376 0.4383875040563966 
-0.15045689826543931 0.44691753884042446 
-0.15043853010547387 0.4495895384932758 
-0.15049192365490224 0.4325479088464533 
-0.15052704516800441 0.43587190222899697 
-0.1505089740208909 0.4275409746512272 
-0.15066410604946837 0.42537163327661853 
-0.15088249254807415 0.42536859048202613 
-0.15070188537375281 0.44000179110248516 
-0.15093969707891614 0.4326001952845592 
-0.1509455692463998 0.43268913272133747 
-0.15082385334990014 0.4423306366724166 
-0.15080119645456497 0.4353144291855661 
-0.15079948937629065 0.43525316542697096 
-0.15140846038723496 0.4263867302238055 
-0.15179467075605652 0.44064197244317505 
-0.15179467075605652 0.44064197244317505 
-0.1517906869427246 0.44105629436508953 
-0.151510296553363 0.4318731789052708 
-0.151537621219896 0.4321750938132717 
-0.151537621219896 0.4321750938132717 
-0.151537621219896 0.4321750938132717 
-0.151537621219896 0.4321750938132717 
-0.151537621219896 0.4321750938132717 
-0.15146778102249508 0.4275135381814481 
-0.15133750372410182 0.428491612262471 
-0.15133697339382268 0.4230923834762496 
-0.15125904685792715 0.41997022165732795 
-0.1508925258556757 0.41534320142683046 
