-0.13374890599400863 1.6499629935578728 
-0.13374890599400863 1.6499629935578728 
-0.13374890599400863 1.6499629935578728 
-0.13374890599400863 1.6499629935578728 
-0.13377939055820695 1.6499922605211275 
-0.13376323067396212 1.6499804993454867 
-0.13393165483963804 1.6499289213947987 
-0.13392916104360966 1.6499212411322624 
-0.13392916104360966 1.6499212411322624 
-0.1349299558360218 1.6515763075767964 
-0.13506853681160425 1.6517624366382793 
-0.13506853681160425 1.6517624366382793 
-0.13538152528165384 1.6524383769310347 
-0.13538152528165384 1.6524383769310347 
-0.13651088459510347 1.6547708707277689 
-0.13860412706432673 1.6481094882393499 
-0.13860412706432673 1.6481094882393499 
-0.13952138010561338 1.64776918221881 
-0.1419316093737681 1.6459901065985594 
-0.1419316093737681 1.6459901065985594 
-0.1417647553867223 1.6472331577793222 
-0.1417908866740811 1.6463205841753261 
-0.14156178445822284 1.6481198238327852 
-0.14155362724139034 1.6485593450769152 
-0.14155362724139034 1.6485593450769152 
-0.14154294163309625 1.6462607650372825 
-0.14154294163309625 1.6462607650372825 
-0.14158679811694688 1.6462671632174588 
-0.14184644536131613 1.6462384815829056 
-0.14184644536131613 1.6462384815829056 
-0.141827702687295 1.6461917039111156 
-0.141827702687295 1.6461917039111156 
-0.14186309746738232 1.6353961922368345 
-0.14186309746738232 1.6353961922368345 
-0.14186309746738232 1.6353961922368345 
-0.14181961721696085 1.6405613608572542 
-0.14180934868474163 1.6379388056027264 
-0.14169905087815435 1.6337452385384206 
-0.14190353677909892 1.6372116314439467 
-0.14190353677909892 1.6372116314439467 
-0.14190353677909892 1.6372116314439467 
-0.14190353677909892 1.6372116314439467 
-0.14165861501215452 1.6107445346775233 
-0.14165861501215452 1.6107445346775233 
-0.14176944078055403 1.6123991505537951 
-0.14176944078055403 1.6123991505537951 
-0.14176944078055403 1.6123991505537951 
-0.14176944078055403 1.6123991505537951 
-0.14176944078055403 1.6123991505537951 
-0.14196478916769642 1.5993330864729975 
-0.14238000745489907 1.5922008564301702 
-0.14238000745489907 1.5922008564301702 
-0.14238000745489907 1.5922008564301702 
-0.1422936200090293 1.593829920521639 
-0.1422936200090293 1.593829920521639 
-0.1422936200090293 1.593829920521639 
-0.14271225833826787 1.4428862566934586 
-0.14271225833826787 1.4428862566934586 
-0.14271225833826787 1.4428862566934586 
-0.14271225833826787 1.4428862566934586 
-0.14267147768250893 1.4457250852134607 
-0.14267147768250893 1.4457250852134607 
-0.14267147768250893 1.4457250852134607 
-0.14267147768250893 1.4457250852134607 
-0.14432769356673775 1.2776448802781604 
-0.14485367464947577 1.2299838271311831 
-0.14485367464947577 1.2299838271311831 
-0.14485367464947577 1.2299838271311831 
-0.14485367464947577 1.2299838271311831 
-0.14751693420401907 0.9603593837015617 
-0.1486106281059084 0.7649079405595397 
-0.14894237135231772 0.7299243394083297 
-0.14894237135231772 0.7299243394083297 
-0.14894237135231772 0.7299243394083297 
-0.14894237135231772 0.7299243394083297 
-0.14894237135231772 0.7299243394083297 
-0.14867351571028808 0.7209782840600107 
-0.14867351571028808 0.7209782840600107 
-0.14913154126686032 0.6549774133686609 
-0.14913154126686032 0.6549774133686609 
-0.14913154126686032 0.6549774133686609 
-0.14938835533136777 0.6291444007363747 
-0.14938835533136777 0.6291444007363747 
-0.14938835533136777 0.6291444007363747 
-0.1494264243396 0.5976659304557717 
-0.149662716533685 0.5721734427958167 
-0.14952767135429537 0.5771847054692285 
-0.14952767135429537 0.5771847054692285 
-0.14952767135429537 0.5771847054692285 
-0.1498827959898822 0.5532548550291491 
-0.1498827959898822 0.5532548550291491 
-0.1498827959898822 0.5532548550291491 
-0.15022798096631626 0.5114858629452027 
-0.1505654647009262 0.4783309704391797 
-0.1502531388978561 0.5050322192773425 
-0.15097876576897817 0.499716380866893 
-0.15140487941294237 0.47320745692984045 
-0.15142003825953587 0.4774725537081592 
-0.15142003825953587 0.4774725537081592 
-0.1513409322670049 0.4755358114445504 
-0.15124220946033512 0.46905371258500084 
-0.1517195973708412 0.4616075723873182 
-0.15146303446206938 0.4455982188703201 
-0.1517746526864468 0.43163109362116014 
-0.1518273372837408 0.4238270456271184 
-0.15182920736182773 0.42405202247104484 
-0.15147774722171642 0.4251029434235532 
-0.1514482592691787 0.4286947151328338 
-0.1513123976907651 0.42360544660203464 
-0.1515365100066758 0.41346135703063447 
-0.1515365100066758 0.41346135703063447 
-0.1515365100066758 0.41346135703063447 
-0.15202934489022013 0.4018429698593414 
-0.15191912379974748 0.4021359833642825 
-0.15191912379974748 0.4021359833642825 
-0.15212553121290728 0.40167790760535127 
-0.1517295859274079 0.40950282538848004 
-0.15175407111916236 0.40604957942481923 
-0.15175407111916236 0.40604957942481923 
-0.1514601900709497 0.40513757899811065 
-0.15135688642543807 0.4105853979813068 
-0.15135688642543807 0.4105853979813068 
-0.15135688642543807 0.4105853979813068 
-0.15148151721575068 0.41113280679768954 
-0.15146591593684358 0.4107049494003754 
-0.15142648264085778 0.4089124334844656 
-0.15142648264085778 0.4089124334844656 
-0.15142648264085778 0.4089124334844656 
-0.15118053308226673 0.40902927798807104 
-0.15118146775641558 0.40903412856951354 
-0.15111612232209604 0.4119123912046614 
-0.15157463612704705 0.41556920776687295 
-0.1515731241641645 0.41644868541268776 
-0.1515731241641645 0.41644868541268776 
-0.15131087382231395 0.4213245212338651 
-0.1512770969784764 0.40752688565765216 
-0.1512770969784764 0.40752688565765216 
-0.15094810702103964 0.4098390634644768 
-0.15087976903731837 0.41567576089747876 
-0.15067148151323795 0.4260644153342873 
-0.1505239510193925 0.40163984954758813 
-0.1503578545659732 0.4107906152955264 
-0.15038328289599462 0.4113046760802848 
-0.15049997191472336 0.4159420965153002 
-0.15049997191472336 0.4159420965153002 
-0.15049167644733108 0.41613817813566756 
-0.15088744541598886 0.4100473359966793 
-0.15088744541598886 0.4100473359966793 
-0.15075045924285516 0.4143575460897021 
-0.15075045924285516 0.4143575460897021 
-0.15099187508057446 0.4256350845336417 
-0.15095599529563564 0.4255034244585273 
-0.15095599529563564 0.4255034244585273 
-0.15155806594676952 0.42077892013970375 
-0.1513905197865579 0.41729623616621087 
-0.1516915050963647 0.42020611167806804 
-0.1516915050963647 0.42020611167806804 
-0.15146954414194327 0.4146569262351188 
-0.1515519884372973 0.4160616311166075 
-0.15150046035908826 0.4106953202617193 
-0.15150046035908826 0.4106953202617193 
-0.15098121742016976 0.4231323725597752 
-0.150804104240801 0.4276702398532293 
-0.150910380828518 0.4204638988110424 
-0.150910380828518 0.4204638988110424 
-0.150910380828518 0.4204638988110424 
-0.15030223536176235 0.4319801669817601 
-0.15030223536176235 0.4319801669817601 
-0.15020823297522676 0.4293496848537922 
-0.14991786247622688 0.4302755605526929 
-0.15009458742453072 0.4253487467079904 
-0.15009458742453072 0.4253487467079904 
-0.15010645326817143 0.41788439347726897 
-0.1500006835193845 0.419578105429041 
-0.1500006835193845 0.419578105429041 
-0.1500006835193845 0.419578105429041 
-0.1500006835193845 0.419578105429041 
-0.1499869228479782 0.4199230901220217 
-0.15032286866527164 0.4196475626938234 
-0.15052267127658023 0.40606925418640016 
-0.15052267127658023 0.40606925418640016 
-0.15054884728362825 0.4067304869557014 
-0.15054528523886934 0.40667552698113263 
-0.15054528523886934 0.40667552698113263 
-0.15054528523886934 0.40667552698113263 
-0.15092824692195264 0.40646586193843026 
-0.15092824692195264 0.40646586193843026 
-0.15092824692195264 0.40646586193843026 
-0.15167424917373104 0.40949405036379666 
-0.15167424917373104 0.40949405036379666 
-0.15137800945920699 0.4128635482059491 
-0.1513245630540018 0.4146860205714293 
-0.15186678225884118 0.4144018160057201 
-0.15186678225884118 0.4144018160057201 
-0.15186678225884118 0.4144018160057201 
-0.15186678225884118 0.4144018160057201 
-0.15155068261669205 0.4125205702677692 
-0.15151155978697056 0.41575309103540087 
-0.15150011641366792 0.4139736176523847 
-0.15120548559796054 0.4086710059253845 
-0.15124437129166937 0.41169809117695927 
-0.1518781537462025 0.41475280972982614 
-0.1518781537462025 0.41475280972982614 
-0.1518781537462025 0.41475280972982614 
-0.15189525993172862 0.4142378142347485 
-0.15199588935809866 0.4159683559558511 
-0.15199588935809866 0.4159683559558511 
-0.1518129175128994 0.4124969330090411 
-0.15166845478765442 0.412565459970629 
-0.15197800416668011 0.40457155486973106 
-0.15185182021652915 0.4056850234034701 
-0.1520190872789463 0.41406160732840547 
-0.15169285021392484 0.4160348717497247 
-0.15153282008627883 0.42023935002902535 
-0.15142947672878326 0.41684449262852746 
-0.15142947672878326 0.41684449262852746 
-0.15213833499239182 0.40644671509202734 
-0.151646943233896 0.4191527319044676 
-0.151646943233896 0.4191527319044676 
-0.15163006466094842 0.4166642628969403 
-0.15163006466094842 0.4166642628969403 
-0.15163006466094842 0.4166642628969403 
-0.15163006466094842 0.4166642628969403 
-0.15137862652543596 0.41641540701134966 
-0.15147204515050036 0.42192045700366365 
-0.15147204515050036 0.42192045700366365 
-0.1514317072885062 0.423665707024922 
-0.151483423850881 0.43098337813699 
-0.15245127341541392 0.4257820450297969 
-0.15245127341541392 0.4257820450297969 
-0.15193640965009286 0.4383759881085451 
-0.15193640965009286 0.4383759881085451 
-0.15193640965009286 0.4383759881085451 
-0.1520544798784087 0.44014149884681647 
-0.15197473409048362 0.43373176891145987 
-0.15180177507187895 0.4360479626023503 
-0.15161907308252537 0.430445595633102 
-0.15116910730524563 0.42469147823427306 
-0.15131825855522524 0.42569431963962057 
-0.15131825855522524 0.42569431963962057 
-0.1510713121928869 0.4159462278464883 
-0.15103552211913648 0.41802471650407264 
-0.151036996921862 0.4100306844060663 
-0.1510136184177237 0.40933633601603664 
-0.15105791947794328 0.4110343920049175 
-0.15097973319266583 0.4194303642897876 
-0.1509835936135026 0.40979077575076583 
-0.15106162879745366 0.40644736567373807 
-0.15115929743121456 0.40939632557685773 
-0.15139365266258545 0.40431573669996307 
-0.15136373333774286 0.40628039537639626 
-0.15136373333774286 0.40628039537639626 
-0.15145366587592157 0.40841189782229304 
-0.1514481667799251 0.40821035196027344 
-0.15155033795205405 0.406945273253413 
-0.15154111690598282 0.40705227036234504 
-0.1515812950897388 0.4053508563382556 
-0.15158105078390802 0.40534952420058384 
-0.15199637078873515 0.40702540836469847 
-0.15199637078873515 0.40702540836469847 
-0.15199637078873515 0.40702540836469847 
-0.151852037883305 0.4052792221182329 
-0.151852037883305 0.4052792221182329 
-0.15196791040616073 0.40629676954215427 
-0.151991217839646 0.4065798088155582 
-0.151738885653763 0.41081479165316115 
-0.151738885653763 0.41081479165316115 
-0.15188652519059706 0.41208463425671576 
-0.15188652519059706 0.41208463425671576 
-0.15188652519059706 0.41208463425671576 
-0.15190487428418112 0.4128769901416303 
-0.15187664593446554 0.41328224461278407 
-0.1521663200937568 0.4187818088191707 
-0.1521218500651279 0.41829463009415074 
-0.1520001694032945 0.4181581696194879 
-0.1520776002116477 0.41905365429903985 
-0.1520776002116477 0.41905365429903985 
-0.1518872140070506 0.4175543856074244 
-0.1518872140070506 0.4175543856074244 
-0.1516632083229382 0.4132073615697943 
-0.1517121387323823 0.41462178491908624 
-0.1518713863826222 0.40004120499644086 
-0.1518713863826222 0.40004120499644086 
-0.1518713863826222 0.40004120499644086 
-0.1518713863826222 0.40004120499644086 
-0.1518713863826222 0.40004120499644086 
-0.15153801530629268 0.4012120761230514 
-0.15094804717177188 0.41619134365819993 
-0.15094593045362942 0.41703296887523433 
-0.15093474600784348 0.4175203370174623 
-0.15093474600784348 0.4175203370174623 
-0.1515887266731813 0.4095287215379114 
-0.151711892575606 0.41103802797509137 
-0.15228615269696072 0.41011865138356157 
-0.151882030719173 0.4121341618717277 
-0.15173364558139069 0.4114292690362248 
-0.15173785714745183 0.41141206437821404 
-0.1521793602748618 0.4141477978691571 
-0.15198900331297122 0.4121469541108898 
-0.15201701251665528 0.41201836851849494 
