-0.13387718749752983 1.6500830786816658 
-0.133859066875791 1.6501453802867891 
-0.13394715909713342 1.6500911553066793 
-0.13394715909713342 1.6500911553066793 
-0.13394984590837575 1.6500791184184924 
-0.13396014263316688 1.6500503274632514 
-0.13396014263316688 1.6500503274632514 
-0.1340043991425548 1.6500349530566791 
-0.13400282341882486 1.649908834005565 
-0.13406726610235958 1.649947031512794 
-0.13407297299437476 1.6499575828660813 
-0.1340970332568091 1.6499253382469365 
-0.1341824995353712 1.6496443323484047 
-0.13415042571016184 1.649650334280915 
-0.13432610739994244 1.649553861152207 
-0.13541643137028814 1.6467106350526226 
-0.13541643137028814 1.6467106350526226 
-0.1352746909081177 1.6475410940893462 
-0.1358226787425854 1.6459884999417986 
-0.13582744041757097 1.6460508128126303 
-0.13582744041757097 1.6460508128126303 
-0.1366339164544799 1.6437973266721073 
-0.13724565933457508 1.6424522289874668 
-0.13681019320830556 1.6446780602727684 
-0.13681019320830556 1.6446780602727684 
-0.1374327118203223 1.6250063615474586 
-0.1374327118203223 1.6250063615474586 
-0.13736716344218328 1.6268931684942602 
-0.13736716344218328 1.6268931684942602 
-0.13736716344218328 1.6268931684942602 
-0.13742425958483617 1.6273128822079173 
-0.1374235373358722 1.624318481326814 
-0.1374235373358722 1.624318481326814 
-0.1374359053646256 1.6246539255486583 
-0.1374359053646256 1.6246539255486583 
-0.1374359053646256 1.6246539255486583 
-0.13757350481401423 1.6274804423032263 
-0.13757350481401423 1.6274804423032263 
-0.13757350481401423 1.6274804423032263 
-0.13757350481401423 1.6274804423032263 
-0.13871705190634845 1.4982374405038725 
-0.13871705190634845 1.4982374405038725 
-0.13871705190634845 1.4982374405038725 
-0.13871705190634845 1.4982374405038725 
-0.138812052491956 1.2834959591631419 
-0.13892750203251988 1.2613909901241147 
-0.13947228665984804 1.1566015314277969 
-0.1401131910536744 1.0427912890573494 
-0.1416193948494818 0.7788933636220404 
-0.14240357115775382 0.7594423580382942 
-0.14329566154906423 0.6389417314395749 
-0.14482583854781886 0.4251205182509975 
-0.14482583854781886 0.4251205182509975 
-0.14482583854781886 0.4251205182509975 
-0.14482583854781886 0.4251205182509975 
-0.14482583854781886 0.4251205182509975 
-0.14482583854781886 0.4251205182509975 
-0.14482583854781886 0.4251205182509975 
-0.14482583854781886 0.4251205182509975 
-0.14482583854781886 0.4251205182509975 
-0.14482583854781886 0.4251205182509975 
-0.14482583854781886 0.4251205182509975 
-0.14482583854781886 0.4251205182509975 
-0.14482583854781886 0.4251205182509975 
-0.14482583854781886 0.4251205182509975 
-0.14482583854781886 0.4251205182509975 
-0.14516847878094313 0.41920687449187005 
-0.14516847878094313 0.41920687449187005 
-0.14516847878094313 0.41920687449187005 
-0.14516847878094313 0.41920687449187005 
-0.14516847878094313 0.41920687449187005 
-0.14516847878094313 0.41920687449187005 
-0.14516847878094313 0.41920687449187005 
-0.14516847878094313 0.41920687449187005 
-0.14516847878094313 0.41920687449187005 
-0.14533921842883232 0.41694990866511067 
-0.14533921842883232 0.41694990866511067 
-0.14533921842883232 0.41694990866511067 
-0.14533921842883232 0.41694990866511067 
-0.14533921842883232 0.41694990866511067 
-0.14533921842883232 0.41694990866511067 
-0.14533921842883232 0.41694990866511067 
-0.14534801255575217 0.41639014202536057 
-0.14534801255575217 0.41639014202536057 
-0.14534801255575217 0.41639014202536057 
-0.14565269499963795 0.41204728433622695 
-0.14565269499963795 0.41204728433622695 
-0.14554439610322947 0.4142843574559026 
-0.144852689894195 0.4263088659310484 
-0.144950764765425 0.42783924904945475 
-0.144950764765425 0.42783924904945475 
-0.14495889788507843 0.420576617624471 
-0.14495889788507843 0.420576617624471 
-0.14496547380656316 0.41783789157448264 
-0.14496547380656316 0.41783789157448264 
-0.14500421810321773 0.42138023957420206 
-0.144883017103347 0.4272814329574661 
-0.14523485345985238 0.42046454367099284 
-0.14523485345985238 0.42046454367099284 
-0.14523485345985238 0.42046454367099284 
-0.14529292550963444 0.41271960271034175 
-0.14529292550963444 0.41271960271034175 
-0.14529292550963444 0.41271960271034175 
-0.14529292550963444 0.41271960271034175 
-0.14529292550963444 0.41271960271034175 
-0.14529292550963444 0.41271960271034175 
-0.14511321118246784 0.41102442919621296 
-0.14503147423790116 0.4163569926274386 
-0.1451611701652914 0.41274130122852626 
-0.1451611701652914 0.41274130122852626 
-0.1451611701652914 0.41274130122852626 
-0.1451611701652914 0.41274130122852626 
-0.14533649308566537 0.41884131797973567 
-0.14509806859832786 0.41400670616026247 
-0.1450354906761257 0.43123433968983294 
-0.1449930764354919 0.4319693532050897 
-0.14486115193933002 0.4420408427497421 
-0.14486115193933002 0.4420408427497421 
-0.14490048598093352 0.44494639138241904 
-0.14490048598093352 0.44494639138241904 
-0.14503473717138568 0.42662503488142045 
-0.14505842291810708 0.4260777754876479 
-0.14500823315482456 0.4347520726695991 
-0.14493562834379914 0.43610109184823903 
-0.1449433567159568 0.4376402423841693 
-0.14482082751949685 0.44948963244570406 
-0.14490908993764637 0.4345406649649274 
-0.14490908993764637 0.4345406649649274 
-0.14494422885563615 0.4283539610324432 
-0.14494312846754864 0.433247575880714 
-0.14464787735488926 0.42580595939284255 
-0.14464787735488926 0.42580595939284255 
-0.14434116721308832 0.44513957913992724 
-0.14444657880551826 0.4337455051647594 
-0.14459748034973274 0.44929315073806325 
-0.14489299604257752 0.4449666264865003 
-0.14489299604257752 0.4449666264865003 
-0.14489299604257752 0.4449666264865003 
-0.14489299604257752 0.4449666264865003 
-0.1448947005637173 0.44459445497947736 
-0.1448947005637173 0.44459445497947736 
-0.1448947005637173 0.44459445497947736 
-0.1449127907917354 0.43575486776243894 
-0.14515799646344102 0.4332616307447266 
-0.14515799646344102 0.4332616307447266 
-0.1450905959839002 0.42727886707567847 
-0.1452517778404553 0.4271678602945237 
-0.14523862671701976 0.42335063625332847 
-0.14531695110129744 0.42187206496759483 
-0.14519837074296443 0.41775256995886056 
-0.1452125086940331 0.4177710577738107 
-0.14514450884022126 0.4174209790028221 
-0.14499324254335508 0.41410749694705634 
-0.1450752220573846 0.4159603815177046 
-0.14493711649904506 0.4108985916196267 
-0.144952497962287 0.4103920273404361 
-0.14509961516306452 0.416284483941312 
-0.14483596376874114 0.41946089323964125 
-0.14508157467923039 0.4163978508487787 
-0.14495952195548512 0.41838612711640416 
-0.14495952195548512 0.41838612711640416 
-0.14496071366353808 0.4183551699639553 
-0.14466926600014055 0.43205467268208986 
-0.14462977663771032 0.4401617363378856 
-0.14465539477295594 0.4644632527885095 
-0.14486720169415992 0.4423047657171247 
-0.14486720169415992 0.4423047657171247 
-0.14501665374779057 0.46174306240836527 
-0.1449522763602274 0.44992544949318025 
-0.1448171206292517 0.43548734305322007 
-0.1447388349263688 0.4272419371662769 
-0.14482222938065156 0.44566476632406277 
-0.14482222938065156 0.44566476632406277 
-0.14476973756464936 0.44954090698146565 
-0.14471362512085648 0.4427130010497485 
-0.14471362512085648 0.4427130010497485 
-0.14476467647657912 0.44761256515085884 
-0.14492357742695647 0.44519358493256006 
-0.1449756984119273 0.43170079764140656 
-0.14479615273531865 0.42454238141430106 
-0.14479615273531865 0.42454238141430106 
-0.14489510435108557 0.42399469552633967 
-0.14500477662398684 0.4190577289264321 
-0.1450002336134606 0.41607293326531075 
-0.1450002336134606 0.41607293326531075 
-0.1451032557744261 0.41803803221514707 
-0.14507860384459142 0.41663335198922635 
-0.14507998747633402 0.4167298689125442 
-0.14507998747633402 0.4167298689125442 
-0.14489627060587157 0.40149761417848934 
-0.1448425730855473 0.4063609755640373 
-0.14484328964953036 0.40633106848643863 
-0.14481703104786475 0.40879930884483284 
-0.1449987332584788 0.4104183232547947 
-0.1449987332584788 0.4104183232547947 
-0.14501743093577574 0.410442772147876 
-0.1450618261382473 0.4100631108855884 
-0.14520216224547497 0.412642489211348 
-0.14490919901249324 0.4068419873219931 
-0.14492064976278377 0.40685883091660113 
-0.14491835854062884 0.4068736207995849 
-0.14487271868433124 0.40376704488065945 
-0.14487271868433124 0.40376704488065945 
-0.14487271868433124 0.40376704488065945 
-0.14487271868433124 0.40376704488065945 
-0.14489408296744738 0.40587150900461116 
-0.14489408296744738 0.40587150900461116 
-0.14489408296744738 0.40587150900461116 
-0.14459055068646323 0.4060930964372185 
-0.14459055068646323 0.4060930964372185 
-0.14459055068646323 0.4060930964372185 
-0.14459055068646323 0.4060930964372185 
-0.14465934108837056 0.40710437084372436 
-0.1446591357093983 0.40690317725247593 
-0.1446591357093983 0.40690317725247593 
-0.14442625702311432 0.40435075666604875 
-0.14442625702311432 0.40435075666604875 
-0.14441400228802853 0.4021958015018667 
-0.1443534818537899 0.401196998243329 
-0.14445991856587304 0.40422328053844825 
-0.14458813769910875 0.4036020216328736 
-0.14415121434040518 0.40414037929921476 
-0.14416720456821333 0.4047467573762136 
-0.1444397963550013 0.40514182846474184 
-0.1444397963550013 0.40514182846474184 
-0.1444397963550013 0.40514182846474184 
-0.14460871592073793 0.4055202174677521 
-0.14496765906825665 0.4057561488194191 
-0.14489906340534112 0.4061302629511406 
-0.14456292497196607 0.4033284328794484 
-0.14453841606880408 0.40256499443257143 
-0.14453841606880408 0.40256499443257143 
-0.14453841606880408 0.40256499443257143 
-0.14452081407739567 0.40245714231824625 
-0.14452081407739567 0.40245714231824625 
-0.14460534893589969 0.40695121583399174 
-0.1447781454891061 0.40548179262097567 
-0.1448228453043145 0.40603934907004563 
-0.1452805996326447 0.4041786958040011 
-0.14526806372879084 0.4061237010838501 
-0.14526806372879084 0.4061237010838501 
-0.14526806372879084 0.4061237010838501 
-0.14527724091219055 0.40608912294721405 
-0.14505742647889733 0.41242698511634124 
-0.14510274226461414 0.41317670257042194 
-0.1452821014321563 0.41736932854861303 
-0.14542946168274434 0.4144625787672962 
-0.14543104766087508 0.4144070209307316 
-0.1458631815753407 0.41388286371386157 
-0.1458631815753407 0.41388286371386157 
-0.14582367972361848 0.4126850750278639 
-0.14553517988382852 0.409681598312388 
-0.14553517988382852 0.409681598312388 
-0.14510630210230213 0.4060992572300472 
-0.14498141939455014 0.40307627022249937 
-0.14500413048559152 0.40388672416301974 
-0.14500413048559152 0.40388672416301974 
-0.1450994482404584 0.4045531526555334 
-0.14509207098710447 0.4037044103010822 
-0.14509134425874282 0.4036562387298506 
-0.1451393441969621 0.4033362668318823 
-0.14515193254829883 0.40345387490476325 
-0.14515193254829883 0.40345387490476325 
-0.14515193254829883 0.40345387490476325 
-0.14504627587072033 0.40159732213427907 
-0.14493887297399777 0.40314602882487444 
-0.14499021465146256 0.4029426380573478 
-0.14499021465146256 0.4029426380573478 
-0.14521978961816165 0.4034813311810408 
-0.14521978961816165 0.4034813311810408 
-0.14542362736982686 0.4000125281614827 
-0.14542362736982686 0.4000125281614827 
-0.14542362736982686 0.4000125281614827 
-0.14542362736982686 0.4000125281614827 
-0.14542362736982686 0.4000125281614827 
-0.14542362736982686 0.4000125281614827 
-0.1453884348310317 0.4037733083927399 
-0.14491951688449492 0.403412729410419 
-0.1447836438288605 0.40529793235150197 
-0.1447836438288605 0.40529793235150197 
-0.14464539398478693 0.40355997784430586 
-0.14466334043375337 0.4046014476997301 
-0.14466334043375337 0.4046014476997301 
-0.14466334043375337 0.4046014476997301 
-0.14466334043375337 0.4046014476997301 
-0.14460216680325197 0.40460243801428025 
-0.14460216680325197 0.40460243801428025 
-0.14463505153100967 0.40371177057105495 
-0.14463505153100967 0.40371177057105495 
-0.1446551438919388 0.40318808618619295 
-0.1446551438919388 0.40318808618619295 
-0.14468167186082734 0.4005688242382273 
-0.14474381172161052 0.40127702243649427 
-0.14481288791534772 0.40196808114532956 
-0.1448076753823558 0.4185135331323991 
-0.1448076753823558 0.4185135331323991 
-0.1448076753823558 0.4185135331323991 
-0.14484783430853723 0.4193625250345697 
-0.14478275265324975 0.40944402404049735 
-0.14490131372532183 0.412169620347802 
