-0.13403377736445005 1.649465519825042 
-0.1340913158545559 1.6496334741337817 
-0.1340913158545559 1.6496334741337817 
-0.1340913158545559 1.6496334741337817 
-0.1340913158545559 1.6496334741337817 
-0.134166055529157 1.6494585066900658 
-0.1342269179639666 1.6495283808840175 
-0.13433587430881536 1.649302864209301 
-0.13449470515014736 1.648696600544224 
-0.13446824992766596 1.648539328665246 
-0.13477183973139548 1.6476623511056805 
-0.13477183973139548 1.6476623511056805 
-0.13487769190833931 1.646983139584812 
-0.13511336314635344 1.6439508173937998 
-0.1360668277177535 1.6470576214895143 
-0.1374260475231793 1.645255782584287 
-0.13670982130480694 1.6481116120039372 
-0.1368314371926825 1.6469470765185763 
-0.13671711193140418 1.6475313070466615 
-0.13671711193140418 1.6475313070466615 
-0.13671711193140418 1.6475313070466615 
-0.1367053307880756 1.647544782598882 
-0.1367053307880756 1.647544782598882 
-0.1376699349129573 1.6464403766133977 
-0.1376699349129573 1.6464403766133977 
-0.1376699349129573 1.6464403766133977 
-0.13735114330143092 1.6483169035125231 
-0.13735114330143092 1.6483169035125231 
-0.1365668435990857 1.649789372161584 
-0.1365668435990857 1.649789372161584 
-0.13725498467863276 1.6600604095879752 
-0.1373788649955972 1.6512270333024055 
-0.1373788649955972 1.6512270333024055 
-0.13731633271375848 1.6521761249082993 
-0.13652367325482395 1.6470308459921164 
-0.13651623328092732 1.6475746460339726 
-0.13651651662169972 1.6476806843326681 
-0.13669307901880165 1.6491713063849618 
-0.1368575672939585 1.6333517893990894 
-0.1368575672939585 1.6333517893990894 
-0.1371644194586295 1.638029152784408 
-0.13722124681169665 1.6365196971059814 
-0.13716372177358452 1.6367800546710418 
-0.13716372177358452 1.6367800546710418 
-0.13714301566376697 1.6373174158151353 
-0.13832589380189847 1.484522514486555 
-0.138653184373721 1.4743463978163927 
-0.138653184373721 1.4743463978163927 
-0.138653184373721 1.4743463978163927 
-0.138653184373721 1.4743463978163927 
-0.138653184373721 1.4743463978163927 
-0.13852370962183297 1.4730482789335744 
-0.14048352625101462 1.191755641196758 
-0.14048352625101462 1.191755641196758 
-0.14048352625101462 1.191755641196758 
-0.14048352625101462 1.191755641196758 
-0.14048352625101462 1.191755641196758 
-0.14048352625101462 1.191755641196758 
-0.14048352625101462 1.191755641196758 
-0.14084039165786916 1.1372609766120099 
-0.14084039165786916 1.1372609766120099 
-0.14116666524434612 1.0010479954608653 
-0.14116666524434612 1.0010479954608653 
-0.14116666524434612 1.0010479954608653 
-0.14116666524434612 1.0010479954608653 
-0.14135941625620665 0.9474387020782411 
-0.14135941625620665 0.9474387020782411 
-0.14144477253635254 0.919528799111655 
-0.14144477253635254 0.919528799111655 
-0.14144477253635254 0.919528799111655 
-0.14142661034969867 0.9173901989250686 
-0.14142661034969867 0.9173901989250686 
-0.14167523799082105 0.8740928689947942 
-0.1431750098608251 0.686332262467002 
-0.1431750098608251 0.686332262467002 
-0.1431750098608251 0.686332262467002 
-0.14324976650875637 0.6866865163674305 
-0.14324976650875637 0.6866865163674305 
-0.14284150592496953 0.6652311003278071 
-0.14281937937339223 0.6684593790531692 
-0.14281937937339223 0.6684593790531692 
-0.14281937937339223 0.6684593790531692 
-0.14272969719400466 0.6663757121216188 
-0.14272969719400466 0.6663757121216188 
-0.14272969719400466 0.6663757121216188 
-0.14355736305289818 0.5861338877527535 
-0.14355736305289818 0.5861338877527535 
-0.14355736305289818 0.5861338877527535 
-0.14357741263762736 0.5865613697207848 
-0.14372873532417185 0.5248487852426627 
-0.14370646869162013 0.5267852022806114 
-0.14370646869162013 0.5267852022806114 
-0.1437168243230971 0.5326248315913512 
-0.14371969498810006 0.5248682790746291 
-0.14371969498810006 0.5248682790746291 
-0.14364710278175719 0.537724563867799 
-0.14406786139134506 0.5026893344051488 
-0.1442273059075771 0.46903728651504845 
-0.1442273059075771 0.46903728651504845 
-0.14442384909112382 0.4686566279124216 
-0.14440735535465224 0.4733183209979628 
-0.144391320062811 0.4740289450138325 
-0.14474995076943767 0.4645140789980976 
-0.14480708179695845 0.4704418215033871 
-0.14480708179695845 0.4704418215033871 
-0.14480708179695845 0.4704418215033871 
-0.14480708179695845 0.4704418215033871 
-0.14480708179695845 0.4704418215033871 
-0.14492444361455117 0.4508593608676001 
-0.14484815307552903 0.4635250024762114 
-0.1447188926009344 0.45597238252579186 
-0.1447188926009344 0.45597238252579186 
-0.14450375920663452 0.4433043237661335 
-0.14454898291613105 0.4616822522714715 
-0.14501442578751014 0.43934697855110394 
-0.14489355924963435 0.45192315982769077 
-0.14489355924963435 0.45192315982769077 
-0.14489027737983595 0.4391377232327446 
-0.14488289197651835 0.43760977925116146 
-0.144987658848113 0.4461602737504354 
-0.144987658848113 0.4461602737504354 
-0.144987658848113 0.4461602737504354 
-0.144987658848113 0.4461602737504354 
-0.1449819244708279 0.43908213847672045 
-0.14492244263754825 0.4248146348956218 
-0.1451103479846312 0.4313329285868995 
-0.1451103479846312 0.4313329285868995 
-0.145523434721531 0.42393376247449843 
-0.145523434721531 0.42393376247449843 
-0.145312594556463 0.422098973388306 
-0.1451204189736923 0.41396846196855885 
-0.1451204189736923 0.41396846196855885 
-0.14498530379812002 0.41363450554189024 
-0.1449762328090562 0.4138544835590764 
-0.1449762328090562 0.4138544835590764 
-0.14508905893170387 0.4100739292554446 
-0.14490939639467684 0.4107182055859815 
-0.1449138722981441 0.4111481632747454 
-0.1451010827517839 0.40390739760592953 
-0.14503264583139666 0.4042744612650463 
-0.14501466115817271 0.4052239942269551 
-0.14501466115817271 0.4052239942269551 
-0.14499752522950496 0.4085668484766476 
-0.1450352988301817 0.40324206830441484 
-0.14501620234241086 0.4029649772592587 
-0.14501620234241086 0.4029649772592587 
-0.14501620234241086 0.4029649772592587 
-0.14501620234241086 0.4029649772592587 
-0.14501620234241086 0.4029649772592587 
-0.14497496446189315 0.4028775136865032 
-0.14516975808693874 0.40684687177733425 
-0.14516975808693874 0.40684687177733425 
-0.14516975808693874 0.40684687177733425 
-0.14516975808693874 0.40684687177733425 
-0.14516975808693874 0.40684687177733425 
-0.1451915777936243 0.40685416845934463 
-0.14516980131468837 0.40699596222337164 
-0.14518845852248236 0.4010419193727374 
-0.14518845852248236 0.4010419193727374 
-0.14518845852248236 0.4010419193727374 
-0.14488121643779808 0.4030490485411135 
-0.14488121643779808 0.4030490485411135 
-0.14475839109808483 0.4037221286020808 
-0.14475839109808483 0.4037221286020808 
-0.1447998747151521 0.40344635159511044 
-0.1447998747151521 0.40344635159511044 
-0.1447998747151521 0.40344635159511044 
-0.1447070951133046 0.40806929650529866 
-0.14468871969733677 0.4070855692068836 
-0.14468753755158043 0.407178705258497 
-0.14446898308131095 0.4074183588960359 
-0.14440590300711337 0.4073612676449105 
-0.1443787700481491 0.4071189812947681 
-0.1443787700481491 0.4071189812947681 
-0.1443787700481491 0.4071189812947681 
-0.1443787700481491 0.4071189812947681 
-0.14420314633951845 0.4016755922601114 
-0.14420314633951845 0.4016755922601114 
-0.14420314633951845 0.4016755922601114 
-0.14420314633951845 0.4016755922601114 
-0.1442185769405987 0.40200842150017113 
-0.1442185769405987 0.40200842150017113 
-0.1442185769405987 0.40200842150017113 
-0.1442185769405987 0.40200842150017113 
-0.14490101789135768 0.41404564231683105 
-0.14490101789135768 0.41404564231683105 
-0.14490158268497144 0.41405962328498064 
-0.14488882672030312 0.41710787948858813 
-0.14487499817886687 0.4166790608116997 
-0.14485436375921174 0.41304858719668597 
-0.14485436375921174 0.41304858719668597 
-0.14470416365141522 0.4160103224315143 
-0.14470416365141522 0.4160103224315143 
-0.14474032737657225 0.42143937143764165 
-0.14480473962565768 0.4210644422204235 
-0.14480473962565768 0.4210644422204235 
-0.14480473962565768 0.4210644422204235 
-0.14471580460502131 0.4322001270868512 
-0.1447475979808182 0.43054989845027214 
-0.1447475979808182 0.43054989845027214 
-0.1447475979808182 0.43054989845027214 
-0.1453146235037336 0.4436433548108731 
-0.1453092279175403 0.4417978918296781 
-0.1453092279175403 0.4417978918296781 
-0.1451209959822961 0.43952559516144474 
-0.1451162916293979 0.4243535401228725 
-0.14527211298846462 0.4311983314238625 
-0.14562155701303356 0.43850186582050954 
-0.14567781351504214 0.4398159244631518 
-0.14569013788698565 0.44097502307908837 
-0.14507537928853798 0.429431253001645 
-0.1447964215317881 0.4369396610970763 
-0.14462845788672124 0.4357640172570642 
-0.14462845788672124 0.4357640172570642 
-0.14462845788672124 0.4357640172570642 
-0.144396737421595 0.43081961901795396 
-0.144396737421595 0.43081961901795396 
-0.144396737421595 0.43081961901795396 
-0.14438578392466297 0.4390966977196592 
-0.14438578392466297 0.4390966977196592 
-0.1443444761008879 0.44039146918845673 
-0.1443444761008879 0.44039146918845673 
-0.1442336019471394 0.44407035847403337 
-0.1442336019471394 0.44407035847403337 
-0.1442336019471394 0.44407035847403337 
-0.14454359635446412 0.44084530589591414 
-0.14454359635446412 0.44084530589591414 
-0.14456638483753578 0.44205903381605627 
-0.1442612353235143 0.43957283154833254 
-0.1442612353235143 0.43957283154833254 
-0.1442612353235143 0.43957283154833254 
-0.1442612353235143 0.43957283154833254 
-0.1442612353235143 0.43957283154833254 
-0.1442612353235143 0.43957283154833254 
-0.14417573593928526 0.45179790207878984 
-0.14417573593928526 0.45179790207878984 
-0.14417573593928526 0.45179790207878984 
-0.14417573593928526 0.45179790207878984 
-0.14488894524343596 0.43092473025737055 
-0.14473800633114414 0.4394069007109465 
-0.14473800633114414 0.4394069007109465 
-0.14473800633114414 0.4394069007109465 
-0.14473800633114414 0.4394069007109465 
-0.14462626712376594 0.4429515865613589 
-0.14465977221253248 0.43980526917167706 
-0.14465977221253248 0.43980526917167706 
-0.14465977221253248 0.43980526917167706 
-0.14465977221253248 0.43980526917167706 
-0.14470411037374742 0.439526196552568 
-0.1448045125847903 0.43671411800653875 
-0.14461087150592686 0.44318271542014626 
-0.14463138330676026 0.44069476805702656 
-0.14469501997055936 0.4375748983198022 
-0.14470281836878712 0.4396778439521938 
-0.14480885973022375 0.43698633570169 
-0.14480885973022375 0.43698633570169 
-0.14480885973022375 0.43698633570169 
-0.1446157180115657 0.42884448788678486 
-0.1446343742874885 0.4299839116094639 
-0.14484651391634087 0.42537319064959 
-0.14464964021016483 0.42464898606882917 
-0.14464421110038708 0.4248714968085495 
-0.14453279319359136 0.4220613551718697 
-0.14469101373064638 0.41512531091023 
-0.14469101373064638 0.41512531091023 
-0.14485270541224396 0.41709289615482714 
-0.14485270541224396 0.41709289615482714 
-0.14501672579669384 0.4185127569864512 
-0.14501672579669384 0.4185127569864512 
-0.14501672579669384 0.4185127569864512 
-0.14501672579669384 0.4185127569864512 
-0.14555264190858275 0.40748658571333884 
-0.14557960545373327 0.4060882782619348 
-0.14563224864602187 0.40326621374402105 
-0.14558010399460292 0.4044322749048142 
-0.14558010399460292 0.4044322749048142 
-0.1456881524046 0.4029174244269649 
-0.14556539207656735 0.4034924127976035 
-0.14558155997695568 0.40288530595254646 
-0.14558155997695568 0.40288530595254646 
-0.1457367658567919 0.403434235156932 
-0.14555534396383607 0.4035847144330189 
-0.14545756132908388 0.40514894533149737 
-0.14522892284007727 0.40591203545862004 
-0.14522892284007727 0.40591203545862004 
-0.14539354874857713 0.4052853296247402 
-0.14529448143902507 0.40384992941859255 
-0.1452464908556045 0.40302522792950934 
-0.1452464908556045 0.40302522792950934 
-0.14543523252535354 0.40282796042497926 
-0.1460206136101501 0.4024313312981981 
-0.1460206136101501 0.4024313312981981 
-0.1458819808017678 0.4048662850643502 
-0.1458819808017678 0.4048662850643502 
-0.1458819808017678 0.4048662850643502 
-0.1458833894863052 0.40485606555314524 
-0.1458833894863052 0.40485606555314524 
-0.14588576579038176 0.4046797197572864 
-0.14588576579038176 0.4046797197572864 
-0.14558162735487082 0.40798392252653387 
