-0.13391849836436084 1.6503112924516314 
-0.13398710347207038 1.650307761647687 
-0.1339841783234938 1.650263713616017 
-0.13397908897243324 1.6502678557569246 
-0.1339654153651926 1.6502265642084295 
-0.13400119113599812 1.650140234052404 
-0.13400132312336596 1.650134575462301 
-0.13403376192528377 1.6500757449180863 
-0.13410325918842006 1.6500999237218676 
-0.13426306971556565 1.6502474222215133 
-0.13429904263282524 1.6505354363210853 
-0.13436573074435837 1.6502665928272737 
-0.1350032795509736 1.64933836148539 
-0.135223599144109 1.648997379998477 
-0.1352865989746168 1.6490079536190423 
-0.1356813742012146 1.6479996051607155 
-0.1357572335587833 1.6481386446983828 
-0.13640499986737942 1.6510304360719428 
-0.13634858646456585 1.6508783712986859 
-0.13610509497692067 1.6507513645744032 
-0.1361863498333668 1.6512181038953362 
-0.1361863498333668 1.6512181038953362 
-0.1361620198839394 1.638122695534472 
-0.1361620198839394 1.638122695534472 
-0.1361620198839394 1.638122695534472 
-0.1361620198839394 1.638122695534472 
-0.1361620198839394 1.638122695534472 
-0.13621165948810787 1.6371087204903116 
-0.13621165948810787 1.6371087204903116 
-0.13621165948810787 1.6371087204903116 
-0.13656396780809937 1.6320965285409144 
-0.13656396780809937 1.6320965285409144 
-0.13647912012210395 1.640743113354887 
-0.136252795700882 1.6359359902041812 
-0.13674212312763148 1.635386509631151 
-0.13674212312763148 1.635386509631151 
-0.1366370176473776 1.6353415234242632 
-0.137021380604791 1.5818574994126495 
-0.137021380604791 1.5818574994126495 
-0.13737051218552973 1.5766979358917768 
-0.13679365421053696 1.571253231717336 
-0.13716351434406107 1.558987798549359 
-0.13716351434406107 1.558987798549359 
-0.1371201367509831 1.5530727129594362 
-0.1372280800100622 1.5745148636566155 
-0.13729252924353028 1.5769704521276635 
-0.13729445974082746 1.5754788345556077 
-0.13729445974082746 1.5754788345556077 
-0.13729445974082746 1.5754788345556077 
-0.13731988131085704 1.4868106589544086 
-0.13731988131085704 1.4868106589544086 
-0.13748309435488618 1.4828438014618601 
-0.13725629488087557 1.4554617314642957 
-0.13711429658903265 1.4388482134784382 
-0.13711429658903265 1.4388482134784382 
-0.13711429658903265 1.4388482134784382 
-0.13738132918707363 1.3247179988355091 
-0.13740235047863658 1.334009114998745 
-0.13740235047863658 1.334009114998745 
-0.13740235047863658 1.334009114998745 
-0.13867924299540485 1.106860822104378 
-0.13867924299540485 1.106860822104378 
-0.13888601232499745 1.0874475919441176 
-0.13888601232499745 1.0874475919441176 
-0.13932041410774193 1.1183081313975816 
-0.13964802866479858 1.1281528781302608 
-0.14029008893314207 1.0008729859197496 
-0.14034922428065985 0.9855374067996175 
-0.14034922428065985 0.9855374067996175 
-0.14034922428065985 0.9855374067996175 
-0.14034922428065985 0.9855374067996175 
-0.14034922428065985 0.9855374067996175 
-0.14064041197892296 0.9674285588476479 
-0.14064041197892296 0.9674285588476479 
-0.14054893085868153 0.9942857931434461 
-0.14054893085868153 0.9942857931434461 
-0.14054893085868153 0.9942857931434461 
-0.14070671268346466 0.9708243047671956 
-0.14087430341298432 0.9432017769909222 
-0.14087430341298432 0.9432017769909222 
-0.14132007458655133 0.8850711506724072 
-0.14132007458655133 0.8850711506724072 
-0.14144366276819062 0.8684640812067591 
-0.14178804139415815 0.7584041639701378 
-0.1423836437462944 0.7065730861573729 
-0.14260010367532172 0.6432389079654376 
-0.14260010367532172 0.6432389079654376 
-0.14253838662765747 0.6488467038510077 
-0.14253838662765747 0.6488467038510077 
-0.1423531389442148 0.6734618346224445 
-0.1427355786252171 0.6119886328315711 
-0.14328651310827897 0.531070665479569 
-0.14328651310827897 0.531070665479569 
-0.14359715536672768 0.48978638508448774 
-0.14359715536672768 0.48978638508448774 
-0.1440225626156539 0.4716502709393201 
-0.1437506604664797 0.4886615257205164 
-0.1437506604664797 0.4886615257205164 
-0.1437506604664797 0.4886615257205164 
-0.14375803127643783 0.4540076500470048 
-0.14377047619650354 0.4548200017196491 
-0.14368064150435925 0.4597802475824475 
-0.14368064150435925 0.4597802475824475 
-0.14368064150435925 0.4597802475824475 
-0.14372073463426013 0.4560118479358814 
-0.14372073463426013 0.4560118479358814 
-0.14372073463426013 0.4560118479358814 
-0.14377330554912165 0.4561896032356674 
-0.14391943686578057 0.4439653873031605 
-0.14412826824777794 0.4422918708886213 
-0.1444855324089471 0.4341065477904263 
-0.14441769608315003 0.43758778913491897 
-0.14412127507459824 0.44363574953465246 
-0.14412127507459824 0.44363574953465246 
-0.14418749594696895 0.4432829040851205 
-0.14421594672951465 0.43615444054176283 
-0.14421594672951465 0.43615444054176283 
-0.1444025578266136 0.4303437057115931 
-0.14436453242964709 0.4394714237777197 
-0.14437766591790965 0.4356816150078023 
-0.144563402458124 0.42758590021714477 
-0.144563402458124 0.42758590021714477 
-0.1444532884338926 0.43160589059813775 
-0.1444628497687811 0.4305856673685478 
-0.14429207998092577 0.4415477499441069 
-0.14391379396765383 0.44628509111939096 
-0.14434737873429082 0.44086700734683765 
-0.14434737873429082 0.44086700734683765 
-0.1445433837556922 0.42412911467066156 
-0.14454298761279497 0.42440345154596776 
-0.14461959643389655 0.4238266945029034 
-0.14461959643389655 0.4238266945029034 
-0.14461959643389655 0.4238266945029034 
-0.14463021640050022 0.4200000564234531 
-0.14498644997441767 0.41413904977096705 
-0.14495378043508014 0.4121038573561697 
-0.14473034104662286 0.41920540994531075 
-0.14446227462618524 0.42402342746293 
-0.14446227462618524 0.42402342746293 
-0.1446973868220154 0.4166631334082429 
-0.1447664823335393 0.4040544185398659 
-0.1447664823335393 0.4040544185398659 
-0.1447664823335393 0.4040544185398659 
-0.1447664823335393 0.4040544185398659 
-0.1447664823335393 0.4040544185398659 
-0.1447664823335393 0.4040544185398659 
-0.1447664823335393 0.4040544185398659 
-0.1447743953834637 0.40398877850973186 
-0.1447518265091717 0.4049227128795683 
-0.14474196870972952 0.40417159136441055 
-0.14458894214775606 0.41682118909784965 
-0.14480150349120108 0.4147142979467003 
-0.14476482306324825 0.40894480556817053 
-0.14476482306324825 0.40894480556817053 
-0.14495959291310614 0.40886940669899957 
-0.14467270216570263 0.40598734958519994 
-0.144611356781859 0.40550660699515956 
-0.144611356781859 0.40550660699515956 
-0.144611356781859 0.40550660699515956 
-0.14459824562319165 0.405407443430955 
-0.14459824562319165 0.405407443430955 
-0.14461606748356456 0.40598351487681666 
-0.1446249206654232 0.4067707380259137 
-0.14460867230764846 0.4067571473036297 
-0.1445435973968817 0.4040552449140744 
-0.1445435973968817 0.4040552449140744 
-0.14474663250304384 0.40402742935278196 
-0.1444000918685345 0.4019730548475306 
-0.14457777018763854 0.4016586354447417 
-0.14462884207447035 0.40199187541274567 
-0.1446273970665817 0.4020464092714076 
-0.1446260757678533 0.40233209476520854 
-0.14461508804956427 0.40350933989930315 
-0.14458642803868943 0.40309690459399394 
-0.14483909443555434 0.4050172865415997 
-0.14478276534525508 0.40876230050867024 
-0.1446374144258746 0.4061637071240194 
-0.1444398407371789 0.40574148610884964 
-0.1444398407371789 0.40574148610884964 
-0.14442930312351845 0.40510471834249084 
-0.14430071700553354 0.4011029715897766 
-0.14430071700553354 0.4011029715897766 
-0.144029493083468 0.40058924610364693 
-0.144029493083468 0.40058924610364693 
-0.1441263164496744 0.40348412521173466 
-0.14451374756211183 0.403057014493351 
-0.14451374756211183 0.403057014493351 
-0.14451374756211183 0.403057014493351 
-0.14462241055089367 0.40149398245225043 
-0.14462241055089367 0.40149398245225043 
-0.14467892465377025 0.40243949177292915 
-0.14464536750074572 0.405123005942125 
-0.14464536750074572 0.405123005942125 
-0.14461929159241288 0.4032689755272859 
-0.14461929159241288 0.4032689755272859 
-0.14461929159241288 0.4032689755272859 
-0.14461929159241288 0.4032689755272859 
-0.14460878231738689 0.4035778297507568 
-0.14460878231738689 0.4035778297507568 
-0.14460878231738689 0.4035778297507568 
-0.14444301558878384 0.4017558008961237 
-0.14444301558878384 0.4017558008961237 
-0.1446798344085432 0.41251920116318086 
-0.1446798344085432 0.41251920116318086 
-0.1444818458106307 0.4121071183071455 
-0.1444818458106307 0.4121071183071455 
-0.14474600505335997 0.41530471079538794 
-0.14474902396275643 0.4130929842903319 
-0.14474840455528332 0.4149085314087939 
-0.14488402000671596 0.4154597620938375 
-0.1448603125336768 0.4127000562915279 
-0.14485450459963448 0.4130546740205454 
-0.14485790376251562 0.4128340887498478 
-0.14485790376251562 0.4128340887498478 
-0.14488114572062064 0.4155915070095163 
-0.14488114572062064 0.4155915070095163 
-0.14487853547567972 0.414904028539323 
-0.1450018823481062 0.4133230424754031 
-0.14508968002855502 0.41297899519128994 
-0.14535760239095785 0.41949236908485804 
-0.14535760239095785 0.41949236908485804 
-0.14538788816349596 0.41999097678829145 
-0.14544887199177275 0.42322161509715084 
-0.1457663904719702 0.41906286944006704 
-0.14553861114850555 0.4201863469138121 
-0.14553861114850555 0.4201863469138121 
-0.14553861114850555 0.4201863469138121 
-0.14541403855205853 0.4237574819681163 
-0.14516119222100507 0.4216597460562635 
-0.14532447360997466 0.4174111717729756 
-0.14532447360997466 0.4174111717729756 
-0.1452602419326447 0.4209556100585684 
-0.1452602419326447 0.4209556100585684 
-0.14515431962631772 0.41510199567863726 
-0.14494644266228257 0.4199574602881212 
-0.144876881346574 0.4220056664790217 
-0.14462249827925966 0.42555741212324705 
-0.1446489523326859 0.4286731165671274 
-0.1449839663365145 0.42462680026512456 
-0.14539392074171964 0.43127551537918457 
-0.1451017978327426 0.42112700928604474 
-0.14512102486004944 0.4302228972240643 
-0.14512102486004944 0.4302228972240643 
-0.14479476276800934 0.42058590828046466 
-0.14468809224812634 0.4141540666954055 
-0.14468809224812634 0.4141540666954055 
-0.1444777116843283 0.41030463350076496 
-0.1444777116843283 0.41030463350076496 
-0.14465043084054707 0.4166740927227665 
-0.14455359685538052 0.41777689866851175 
-0.14455359685538052 0.41777689866851175 
-0.14460889621036843 0.4179513537921207 
-0.14464386139228533 0.416689931837786 
-0.14487197698376525 0.420892517139598 
-0.14491896377097474 0.4203902465708419 
-0.1449978835025076 0.4084945986929935 
-0.1449978835025076 0.4084945986929935 
-0.14543317347235665 0.4093274989782155 
-0.14543317347235665 0.4093274989782155 
-0.14488432518877903 0.4146053532624627 
-0.14488265391006114 0.41509897642611143 
-0.14455180515128702 0.40946383215570215 
-0.14450436307135972 0.4015533927838605 
-0.14450662574100176 0.4015557656361706 
-0.1445106962970713 0.4017070350455749 
-0.1443824477797625 0.4011818168775351 
-0.1443824477797625 0.4011818168775351 
-0.14436818298837062 0.4025357638840521 
-0.14436818298837062 0.4025357638840521 
-0.14437055906411558 0.40256636653348066 
-0.14437055906411558 0.40256636653348066 
-0.1443047114598846 0.40867343084474267 
-0.14422050556499505 0.40608660525690515 
-0.14387839797559868 0.4073692292267827 
-0.14387839797559868 0.4073692292267827 
-0.14387839797559868 0.4073692292267827 
-0.14387839797559868 0.4073692292267827 
-0.14458408635852318 0.4080886808669299 
-0.14458408635852318 0.4080886808669299 
-0.1448542216454974 0.41114436737672144 
-0.14494579581677278 0.4100183253354248 
-0.1452013889282397 0.40327373850532333 
-0.1452013889282397 0.40327373850532333 
-0.1452013889282397 0.40327373850532333 
-0.1452134086662096 0.40392612746775874 
-0.14465787387018209 0.406457332150234 
-0.14472249705499196 0.4105651443491095 
-0.1442732861231353 0.4042492712494072 
-0.1445982271385286 0.403840578334152 
-0.1445982271385286 0.403840578334152 
-0.1445982271385286 0.403840578334152 
-0.1445982271385286 0.403840578334152 
-0.14456389065724234 0.40431006937533986 
-0.14456389065724234 0.40431006937533986 
-0.14456389065724234 0.40431006937533986 
-0.14456389065724234 0.40431006937533986 
-0.14456389065724234 0.40431006937533986 
-0.14460064521846253 0.40432212562400927 
-0.14458569112894865 0.4068944405270357 
-0.14458569112894865 0.4068944405270357 
