-0.1339236515242918 1.64980955338004 
-0.13395089166698723 1.6498296719207024 
-0.1339149145204305 1.649826815121047 
-0.1339149145204305 1.649826815121047 
-0.13394731667384818 1.6498561791974327 
-0.13394731667384818 1.6498561791974327 
-0.1339572803844707 1.649908713185948 
-0.1339572803844707 1.649908713185948 
-0.1339572803844707 1.649908713185948 
-0.1339572803844707 1.649908713185948 
-0.13394432653589758 1.6499862221711052 
-0.13393726758891775 1.6502589522446807 
-0.13393726758891775 1.6502589522446807 
-0.13393726758891775 1.6502589522446807 
-0.1339471190883863 1.6501914875049917 
-0.1342893979193362 1.649856623316368 
-0.1343022243774044 1.6498909341167416 
-0.13562463345946835 1.6494764625497855 
-0.1357724695921686 1.6506413245119393 
-0.13646603244448577 1.649745259140966 
-0.1370762322460608 1.6482585597348896 
-0.13677512103921569 1.6484747830733795 
-0.13743824929290524 1.6475559533224777 
-0.13743824929290524 1.6475559533224777 
-0.13743824929290524 1.6475559533224777 
-0.13686218712672854 1.6463261762714265 
-0.13686218712672854 1.6463261762714265 
-0.13664835427125502 1.6546451212792537 
-0.13675228398213574 1.6625579263800272 
-0.13655536356564352 1.6646564710328577 
-0.13655536356564352 1.6646564710328577 
-0.13661292628468247 1.669731149868809 
-0.1369134631390973 1.6769042840451127 
-0.13717730066654776 1.6850706562677784 
-0.13727100633647996 1.6730082136681137 
-0.13727100633647996 1.6730082136681137 
-0.137346043880944 1.6761496788144625 
-0.1372540557447281 1.6494335009156684 
-0.1372540557447281 1.6494335009156684 
-0.1372540557447281 1.6494335009156684 
-0.1372876782199828 1.6532121603580245 
-0.1372876782199828 1.6532121603580245 
-0.1372876782199828 1.6532121603580245 
-0.13744492473400174 1.6179289702290947 
-0.13744492473400174 1.6179289702290947 
-0.13744492473400174 1.6179289702290947 
-0.13803154385516272 1.610228944652137 
-0.13759665735405052 1.5712287993678717 
-0.13759665735405052 1.5712287993678717 
-0.13756901833059323 1.569070651793246 
-0.14059844965197033 1.2320964900837053 
-0.14059844965197033 1.2320964900837053 
-0.14315649192888674 0.9512082348815344 
-0.14315649192888674 0.9512082348815344 
-0.14324883183707 0.9233643211606606 
-0.1433202238630522 0.9164752829346963 
-0.14364872258217104 0.8119733024334578 
-0.1440671781309033 0.773034768624693 
-0.1440671781309033 0.773034768624693 
-0.1440671781309033 0.773034768624693 
-0.1440671781309033 0.773034768624693 
-0.1440671781309033 0.773034768624693 
-0.14647138272562485 0.45134276542466156 
-0.14674041164051718 0.42044328940131415 
-0.14674041164051718 0.42044328940131415 
-0.14563470140859083 0.45429312577736225 
-0.14563470140859083 0.45429312577736225 
-0.14563470140859083 0.45429312577736225 
-0.14563470140859083 0.45429312577736225 
-0.14448441351550664 0.45180620945453226 
-0.14448441351550664 0.45180620945453226 
-0.14448441351550664 0.45180620945453226 
-0.14448441351550664 0.45180620945453226 
-0.14445663306422646 0.4545491490015544 
-0.14445663306422646 0.4545491490015544 
-0.14458352817224462 0.45594954641109153 
-0.14457063097489192 0.4506715503726766 
-0.14438981307268495 0.4553408260641381 
-0.14431014606243264 0.45095551859421135 
-0.14431014606243264 0.45095551859421135 
-0.14449725668651253 0.42907916438465393 
-0.1445270043845321 0.42590986593464136 
-0.14445801196627986 0.426550043971536 
-0.14484815976861867 0.42745230688994623 
-0.1449777595702224 0.4245465754959389 
-0.1449777595702224 0.4245465754959389 
-0.14497107505240656 0.424780195826838 
-0.14555815001227587 0.41893722817215645 
-0.144978095796891 0.42965726661192594 
-0.144978095796891 0.42965726661192594 
-0.144978095796891 0.42965726661192594 
-0.14500474465936283 0.42962989474746555 
-0.14493438260655978 0.43078668963608 
-0.14493438260655978 0.43078668963608 
-0.14531051807837622 0.4233002308168246 
-0.14531051807837622 0.4233002308168246 
-0.14531051807837622 0.4233002308168246 
-0.14531051807837622 0.4233002308168246 
-0.14531051807837622 0.4233002308168246 
-0.14531051807837622 0.4233002308168246 
-0.14488366360419666 0.44020103773172764 
-0.14499954462262576 0.44891379362029654 
-0.14517983958225428 0.44869367129343085 
-0.14527074104666532 0.45728855513058264 
-0.14534994770999082 0.4684596892077817 
-0.14476352186419097 0.4582474124427885 
-0.14474524637072453 0.4531312694885765 
-0.14474075295243147 0.4485482348910906 
-0.14477281474957077 0.4443375069627774 
-0.14477281474957077 0.4443375069627774 
-0.14477281474957077 0.4443375069627774 
-0.14452641648917966 0.4515122710947199 
-0.14472394176268935 0.45451312848684866 
-0.1446649510381273 0.4505053305153454 
-0.1446203435269676 0.4498574224635026 
-0.1447244189714727 0.4652490277658248 
-0.1447244189714727 0.4652490277658248 
-0.1447244189714727 0.4652490277658248 
-0.14471241840648 0.47433212937755775 
-0.1446602965165315 0.4580981115639611 
-0.14480951768389347 0.44011669381492413 
-0.14491457221807666 0.44482139960622447 
-0.14491457221807666 0.44482139960622447 
-0.14494455917079396 0.45805095406240964 
-0.1449540894411352 0.45387655987463743 
-0.14500703727544798 0.4594003472047338 
-0.145004349354203 0.4588363534342374 
-0.1450721192880478 0.44839818167733614 
-0.14504252014232288 0.4436667615422786 
-0.14505793835906533 0.440722353493981 
-0.14500993691123384 0.43728515542595425 
-0.1448405956734373 0.4222446161830063 
-0.1448405956734373 0.4222446161830063 
-0.14507516232485754 0.40472241107869794 
-0.1450648961192151 0.40993451664293146 
-0.1450648961192151 0.40993451664293146 
-0.14506794057155178 0.40923476928447966 
-0.14506794057155178 0.40923476928447966 
-0.14469983118147706 0.4069232205626035 
-0.14469983118147706 0.4069232205626035 
-0.14474662284753467 0.40160243080549024 
-0.14474662284753467 0.40160243080549024 
-0.14463821619224013 0.4018042888364526 
-0.14463821619224013 0.4018042888364526 
-0.1446528879701621 0.4029210527485658 
-0.1446528879701621 0.4029210527485658 
-0.1446528879701621 0.4029210527485658 
-0.1447539082129471 0.4066443816008436 
-0.1447539082129471 0.4066443816008436 
-0.14485812627332656 0.40850678288013653 
-0.14485812627332656 0.40850678288013653 
-0.1448618299103476 0.4081532188809146 
-0.14485942932319568 0.4083823885293148 
-0.14485942932319568 0.4083823885293148 
-0.1448513146271796 0.4084306289238417 
-0.1448046468323867 0.411626591864208 
-0.14482804393744153 0.4103399143737554 
-0.1447909927327363 0.41131603467416367 
-0.14436331825537932 0.41431360655150234 
-0.14436331825537932 0.41431360655150234 
-0.14436331825537932 0.41431360655150234 
-0.14436331825537932 0.41431360655150234 
-0.1443605782851362 0.4143390905283286 
-0.14441998948209708 0.41998018359427675 
-0.14451489986411778 0.41337819761407396 
-0.14435259045578264 0.4276203760558658 
-0.14435259045578264 0.4276203760558658 
-0.14447512590949826 0.42114939982320193 
-0.1446721210152641 0.42587601926516655 
-0.1447111039963288 0.4258031809725907 
-0.1446666948130237 0.42407982414574197 
-0.1445801040576371 0.4276164567528652 
-0.14452213533225963 0.42986065962820114 
-0.1443157226832957 0.437013673961752 
-0.1443885687509708 0.4362388600278956 
-0.1444120184028805 0.4353726695821783 
-0.1444120184028805 0.4353726695821783 
-0.1444120184028805 0.4353726695821783 
-0.14444178552515516 0.42873777712657035 
-0.1444844321090655 0.42641560748100077 
-0.14443181578665654 0.42709128300536986 
-0.14441238448735347 0.4192428271969712 
-0.14440825700941248 0.41727702235845954 
-0.14425581522544126 0.42763664108322536 
-0.14404576293592417 0.42172632268797744 
-0.14387554778473222 0.4261107820519622 
-0.14387554778473222 0.4261107820519622 
-0.14466285581817126 0.4221460330921363 
-0.14466400912766195 0.4220453604289575 
-0.14459928462977908 0.42341200114977157 
-0.14450100207480987 0.427405047557678 
-0.14450100207480987 0.427405047557678 
-0.1447981266064595 0.4190122102323507 
-0.14480845587482308 0.4191781438581226 
-0.14463822013127 0.41376005993823356 
-0.1444405419391192 0.4175364867244128 
-0.1444405419391192 0.4175364867244128 
-0.1444405419391192 0.4175364867244128 
-0.14468986003805662 0.41661566632216956 
-0.14470655448807704 0.4169190898929396 
-0.14470655448807704 0.4169190898929396 
-0.14455066193617552 0.4243127813409718 
-0.14455066193617552 0.4243127813409718 
-0.1447313308522072 0.4197836977837059 
-0.14450524117113459 0.4153153707933578 
-0.14450524117113459 0.4153153707933578 
-0.14441653342229954 0.4155315950406529 
-0.14444472911087822 0.4167354667036979 
-0.1443433685956174 0.4152191901215179 
-0.1448174578628087 0.4141063257225616 
-0.1448174578628087 0.4141063257225616 
-0.14450033528615958 0.4154991185942591 
-0.1447426018152747 0.41740090785805856 
-0.14489989733689512 0.4200763383896451 
-0.14491050593925534 0.41907479368464956 
-0.14491050593925534 0.41907479368464956 
-0.1450268223117582 0.41493135668994074 
-0.1449619040800076 0.4098207220636584 
-0.1449619040800076 0.4098207220636584 
-0.14507517689570892 0.4098671261561909 
-0.145112807715353 0.4109382487512629 
-0.14514585875300542 0.4116625924484706 
-0.14514585875300542 0.4116625924484706 
-0.145060089598804 0.40978064902566164 
-0.145060089598804 0.40978064902566164 
-0.145060089598804 0.40978064902566164 
-0.14469687310414858 0.41442386699226363 
-0.1444774050169718 0.4216046156313502 
-0.14465961360405652 0.41600873026700197 
-0.1447858745180104 0.41657737650027643 
-0.1447858745180104 0.41657737650027643 
-0.14463753812622568 0.41987985846600084 
-0.1445135716920513 0.41469394113573793 
-0.14448402044181227 0.4165660988090069 
-0.14409345875331842 0.4207201750524598 
-0.1433735781651009 0.4126668271165545 
-0.1433735781651009 0.4126668271165545 
-0.1435069837416293 0.41438260928285975 
-0.1435069837416293 0.41438260928285975 
-0.1436992576585712 0.4146844582500694 
-0.14382267408033378 0.41372813471615993 
-0.14415331776748644 0.41207188566315356 
-0.14400484962953067 0.4064345114341724 
-0.14400484962953067 0.4064345114341724 
-0.14403997311243202 0.4067793016900045 
-0.1440879763701918 0.40939478204862206 
-0.1440879763701918 0.40939478204862206 
-0.144145264737884 0.409948345639397 
-0.144145264737884 0.409948345639397 
-0.144145264737884 0.409948345639397 
-0.144145264737884 0.409948345639397 
-0.144145264737884 0.409948345639397 
-0.144145264737884 0.409948345639397 
-0.144145264737884 0.409948345639397 
-0.14419949413041191 0.41134581531115805 
-0.14419949413041191 0.41134581531115805 
-0.14419949413041191 0.41134581531115805 
-0.1442713995124755 0.4094870514828903 
-0.1442759585878181 0.40951602264510945 
-0.1442759585878181 0.40951602264510945 
-0.14423371713354513 0.4121799437228676 
-0.14474478379755495 0.414872657423758 
-0.14474501791270128 0.42223464917324527 
-0.14450273985504355 0.4265152515874171 
-0.1445438139140198 0.4318018991855554 
-0.14438988206297698 0.42864060334239473 
-0.14464885038647257 0.4286567747022426 
-0.14462906259511915 0.4275678383046474 
-0.14462906259511915 0.4275678383046474 
-0.14462840678729075 0.42759060530948667 
-0.14468360456830265 0.4256834025207533 
-0.14480119016166976 0.42541535327577407 
-0.14478634038478444 0.42785222664230715 
-0.14465201936389785 0.4261042957506294 
-0.144550325173022 0.43066963337933006 
-0.144550325173022 0.43066963337933006 
-0.1445409006971215 0.43581752582577615 
-0.14434118004765784 0.4384737412569078 
-0.14431600324175411 0.44915786723843826 
-0.14422491290316442 0.46073290010161105 
-0.14420612487082263 0.45454126696251984 
-0.14417494137859924 0.4573267210078537 
-0.14417494137859924 0.4573267210078537 
-0.14420152562016866 0.4743421081283619 
-0.14427420252180354 0.4476648740767371 
-0.14415675715742746 0.4474069712542933 
-0.14421442125608358 0.43441351160240627 
-0.1444008185608669 0.42920230858050484 
-0.14420356950991808 0.43456014660077785 
-0.14420356950991808 0.43456014660077785 
-0.14420356950991808 0.43456014660077785 
-0.1444605531634217 0.42884319503843416 
-0.14447369725549666 0.43712874085114706 
-0.14411225262778346 0.4460264991794087 
-0.1439744061103964 0.4511092350150793 
-0.1442275704126057 0.43468765007560584 
-0.14467962072921625 0.42207943724150343 
-0.1446112875051203 0.42157680637122213 
-0.1446112875051203 0.42157680637122213 
-0.14468900575707863 0.42531232635164423 
