-0.134000704605677 1.6499171852412338 
-0.13397643212093502 1.649929127739156 
-0.13397978728519183 1.6499283551065145 
-0.1339938323870286 1.6499209163722828 
-0.13396386062413143 1.6499726509858728 
-0.1340025011893361 1.6499059530503317 
-0.1340748406997538 1.6497663917470633 
-0.1340748406997538 1.6497663917470633 
-0.13388074422225776 1.6496094969946233 
-0.13433561290424245 1.649300530452949 
-0.13433561290424245 1.649300530452949 
-0.1343134494942275 1.6494915013648639 
-0.13432163258125718 1.6494699419945267 
-0.1341489608039992 1.649587960547732 
-0.1341489608039992 1.649587960547732 
-0.13415820965003078 1.649619233560915 
-0.13415820965003078 1.649619233560915 
-0.13415820965003078 1.649619233560915 
-0.13764992575738386 1.6486033350478995 
-0.13764992575738386 1.6486033350478995 
-0.13764992575738386 1.6486033350478995 
-0.1380923758420984 1.6499237894273617 
-0.1390543744988141 1.649834516710524 
-0.13914083732694002 1.649613437090336 
-0.13914083732694002 1.649613437090336 
-0.15714453255246372 1.6483422795524842 
-0.15714453255246372 1.6483422795524842 
-0.15933686824398555 1.647907623251551 
-0.16031522956795308 1.6487911543348757 
-0.17800122291602644 1.649004185827867 
-0.1978553295615033 1.6701156330252473 
-0.1978553295615033 1.6701156330252473 
-0.1978553295615033 1.6701156330252473 
-0.1978553295615033 1.6701156330252473 
-0.19943513523707213 1.6718581141870779 
-0.19943513523707213 1.6718581141870779 
-0.19943513523707213 1.6718581141870779 
-0.19943513523707213 1.6718581141870779 
-0.19943513523707213 1.6718581141870779 
-0.19943513523707213 1.6718581141870779 
-0.19943513523707213 1.6718581141870779 
-0.19943513523707213 1.6718581141870779 
-0.19943513523707213 1.6718581141870779 
-0.19943513523707213 1.6718581141870779 
-0.19943513523707213 1.6718581141870779 
-0.19943513523707213 1.6718581141870779 
-0.19943513523707213 1.6718581141870779 
-0.1994293396928078 1.6765675426283149 
-0.19990237037141786 1.6703217654049827 
-0.19984326819567477 1.6543763482317146 
-0.19984326819567477 1.6543763482317146 
-0.19984326819567477 1.6543763482317146 
-0.19984326819567477 1.6543763482317146 
-0.19984326819567477 1.6543763482317146 
-0.19984326819567477 1.6543763482317146 
-0.19984326819567477 1.6543763482317146 
-0.20027422438782008 1.6744679974865737 
-0.20031348906619872 1.688603101178732 
-0.20023133342616997 1.7384357866401068 
-0.20023133342616997 1.7384357866401068 
-0.20023133342616997 1.7384357866401068 
-0.20014533174924384 1.736918695980029 
-0.2004836073766579 1.7386406999793336 
-0.20069358039108734 1.7078575675340282 
-0.20069358039108734 1.7078575675340282 
-0.20069358039108734 1.7078575675340282 
-0.20073080291957346 1.7173102602631134 
-0.20073080291957346 1.7173102602631134 
-0.20073080291957346 1.7173102602631134 
-0.20073080291957346 1.7173102602631134 
-0.2008765087478249 1.7244238668340681 
-0.20078117222108888 1.7286400734640484 
-0.20078117222108888 1.7286400734640484 
-0.20078117222108888 1.7286400734640484 
-0.20078117222108888 1.7286400734640484 
-0.20079222638887947 1.7565934898938123 
-0.20060470617056783 1.7690254338083973 
-0.20060470617056783 1.7690254338083973 
-0.20060470617056783 1.7690254338083973 
-0.200627382620508 1.7658060301198766 
-0.20042903932442857 1.8117545599177063 
-0.2004720906897174 1.8940304326027704 
-0.20046946624035922 1.8943250019992688 
-0.20046946624035922 1.8943250019992688 
-0.200201289411326 1.9651113933173512 
-0.19951911418854165 2.1610282747591225 
-0.1996914886030019 2.1867183352250446 
-0.1996914886030019 2.1867183352250446 
-0.19968545071054158 2.1902349561234304 
-0.1998186392637737 2.3993540115896996 
-0.1998186392637737 2.3993540115896996 
-0.19984299764033905 2.407419791186834 
-0.20005196801365943 2.401724356985075 
-0.20003686141416682 2.399784379628835 
-0.20003686141416682 2.399784379628835 
-0.19985784494895004 2.4217283962670213 
-0.19985784494895004 2.4217283962670213 
-0.20002051943058138 2.427031980595527 
-0.20002051943058138 2.427031980595527 
-0.20002051943058138 2.427031980595527 
-0.20021341109147422 2.404229828923967 
-0.20073558990021093 2.37454646570477 
-0.2007356137700217 2.3745451670233493 
-0.2007356137700217 2.3745451670233493 
-0.2007356137700217 2.3745451670233493 
-0.2007356137700217 2.3745451670233493 
-0.2007356137700217 2.3745451670233493 
-0.2007356137700217 2.3745451670233493 
-0.2007356137700217 2.3745451670233493 
-0.2007356137700217 2.3745451670233493 
-0.20085055891290643 2.454583066809023 
-0.20085055891290643 2.454583066809023 
-0.20085055891290643 2.454583066809023 
-0.20085055891290643 2.454583066809023 
-0.20079642960721428 2.450944957170214 
-0.20075867432730796 2.448227303911677 
-0.20075867432730796 2.448227303911677 
-0.20075867432730796 2.448227303911677 
-0.20073794542852377 2.453250813730228 
-0.20073794542852377 2.453250813730228 
-0.20075483859961257 2.451724797179974 
-0.20082591854969384 2.4451098014191 
-0.20087736400498135 2.4467836951673934 
-0.20093134243295005 2.4546718184437184 
-0.20093134243295005 2.4546718184437184 
-0.20093134243295005 2.4546718184437184 
-0.20093132180140433 2.45678168713806 
-0.20097882259384978 2.455436246856124 
-0.2009853015866487 2.45920339303044 
-0.2009853015866487 2.45920339303044 
-0.20097775621295766 2.4604397518686776 
-0.20097775621295766 2.4604397518686776 
-0.20097775621295766 2.4604397518686776 
-0.20097775621295766 2.4604397518686776 
-0.20097775621295766 2.4604397518686776 
-0.20097943426956114 2.4595790620561893 
-0.20097943426956114 2.4595790620561893 
-0.20097943426956114 2.4595790620561893 
-0.20097302421820853 2.459302460798953 
-0.20094299556152842 2.458915137686074 
-0.20094560008067697 2.459042772148555 
-0.20094560008067697 2.459042772148555 
-0.20094560008067697 2.459042772148555 
-0.20094560008067697 2.459042772148555 
-0.20090159071801583 2.459533091212173 
-0.20089716877000532 2.4462211129593094 
-0.20081229827356656 2.47248288245528 
-0.20081229827356656 2.47248288245528 
-0.20075369256532632 2.470941054020851 
-0.20075369256532632 2.470941054020851 
-0.20077817220063468 2.4716010534216464 
-0.20075494533362215 2.471280421399957 
-0.20075494533362215 2.471280421399957 
-0.2006975509179998 2.472473401153912 
-0.2006975509179998 2.472473401153912 
-0.2006975509179998 2.472473401153912 
-0.2006975509179998 2.472473401153912 
-0.2006975509179998 2.472473401153912 
-0.2006975509179998 2.472473401153912 
-0.2006975509179998 2.472473401153912 
-0.2006975509179998 2.472473401153912 
-0.2006975509179998 2.472473401153912 
-0.2006975509179998 2.472473401153912 
-0.20068742052307606 2.4732234551947467 
-0.20068742052307606 2.4732234551947467 
-0.20068742052307606 2.4732234551947467 
-0.2006869583046102 2.473336802775083 
-0.2006869583046102 2.473336802775083 
-0.2006869583046102 2.473336802775083 
-0.20068361141873436 2.4736954844359693 
-0.20068361141873436 2.4736954844359693 
-0.200695845034777 2.4729795264964904 
-0.200695845034777 2.4729795264964904 
-0.200695845034777 2.4729795264964904 
-0.20081229751167193 2.4704491288794133 
-0.20082253640683853 2.4720337098713823 
-0.20084620314741464 2.467233879240751 
-0.2007403133498173 2.4707091571734336 
-0.20078946271611495 2.473043628614881 
-0.20078946271611495 2.473043628614881 
-0.2008164820978455 2.4738491204856716 
-0.2008164820978455 2.4738491204856716 
-0.20079957871706192 2.4703635458943882 
-0.20079957871706192 2.4703635458943882 
-0.20082954119669075 2.4686406860789507 
-0.20085007649030587 2.4694664092397 
-0.20085007649030587 2.4694664092397 
-0.20085972817782605 2.468023594060812 
-0.2008227597436391 2.465966612359907 
-0.20083426854564457 2.466978208363326 
-0.20084173855344006 2.4679137808815743 
-0.20084173855344006 2.4679137808815743 
-0.20086474478918748 2.465132599381956 
-0.2008485999309832 2.4649915655296533 
-0.20084640826901737 2.464766078828373 
-0.20084640826901737 2.464766078828373 
-0.20085403906637822 2.465617710106732 
-0.2007551687634714 2.46002270532979 
-0.20076688305451615 2.4611270220046113 
-0.20083967598565888 2.4666781199799725 
