-0.13382666392109346 1.6501024897021792 
-0.13382175236075083 1.6501086675364083 
-0.13382175236075083 1.6501086675364083 
-0.13390054470879684 1.6499779523730036 
-0.13390054470879684 1.6499779523730036 
-0.13390054470879684 1.6499779523730036 
-0.13390054470879684 1.6499779523730036 
-0.13390054470879684 1.6499779523730036 
-0.13390054470879684 1.6499779523730036 
-0.13390054470879684 1.6499779523730036 
-0.13390054470879684 1.6499779523730036 
-0.13390054470879684 1.6499779523730036 
-0.13391106678490483 1.6500537630055527 
-0.13391106678490483 1.6500537630055527 
-0.13391106678490483 1.6500537630055527 
-0.13391106678490483 1.6500537630055527 
-0.13391106678490483 1.6500537630055527 
-0.13391106678490483 1.6500537630055527 
-0.13391106678490483 1.6500537630055527 
-0.13837240025651915 1.651305187562492 
-0.14027318461010846 1.645922596120365 
-0.14032489744963875 1.6458895237470492 
-0.14325946468551476 1.640097210583206 
-0.14325946468551476 1.640097210583206 
-0.14325946468551476 1.640097210583206 
-0.14784618895396617 1.6343450167893014 
-0.15258989707355333 1.6560551638923402 
-0.1572908816271652 1.6569067961166428 
-0.1572908816271652 1.6569067961166428 
-0.1572908816271652 1.6569067961166428 
-0.1700937347238899 1.7218461279566526 
-0.18416674824630086 1.7536509110770646 
-0.18416674824630086 1.7536509110770646 
-0.18505540627111747 1.7704981796617822 
-0.18505540627111747 1.7704981796617822 
-0.18505540627111747 1.7704981796617822 
-0.1860074038582817 1.8581045282739674 
-0.19570440001617892 1.9262896633106268 
-0.19570440001617892 1.9262896633106268 
-0.19588560312035527 1.928389049968986 
-0.19588560312035527 1.928389049968986 
-0.19588560312035527 1.928389049968986 
-0.19668708152586273 1.8771938644217447 
-0.19668708152586273 1.8771938644217447 
-0.19808220366362791 1.889699111143867 
-0.19808220366362791 1.889699111143867 
-0.19808220366362791 1.889699111143867 
-0.19725096115637297 1.989771059503623 
-0.19725096115637297 1.989771059503623 
-0.1994683021494707 2.1991573096571564 
-0.1994683021494707 2.1991573096571564 
-0.1994683021494707 2.1991573096571564 
-0.1994683021494707 2.1991573096571564 
-0.1994683021494707 2.1991573096571564 
-0.1994683021494707 2.1991573096571564 
-0.1994683021494707 2.1991573096571564 
-0.1994683021494707 2.1991573096571564 
-0.1994683021494707 2.1991573096571564 
-0.1994683021494707 2.1991573096571564 
-0.1992280087632338 2.3428648161628685 
-0.1992280087632338 2.3428648161628685 
-0.19913502424791707 2.3994213335440886 
-0.19913502424791707 2.3994213335440886 
-0.19896093063765136 2.473788833978153 
-0.19896093063765136 2.473788833978153 
-0.19896093063765136 2.473788833978153 
-0.19896093063765136 2.473788833978153 
-0.19896093063765136 2.473788833978153 
-0.19922901267549353 2.447866958878108 
-0.19922901267549353 2.447866958878108 
-0.19922901267549353 2.447866958878108 
-0.19922901267549353 2.447866958878108 
-0.19922901267549353 2.447866958878108 
-0.19922901267549353 2.447866958878108 
-0.19922901267549353 2.447866958878108 
-0.19922901267549353 2.447866958878108 
-0.19922901267549353 2.447866958878108 
-0.19922901267549353 2.447866958878108 
-0.19922901267549353 2.447866958878108 
-0.19922901267549353 2.447866958878108 
-0.19922901267549353 2.447866958878108 
-0.19922901267549353 2.447866958878108 
-0.19922901267549353 2.447866958878108 
-0.199571175399284 2.4221820330657757 
-0.199571175399284 2.4221820330657757 
-0.199571175399284 2.4221820330657757 
-0.19956944329777734 2.4506864602467866 
-0.20003348079846328 2.446204563203907 
-0.20006319701698697 2.4455877649465694 
-0.20006319701698697 2.4455877649465694 
-0.20006319701698697 2.4455877649465694 
-0.20006319701698697 2.4455877649465694 
-0.20006319701698697 2.4455877649465694 
-0.20006319701698697 2.4455877649465694 
-0.20015696585694134 2.4526245873280565 
-0.20015696585694134 2.4526245873280565 
-0.20015696585694134 2.4526245873280565 
-0.20016356957853793 2.4520980916123896 
-0.20016356957853793 2.4520980916123896 
-0.20035534030716953 2.4305218182685806 
-0.20038527468716372 2.42694933791965 
-0.20058148711703513 2.436760483267142 
-0.20058148711703513 2.436760483267142 
-0.20059876422332787 2.4513047179851264 
-0.20059876422332787 2.4513047179851264 
-0.20059876422332787 2.4513047179851264 
-0.20057780701198347 2.456819845114245 
-0.20067520483694842 2.461112872727379 
-0.20067520483694842 2.461112872727379 
-0.20068606933253463 2.4614428351558275 
-0.20068606933253463 2.4614428351558275 
-0.20068606933253463 2.4614428351558275 
-0.20068606933253463 2.4614428351558275 
-0.20068606933253463 2.4614428351558275 
-0.20068606933253463 2.4614428351558275 
-0.2007712720204876 2.4576971843780044 
-0.20079207535049706 2.4657671214248293 
-0.2008381385056489 2.4667420064411605 
-0.2008381385056489 2.4667420064411605 
-0.20083345581621895 2.4708188150870383 
-0.20083345581621895 2.4708188150870383 
-0.20083345581621895 2.4708188150870383 
-0.20083345581621895 2.4708188150870383 
-0.20083345581621895 2.4708188150870383 
-0.20083191814453052 2.471156062848494 
-0.20089864299989044 2.4709286076040806 
-0.20089864299989044 2.4709286076040806 
-0.20087801633181473 2.4705163069986695 
-0.20087801633181473 2.4705163069986695 
-0.20087801633181473 2.4705163069986695 
-0.20087801633181473 2.4705163069986695 
-0.20087801633181473 2.4705163069986695 
-0.20087801633181473 2.4705163069986695 
-0.20087801633181473 2.4705163069986695 
-0.20087801633181473 2.4705163069986695 
-0.20087302755134476 2.470286893218009 
-0.20085706186943256 2.4710528618444263 
-0.20085706186943256 2.4710528618444263 
-0.20086497799674496 2.4727413673345704 
-0.2009226437603415 2.46933693652707 
-0.2009226437603415 2.46933693652707 
-0.20092818459061013 2.469349476149655 
-0.20092947161347643 2.470200263585408 
-0.2009174517896934 2.469951255048241 
-0.20093313198978055 2.471434134759929 
-0.2009085370880748 2.4736781479320644 
-0.2009085370880748 2.4736781479320644 
-0.2009085370880748 2.4736781479320644 
-0.2009085370880748 2.4736781479320644 
-0.20089283728803137 2.4740313806900702 
-0.20089905042526313 2.4736259666270617 
-0.20093592499937682 2.47291981333409 
-0.20093592499937682 2.47291981333409 
-0.20093592499937682 2.47291981333409 
-0.20092195081024095 2.472624509668345 
-0.20092195081024095 2.472624509668345 
-0.20092195081024095 2.472624509668345 
-0.20092195081024095 2.472624509668345 
-0.20093788195500167 2.4730493234517956 
-0.20093627360247013 2.4730416933553947 
-0.20095536416083082 2.4719946578233682 
-0.20094510642484326 2.472745402551694 
-0.2009422470357974 2.471320555352102 
-0.20095205033565755 2.4712464911913927 
-0.20096577515898412 2.471074128570585 
-0.20096577515898412 2.471074128570585 
-0.20097183356320789 2.4707874921321977 
-0.20096509160402545 2.4711162934518636 
-0.2009660738308694 2.471291038728949 
-0.2009677716824393 2.4713308716775138 
-0.20097109711652056 2.470967117142721 
-0.20096766947924483 2.4704918881112268 
-0.20096766947924483 2.4704918881112268 
-0.20097051078995298 2.470838865864897 
-0.20096461783104846 2.469134474069903 
-0.20096515236567516 2.4703217524627683 
-0.20096515236567516 2.4703217524627683 
-0.2009639937604483 2.470074946611212 
-0.20096109428314413 2.4703734298581392 
-0.20095737194984578 2.4709511060826905 
-0.20095734911802807 2.4707381100412906 
-0.20095734911802807 2.4707381100412906 
-0.20095734911802807 2.4707381100412906 
-0.20095734911802807 2.4707381100412906 
-0.20095185360872658 2.4698552809770415 
-0.20095185360872658 2.4698552809770415 
-0.20095353973515634 2.4705501378266708 
-0.20095380931615953 2.4706925998706635 
-0.20096097947437505 2.4715255096669484 
-0.20097195810492316 2.47133516646073 
-0.20098175248593772 2.4727338477912517 
-0.20098792860211015 2.472629948399487 
-0.20098792860211015 2.472629948399487 
-0.20098871912969488 2.4723818283675705 
-0.2009886397601881 2.4723843726629577 
-0.20099776176342637 2.471535921713328 
-0.20099776176342637 2.471535921713328 
-0.20099776176342637 2.471535921713328 
-0.20099776176342637 2.471535921713328 
-0.20099844392154823 2.4726083610410132 
-0.2009985645150301 2.4737424423248537 
-0.2009985645150301 2.4737424423248537 
-0.2009985645150301 2.4737424423248537 
-0.20099618707686379 2.473902997230446 
-0.20099521456225913 2.4730007429558976 
-0.20099470572426337 2.47252866649089 
-0.20099470572426337 2.47252866649089 
-0.20099300147718596 2.472488612226929 
-0.20099300147718596 2.472488612226929 
-0.2009931255822514 2.47261792642027 
-0.20098982842685223 2.4720821686112333 
-0.2009911077164035 2.472258508563878 
-0.20098582028256484 2.4726258331443294 
-0.20098117298037496 2.472645750634701 
-0.20098117298037496 2.472645750634701 
-0.20098727903348917 2.4723061728543354 
-0.20099197317000983 2.4723956305692405 
-0.20099183634956125 2.4722795520327034 
-0.20098847265148476 2.470841524003126 
-0.2009886566018995 2.4706627273634134 
-0.20099389056913716 2.4699179528398854 
-0.20098023601030393 2.469235851864061 
-0.20098023601030393 2.469235851864061 
-0.20097995000942884 2.469194382145448 
-0.2009800705263081 2.471372168154245 
-0.20097751484561027 2.4721813939592465 
-0.20097788638309297 2.472289870019485 
-0.20096419024446524 2.4720916208718293 
-0.20096419024446524 2.4720916208718293 
-0.2009470181282769 2.472192839763289 
-0.2009529200892598 2.4724871550848504 
-0.2009529200892598 2.4724871550848504 
-0.20093238114723086 2.4710045159829774 
-0.2009291838721637 2.470750350290307 
-0.20095896009904943 2.472749380177746 
-0.2009632999021225 2.4731024762183087 
-0.20097263583410324 2.473566914617068 
-0.20096641613587543 2.4728530242990296 
-0.20097192661919874 2.4734855116879895 
-0.200973189875209 2.4735386659504925 
-0.20097259433801548 2.473418340774105 
-0.20097259433801548 2.473418340774105 
-0.20097880006106042 2.4737015357216423 
-0.20097880006106042 2.4737015357216423 
-0.20097880006106042 2.4737015357216423 
-0.20096628024416482 2.4739611109762136 
-0.20097368811242927 2.4733555532413267 
-0.20095817493986284 2.4731479064407393 
-0.20096154386302117 2.4733019685872835 
-0.20096154386302117 2.4733019685872835 
-0.20096602461766294 2.473295454001401 
-0.20096602461766294 2.473295454001401 
-0.2009702947464546 2.4734976886237336 
-0.2009572400546007 2.474088603352446 
-0.2009572400546007 2.474088603352446 
-0.20095654804917445 2.474090872175683 
-0.20096371580427624 2.473605483988533 
-0.20094208598212493 2.4743667811767347 
-0.20094467728741508 2.4743101688238296 
-0.20094467728741508 2.4743101688238296 
-0.20094467728741508 2.4743101688238296 
-0.2009478631245603 2.4741253417299833 
-0.20096330764024287 2.4741747370838953 
-0.20096330764024287 2.4741747370838953 
-0.20095156281170176 2.4741654460923996 
-0.2009584948332985 2.474165921261175 
-0.20096509149178762 2.4740789242078085 
-0.20096509149178762 2.4740789242078085 
-0.2009660143800638 2.4741110595734837 
-0.20096888654265294 2.473964590325361 
-0.2009708247267475 2.4735259383221577 
-0.2009678238644039 2.474740485583422 
-0.20097055402051842 2.474615353626669 
-0.20097055402051842 2.474615353626669 
-0.20098220315418455 2.4739144994694597 
-0.2009822039321175 2.4739140781031264 
-0.20098492120435527 2.474214268636099 
-0.20098414887115065 2.474127390401469 
-0.20098414887115065 2.474127390401469 
-0.20098099742863645 2.4737728908661203 
-0.20098217857831974 2.473794031462326 
-0.20098217857831974 2.473794031462326 
-0.20097715579702352 2.4747615632865463 
-0.2009834251609841 2.47488897714594 
-0.20098336918302023 2.4748461439412712 
-0.20098284113837242 2.474931370684298 
-0.20098324605041917 2.4749051987651423 
-0.20098324605041917 2.4749051987651423 
-0.2009841583714965 2.4748096492138494 
-0.2009841583714965 2.4748096492138494 
-0.2009841583714965 2.4748096492138494 
-0.20098356501017914 2.474789610006228 
-0.20098425898876016 2.4746170998562276 
-0.20098425898876016 2.4746170998562276 
-0.20098425898876016 2.4746170998562276 
-0.20098425898876016 2.4746170998562276 
-0.20098425898876016 2.4746170998562276 
-0.20098148304694938 2.474881791240037 
-0.2009791912985765 2.474731721223485 
-0.20097866488729893 2.474606444002833 
