-0.13399657987748417 1.6500838398386812 
-0.1342730489215937 1.6501785895081267 
-0.1342730489215937 1.6501785895081267 
-0.1342730489215937 1.6501785895081267 
-0.13471824195829415 1.6501616412159268 
-0.1360936815286219 1.6502843896725625 
-0.13658080590064337 1.650321057856694 
-0.1364200454729322 1.6503332054143462 
-0.1366669064096415 1.6502586736262717 
-0.1366669064096415 1.6502586736262717 
-0.1373104184197734 1.6504471326775147 
-0.13770856333241002 1.6505653442761736 
-0.13770856333241002 1.6505653442761736 
-0.13770856333241002 1.6505653442761736 
-0.1394887278301605 1.650639428551303 
-0.13936803125564814 1.6506764567164534 
-0.13966244494742167 1.6511806054274243 
-0.13966244494742167 1.6511806054274243 
-0.13949383252205463 1.6511767913742081 
-0.13949383252205463 1.6511767913742081 
-0.13949383252205463 1.6511767913742081 
-0.1397508831246933 1.651418387001142 
-0.1397508831246933 1.651418387001142 
-0.14344993091909072 1.6469931453908286 
-0.14539105884642547 1.6458127761816423 
-0.14573244051484757 1.6451825482734792 
-0.14644816212771156 1.645513670215674 
-0.14959953448942961 1.6408598133267374 
-0.14959953448942961 1.6408598133267374 
-0.15015714019878987 1.6442262308507847 
-0.15015714019878987 1.6442262308507847 
-0.15015714019878987 1.6442262308507847 
-0.16516404482674138 1.638126623454597 
-0.16516404482674138 1.638126623454597 
-0.16946160430737728 1.6295931266531944 
-0.18006254902203606 1.6165569048090247 
-0.18006254902203606 1.6165569048090247 
-0.18047103221705368 1.6187014228093843 
-0.18047103221705368 1.6187014228093843 
-0.18047103221705368 1.6187014228093843 
-0.1848278062957505 1.6093570286104222 
-0.18483698392140285 1.6100657680144903 
-0.18662808289649635 1.582611342695431 
-0.18662808289649635 1.582611342695431 
-0.1921356894957093 1.5951052443066907 
-0.19347637620352823 1.6330847814202778 
-0.19439486811865 1.639061360179069 
-0.19439486811865 1.639061360179069 
-0.19439486811865 1.639061360179069 
-0.19538919768614582 1.6391070152778513 
-0.19538919768614582 1.6391070152778513 
-0.19538919768614582 1.6391070152778513 
-0.19538919768614582 1.6391070152778513 
-0.19538919768614582 1.6391070152778513 
-0.1972710218822393 1.6298125834215664 
-0.19793689507933052 1.6221269711947899 
-0.19793689507933052 1.6221269711947899 
-0.19884295321831616 1.6191848244742657 
-0.1992616795743311 1.5865988132477393 
-0.1992616795743311 1.5865988132477393 
-0.19931251936958808 1.6022415201757105 
-0.19931251936958808 1.6022415201757105 
-0.19931251936958808 1.6022415201757105 
-0.19931251936958808 1.6022415201757105 
-0.19990872483079486 1.5865895019315832 
-0.19990872483079486 1.5865895019315832 
-0.19982753360452327 1.5897681507868302 
-0.19982753360452327 1.5897681507868302 
-0.19982753360452327 1.5897681507868302 
-0.19982753360452327 1.5897681507868302 
-0.19933938283814276 1.6518736926631672 
-0.19933938283814276 1.6518736926631672 
-0.19933938283814276 1.6518736926631672 
-0.19933938283814276 1.6518736926631672 
-0.19933938283814276 1.6518736926631672 
-0.19857309203576018 1.9732537739455374 
-0.19922651919275783 1.907567903096448 
-0.19922651919275783 1.907567903096448 
-0.19922651919275783 1.907567903096448 
-0.19922651919275783 1.907567903096448 
-0.19940505868866154 1.8964926702582927 
-0.19940505868866154 1.8964926702582927 
-0.19940505868866154 1.8964926702582927 
-0.19940505868866154 1.8964926702582927 
-0.1993336087408834 1.9661444047457264 
-0.19934219027282524 1.963535354077921 
-0.19934219027282524 1.963535354077921 
-0.19923463635206615 2.0848808867831408 
-0.19923463635206615 2.0848808867831408 
-0.19923463635206615 2.0848808867831408 
-0.19923463635206615 2.0848808867831408 
-0.19923463635206615 2.0848808867831408 
-0.19923463635206615 2.0848808867831408 
-0.19923463635206615 2.0848808867831408 
-0.19917211331383164 2.119859540329395 
-0.19917211331383164 2.119859540329395 
-0.1995836699528286 2.1767387411067074 
-0.1995836699528286 2.1767387411067074 
-0.19968162670669184 2.206193008733342 
-0.19968162670669184 2.206193008733342 
-0.19986592272545764 2.2087729217197283 
-0.19986592272545764 2.2087729217197283 
-0.19986592272545764 2.2087729217197283 
-0.19999740734141744 2.233835270178735 
-0.20000278138533578 2.2366936115796148 
-0.19995382747711854 2.2643198143404777 
-0.20021650660340679 2.2592471708926993 
-0.20036964996923837 2.253080421103091 
-0.20037162361181785 2.2521992094797447 
-0.2005290261620647 2.2306953457290026 
-0.20034749284771888 2.3000033646410034 
-0.20034749284771888 2.3000033646410034 
-0.2003615670084685 2.3046886365922643 
-0.20041300601526707 2.3085143572813567 
-0.20041300601526707 2.3085143572813567 
-0.20041300601526707 2.3085143572813567 
-0.2004355264123854 2.302709922869719 
-0.2004355264123854 2.302709922869719 
-0.2004355264123854 2.302709922869719 
-0.20076915292229602 2.265836110086106 
-0.20061960189491143 2.359281583673716 
-0.20029930744540195 2.4167814209090253 
-0.20029930744540195 2.4167814209090253 
-0.20029930744540195 2.4167814209090253 
-0.20005795097180148 2.4265984696943104 
-0.20005795097180148 2.4265984696943104 
-0.20014188624325596 2.4345243878638527 
-0.20014188624325596 2.4345243878638527 
-0.20014188624325596 2.4345243878638527 
-0.20013347441093962 2.431060048656934 
-0.20028027468810752 2.426545889089312 
-0.20028027468810752 2.426545889089312 
-0.20034038803426918 2.4294670754339243 
-0.2002172508174201 2.4237576474128684 
-0.2002172508174201 2.4237576474128684 
-0.2005053484753242 2.4459075555819205 
-0.2006208951106564 2.4542769607577175 
-0.20069146494592788 2.4471528469478994 
-0.20069351838443747 2.446689508468823 
-0.20069351838443747 2.446689508468823 
-0.20069351838443747 2.446689508468823 
-0.20068813879324818 2.4466150643297375 
-0.20081671306614277 2.4498271262358524 
-0.20078101619174374 2.4359469938465113 
-0.2007055687897236 2.4236841066567085 
-0.2007055687897236 2.4236841066567085 
-0.20076318825427358 2.4392430977471284 
-0.20076376294267365 2.4383011214159493 
-0.200711965308081 2.43535464009844 
-0.20055416688320316 2.442245026266856 
-0.20055416688320316 2.442245026266856 
-0.2005678301954409 2.4408855008083408 
-0.2005678301954409 2.4408855008083408 
-0.2005028608265385 2.430840666370488 
-0.20055292830530502 2.4318223475303316 
-0.20055292830530502 2.4318223475303316 
-0.20055292830530502 2.4318223475303316 
-0.2005592492486441 2.433172818547896 
-0.20066329116954915 2.443798622918088 
-0.2006902644999415 2.4424665323764914 
-0.2007271068355093 2.4353655255595634 
-0.20071489080477736 2.4348030479498624 
-0.2007350479417487 2.441898763907107 
-0.20075888514472995 2.428263729570766 
-0.20075888514472995 2.428263729570766 
-0.20075848832149254 2.4269743970178768 
-0.20075848832149254 2.4269743970178768 
-0.20075848832149254 2.4269743970178768 
-0.20080962467035565 2.4360042529164425 
-0.2008284292051429 2.4250822510439014 
-0.2008396005844874 2.439344152209848 
-0.20080853588232045 2.4332924072290707 
-0.20082451664007753 2.438220132745472 
-0.20082451664007753 2.438220132745472 
-0.2008919594714502 2.445732435772083 
-0.20090152085653082 2.447919958832334 
-0.2009010784487614 2.44802914607189 
-0.20080336169431862 2.4515684970463876 
-0.20081040315416396 2.448421964876015 
-0.20069685938080606 2.446144597929398 
-0.20083546756807993 2.4513497705785308 
-0.20083546756807993 2.4513497705785308 
-0.2008436526916338 2.4416497233004195 
-0.2008799935013094 2.445657388700509 
-0.20091931215627676 2.4531670800187144 
-0.20077365614018192 2.462178979903973 
-0.20075569800057907 2.4623053889816604 
-0.20072144862334737 2.4631899774078443 
-0.20075538717002658 2.4664369523181744 
-0.2007595637107678 2.466548292731071 
-0.20075485651363859 2.4667067940932266 
-0.20075485651363859 2.4667067940932266 
-0.20084743981921518 2.4606514112799363 
-0.20083799401236607 2.4593057205844353 
-0.20083847552657386 2.4590998540163147 
-0.20083596530793468 2.4573068469650643 
-0.2008270375999559 2.464357373483992 
-0.20080576739608583 2.4657657755896234 
-0.20070225021524304 2.4652194939526884 
-0.2004980961906102 2.457163256132411 
