-0.134009109267144 1.6501153376200928 
-0.13402740108356942 1.6501372180069827 
-0.13402740108356942 1.6501372180069827 
-0.13402740108356942 1.6501372180069827 
-0.13402740108356942 1.6501372180069827 
-0.13402740108356942 1.6501372180069827 
-0.1340477451635645 1.6502555842764097 
-0.1340602167631894 1.6501903524143877 
-0.13411630434796182 1.6502086727997503 
-0.13412482470274123 1.650032224636156 
-0.13412482470274123 1.650032224636156 
-0.13412482470274123 1.650032224636156 
-0.13412482470274123 1.650032224636156 
-0.13412482470274123 1.650032224636156 
-0.13439923875343018 1.6495400635693822 
-0.13439923875343018 1.6495400635693822 
-0.13439923875343018 1.6495400635693822 
-0.1344743139426346 1.648478352760178 
-0.1344743139426346 1.648478352760178 
-0.13481388672500755 1.6492107432997551 
-0.1347914647060361 1.6491526874358937 
-0.1347914647060361 1.6491526874358937 
-0.1347914647060361 1.6491526874358937 
-0.1347914647060361 1.6491526874358937 
-0.1347914647060361 1.6491526874358937 
-0.1347914647060361 1.6491526874358937 
-0.13577499412986674 1.6507180476104233 
-0.13608188058226384 1.651172009009995 
-0.13608188058226384 1.651172009009995 
-0.13608188058226384 1.651172009009995 
-0.13608188058226384 1.651172009009995 
-0.1375504969249303 1.6545435338144419 
-0.1375504969249303 1.6545435338144419 
-0.14048362771558037 1.6589597341954134 
-0.14048362771558037 1.6589597341954134 
-0.14048362771558037 1.6589597341954134 
-0.14048362771558037 1.6589597341954134 
-0.14048362771558037 1.6589597341954134 
-0.14048362771558037 1.6589597341954134 
-0.14048362771558037 1.6589597341954134 
-0.14048362771558037 1.6589597341954134 
-0.14108572954723325 1.6604138551244743 
-0.14754844630157682 1.6677260152735147 
-0.14754844630157682 1.6677260152735147 
-0.14754844630157682 1.6677260152735147 
-0.15502601921415327 1.6743575386506448 
-0.15502601921415327 1.6743575386506448 
-0.15502601921415327 1.6743575386506448 
-0.15502601921415327 1.6743575386506448 
-0.15502601921415327 1.6743575386506448 
-0.16362784132604 1.6910430962928718 
-0.16362784132604 1.6910430962928718 
-0.16362784132604 1.6910430962928718 
-0.16362784132604 1.6910430962928718 
-0.1710764133109058 1.663281513925593 
-0.1710764133109058 1.663281513925593 
-0.17698643593695965 1.6336392618199747 
-0.17698643593695965 1.6336392618199747 
-0.1796064664132271 1.6238649003032986 
-0.18446734531189912 1.8873143639508254 
-0.18446734531189912 1.8873143639508254 
-0.18516610954735865 1.8760816586373399 
-0.18516610954735865 1.8760816586373399 
-0.18516610954735865 1.8760816586373399 
-0.19191107637256216 1.7781655021791734 
-0.19191107637256216 1.7781655021791734 
-0.19191107637256216 1.7781655021791734 
-0.19191107637256216 1.7781655021791734 
-0.19355182999165238 1.8232074464803263 
-0.19355182999165238 1.8232074464803263 
-0.19502605874097684 1.8237283618297375 
-0.1957529255841322 1.808976692943832 
-0.1957529255841322 1.808976692943832 
-0.19740173769534133 1.8417893313014158 
-0.19773983894580402 1.8776562001054973 
-0.19791798907362362 1.9057536216656772 
-0.19802705324467648 1.9283860159319144 
-0.19782500795682564 1.9822295097264355 
-0.19782500795682564 1.9822295097264355 
-0.19782500795682564 1.9822295097264355 
-0.19782500795682564 1.9822295097264355 
-0.1978811906495829 2.048919098070364 
-0.19903048321048078 2.1661231916968795 
-0.19903048321048078 2.1661231916968795 
-0.19930503988140966 2.251319401636576 
-0.19930503988140966 2.251319401636576 
-0.19978008357941934 2.2854591858488202 
-0.19978008357941934 2.2854591858488202 
-0.19978008357941934 2.2854591858488202 
-0.19978008357941934 2.2854591858488202 
-0.19977961121008556 2.286124772524849 
-0.20022565258717726 2.3030068389181437 
-0.20024782431436933 2.313462205551683 
-0.20078615781911996 2.289068560839053 
-0.2008106220119594 2.2905570326809586 
-0.20084069543238495 2.367989482286127 
-0.20084069543238495 2.367989482286127 
-0.20084069543238495 2.367989482286127 
-0.20084069543238495 2.367989482286127 
-0.20084069543238495 2.367989482286127 
-0.20084069543238495 2.367989482286127 
-0.20084069543238495 2.367989482286127 
-0.20083347079339486 2.375721373775042 
-0.2008249830627682 2.3886698913402826 
-0.2008249830627682 2.3886698913402826 
-0.2008249830627682 2.3886698913402826 
-0.20079731155892722 2.394589197240104 
-0.20079775368769395 2.3944076915926273 
-0.20079775368769395 2.3944076915926273 
-0.20079678858545216 2.405816452562293 
-0.20079678858545216 2.405816452562293 
-0.20079678858545216 2.405816452562293 
-0.20079678858545216 2.405816452562293 
-0.20084605727592708 2.417264960043691 
-0.20083379408352617 2.435543020271478 
-0.20083379408352617 2.435543020271478 
-0.20083379408352617 2.435543020271478 
-0.20087077618638752 2.4383272287782654 
-0.20087077618638752 2.4383272287782654 
-0.20083722459285286 2.4443297808036 
-0.20073216701611094 2.4526111285921375 
-0.20073216701611094 2.4526111285921375 
-0.20073216701611094 2.4526111285921375 
-0.2006815398208076 2.4585590837092903 
-0.2006815398208076 2.4585590837092903 
-0.20074154972216354 2.458111344977069 
-0.20074629617969802 2.4642577908619163 
-0.20074629617969802 2.4642577908619163 
-0.20074629617969802 2.4642577908619163 
-0.20074629617969802 2.4642577908619163 
-0.20074629617969802 2.4642577908619163 
-0.2007358554689722 2.468198276987343 
-0.2007387299575043 2.4694321965043025 
-0.20075033554067848 2.4734511285298413 
-0.20075033554067848 2.4734511285298413 
-0.20081674672909347 2.473377253970128 
-0.20083687186010368 2.472877646739716 
-0.20083531738004662 2.472909131949999 
-0.20085788690547093 2.4717588920914246 
-0.20085788690547093 2.4717588920914246 
-0.2008440080490245 2.471150583406087 
-0.2008440080490245 2.471150583406087 
-0.2008440080490245 2.471150583406087 
-0.20083731061620208 2.4716869686280516 
-0.20086749966182743 2.4721737306497027 
-0.20086749966182743 2.4721737306497027 
-0.20086246213347148 2.472225721296021 
-0.2008581890588799 2.472199593728483 
-0.20087158530866883 2.472341679307913 
-0.20087546368448567 2.472650041031142 
-0.20087546368448567 2.472650041031142 
-0.20084572783989915 2.47313751139858 
-0.20087822455992924 2.4734759793263454 
-0.20092147743783229 2.4724248305019585 
-0.20092147743783229 2.4724248305019585 
-0.20092147743783229 2.4724248305019585 
-0.20092106171251367 2.472249468179298 
-0.20092285432325394 2.472100433584451 
-0.20092285432325394 2.472100433584451 
-0.20090704777786933 2.471531632564429 
-0.20090772544180305 2.4715666465888315 
-0.20090772544180305 2.4715666465888315 
-0.20091451904063692 2.472328138191801 
-0.20093387250070704 2.471956941766495 
-0.20095275126615764 2.471594849911909 
-0.20095485030682086 2.4715799768030315 
-0.20096185212915982 2.4724257618042778 
-0.20096184983943924 2.472424557322843 
-0.20096478010489965 2.472417423664863 
-0.20096471006221928 2.4724215679458226 
-0.20096495364343075 2.472436654941126 
-0.20096495364343075 2.472436654941126 
-0.2009646525200731 2.471800420872295 
-0.20096706337738643 2.4721277729668656 
-0.20096782089596132 2.4721386652236057 
-0.20097635280290171 2.4727076673399004 
-0.20097635280290171 2.4727076673399004 
-0.20097635280290171 2.4727076673399004 
-0.2009763945701222 2.473024432011551 
-0.2009763945701222 2.473024432011551 
-0.2009764647339301 2.4730232800725744 
-0.20097658309326288 2.4730374293001796 
-0.20096692599944213 2.472545805372545 
-0.20096692599944213 2.472545805372545 
-0.20096502841737257 2.4725203584097386 
-0.20096502841737257 2.4725203584097386 
-0.2009600667637113 2.472189166525964 
-0.20095869642915717 2.472140813786415 
-0.20096301075384357 2.472371463403807 
-0.2009570865109356 2.4721306031985595 
-0.20095688087314667 2.472407812662935 
-0.20095038222724826 2.4727674516809897 
-0.20095098734654313 2.4727313023919253 
-0.2009462715466444 2.472851715744504 
-0.20093804435633555 2.472830995953149 
-0.20093804435633555 2.472830995953149 
-0.20095381096432074 2.4732499776472756 
-0.2009487617511309 2.472932766806961 
-0.2009487617511309 2.472932766806961 
-0.2009487617511309 2.472932766806961 
-0.20095232340089167 2.4732465676006066 
-0.20095232340089167 2.4732465676006066 
-0.2009581601965821 2.4733493824371235 
-0.20096547495587955 2.474033323918067 
-0.2009583086843667 2.474533038297646 
-0.20096393389761394 2.4739527187552746 
-0.20096855578655298 2.474098216656829 
-0.20096855578655298 2.474098216656829 
-0.20096855578655298 2.474098216656829 
-0.20097274641779825 2.4742670574470544 
-0.2009651408483524 2.4747185977689505 
-0.20096479515616755 2.47471436770172 
-0.20096985923646346 2.4746935496645204 
-0.20097424706079692 2.474637950353807 
-0.20097721108273392 2.474609448635621 
-0.2009794295533495 2.4747575885078095 
-0.2009794295533495 2.4747575885078095 
-0.20097978665647973 2.474716133623332 
-0.20097978665647973 2.474716133623332 
-0.20098074852728745 2.474609656600395 
-0.20098074852728745 2.474609656600395 
-0.20098052144879058 2.4745981461542805 
-0.20098083990951374 2.474615236260443 
-0.20098083990951374 2.474615236260443 
-0.20098083990951374 2.474615236260443 
-0.2009800949907335 2.474684966891182 
-0.20098013575384727 2.4739287056922423 
-0.20098731500669478 2.473593889146377 
-0.20098879258767874 2.4735988031412193 
-0.2009828110392436 2.4729200771915876 
-0.20097955211130064 2.4725914138355654 
-0.20097955211130064 2.4725914138355654 
-0.20098011022456017 2.4725767771239893 
-0.20099762099302707 2.4720824865583753 
-0.20099762099302707 2.4720824865583753 
-0.20099776400004388 2.47155235959566 
-0.20099711987702634 2.470928913642119 
-0.20098931386720217 2.471348104834113 
-0.20098897503736193 2.4712948329991904 
-0.2009967406388707 2.4684673970403064 
-0.20099679487726987 2.4686028633656627 
-0.20098505929716426 2.4710115642234225 
-0.20099005009862034 2.4721077306816874 
-0.20098979524702898 2.471967234205835 
-0.20098990229796718 2.4719349187307826 
-0.2009902251649314 2.4719268282479785 
-0.20098791574418837 2.4730767173582735 
-0.20098791574418837 2.4730767173582735 
-0.20098810440261802 2.473091355866634 
-0.20098810440261802 2.473091355866634 
-0.2009895189814336 2.473267076880282 
-0.20099204348709537 2.473013416321468 
-0.20099204348709537 2.473013416321468 
-0.20099770640125414 2.474657062048362 
-0.20099962049536546 2.4748654728811683 
-0.20099962049536546 2.4748654728811683 
-0.20099962049536546 2.4748654728811683 
-0.20099962049536546 2.4748654728811683 
-0.20099962049536546 2.4748654728811683 
-0.20099962049536546 2.4748654728811683 
-0.20099990858397726 2.474876555897165 
-0.2009997210393941 2.4737671294969976 
-0.2009997210393941 2.4737671294969976 
-0.2009997210393941 2.4737671294969976 
-0.2009997210393941 2.4737671294969976 
-0.20099876556181948 2.4737961769304633 
-0.20099876556181948 2.4737961769304633 
-0.20099870590219326 2.473796509980166 
-0.20099870590219326 2.473796509980166 
-0.20099836030774948 2.473899933775678 
-0.2009962396671713 2.4739045858214026 
-0.20099528990165139 2.473892035091335 
-0.20099528990165139 2.473892035091335 
-0.20099528990165139 2.473892035091335 
-0.20099212741329953 2.472886056181418 
-0.20099146605612705 2.4727676542225887 
-0.20099014534819196 2.4722450773648714 
-0.20098723034562319 2.4718021045485705 
-0.20098690446214026 2.4720480167764047 
-0.20099125937959306 2.47292166707434 
-0.20099011151814863 2.472457184201566 
-0.20099101624693796 2.4715579980033846 
-0.20099283070811835 2.4723696053890887 
-0.20098409121931546 2.473187065620787 
-0.2009855627629073 2.473010779791005 
-0.20098964896854699 2.4729895162804 
-0.20098964896854699 2.4729895162804 
-0.20099090963287816 2.473269862739316 
-0.20099099074338878 2.4732311422668363 
-0.20099099074338878 2.4732311422668363 
-0.2009918233794757 2.4737792390409474 
-0.20099223179113754 2.4739459224296 
-0.20099307547146417 2.4741470493936117 
-0.20099307547146417 2.4741470493936117 
-0.20099307547146417 2.4741470493936117 
-0.20099307547146417 2.4741470493936117 
-0.20099562092047735 2.4741347271452234 
-0.20099562092047735 2.4741347271452234 
-0.20099490623690233 2.474572063459474 
-0.20099490623690233 2.474572063459474 
