-0.13355784250543815 1.6500372524764129 
-0.13355784250543815 1.6500372524764129 
-0.13339315356140669 1.6500590568818847 
-0.13339315356140669 1.6500590568818847 
-0.13339315356140669 1.6500590568818847 
-0.13324523516516795 1.649991723631172 
-0.13324523516516795 1.649991723631172 
-0.13324523516516795 1.649991723631172 
-0.13342057236770688 1.6500629623165777 
-0.13342057236770688 1.6500629623165777 
-0.1336698039185513 1.6499986325491365 
-0.13367527707853 1.6500223104802851 
-0.13367527707853 1.6500223104802851 
-0.13381843659861734 1.6499638194603388 
-0.13381843659861734 1.6499638194603388 
-0.13384979959886442 1.6497886260305135 
-0.13361590524222935 1.6497946777463952 
-0.13339943160599052 1.649864710444344 
-0.13339943160599052 1.649864710444344 
-0.13340618546909147 1.6492515815173998 
-0.1345568821941445 1.6493004867385384 
-0.1345568821941445 1.6493004867385384 
-0.1345568821941445 1.6493004867385384 
-0.1345568821941445 1.6493004867385384 
-0.1345568821941445 1.6493004867385384 
-0.1345568821941445 1.6493004867385384 
-0.13571754201896993 1.6495163164181332 
-0.14831361867539722 1.6487336939674682 
-0.15116040406096798 1.6502832080125764 
-0.15116040406096798 1.6502832080125764 
-0.156607277802245 1.6560389669440445 
-0.156607277802245 1.6560389669440445 
-0.17248582604633644 1.663530624415043 
-0.17363298895610618 1.6975969946192841 
-0.19510995454428426 1.736275253250133 
-0.19510995454428426 1.736275253250133 
-0.19510995454428426 1.736275253250133 
-0.19510995454428426 1.736275253250133 
-0.19829882113795147 1.74940282955714 
-0.19828163705620386 1.7505755112382404 
-0.19828163705620386 1.7505755112382404 
-0.19828163705620386 1.7505755112382404 
-0.19865101515071773 1.7394824495857564 
-0.19865101515071773 1.7394824495857564 
-0.20055345320615708 1.7649536898961131 
-0.20055345320615708 1.7649536898961131 
-0.20040858660050853 1.806895907578951 
-0.20040858660050853 1.806895907578951 
-0.20040858660050853 1.806895907578951 
-0.20040858660050853 1.806895907578951 
-0.2007855740346274 1.862400663950055 
-0.20078374953382302 1.8644640155891978 
-0.20078374953382302 1.8644640155891978 
-0.20083811909041324 1.907887575692755 
-0.20083811909041324 1.907887575692755 
-0.20083811909041324 1.907887575692755 
-0.20088879730175596 2.0778845308467253 
-0.20081526219025597 2.069919391721022 
-0.20081526219025597 2.069919391721022 
-0.20081526219025597 2.069919391721022 
-0.20081526219025597 2.069919391721022 
-0.20081526219025597 2.069919391721022 
-0.20081526219025597 2.069919391721022 
-0.20081526219025597 2.069919391721022 
-0.20081526219025597 2.069919391721022 
-0.20081526219025597 2.069919391721022 
-0.20081526219025597 2.069919391721022 
-0.2008562097506534 2.0793531825754323 
-0.2008562097506534 2.0793531825754323 
-0.2008562097506534 2.0793531825754323 
-0.20025784969875382 2.2063354544920477 
-0.19996488362235276 2.2568658320278856 
-0.20012807041783068 2.3584385956822866 
-0.20012807041783068 2.3584385956822866 
-0.20012807041783068 2.3584385956822866 
-0.20012807041783068 2.3584385956822866 
-0.20012807041783068 2.3584385956822866 
-0.20012807041783068 2.3584385956822866 
-0.20012807041783068 2.3584385956822866 
-0.20012807041783068 2.3584385956822866 
-0.20012807041783068 2.3584385956822866 
-0.20012807041783068 2.3584385956822866 
-0.20005417685150947 2.458893863006267 
-0.20005417685150947 2.458893863006267 
-0.20008356839735347 2.4667182136811983 
-0.20008356839735347 2.4667182136811983 
-0.20008356839735347 2.4667182136811983 
-0.20008356839735347 2.4667182136811983 
-0.20008356839735347 2.4667182136811983 
-0.20008356839735347 2.4667182136811983 
-0.20099044727908258 2.471149132998953 
-0.20099044727908258 2.471149132998953 
-0.20099044727908258 2.471149132998953 
-0.20099044727908258 2.471149132998953 
-0.20099044727908258 2.471149132998953 
-0.20099044727908258 2.471149132998953 
-0.20099044727908258 2.471149132998953 
-0.20063019593075965 2.4459988646916666 
-0.20065386369003388 2.4463379325036305 
-0.20065386369003388 2.4463379325036305 
-0.20062855896028647 2.446574257424264 
-0.20062855896028647 2.446574257424264 
-0.20062855896028647 2.446574257424264 
-0.20062855896028647 2.446574257424264 
-0.20062855896028647 2.446574257424264 
-0.20062855896028647 2.446574257424264 
-0.20062855896028647 2.446574257424264 
-0.20062855896028647 2.446574257424264 
-0.20081352379161452 2.455144530689758 
-0.20081352379161452 2.455144530689758 
-0.20081352379161452 2.455144530689758 
-0.20081352379161452 2.455144530689758 
-0.20081352379161452 2.455144530689758 
-0.20081352379161452 2.455144530689758 
-0.20080447560743145 2.4541752246656285 
-0.20080447560743145 2.4541752246656285 
-0.20080447560743145 2.4541752246656285 
-0.20080447560743145 2.4541752246656285 
-0.20080447560743145 2.4541752246656285 
-0.20069068974899867 2.457160996488176 
-0.20070383481511817 2.4563321393334943 
-0.20070169268875343 2.455409875428022 
-0.20070169268875343 2.455409875428022 
-0.20070169268875343 2.455409875428022 
-0.20060314496400827 2.464777284104574 
-0.20055831762495582 2.465741590980383 
-0.20055831762495582 2.465741590980383 
-0.20055831762495582 2.465741590980383 
-0.20055831762495582 2.465741590980383 
-0.20055831762495582 2.465741590980383 
-0.20060812278656381 2.4721457821806814 
-0.20060812278656381 2.4721457821806814 
-0.20060812278656381 2.4721457821806814 
-0.20066120333752333 2.4687872202361345 
-0.2007743183310972 2.454618505938215 
-0.20072574299867416 2.451035120727103 
-0.20072574299867416 2.451035120727103 
-0.20081878991322866 2.4387942440820654 
-0.20081878991322866 2.4387942440820654 
-0.20081878991322866 2.4387942440820654 
-0.2008744374242582 2.45383896728354 
-0.2009097884855489 2.4493810424005042 
-0.20094483976044292 2.4382282590217983 
-0.20089453202033333 2.447796207758119 
-0.20089453202033333 2.447796207758119 
-0.20086961889283628 2.451953866528866 
-0.20085350866724452 2.449565207408057 
-0.20086759732079001 2.4556157091746726 
-0.20086759732079001 2.4556157091746726 
-0.20086759732079001 2.4556157091746726 
-0.2008621137434218 2.4543321220483887 
-0.20084624852413482 2.455532296244874 
-0.20084624852413482 2.455532296244874 
-0.20072108819637421 2.4521485665260156 
-0.20083764129754617 2.458243760609093 
-0.2008739067165222 2.447011555815601 
-0.20090536740583745 2.4372674823894243 
-0.20090129334851992 2.4443916814054445 
-0.20090129334851992 2.4443916814054445 
-0.20094905288286735 2.437809008098573 
-0.20091973463279733 2.4529455564294183 
-0.20087825850772553 2.4553952465611184 
-0.20089543369075838 2.451703191816746 
-0.2009199426725177 2.4496972275776017 
-0.2009236374123979 2.4501889226939118 
-0.20096787954059134 2.449218056138053 
-0.20092596691357056 2.446425926337569 
-0.20092697369780788 2.4468354918197837 
-0.20092697369780788 2.4468354918197837 
-0.2009343933697154 2.455262970707142 
-0.200952572995879 2.45419825748713 
-0.20095436104804312 2.455360301722543 
-0.20095436104804312 2.455360301722543 
-0.20095607571170485 2.4555705898653684 
-0.20093983061628617 2.4490143640703472 
-0.2009384484845925 2.4489604208086817 
-0.2009384484845925 2.4489604208086817 
-0.2009212295364438 2.45072754665545 
-0.20089759258508183 2.4502826101480557 
-0.20088217887356533 2.4542159069413203 
-0.20079933314479112 2.4572017063083607 
-0.2007831135200783 2.4553923501591752 
-0.20084466330253267 2.4556109049960964 
-0.20084466330253267 2.4556109049960964 
-0.20084466330253267 2.4556109049960964 
-0.20078336666230204 2.4525178475363827 
-0.20067112038761595 2.4591715994255354 
-0.20067722636459254 2.455956981150895 
-0.2006724008558883 2.4584974703346147 
-0.20067344122510464 2.458593564339326 
-0.2007874481097161 2.4529743224571714 
-0.20062370864579782 2.4535914427123156 
-0.2007835231522945 2.45873342712546 
-0.2008054843921891 2.460463677369455 
-0.2007776605803518 2.461454730833836 
-0.200808822573486 2.4619618461530046 
-0.20070968309848283 2.4495069353522907 
-0.20052250429273624 2.454574231008905 
-0.200685879369826 2.4623870725931365 
-0.200685879369826 2.4623870725931365 
