-0.13405299335317494 1.6499964539525125 
-0.13407682411911095 1.6500017061936088 
-0.13407864960104499 1.6500035296150748 
-0.13417572446410808 1.6500744563246879 
-0.1342095479985224 1.650072149475474 
-0.13436928383363414 1.6501689460126037 
-0.13436928383363414 1.6501689460126037 
-0.13438348818626056 1.650228730372323 
-0.13455323755019755 1.6505436659132509 
-0.13457120652420224 1.650570185527414 
-0.13457120652420224 1.650570185527414 
-0.13457120652420224 1.650570185527414 
-0.1346093705328916 1.6508903842120672 
-0.13466213517251646 1.6510112160723613 
-0.13466213517251646 1.6510112160723613 
-0.13480620232965576 1.6513411330843062 
-0.13480620232965576 1.6513411330843062 
-0.1349245606109531 1.651167181415967 
-0.13494600223338518 1.65121823699035 
-0.13494600223338518 1.65121823699035 
-0.1350586593753196 1.6503197305661539 
-0.13509760202263613 1.6501949373779792 
-0.13509760202263613 1.6501949373779792 
-0.13509760202263613 1.6501949373779792 
-0.13509760202263613 1.6501949373779792 
-0.1356334216095044 1.6502885529507458 
-0.1357723985335679 1.6506029494681846 
-0.1357723985335679 1.6506029494681846 
-0.13677711765113632 1.6482223976379606 
-0.13677711765113632 1.6482223976379606 
-0.13677711765113632 1.6482223976379606 
-0.13735323951731657 1.6476338338102043 
-0.13735323951731657 1.6476338338102043 
-0.13735323951731657 1.6476338338102043 
-0.1398786462078958 1.652261429836579 
-0.1398786462078958 1.652261429836579 
-0.14119111508333454 1.6538908708919828 
-0.14119111508333454 1.6538908708919828 
-0.14119111508333454 1.6538908708919828 
-0.14119111508333454 1.6538908708919828 
-0.14255899025339605 1.6502299086644765 
-0.14258415001833327 1.6517318645443546 
-0.14258415001833327 1.6517318645443546 
-0.14258415001833327 1.6517318645443546 
-0.14258415001833327 1.6517318645443546 
-0.14284811410488782 1.6483868958033907 
-0.1436344699550776 1.653474573547877 
-0.1439374745062511 1.655448126042746 
-0.1441243740412128 1.6808739288532477 
-0.1441243740412128 1.6808739288532477 
-0.1441243740412128 1.6808739288532477 
-0.1441243740412128 1.6808739288532477 
-0.1441243740412128 1.6808739288532477 
-0.14581084325159002 1.5840007492830612 
-0.14674448586600614 1.5325544429848894 
-0.14649855356583286 1.4652053083010381 
-0.14656091796195925 1.464950209876941 
-0.14736706653610507 1.4293778946599764 
-0.14736706653610507 1.4293778946599764 
-0.1504142709813368 1.1669717891888816 
-0.1504142709813368 1.1669717891888816 
-0.1496421506823662 1.172942342553501 
-0.15011424599342393 1.1167113936185127 
-0.15011424599342393 1.1167113936185127 
-0.15011424599342393 1.1167113936185127 
-0.15011424599342393 1.1167113936185127 
-0.15087488142807992 1.0322039863832901 
-0.15087488142807992 1.0322039863832901 
-0.15087488142807992 1.0322039863832901 
-0.15087488142807992 1.0322039863832901 
-0.15087488142807992 1.0322039863832901 
-0.15087488142807992 1.0322039863832901 
-0.15262203394314208 0.8375283986063851 
-0.1538150402892126 0.7729142341700088 
-0.1538150402892126 0.7729142341700088 
-0.1538150402892126 0.7729142341700088 
-0.1538150402892126 0.7729142341700088 
-0.15325361716037944 0.7146163509519472 
-0.1536670835156201 0.6569972830940749 
-0.1536670835156201 0.6569972830940749 
-0.1536670835156201 0.6569972830940749 
-0.1536670835156201 0.6569972830940749 
-0.15362478469967122 0.5986311529140761 
-0.15362478469967122 0.5986311529140761 
-0.15362478469967122 0.5986311529140761 
-0.15416809324725975 0.5778797494756177 
-0.15416809324725975 0.5778797494756177 
-0.15420238512597303 0.5643386594552134 
-0.15442695099718143 0.5380439858568821 
-0.15442695099718143 0.5380439858568821 
-0.1542523077121194 0.5364397630706913 
-0.15463707281592315 0.5242554299960738 
-0.15475967991717876 0.5225815699264493 
-0.15472117876564098 0.5008950404931869 
-0.15472117876564098 0.5008950404931869 
-0.15400127912857664 0.5081376501960826 
-0.15424673768965408 0.5259123202877627 
-0.15424673768965408 0.5259123202877627 
-0.15424673768965408 0.5259123202877627 
-0.15480818986730685 0.4898896100560758 
-0.15503014210585428 0.49053264967945864 
-0.15503014210585428 0.49053264967945864 
-0.15504212299713965 0.489604997986009 
-0.15501201161207365 0.4942077291597123 
-0.15494499898563271 0.5000380286139291 
-0.15494499898563271 0.5000380286139291 
-0.1552076169894819 0.4901052338341544 
-0.15522040723686092 0.486452475928549 
-0.15522040723686092 0.486452475928549 
-0.1552646208754933 0.4773188525236887 
-0.15526184197031348 0.4790640098584034 
-0.15526184197031348 0.4790640098584034 
-0.15526184197031348 0.4790640098584034 
-0.15526184197031348 0.4790640098584034 
-0.15526184197031348 0.4790640098584034 
-0.15500145809424873 0.45676860267979147 
-0.15504524841340042 0.4450362270438345 
-0.15504524841340042 0.4450362270438345 
-0.15508638445156456 0.4457227416983825 
-0.15476599370214783 0.4603243011851339 
-0.15480005737297362 0.47121685382299994 
-0.15507190812507396 0.45633832324436535 
-0.15506586150661006 0.45858437151191 
-0.15506586150661006 0.45858437151191 
-0.1550006286200393 0.45049751107156094 
-0.1550006286200393 0.45049751107156094 
-0.15502531545089396 0.4522472231924695 
-0.15501478876807862 0.4498656217644784 
-0.15466659526238188 0.474108926490367 
-0.1549015157608159 0.463582690137189 
-0.1548804343408645 0.4603412506561573 
-0.1549613422018061 0.4435153953374223 
-0.1548777819445648 0.44573942051565896 
-0.15485458485170223 0.44785599123690745 
-0.15483662732603107 0.47881996297455276 
-0.15483662732603107 0.47881996297455276 
-0.15484517062206496 0.4772218094658184 
-0.15484517062206496 0.4772218094658184 
-0.15484517062206496 0.4772218094658184 
-0.15480090945257266 0.4850656252988771 
-0.154850956855411 0.4821429429131865 
-0.154850956855411 0.4821429429131865 
-0.15499747326373683 0.4717253229751264 
-0.15501573896176546 0.4733030995676968 
-0.15501573896176546 0.4733030995676968 
-0.15501573896176546 0.4733030995676968 
-0.15501573896176546 0.4733030995676968 
-0.1551472677700288 0.4714658074063463 
-0.1551681054129521 0.47541389588044125 
-0.15497691989946596 0.48810773716542066 
-0.1551323598139799 0.4579274358363921 
-0.15514112844594322 0.4570007031097437 
-0.1549505140969648 0.47100783298519344 
-0.1549505140969648 0.47100783298519344 
-0.15494463611918854 0.468653178612775 
-0.15494463611918854 0.468653178612775 
-0.15498006542653794 0.4930275327464209 
-0.15489763131104975 0.5152523022567088 
-0.15489447771598663 0.5385709397839221 
-0.15494302376736135 0.48199858673792567 
-0.15494302376736135 0.48199858673792567 
-0.15531116620635188 0.45035896325331903 
-0.15528863197194775 0.4564194205513059 
-0.15528863197194775 0.4564194205513059 
-0.15523079595873115 0.4509450533041047 
-0.15523079595873115 0.4509450533041047 
-0.15523079595873115 0.4509450533041047 
-0.15523322423847055 0.4475062821354931 
-0.1553001186240893 0.43877701333827956 
-0.15526215384387076 0.44795762605289735 
-0.1552695312001323 0.4461555520686519 
-0.15532516755930081 0.43892615479474806 
-0.15513896151708884 0.4224265114423815 
-0.15516198828086147 0.42973048872104647 
-0.15516198828086147 0.42973048872104647 
-0.15525345789688808 0.4472543253600105 
-0.15516092480775504 0.43539609030105675 
-0.15516092480775504 0.43539609030105675 
-0.1551244057314821 0.4255008793880194 
-0.15514515243576754 0.4257769307371929 
-0.15512293949473296 0.42638986142052726 
-0.15532410475806468 0.4196957603614101 
-0.15532410475806468 0.4196957603614101 
-0.15535960669183477 0.4186226194678269 
-0.15541856253257463 0.42158926074586095 
-0.1556172644287872 0.4157533871103018 
-0.1557484031286156 0.415636116579624 
-0.1557484031286156 0.415636116579624 
-0.15547879402930917 0.41333868236278287 
-0.1557679901832299 0.4172781076297605 
-0.1557679901832299 0.4172781076297605 
-0.1557491803462964 0.41790065835034546 
-0.15553000045053325 0.4178070890335065 
-0.15556438998075645 0.4140504672473535 
-0.1553493662865508 0.4110808773330481 
-0.15549976208593497 0.4087662059274768 
-0.15559839568585668 0.4123908073834035 
-0.15559839568585668 0.4123908073834035 
-0.15559839568585668 0.4123908073834035 
-0.1562376432402857 0.40599151386724414 
-0.1562376432402857 0.40599151386724414 
-0.15614313867537896 0.40699150636202097 
-0.15643413784590648 0.4084147492872217 
-0.15643413784590648 0.4084147492872217 
-0.15643413784590648 0.4084147492872217 
-0.15656490715177154 0.4103245352342624 
-0.15628520966864393 0.4061476087507338 
-0.15628520966864393 0.4061476087507338 
-0.15628520966864393 0.4061476087507338 
-0.15628520966864393 0.4061476087507338 
-0.1561778130445647 0.406448396050419 
-0.15594075388982312 0.4055396568856674 
-0.15558698512287505 0.4073123784855265 
-0.15579157784870987 0.40390771948407206 
-0.15579157784870987 0.40390771948407206 
-0.15561333813566852 0.4035241391669043 
-0.15561333813566852 0.4035241391669043 
-0.1556356503220721 0.40336119146397287 
-0.1556356503220721 0.40336119146397287 
-0.15522202930328138 0.4044632434237934 
-0.15520767916695605 0.4083126422144059 
-0.15523165081567836 0.40107380342552607 
-0.15523165081567836 0.40107380342552607 
-0.15523165081567836 0.40107380342552607 
-0.15523165081567836 0.40107380342552607 
-0.15523165081567836 0.40107380342552607 
-0.15523165081567836 0.40107380342552607 
-0.15523165081567836 0.40107380342552607 
-0.15523165081567836 0.40107380342552607 
-0.15523165081567836 0.40107380342552607 
-0.15523165081567836 0.40107380342552607 
-0.15523165081567836 0.40107380342552607 
-0.15523165081567836 0.40107380342552607 
-0.15523165081567836 0.40107380342552607 
-0.15523165081567836 0.40107380342552607 
-0.1552374284137761 0.4015219839217016 
-0.1552374284137761 0.4015219839217016 
-0.15526873664168114 0.4029711543794707 
-0.15527595277384842 0.4027979506681155 
-0.15527595277384842 0.4027979506681155 
-0.15524309781971807 0.4026623369893254 
-0.15509374911520987 0.40166553299299496 
-0.15511356351047814 0.4021332790805311 
-0.15513420751287935 0.4003529386139544 
-0.15513420751287935 0.4003529386139544 
-0.15513420751287935 0.4003529386139544 
-0.15513420751287935 0.4003529386139544 
-0.15513420751287935 0.4003529386139544 
-0.15502371433739714 0.40194617089035045 
-0.15479947230420485 0.4018017146911718 
-0.15479947230420485 0.4018017146911718 
-0.15479947230420485 0.4018017146911718 
-0.15482422121734252 0.40187994799547694 
-0.15459357270755195 0.4018745362584433 
-0.15459357270755195 0.4018745362584433 
-0.15459357270755195 0.4018745362584433 
-0.15469097131001505 0.4132141082823036 
-0.15469097131001505 0.4132141082823036 
-0.15469097131001505 0.4132141082823036 
-0.15470170855769078 0.41314278959317363 
-0.15477966414651817 0.4122183256798741 
-0.15444135869775188 0.4053987488586049 
-0.15444135869775188 0.4053987488586049 
-0.15444135869775188 0.4053987488586049 
-0.15485386253405303 0.41453740340729883 
-0.15485386253405303 0.41453740340729883 
-0.15485828349094016 0.414119827650219 
-0.1546786879232738 0.4186290352857468 
-0.15514246227726872 0.4182398068488587 
-0.1549733940807559 0.42245760932392906 
-0.1549733940807559 0.42245760932392906 
-0.15471909108886933 0.4175190806148884 
-0.15474014748647497 0.4142575928209553 
-0.1547510632060472 0.4144192408844679 
-0.15469911478826426 0.4139361671244482 
-0.15469911478826426 0.4139361671244482 
-0.15469911478826426 0.4139361671244482 
-0.15461277568296963 0.41154941093475667 
-0.15438092666081163 0.4027753216454557 
-0.1545223246576308 0.40812638432353854 
-0.15438942445030635 0.40867278674742746 
-0.15478073968451922 0.4151607248399496 
-0.15516796274552913 0.4144938119329849 
-0.15519569694046656 0.4155178070721392 
-0.1552038522115386 0.4163286403359339 
-0.15521595418402281 0.4189172692683747 
-0.15516549916042138 0.42334714714666444 
-0.155164858747245 0.4312044301960364 
-0.15528842009278718 0.42305050929835364 
-0.15531679337428125 0.42344962315378454 
-0.15525820516311986 0.42491191944647677 
-0.15523418886570062 0.4202517809269533 
-0.15513142138067226 0.4193480516982195 
-0.1550110776259574 0.4173998184297192 
-0.1550110776259574 0.4173998184297192 
-0.1551501522937138 0.4154984689539736 
-0.15501428914252735 0.4089918416320313 
-0.1551816789033617 0.4099002863612958 
-0.1551816789033617 0.4099002863612958 
-0.15525286008878955 0.4094932660802254 
