-0.13398516709983804 1.649886799445341 
-0.13398516709983804 1.649886799445341 
-0.13398130223292096 1.6498684708574671 
-0.1340458901681523 1.649723939619161 
-0.1340264844910906 1.6496889594326432 
-0.1340264844910906 1.6496889594326432 
-0.13401246151906743 1.649714950044924 
-0.13404516940458475 1.6495796009942925 
-0.13413324164933205 1.6492438864334087 
-0.13414464352056504 1.6490390186816688 
-0.13414464352056504 1.6490390186816688 
-0.13414464352056504 1.6490390186816688 
-0.13414464352056504 1.6490390186816688 
-0.13414464352056504 1.6490390186816688 
-0.13425008104318706 1.6494276103703989 
-0.1343130386192154 1.648762659872856 
-0.13431315619352194 1.6487649914820708 
-0.13433448611274457 1.6489339644095655 
-0.1343455617879705 1.6487967949146707 
-0.13436481502412453 1.64871465652807 
-0.13630969906988918 1.6480370311064039 
-0.13630969906988918 1.6480370311064039 
-0.13718959025653518 1.647988383659917 
-0.13726341495705566 1.645668717649174 
-0.13858481976976691 1.6437095774250072 
-0.13874063987040883 1.642398808235878 
-0.14052350328033286 1.6419169576345645 
-0.14092500651552017 1.641076185441676 
-0.14092500651552017 1.641076185441676 
-0.14092500651552017 1.641076185441676 
-0.14092500651552017 1.641076185441676 
-0.1409369775533927 1.6408195167358937 
-0.1409369775533927 1.6408195167358937 
-0.14179492772801958 1.642933971042246 
-0.14179492772801958 1.642933971042246 
-0.14179492772801958 1.642933971042246 
-0.14179492772801958 1.642933971042246 
-0.14179492772801958 1.642933971042246 
-0.1451301655366149 1.638732406827014 
-0.1451301655366149 1.638732406827014 
-0.1451301655366149 1.638732406827014 
-0.1451301655366149 1.638732406827014 
-0.1451301655366149 1.638732406827014 
-0.14610165402303996 1.6369401086994044 
-0.14610165402303996 1.6369401086994044 
-0.1466208252880795 1.6305588283029966 
-0.1466208252880795 1.6305588283029966 
-0.14665675730721664 1.613183296801193 
-0.14665675730721664 1.613183296801193 
-0.14672723346795685 1.6042883411176918 
-0.1467202756024108 1.6039704336846008 
-0.1467202756024108 1.6039704336846008 
-0.1467202756024108 1.6039704336846008 
-0.14673035346367796 1.6032761533207824 
-0.14625403434207987 1.6030511134177279 
-0.14756562538191326 1.4931082520467038 
-0.14949095104486282 1.2880763479925466 
-0.14949095104486282 1.2880763479925466 
-0.14923211240820314 1.2721352703211153 
-0.14923211240820314 1.2721352703211153 
-0.14923211240820314 1.2721352703211153 
-0.15116894023676386 1.1460648224194787 
-0.15156717104746983 1.1327970458867336 
-0.15156717104746983 1.1327970458867336 
-0.15156717104746983 1.1327970458867336 
-0.15156717104746983 1.1327970458867336 
-0.15156717104746983 1.1327970458867336 
-0.1523057799385498 0.9461388119606784 
-0.1523057799385498 0.9461388119606784 
-0.15374973221940208 0.8094899519036861 
-0.155843779648026 0.6146528709372492 
-0.155843779648026 0.6146528709372492 
-0.155843779648026 0.6146528709372492 
-0.15647016547216058 0.5455725096148794 
-0.15647016547216058 0.5455725096148794 
-0.15647016547216058 0.5455725096148794 
-0.15583869536125353 0.5810866481556615 
-0.15583869536125353 0.5810866481556615 
-0.15583230203686513 0.5817784431903332 
-0.15583230203686513 0.5817784431903332 
-0.15676800988491543 0.5184475557017567 
-0.15734424355737864 0.46890786403049184 
-0.15734424355737864 0.46890786403049184 
-0.1574322135530688 0.4635654045778976 
-0.15638064636784188 0.4375004552450241 
-0.15627488899807868 0.4354190039786836 
-0.15627488899807868 0.4354190039786836 
-0.15615360154161786 0.4436204166975575 
-0.15615360154161786 0.4436204166975575 
-0.15615007206127632 0.44268048623118506 
-0.15667789180971037 0.41748687615803026 
-0.15667789180971037 0.41748687615803026 
-0.15667789180971037 0.41748687615803026 
-0.15684229956816512 0.4153317151720276 
-0.15684229956816512 0.4153317151720276 
-0.15684229956816512 0.4153317151720276 
-0.15726213702684422 0.40994148752010945 
-0.15603590586471877 0.4765126686770129 
-0.15594393656806735 0.47583943190155853 
-0.15590025142246244 0.4673340609981732 
-0.15567816210278107 0.4629926700043655 
-0.15567816210278107 0.4629926700043655 
-0.15620041544246813 0.4293928576948579 
-0.15615201545969787 0.4340689834481254 
-0.15592009708791316 0.4356498980475782 
-0.15602321537705494 0.4276866323951128 
-0.15599591090390125 0.4110370327509053 
-0.1556853931527623 0.4153152989601898 
-0.15583526629222422 0.41485661728207696 
-0.15583112579740763 0.41053773515569003 
-0.1557236061042256 0.4095649735249938 
-0.15571428418319436 0.4089025016745985 
-0.15607161179651755 0.4024740120383947 
-0.15588079755782283 0.404473191766523 
-0.15588079755782283 0.404473191766523 
-0.1556831208912931 0.41383057013565144 
-0.15561345052011233 0.41547387181323747 
-0.1560150591275547 0.4124892492213502 
-0.1560150591275547 0.4124892492213502 
-0.1560150591275547 0.4124892492213502 
-0.15624263516748516 0.4093737123496009 
-0.1559504833889694 0.40706444376916684 
-0.1559504833889694 0.40706444376916684 
-0.1559504833889694 0.40706444376916684 
-0.1560552222713568 0.40097517325026655 
-0.15544323285226075 0.41846826749953675 
-0.15544323285226075 0.41846826749953675 
-0.1552709595650933 0.4234612122090807 
-0.1552709595650933 0.4234612122090807 
-0.1552709595650933 0.4234612122090807 
-0.15528853210966226 0.4224244852517007 
-0.15516605279320908 0.43298400420054783 
-0.15535622650994776 0.4219500836517863 
-0.15535622650994776 0.4219500836517863 
-0.15536465279026848 0.42232112996636945 
-0.15527112301289211 0.42810718933704445 
-0.15527744123262965 0.422730828349833 
-0.15519361649146288 0.42302486678301177 
-0.15516592753034483 0.4158353007746559 
-0.15522361934657594 0.41713443860036586 
-0.15532730451101862 0.42408807291468503 
-0.1556736267909256 0.4340714179153245 
-0.1556736267909256 0.4340714179153245 
-0.15541489197656252 0.41980449821758253 
-0.15541414090784525 0.41976236353141744 
-0.15541414090784525 0.41976236353141744 
-0.15539571215602932 0.4191907544556357 
-0.15537611271349663 0.4207745275944007 
-0.15524485190878104 0.42727320704589494 
-0.15524485190878104 0.42727320704589494 
-0.1554070449390575 0.4293743407105462 
-0.1554070449390575 0.4293743407105462 
-0.1551611492822273 0.4215954644663724 
-0.1551611492822273 0.4215954644663724 
-0.155155404908411 0.4238730146236486 
-0.15507457164545732 0.4261030507389329 
-0.15516156962053862 0.43666711916908396 
-0.15516156962053862 0.43666711916908396 
-0.1548612124080373 0.4552840433375819 
-0.15481952260940415 0.4632132910288874 
-0.15474667296175823 0.43835543296988894 
-0.1550201126646468 0.4543732007256673 
-0.15493696444456018 0.45916903045731927 
-0.15493696444456018 0.45916903045731927 
-0.15493696444456018 0.45916903045731927 
-0.1551649024750667 0.47344629426500595 
-0.15552308473383994 0.44522449261656305 
-0.15526454044175447 0.43419656877361856 
-0.15526454044175447 0.43419656877361856 
-0.15526454044175447 0.43419656877361856 
-0.15466928102333902 0.43834462234965726 
-0.15476263323732187 0.43513211941244373 
-0.15475488025354805 0.4374654820651829 
-0.1544601902420658 0.4557767404268923 
-0.1544601902420658 0.4557767404268923 
-0.1544601902420658 0.4557767404268923 
-0.1547719030492227 0.434347564349671 
-0.15452760373384095 0.4516414033464443 
-0.15453297313195735 0.45047165464940087 
-0.15464178795910116 0.4483936750124229 
-0.15464178795910116 0.4483936750124229 
-0.15464178795910116 0.4483936750124229 
-0.15392131908536 0.47763391014442563 
-0.15382298567687702 0.4819939248825549 
-0.15440519696746824 0.4595791112164377 
-0.1542944485158454 0.46477008906772876 
-0.15441681804291799 0.47152950457677617 
-0.1546929747976253 0.4535412793439445 
-0.1546929747976253 0.4535412793439445 
-0.1546929747976253 0.4535412793439445 
-0.15447153159835736 0.46312554971366826 
-0.15429958737359323 0.4717554645366984 
-0.15420814338610583 0.4997791660303823 
-0.15420814338610583 0.4997791660303823 
-0.15455069883039468 0.4598263230409801 
-0.15453052337956724 0.4614083854809768 
-0.15453052337956724 0.4614083854809768 
-0.1545722869589142 0.45791972490521476 
-0.1546091299596164 0.4553454523951354 
-0.1545814545221745 0.46274985046504113 
-0.1547254372661756 0.45374013895329746 
-0.1547254372661756 0.45374013895329746 
-0.1547254372661756 0.45374013895329746 
-0.1547254372661756 0.45374013895329746 
-0.15473742113243205 0.4551371919495712 
-0.1548084895200846 0.43527082497540476 
-0.1548084895200846 0.43527082497540476 
-0.15484382509966937 0.43329869320058767 
-0.15486587850840366 0.4321165470111089 
-0.15493177581935 0.4299545732757543 
-0.1549299021248387 0.43109920527337015 
-0.1549299021248387 0.43109920527337015 
-0.1551475166752489 0.4202087948239167 
-0.15522194226537556 0.4171852575237271 
-0.15530370886478692 0.42880108940655876 
-0.15529442243866914 0.43158482125380637 
-0.15529442243866914 0.43158482125380637 
-0.15513914692345696 0.41822783379164535 
-0.15529550756708896 0.4234276286486576 
-0.1551346961824396 0.41802796531250397 
-0.15526001179614274 0.4170192438920114 
-0.155263283684072 0.41704108237754495 
-0.1552080758333679 0.4261681641558673 
-0.1552348717088041 0.43329018805195757 
-0.15520541470270288 0.4362273200501317 
-0.1552476747821181 0.43844118525751924 
-0.1552476747821181 0.43844118525751924 
-0.15522062639042572 0.4438612955338199 
-0.15523579847114338 0.46923911497946547 
-0.15514221892021637 0.45743214900213097 
-0.1550857598154031 0.4634299659561686 
-0.15499055669787834 0.477426146853997 
-0.15520535609409816 0.44392392559420746 
-0.15517249926675927 0.45839965698392304 
-0.1551617169918714 0.45585248282002044 
-0.15516732648919773 0.4465031510299299 
-0.15516732648919773 0.4465031510299299 
-0.1550866462941383 0.45667282004840315 
-0.1550948669955701 0.4578004395621279 
-0.15501509069010408 0.4459429459078638 
-0.15501464925923408 0.4461524952154938 
-0.15517132082870672 0.46960429448776086 
-0.15517132082870672 0.46960429448776086 
-0.15509447784950214 0.45527684850521744 
-0.15509447784950214 0.45527684850521744 
-0.15509447784950214 0.45527684850521744 
-0.15521873592553065 0.4380856223347779 
-0.15530857938470183 0.43344218770560866 
-0.15530857938470183 0.43344218770560866 
-0.1553193627296632 0.4342495429133759 
-0.15522951132345744 0.4206247638385695 
-0.15507551002759185 0.43337352409228747 
-0.15507551002759185 0.43337352409228747 
-0.1550927531108101 0.4193411895212036 
-0.15506372788101144 0.4189003292741179 
-0.155080912138906 0.4233658820005472 
-0.1550986822774847 0.4262403234593764 
-0.1550986822774847 0.4262403234593764 
-0.15516320914879145 0.42614842273413067 
-0.15519656150434574 0.42658407632752954 
-0.15519892629244467 0.4266319493413486 
-0.15508631539628412 0.4300033057949912 
-0.15508631539628412 0.4300033057949912 
-0.15512013055408924 0.418095525149087 
-0.15518466079087598 0.4176345853279503 
-0.1551884029834892 0.4217099251286337 
-0.15484188295548898 0.41533678863146795 
-0.1547231608233326 0.4040038866390793 
-0.15437379846618543 0.40372319381991356 
-0.15437379846618543 0.40372319381991356 
-0.15437760255127914 0.4037233878726066 
-0.15437760255127914 0.4037233878726066 
-0.15411948132644346 0.402166026150634 
-0.15437339704478525 0.4070781402569929 
-0.1544876947867804 0.4053241313924544 
-0.15442703616513037 0.40323308035536043 
-0.1548480627402626 0.40341385805274016 
-0.1548480627402626 0.40341385805274016 
-0.15483407410790231 0.4080207124985907 
-0.15493558392375326 0.40633910901183456 
-0.15494095905485558 0.40652692357649367 
-0.15484667670433544 0.4066539372382573 
-0.15484667670433544 0.4066539372382573 
-0.15484667670433544 0.4066539372382573 
-0.155079966729782 0.40686297732634447 
-0.155079966729782 0.40686297732634447 
-0.155079966729782 0.40686297732634447 
-0.15505115835329245 0.4065676495558611 
-0.15513569292529647 0.40503685175786625 
-0.15520320799110218 0.40379959790807374 
-0.15520320799110218 0.40379959790807374 
-0.15520320799110218 0.40379959790807374 
-0.15520320799110218 0.40379959790807374 
-0.15504060994402352 0.40805331157341057 
-0.1550421827176091 0.408053085542178 
-0.1550421827176091 0.408053085542178 
-0.15472555488563422 0.41109608390865854 
-0.15472555488563422 0.41109608390865854 
-0.1550344668501638 0.41020992729546724 
-0.15501340693464247 0.410770875959404 
