-0.134109905040386 1.649941305243699 
-0.1341332050500495 1.6499383421841163 
-0.1341332050500495 1.6499383421841163 
-0.1341332050500495 1.6499383421841163 
-0.1341332050500495 1.6499383421841163 
-0.13416411225060443 1.649948242841117 
-0.1341593968753335 1.6499374819718395 
-0.1347645000330773 1.6502984373971585 
-0.13546580218190846 1.650490549220589 
-0.13546580218190846 1.650490549220589 
-0.13546580218190846 1.650490549220589 
-0.13560665893733254 1.6507507448024816 
-0.13633448538911233 1.6511800489812039 
-0.1363975281034373 1.6512546880300911 
-0.1363975281034373 1.6512546880300911 
-0.1363975281034373 1.6512546880300911 
-0.13809616676471512 1.6513628160770881 
-0.13896804868617185 1.652182199945645 
-0.13896804868617185 1.652182199945645 
-0.13896804868617185 1.652182199945645 
-0.13896804868617185 1.652182199945645 
-0.14166403492735427 1.648843556450376 
-0.1424064832318465 1.6488885006565204 
-0.1424064832318465 1.6488885006565204 
-0.14359839678797548 1.6493615231810337 
-0.14359839678797548 1.6493615231810337 
-0.1441741696092031 1.6498972726540466 
-0.14808714065617642 1.6522178241128729 
-0.14808714065617642 1.6522178241128729 
-0.14808714065617642 1.6522178241128729 
-0.14808714065617642 1.6522178241128729 
-0.14715248975945872 1.6502585439144002 
-0.1469888524419085 1.6546306470101526 
-0.14624857673382677 1.6468947388604362 
-0.14624857673382677 1.6468947388604362 
-0.14624857673382677 1.6468947388604362 
-0.14624857673382677 1.6468947388604362 
-0.14622586938857218 1.6404159239526208 
-0.14622586938857218 1.6404159239526208 
-0.14622586938857218 1.6404159239526208 
-0.1462725785763505 1.6458362155119202 
-0.1462725785763505 1.6458362155119202 
-0.14727089781362226 1.6353771122434348 
-0.14727089781362226 1.6353771122434348 
-0.14727089781362226 1.6353771122434348 
-0.14528060806865017 1.6423223751864928 
-0.14538967027026853 1.644384886758431 
-0.1456109319816936 1.6414536527218144 
-0.1456109319816936 1.6414536527218144 
-0.1456109319816936 1.6414536527218144 
-0.14557663768482026 1.6393192127716254 
-0.14554761462277724 1.6383923376179657 
-0.14549233258560162 1.6391002802241892 
-0.14598464066597677 1.6023576517878322 
-0.14854442060135198 1.4284461257934797 
-0.1483150273077711 1.3887140728254352 
-0.1483150273077711 1.3887140728254352 
-0.1483150273077711 1.3887140728254352 
-0.1483150273077711 1.3887140728254352 
-0.1487836327529954 1.3426413723323412 
-0.14879683303880506 1.342141977865332 
-0.14879683303880506 1.342141977865332 
-0.14879683303880506 1.342141977865332 
-0.14938350709733966 1.261974446391155 
-0.14938350709733966 1.261974446391155 
-0.14938350709733966 1.261974446391155 
-0.1509879863049958 1.122970201973886 
-0.1509879863049958 1.122970201973886 
-0.15362031853867839 0.8437052908647079 
-0.15362031853867839 0.8437052908647079 
-0.15362031853867839 0.8437052908647079 
-0.1541262841848343 0.7809446099982716 
-0.1541262841848343 0.7809446099982716 
-0.15410279011287917 0.7834257855561716 
-0.15415605176526392 0.6796542627687887 
-0.15415605176526392 0.6796542627687887 
-0.15415605176526392 0.6796542627687887 
-0.15588722693267243 0.4826395695537329 
-0.15588722693267243 0.4826395695537329 
-0.15596127504571905 0.4742566258977433 
-0.15645535445886433 0.4240593647697217 
-0.15645535445886433 0.4240593647697217 
-0.15645535445886433 0.4240593647697217 
-0.15616297269593715 0.40855214314214205 
-0.15638054873798876 0.40195581731513197 
-0.15638054873798876 0.40195581731513197 
-0.15638054873798876 0.40195581731513197 
-0.15638054873798876 0.40195581731513197 
-0.15638054873798876 0.40195581731513197 
-0.15638054873798876 0.40195581731513197 
-0.15638054873798876 0.40195581731513197 
-0.15638054873798876 0.40195581731513197 
-0.15638054873798876 0.40195581731513197 
-0.15638054873798876 0.40195581731513197 
-0.15638054873798876 0.40195581731513197 
-0.1555161667026127 0.4086723838145825 
-0.1555161667026127 0.4086723838145825 
-0.1555161667026127 0.4086723838145825 
-0.1555161667026127 0.4086723838145825 
-0.1555161667026127 0.4086723838145825 
-0.1555161667026127 0.4086723838145825 
-0.1555161667026127 0.4086723838145825 
-0.1555161667026127 0.4086723838145825 
-0.15552585939843777 0.40734448265498874 
-0.15552585939843777 0.40734448265498874 
-0.15575123720758796 0.4082657078579319 
-0.15557444499710005 0.4154566514220505 
-0.15555457512344295 0.4159292634437243 
-0.15545151814226252 0.4072114838993619 
-0.15545151814226252 0.4072114838993619 
-0.15545151814226252 0.4072114838993619 
-0.15545592978070177 0.4068470600833395 
-0.15545592978070177 0.4068470600833395 
-0.15534209451104447 0.41871449108762154 
-0.15534209451104447 0.41871449108762154 
-0.15543359397911147 0.42718944673997944 
-0.1557149782362708 0.41183228723538085 
-0.15564881027903038 0.40992819357597116 
-0.15566485598366678 0.40756563031983767 
-0.1555495982435108 0.41134773861492524 
-0.15546245352412608 0.41860199696040634 
-0.15548925134699526 0.4184347365105019 
-0.15548925134699526 0.4184347365105019 
-0.15549014022254457 0.4184529122690945 
-0.1553196692310277 0.4195554561965469 
-0.1553196692310277 0.4195554561965469 
-0.1553196692310277 0.4195554561965469 
-0.15535817106441127 0.41629278391895314 
-0.15513864856664877 0.42146481165684613 
-0.15531339425855514 0.4158460478175094 
-0.15531339425855514 0.4158460478175094 
-0.15531339425855514 0.4158460478175094 
-0.15541730028525103 0.41468281291056497 
-0.15535530812797602 0.4091811895066007 
-0.15529686998180892 0.4084263117719011 
-0.15529686998180892 0.4084263117719011 
-0.15531443318608534 0.40927555438276625 
-0.1553439372586934 0.4136212628675175 
-0.15530674457131877 0.4138369160150071 
-0.15524949069604194 0.41325810946432784 
-0.15528955709551123 0.41291072282943997 
-0.15500275969860183 0.40439561046480293 
-0.15502604707532552 0.4073398869728196 
-0.15506361306008767 0.4037666991761111 
-0.15506361306008767 0.4037666991761111 
-0.15506361306008767 0.4037666991761111 
-0.1551237664314541 0.40651168261857556 
-0.15510121339579824 0.4080622002985515 
-0.15478348612154363 0.4117504359785724 
-0.15468546922855309 0.4103738894792401 
-0.15457966155463831 0.4016788295546071 
-0.15457966155463831 0.4016788295546071 
-0.15469330296469205 0.4012172939778113 
-0.15469330296469205 0.4012172939778113 
-0.15469330296469205 0.4012172939778113 
-0.15469330296469205 0.4012172939778113 
-0.15469396050951767 0.4032934076854604 
-0.1550842158961755 0.40507927103586916 
-0.15543514344455547 0.4039866652140084 
-0.15570608493376156 0.4011960854559464 
-0.15570608493376156 0.4011960854559464 
-0.15570608493376156 0.4011960854559464 
-0.15570608493376156 0.4011960854559464 
-0.15573434876060052 0.4007733671739226 
-0.15573434876060052 0.4007733671739226 
-0.1554070630252788 0.40842808771185135 
-0.15525393484775857 0.4096543611370901 
-0.15515722701629409 0.40860420410658704 
-0.15496136708307223 0.40780079655357687 
-0.15493281403246306 0.4058351231081949 
-0.15502918254768266 0.4052840952611567 
-0.1548868406859195 0.40718933589753076 
-0.15461391415744827 0.42740831633230436 
-0.1548203209130482 0.41986543977721286 
-0.15482790394815651 0.4193329692661905 
-0.15492755962843388 0.4168060715054672 
-0.15508207776442612 0.41377870746143763 
-0.15508120849901544 0.41379615490588184 
-0.15498900463435653 0.42077811638656726 
-0.1549731720363884 0.4278526844101101 
-0.155090557843177 0.41578567487529744 
-0.15512563484649566 0.4204615751072436 
-0.15512563484649566 0.4204615751072436 
-0.15510223401867357 0.42070894548455817 
-0.15482571782931068 0.42585657339087835 
-0.15481154268859149 0.4240253795649288 
-0.15501063542821256 0.4136903267516219 
-0.15489099768724338 0.41429417981366484 
-0.15456562271000274 0.41693463268519554 
-0.15467500228001682 0.41698043597300777 
-0.1546835934724277 0.4270616687383821 
-0.15480559800822363 0.42568856074831424 
-0.15466687198635717 0.4194696357047934 
-0.15459003169300617 0.41983634566940825 
-0.15459003169300617 0.41983634566940825 
-0.1546200960214149 0.41167585484804675 
-0.15441087492409689 0.4136904663615836 
-0.15444407979342842 0.41201672256261773 
-0.15444407979342842 0.41201672256261773 
-0.1544661660341412 0.41073933427072196 
-0.1544661660341412 0.41073933427072196 
-0.154549664036478 0.4086847733511249 
-0.15463985365230953 0.4047799960306836 
-0.15432102804098546 0.40659499333150106 
-0.15432102804098546 0.40659499333150106 
-0.15432102804098546 0.40659499333150106 
-0.15432102804098546 0.40659499333150106 
-0.15429339171371523 0.4063282251105844 
-0.15429339171371523 0.4063282251105844 
-0.15429339171371523 0.4063282251105844 
-0.1544755893101094 0.4126158191429731 
-0.1544755893101094 0.4126158191429731 
-0.15485513561592903 0.4090581656160405 
-0.15469034240984586 0.4042479249365756 
-0.15469034240984586 0.4042479249365756 
-0.15471981185115782 0.4041179476721799 
-0.15471981185115782 0.4041179476721799 
-0.15471981185115782 0.4041179476721799 
-0.15484819310616513 0.40264422832023194 
-0.15490260792180674 0.4014253615290289 
-0.15490260792180674 0.4014253615290289 
-0.15490260792180674 0.4014253615290289 
-0.15490260792180674 0.4014253615290289 
-0.15490260792180674 0.4014253615290289 
-0.15490260792180674 0.4014253615290289 
-0.15514211529715882 0.4016244037171774 
-0.15514211529715882 0.4016244037171774 
-0.1551496067088762 0.4010702199567536 
-0.1551496067088762 0.4010702199567536 
-0.15525953225615122 0.4024027140557425 
-0.15530180710724958 0.4066067805805118 
-0.1553238201884864 0.4072332037076242 
-0.15525657631086584 0.4028124957087875 
-0.1551955727014729 0.40313947014023344 
-0.1551955727014729 0.40313947014023344 
-0.15526049927941638 0.4028665354710603 
-0.15526199909513969 0.40171496062838297 
-0.15524690471553604 0.4012650314883327 
-0.15523196383964594 0.4013108829237992 
-0.15523196383964594 0.4013108829237992 
-0.15523196383964594 0.4013108829237992 
-0.15518872700646022 0.4034634209020273 
-0.15549855335888108 0.4044627946269118 
-0.15549855335888108 0.4044627946269118 
-0.15556369366119135 0.40511171598445417 
-0.15563699192750943 0.40542404972868384 
-0.15556472648090242 0.40540538466861714 
-0.15552342914217887 0.4041982339831817 
-0.15567767022792334 0.4068741357075319 
-0.1557131376074824 0.4070724062699589 
-0.1557131376074824 0.4070724062699589 
-0.15588687326560463 0.4072040881114493 
-0.15588687326560463 0.4072040881114493 
-0.1559123411009961 0.4066937924227632 
-0.1559123411009961 0.4066937924227632 
-0.15590483558946727 0.4066393496340468 
-0.15581574451650418 0.407778881117884 
-0.15581574451650418 0.407778881117884 
-0.1558523905283907 0.4141800449548577 
-0.15583226239703182 0.4149720247447864 
-0.15563431759351187 0.41266054300593197 
-0.1557093723806353 0.4087753052834547 
-0.15556009235666768 0.4106645839440644 
-0.15567777410305453 0.41153022802855377 
-0.15567777410305453 0.41153022802855377 
-0.15567777410305453 0.41153022802855377 
-0.15594020889868498 0.412248911724887 
-0.15599896027194946 0.40483886199227725 
-0.15598766456305935 0.4054971573863322 
-0.15597715553108124 0.40556798106079067 
-0.15600019290541803 0.40460430717538115 
-0.1560017224435231 0.40455391983276806 
-0.15564640566771637 0.4054759738725579 
-0.15524098653387014 0.4055976869627103 
-0.1552466787445013 0.4058415795777792 
-0.1554654116188252 0.40794996236607534 
-0.155369113710829 0.4104400758316146 
-0.15556628831457558 0.4144811328177803 
-0.15535389076425163 0.41275353403235593 
-0.15535389076425163 0.41275353403235593 
-0.15518900717348663 0.4223118345905101 
-0.15518900717348663 0.4223118345905101 
-0.15518900717348663 0.4223118345905101 
-0.15532940901897718 0.42504837198655326 
-0.1554095525752088 0.42612957962398545 
-0.1554095525752088 0.42612957962398545 
-0.15540456320809437 0.4238675062886297 
-0.15536574253747032 0.42087011434008964 
-0.15536574253747032 0.42087011434008964 
-0.15557038348775706 0.42199624317770745 
-0.15542405773957252 0.42957174647289625 
-0.15542591625288077 0.4296058840494569 
-0.15542520869371737 0.4295662608906046 
-0.15542520869371737 0.4295662608906046 
-0.1550503887929857 0.422527252032248 
-0.15527182011487609 0.42031098070763134 
-0.15542451844774927 0.411714820956956 
-0.15589828304320638 0.41053207741075765 
-0.15589828304320638 0.41053207741075765 
-0.15575624626642842 0.414599105339626 
