-0.13419967114963352 1.650148785168554 
-0.13428604927304152 1.6503049459180164 
-0.13435502127353124 1.6504051837110367 
-0.13435502127353124 1.6504051837110367 
-0.13435502127353124 1.6504051837110367 
-0.13435502127353124 1.6504051837110367 
-0.13462473814054418 1.6506724927245686 
-0.13461865326986713 1.6506603464668583 
-0.13476632729070667 1.6507880480980248 
-0.13476632729070667 1.6507880480980248 
-0.1350030743397327 1.6511102136538676 
-0.1350030743397327 1.6511102136538676 
-0.1351229566262227 1.651259805047123 
-0.1352205210222858 1.6514793150691953 
-0.1352205210222858 1.6514793150691953 
-0.13551763945352802 1.6519134774195 
-0.13551763945352802 1.6519134774195 
-0.13551763945352802 1.6519134774195 
-0.13551763945352802 1.6519134774195 
-0.13551763945352802 1.6519134774195 
-0.13586082627035512 1.6529799476966145 
-0.13625604527713145 1.6555406787102727 
-0.13706097955947769 1.651894647664121 
-0.1381546654263407 1.650988691050057 
-0.1381546654263407 1.650988691050057 
-0.13814234534283573 1.6509909219329943 
-0.13814234534283573 1.6509909219329943 
-0.13814234534283573 1.6509909219329943 
-0.13889218040380125 1.6513080477525706 
-0.13889218040380125 1.6513080477525706 
-0.13955747707280933 1.65131831673389 
-0.1395671200332157 1.652633009833889 
-0.1395671200332157 1.652633009833889 
-0.13973068617281376 1.651222434330418 
-0.13973068617281376 1.651222434330418 
-0.14074143717877935 1.6577213970959157 
-0.1426209667210046 1.6478427516373282 
-0.14277936351978213 1.6487840330281165 
-0.14277936351978213 1.6487840330281165 
-0.14277936351978213 1.6487840330281165 
-0.14319720138529402 1.649613163158043 
-0.14371490802970582 1.6489872693420768 
-0.14407154605966765 1.6313424369400453 
-0.14407154605966765 1.6313424369400453 
-0.14408665227844009 1.636034631245088 
-0.1445474556714995 1.6313920331236031 
-0.1445474556714995 1.6313920331236031 
-0.14515041880044519 1.6082036818194079 
-0.14553648961102075 1.6045887784913069 
-0.14553648961102075 1.6045887784913069 
-0.14584595292497218 1.5968584153141918 
-0.14584447762921335 1.5968396033165826 
-0.14684192577220423 1.5690585187995982 
-0.1470244365254378 1.555054776824129 
-0.14728327834796964 1.507686170200118 
-0.1467314352626483 1.4850892438605603 
-0.1467314352626483 1.4850892438605603 
-0.1468611442056703 1.475380104816024 
-0.14789419720206265 1.4517434588431943 
-0.1498045152719708 1.2878600178317725 
-0.15054370726685026 1.2072388613377227 
-0.15054370726685026 1.2072388613377227 
-0.15054370726685026 1.2072388613377227 
-0.15093247304865556 1.153604322779085 
-0.15093247304865556 1.153604322779085 
-0.15093247304865556 1.153604322779085 
-0.15084787067456668 1.1581117416622204 
-0.15113833213079653 1.0437026732048746 
-0.15113833213079653 1.0437026732048746 
-0.1520093669199686 0.9342262782187516 
-0.1520093669199686 0.9342262782187516 
-0.15243548373707347 0.8838255568964477 
-0.15298798912753747 0.8239204238199392 
-0.15307197371233666 0.8122744494069789 
-0.15307197371233666 0.8122744494069789 
-0.15307197371233666 0.8122744494069789 
-0.15307880775533755 0.6959529718693682 
-0.15305448767352806 0.6841685134026444 
-0.15305448767352806 0.6841685134026444 
-0.15408608054192485 0.46008114223150687 
-0.1548545834740197 0.4570753652948824 
-0.15474768723675478 0.46084574007272694 
-0.15424214954085477 0.44663097236207205 
-0.15424214954085477 0.44663097236207205 
-0.154743764478037 0.443564705978881 
-0.154743764478037 0.443564705978881 
-0.15471639942883858 0.444260356171295 
-0.15471639942883858 0.444260356171295 
-0.15407392952532964 0.4445464271757055 
-0.15408332833362623 0.43929697746448654 
-0.15408332833362623 0.43929697746448654 
-0.15408332833362623 0.43929697746448654 
-0.15408332833362623 0.43929697746448654 
-0.15408332833362623 0.43929697746448654 
-0.15408332833362623 0.43929697746448654 
-0.15425892592336826 0.43724302332466053 
-0.15427279958971182 0.4476631114609002 
-0.15427279958971182 0.4476631114609002 
-0.15427389152983526 0.4473279502725835 
-0.15427389152983526 0.4473279502725835 
-0.15427389152983526 0.4473279502725835 
-0.1542665872908808 0.44869228508043757 
-0.1540181666865469 0.4566498686408232 
-0.1540561883212508 0.456578757913296 
-0.1542415290798889 0.44968690839157055 
-0.15451833514766913 0.44855550629714047 
-0.15455815835106199 0.4473074330683264 
-0.1548076355406732 0.43028451667580675 
-0.1548076355406732 0.43028451667580675 
-0.15472086399682325 0.4304177472047843 
-0.1549296449885941 0.4247453457306339 
-0.1549296449885941 0.4247453457306339 
-0.1545582777395519 0.4180984455071541 
-0.1545582777395519 0.4180984455071541 
-0.15458194116603755 0.42020554854149555 
-0.15449135418271992 0.4195236435608187 
-0.15449135418271992 0.4195236435608187 
-0.15449135418271992 0.4195236435608187 
-0.1544449250023856 0.4177548430489917 
-0.15491182920767593 0.41157972164517526 
-0.15484793143184547 0.41211510935569495 
-0.15484793143184547 0.41211510935569495 
-0.15484793143184547 0.41211510935569495 
-0.15484793143184547 0.41211510935569495 
-0.15484793143184547 0.41211510935569495 
-0.15484793143184547 0.41211510935569495 
-0.15484793143184547 0.41211510935569495 
-0.1545252548597991 0.4053010737364322 
-0.1545252548597991 0.4053010737364322 
-0.154411991204882 0.4081077089945583 
-0.15437875533599232 0.40744290919205756 
-0.1543080294172404 0.40758325687945696 
-0.15418543385258848 0.4077441011759648 
-0.15406999067289212 0.4086493727305094 
-0.15439694720220234 0.4075728035152711 
-0.15439694720220234 0.4075728035152711 
-0.15418288262940255 0.4088401001716321 
-0.154277356210435 0.4090305236366954 
-0.154277356210435 0.4090305236366954 
-0.15443881686636557 0.41270834130789 
-0.1544499139563436 0.4127789958069418 
-0.15503635215335598 0.4145053818916276 
-0.15494093100212267 0.41196192417529265 
-0.15496205913488473 0.411344506353892 
-0.1551132637308195 0.4169722999159267 
-0.1551132637308195 0.4169722999159267 
-0.15510113745522394 0.41777032663422126 
-0.1550967593667325 0.4185275083606354 
-0.15496569339487137 0.41512199064968486 
-0.15493901761707737 0.41480948484798197 
-0.1549603305539011 0.4158128576994251 
-0.15488907334386423 0.41806684724860116 
-0.15488907334386423 0.41806684724860116 
-0.15423936558811918 0.40732696168483157 
-0.15435237597929644 0.40697622011374696 
-0.15435237597929644 0.40697622011374696 
-0.1542880148863211 0.40672836153596553 
-0.15413928466117677 0.40160231408258473 
-0.15413928466117677 0.40160231408258473 
-0.1542789532932041 0.4030151239139895 
-0.1541198341498484 0.4016359719574113 
-0.1541198341498484 0.4016359719574113 
-0.1541198341498484 0.4016359719574113 
-0.1541198341498484 0.4016359719574113 
-0.1541198341498484 0.4016359719574113 
-0.15437256497181923 0.40278103371211416 
-0.15455272973606926 0.40383506208719494 
-0.15455100247533973 0.4038251871422278 
-0.15455100247533973 0.4038251871422278 
-0.15455100247533973 0.4038251871422278 
-0.15455378621272595 0.4036759908854615 
-0.1547370615648373 0.4038428458880522 
-0.15462141023008646 0.40388222386848655 
-0.15462141023008646 0.40388222386848655 
-0.15462141023008646 0.40388222386848655 
-0.15473524385790777 0.40312001215358634 
-0.15473524385790777 0.40312001215358634 
-0.15466623327713255 0.40313110026811405 
-0.1547983742691658 0.4031418608071615 
-0.15479585202307675 0.40294288012150786 
-0.15482170740394785 0.4076473875178622 
-0.15490537037997043 0.408352924914095 
-0.15455760130243007 0.4058672580636095 
-0.15455760130243007 0.4058672580636095 
-0.15451134766841973 0.40545567842766744 
-0.15451134766841973 0.40545567842766744 
-0.15451134766841973 0.40545567842766744 
-0.15486388061683118 0.40456064769313665 
-0.15512469601789677 0.40395929368404737 
-0.15508857873377901 0.4054210394281118 
-0.15496176786334018 0.4029646398010489 
-0.15496176786334018 0.4029646398010489 
-0.15493832366857652 0.4023774479980026 
-0.15468953390614837 0.4035395655905356 
-0.1546942460705824 0.4041222808204517 
-0.15506070710025838 0.4141476349953868 
-0.15579453028633744 0.41615525004695214 
-0.15579453028633744 0.41615525004695214 
-0.15579453028633744 0.41615525004695214 
-0.15579453028633744 0.41615525004695214 
-0.15574601369353025 0.4127013491358097 
-0.1556357755064514 0.41959744675954297 
-0.1556357755064514 0.41959744675954297 
-0.15590032986512753 0.4250108275283166 
-0.1554769739957503 0.41589272644633635 
-0.1554769739957503 0.41589272644633635 
-0.1554769739957503 0.41589272644633635 
-0.1554769739957503 0.41589272644633635 
-0.15528574839842565 0.4131150850827032 
-0.1554651393422233 0.4076876289799909 
-0.1552638544729835 0.410595215549807 
-0.15526258317971398 0.41024358180969867 
-0.15526258317971398 0.41024358180969867 
-0.1552264153520232 0.41118178834619984 
-0.1552264153520232 0.41118178834619984 
-0.1553368046532675 0.41641287287059947 
-0.15530217556308215 0.4175524143584296 
-0.15570781224555896 0.41974400986921 
-0.15570781224555896 0.41974400986921 
-0.15515431377723396 0.4153594459641581 
-0.15518674686767833 0.41653023109114984 
-0.15518674686767833 0.41653023109114984 
-0.1547441756185562 0.42969658418252943 
-0.1547441756185562 0.42969658418252943 
-0.1547274308224239 0.45139540581048615 
-0.1547699077196718 0.4278893937041747 
-0.15481453387959349 0.41881976601691867 
-0.15498941803583674 0.4313871414051392 
-0.15498941803583674 0.4313871414051392 
-0.15512775208459345 0.4483580726665939 
-0.15512038689206523 0.4320511142188417 
-0.15529700591761705 0.43014313587291286 
-0.15527456432575754 0.43273397594043317 
-0.15489675046983664 0.4248610069226163 
-0.15488223746426993 0.4246438386276363 
-0.15488223746426993 0.4246438386276363 
-0.15488223746426993 0.4246438386276363 
-0.15466805953546356 0.43401605487142353 
-0.15466805953546356 0.43401605487142353 
-0.15466805953546356 0.43401605487142353 
-0.15487241634764246 0.4222991282512584 
-0.1549001945547549 0.4205342353874905 
-0.1549001945547549 0.4205342353874905 
-0.15485245882741341 0.4224030896811528 
-0.1551973441356187 0.4177783932571942 
-0.15516931029672162 0.4161763764960307 
-0.15516931029672162 0.4161763764960307 
-0.15516931029672162 0.4161763764960307 
-0.15515854950195948 0.4165963337945544 
-0.15497869946342124 0.42087224210375973 
-0.15517532182862262 0.4198766957181314 
-0.15514510057824865 0.4218932737985285 
-0.1550902073967432 0.4284964081850237 
-0.1548761342964364 0.4389026050717254 
-0.1548761342964364 0.4389026050717254 
-0.15500234543117147 0.4481277293799177 
-0.1551256738650144 0.45922994249972227 
-0.15514151946757518 0.4577969201271175 
-0.15514151946757518 0.4577969201271175 
-0.15495719337558447 0.43955741489461714 
-0.15492495614579307 0.4444466569206246 
-0.15492495614579307 0.4444466569206246 
-0.15492495614579307 0.4444466569206246 
-0.15470468397567602 0.4331768029221953 
-0.15470654729016775 0.432986835828326 
-0.15419579959915825 0.4436121442711384 
-0.1542691825421294 0.43853122955306073 
-0.1542691825421294 0.43853122955306073 
-0.1542691825421294 0.43853122955306073 
-0.15457358196136284 0.4228934098879527 
-0.15432901513427155 0.4230812141721032 
-0.15432901513427155 0.4230812141721032 
-0.15432901513427155 0.4230812141721032 
-0.15433824813682237 0.42290420702978215 
-0.15433824813682237 0.42290420702978215 
-0.15433824813682237 0.42290420702978215 
-0.15449715679754197 0.42106542199090097 
-0.15449715679754197 0.42106542199090097 
-0.15451765329240208 0.42097714675187475 
-0.15479486916179153 0.4153898903837466 
-0.15482025317703885 0.414664446948953 
-0.15482025317703885 0.414664446948953 
-0.15481076458525125 0.41509801111344824 
-0.15467339073501205 0.413094078009244 
-0.15467339073501205 0.413094078009244 
-0.15465266820782508 0.4113680517745315 
-0.15472467363979833 0.4159524043072934 
-0.15502485979623476 0.4097191350115433 
-0.15513600309818631 0.409417191767909 
-0.1553557496673089 0.4142092070422426 
-0.15507426922726247 0.41506052722336984 
-0.1550633605668876 0.4174387735896825 
-0.15450148169774844 0.42869474658998563 
-0.15478210024880937 0.429705066103286 
-0.15456495414544036 0.4352697027878387 
-0.15495542409726853 0.423609419012187 
-0.15500913339730366 0.4128761518631095 
-0.15500913339730366 0.4128761518631095 
-0.1549959261718599 0.4129795762432751 
-0.15516938701896274 0.41259049135312525 
