-0.13391493529927417 1.6498260550918016 
-0.13393577182759153 1.6498760182606653 
-0.13392597572638018 1.6497912736052587 
-0.13393540344659297 1.6497229591856513 
-0.13392836954668402 1.649585949188896 
-0.13392836954668402 1.649585949188896 
-0.13392836954668402 1.649585949188896 
-0.13392836954668402 1.649585949188896 
-0.1339365742091678 1.649192032239143 
-0.1339365742091678 1.649192032239143 
-0.1339365742091678 1.649192032239143 
-0.1339365742091678 1.649192032239143 
-0.1339367347288393 1.6492248324053052 
-0.13407186195987894 1.6496103764176295 
-0.13407186195987894 1.6496103764176295 
-0.13415496157845383 1.6496954390788774 
-0.13415496157845383 1.6496954390788774 
-0.13415496157845383 1.6496954390788774 
-0.13415496157845383 1.6496954390788774 
-0.13415496157845383 1.6496954390788774 
-0.13474345419307396 1.649987185457307 
-0.13962494172333986 1.6673352759284699 
-0.14238290476501841 1.6808735297316633 
-0.14623436595968287 1.703764744420583 
-0.14623436595968287 1.703764744420583 
-0.14623436595968287 1.703764744420583 
-0.14623436595968287 1.703764744420583 
-0.14623436595968287 1.703764744420583 
-0.14623436595968287 1.703764744420583 
-0.14623436595968287 1.703764744420583 
-0.14518762603712257 1.6851762722778132 
-0.14597169884498798 1.674301946264473 
-0.14597169884498798 1.674301946264473 
-0.14597169884498798 1.674301946264473 
-0.14597169884498798 1.674301946264473 
-0.1464355542756168 1.6776338322655742 
-0.1464355542756168 1.6776338322655742 
-0.14637392216213516 1.6826580489456027 
-0.14636381884865068 1.6811181718928243 
-0.14636381884865068 1.6811181718928243 
-0.14599722420415465 1.671205552209573 
-0.14599722420415465 1.671205552209573 
-0.14599722420415465 1.671205552209573 
-0.14599722420415465 1.671205552209573 
-0.14598051889309135 1.6573324472038775 
-0.14608888760967106 1.6527808013580607 
-0.14608888760967106 1.6527808013580607 
-0.14608888760967106 1.6527808013580607 
-0.14608888760967106 1.6527808013580607 
-0.14599104566122736 1.6488815111593766 
-0.14625397489532957 1.6594318406314668 
-0.14625397489532957 1.6594318406314668 
-0.14625397489532957 1.6594318406314668 
-0.146173005407071 1.650194358300074 
-0.146173005407071 1.650194358300074 
-0.146173005407071 1.650194358300074 
-0.146173005407071 1.650194358300074 
-0.15046659319330852 1.2448662595055793 
-0.15338349957023403 0.9821407989909158 
-0.15338349957023403 0.9821407989909158 
-0.15796445097229045 0.5000831465690434 
-0.15796445097229045 0.5000831465690434 
-0.15796445097229045 0.5000831465690434 
-0.15796445097229045 0.5000831465690434 
-0.15796445097229045 0.5000831465690434 
-0.15796445097229045 0.5000831465690434 
-0.15796445097229045 0.5000831465690434 
-0.15796445097229045 0.5000831465690434 
-0.15796445097229045 0.5000831465690434 
-0.15796445097229045 0.5000831465690434 
-0.15796445097229045 0.5000831465690434 
-0.15796445097229045 0.5000831465690434 
-0.15796445097229045 0.5000831465690434 
-0.15796445097229045 0.5000831465690434 
-0.15796445097229045 0.5000831465690434 
-0.15755750436844213 0.5198809112650568 
-0.15739271495207408 0.5080322975420853 
-0.15631435723167125 0.47816643029564115 
-0.1558237013198522 0.4898689637114385 
-0.15582327467235013 0.5063973553369902 
-0.15693408909213152 0.4450997446714394 
-0.15693408909213152 0.4450997446714394 
-0.15689135158030545 0.4471835977023289 
-0.15689135158030545 0.4471835977023289 
-0.15689135158030545 0.4471835977023289 
-0.1566672126542333 0.4614783201511446 
-0.1566672126542333 0.4614783201511446 
-0.1566672126542333 0.4614783201511446 
-0.1566672126542333 0.4614783201511446 
-0.155872704945707 0.47841869377195434 
-0.1556589134849256 0.4979009962142854 
-0.1556589134849256 0.4979009962142854 
-0.15567760111405546 0.47265419093588 
-0.1560732771677019 0.4140708210292765 
-0.1560732771677019 0.4140708210292765 
-0.1560732771677019 0.4140708210292765 
-0.15606016221710248 0.4154181171350138 
-0.15606016221710248 0.4154181171350138 
-0.15603421136223422 0.4146174130745069 
-0.15603421136223422 0.4146174130745069 
-0.15603421136223422 0.4146174130745069 
-0.1559210526734117 0.4247668007166738 
-0.15539118236359756 0.4419495307103935 
-0.15542409270925997 0.4369827731900015 
-0.15500684716292068 0.43921573345861065 
-0.15496074020780976 0.4325206305209254 
-0.15496074020780976 0.4325206305209254 
-0.15495470031083353 0.4326609644472524 
-0.15497947262412065 0.42956686613484024 
-0.15497947262412065 0.42956686613484024 
-0.15497947262412065 0.42956686613484024 
-0.1547666773348034 0.42698634467543517 
-0.1547666773348034 0.42698634467543517 
-0.1547666773348034 0.42698634467543517 
-0.15487652913923625 0.4231654337933634 
-0.15487652913923625 0.4231654337933634 
-0.15486711992531865 0.4230146914328757 
-0.15404256699525748 0.42750766201743795 
-0.15404256699525748 0.42750766201743795 
-0.15409411736879355 0.4270911343205699 
-0.15483139200686544 0.42101131227805866 
-0.15483630445241145 0.4183690128949142 
-0.15478088991653977 0.4151526494730784 
-0.15479581638794426 0.41468356397310174 
-0.15490552076002057 0.41431570773544435 
-0.15490552076002057 0.41431570773544435 
-0.15489439914076097 0.4141980287157004 
-0.1548927619542095 0.41371298274485185 
-0.15475766192853868 0.4053502316067955 
-0.1546082529484124 0.40633132588908644 
-0.1546082529484124 0.40633132588908644 
-0.15434057577405802 0.4065275237324714 
-0.15434057577405802 0.4065275237324714 
-0.15434057577405802 0.4065275237324714 
-0.15434057577405802 0.4065275237324714 
-0.15439756358008744 0.4088989161568099 
-0.15439756358008744 0.4088989161568099 
-0.15439756358008744 0.4088989161568099 
-0.15439756358008744 0.4088989161568099 
-0.15439756358008744 0.4088989161568099 
-0.15471320692764354 0.4067295206010807 
-0.15471320692764354 0.4067295206010807 
-0.15437835489509447 0.4032914981563817 
-0.15441346336582004 0.4086892330426849 
-0.15441346336582004 0.4086892330426849 
-0.15441346336582004 0.4086892330426849 
-0.15441346336582004 0.4086892330426849 
-0.15459344873391148 0.40801883746166606 
-0.15459344873391148 0.40801883746166606 
-0.15488237830534526 0.40907959993531773 
-0.1548459282401123 0.4085283575901116 
-0.15479975953672945 0.4095013234719675 
-0.15446543824104267 0.4116659110068823 
-0.15478326986268856 0.41099514533161385 
-0.15478326986268856 0.41099514533161385 
-0.15469675775330965 0.41150013476338304 
-0.1548339759729951 0.40960462874270764 
-0.1549584470503619 0.4095000612793167 
-0.1552926907342267 0.4116371169796733 
-0.15491277649864324 0.40904528076485075 
-0.15507933144768626 0.41333771480523007 
-0.1551479294492536 0.41127955379352005 
-0.1551556324565756 0.4114872696470371 
-0.15517839679434586 0.4110909656974218 
-0.15517839679434586 0.4110909656974218 
-0.15488095366792234 0.4135959544869493 
-0.1548489169063949 0.41289780559180894 
-0.15482383135860261 0.4185348558575509 
-0.15482383135860261 0.4185348558575509 
-0.15482383135860261 0.4185348558575509 
-0.15485258536360352 0.41813197433760363 
-0.15475294215745958 0.42272340239102457 
-0.15494808758893375 0.4199087937614677 
-0.1546345738462886 0.42633773828500243 
-0.15464661373605898 0.42757527272858076 
-0.1547029652926832 0.42501326662300554 
-0.15514172922042893 0.4183785544843856 
-0.15514433059445293 0.41749134833941437 
-0.15516456999759348 0.41910690547932417 
-0.15516456999759348 0.41910690547932417 
-0.15516456999759348 0.41910690547932417 
-0.15516456999759348 0.41910690547932417 
-0.15518643096744533 0.4235178165693607 
-0.15518643096744533 0.4235178165693607 
-0.15540456266409142 0.42170134608607884 
-0.15524783267835468 0.41742138396796724 
-0.1552317543719836 0.4160981287388381 
-0.1552269334302282 0.41156802519434976 
-0.1552269334302282 0.41156802519434976 
-0.1546605197516454 0.4172343863113476 
-0.1546196269398699 0.4113769421748 
-0.15507130818062803 0.40750546899146983 
-0.15531812350825816 0.40408845775593893 
-0.15531319179443026 0.40446587855175087 
-0.15551058168012688 0.40451120212663877 
-0.15551058168012688 0.40451120212663877 
-0.15551058168012688 0.40451120212663877 
-0.15529599661128912 0.40394788736573406 
-0.15529599661128912 0.40394788736573406 
-0.15524956833937736 0.4038471255258077 
-0.15524956833937736 0.4038471255258077 
-0.15524956833937736 0.4038471255258077 
-0.15524956833937736 0.4038471255258077 
-0.15525663523980254 0.40367458764627584 
-0.15525974235563372 0.40384553272866036 
-0.1552599042322355 0.40384693494988294 
-0.1552599042322355 0.40384693494988294 
-0.1552599042322355 0.40384693494988294 
-0.15474822319180165 0.40509323259912006 
-0.1549561412117897 0.40453379009985674 
-0.1549561412117897 0.40453379009985674 
-0.15497482193785625 0.4045248101009176 
-0.15497482193785625 0.4045248101009176 
-0.15487444639945452 0.4031529016056453 
-0.1551251509422522 0.40449196786502856 
-0.15473592052376275 0.4011111030922147 
-0.15463155776533785 0.4008432371030219 
-0.15496297247049007 0.4030730944483835 
-0.15498031162980275 0.4032695636204421 
-0.15498031162980275 0.4032695636204421 
-0.15496197711957072 0.4028215022718714 
-0.15496197711957072 0.4028215022718714 
-0.15495955851418014 0.4027324259210725 
-0.15495955851418014 0.4027324259210725 
-0.15481663923930286 0.4020289439687969 
-0.15481663923930286 0.4020289439687969 
-0.15481663923930286 0.4020289439687969 
-0.15481663923930286 0.4020289439687969 
-0.15481663923930286 0.4020289439687969 
-0.15466964525147364 0.4008529407751428 
-0.15463205922372517 0.40137670777534906 
-0.15463205922372517 0.40137670777534906 
-0.15483892955113046 0.4015643825639492 
-0.1547765465163782 0.4001780721800846 
-0.1547765465163782 0.4001780721800846 
-0.1547765465163782 0.4001780721800846 
-0.1547765465163782 0.4001780721800846 
-0.1547765465163782 0.4001780721800846 
-0.1547765465163782 0.4001780721800846 
-0.1547765465163782 0.4001780721800846 
-0.1547765465163782 0.4001780721800846 
-0.1547765465163782 0.4001780721800846 
-0.15486270117779866 0.4018205545022699 
-0.15486270117779866 0.4018205545022699 
-0.15491429622866376 0.401745783730997 
-0.15485165187470032 0.40099851372672546 
-0.15485165187470032 0.40099851372672546 
-0.15485165187470032 0.40099851372672546 
-0.1548170361905851 0.4000653698357455 
-0.1551168046737629 0.40069807250418404 
-0.15534272239206195 0.40599484635481836 
-0.15514781727660323 0.4109299984290493 
-0.15528941713979896 0.4112407404679766 
-0.1552973205772399 0.4112727816998669 
-0.1552973205772399 0.4112727816998669 
-0.15515514330197108 0.4165036323986568 
-0.15515514330197108 0.4165036323986568 
-0.15525079304002 0.4120158560767828 
-0.15530151889462476 0.4137149726588347 
-0.1552309006138457 0.4218911550430828 
-0.15513446226017477 0.4188742633046734 
-0.15509889578929684 0.42127222272292064 
-0.15509553263721268 0.42153165212363525 
-0.15503883441089877 0.41979209447460014 
-0.15505364493220988 0.43169966468358145 
-0.15485135871132505 0.4357233696591031 
-0.15458557814276538 0.45834888711529564 
-0.1546641588828809 0.4545830742005378 
-0.1546641588828809 0.4545830742005378 
-0.15477745700354653 0.44823217145181365 
-0.15483836182702146 0.44019898607853897 
-0.15483836182702146 0.44019898607853897 
-0.15483836182702146 0.44019898607853897 
-0.1546483568418302 0.4524455927486155 
-0.1546483568418302 0.4524455927486155 
-0.1546483568418302 0.4524455927486155 
-0.1547685952594105 0.4460685532697012 
-0.15477944107827657 0.4466822063484674 
-0.15477944107827657 0.4466822063484674 
-0.15479054885571802 0.4449600346677551 
-0.15479054885571802 0.4449600346677551 
-0.15479054885571802 0.4449600346677551 
-0.15477761982001237 0.4456375123214595 
-0.15471234871893236 0.45034604651627924 
-0.15471234871893236 0.45034604651627924 
-0.15482605477972833 0.4441043174139321 
-0.15482605477972833 0.4441043174139321 
-0.15507284676046956 0.42559824886961417 
-0.15480531290509264 0.4298721176458705 
-0.15475936865395853 0.4301191436097127 
-0.15488437843347697 0.4245189464035301 
-0.15488437843347697 0.4245189464035301 
-0.15502547042963905 0.4153499902371816 
-0.15522178356867666 0.4131955264573118 
-0.15533325166121514 0.4092520788685508 
-0.15532735834441452 0.41159052001261914 
-0.15540875248095826 0.4156023260791575 
-0.1551898156554105 0.41502532155505834 
-0.1551021375886257 0.4151119075205711 
-0.15469913984393832 0.417709437357391 
