-0.13413091787283588 1.6501948933631774 
-0.1340475832059394 1.6500795658965701 
-0.1339993349780649 1.6500308822784087 
-0.1339993349780649 1.6500308822784087 
-0.13419542666987258 1.6499629586579145 
-0.1339687922895175 1.6499269623177295 
-0.13398205936100138 1.6499610728973702 
-0.13400190023684097 1.6504116236465454 
-0.1338983808714914 1.650303515664634 
-0.1341050958988852 1.6505372657751647 
-0.13419649277346588 1.6509702613547375 
-0.13419649277346588 1.6509702613547375 
-0.1341584231747263 1.651021766600834 
-0.13414218890516771 1.6508879802284255 
-0.13410193763474632 1.6512537043999707 
-0.13394725446026917 1.644941614190208 
-0.1339809411421974 1.644563019886172 
-0.1344179084889633 1.643925454087994 
-0.13466467322916337 1.639920548180542 
-0.13466467322916337 1.639920548180542 
-0.1345116647140018 1.6398114990515849 
-0.1349248448645631 1.6318697754776474 
-0.13475882182747018 1.636873702194783 
-0.13475882182747018 1.636873702194783 
-0.13434683734048306 1.6386729254419437 
-0.13434683734048306 1.6386729254419437 
-0.13392826106042371 1.6442346101333858 
-0.1336252886417613 1.6379346835063162 
-0.13365787432970735 1.6451731562472516 
-0.1336220394155071 1.6434165708612516 
-0.1337104692841374 1.6416463516219968 
-0.1337104692841374 1.6416463516219968 
-0.1337104692841374 1.6416463516219968 
-0.13400432156163564 1.6346928698199201 
-0.13400432156163564 1.6346928698199201 
-0.13400432156163564 1.6346928698199201 
-0.13417408594166547 1.624721498691823 
-0.13417408594166547 1.624721498691823 
-0.1340923238667546 1.624426102442232 
-0.1340923238667546 1.624426102442232 
-0.1340564417341361 1.6304686560481632 
-0.1340564417341361 1.6304686560481632 
-0.13395276967639924 1.6274180502432427 
-0.13335730200435453 1.6241965695876628 
-0.1331834586984071 1.6282023017373246 
-0.1342855984213085 1.5355414704502266 
-0.13432685347236317 1.525978322204146 
-0.13432685347236317 1.525978322204146 
-0.13453546237096523 1.4719180849660205 
-0.13491292992833234 1.4388914265131763 
-0.13491292992833234 1.4388914265131763 
-0.13572151003603256 1.357086876143279 
-0.13772251432361893 1.1750006910544881 
-0.13772251432361893 1.1750006910544881 
-0.1393062288441555 1.03159860512089 
-0.14095698646438404 0.8488070418617492 
-0.14224812943332543 0.627087729431322 
-0.14325247557388032 0.4532919994488693 
-0.14325247557388032 0.4532919994488693 
-0.14325247557388032 0.4532919994488693 
-0.14309210474535425 0.44258989633918133 
-0.1432723571947294 0.4175041464078822 
-0.1432723571947294 0.4175041464078822 
-0.1432723571947294 0.4175041464078822 
-0.1435985926376533 0.41385764407058057 
-0.1435985926376533 0.41385764407058057 
-0.1435985926376533 0.41385764407058057 
-0.1435985926376533 0.41385764407058057 
-0.14300703595464093 0.41825985570516855 
-0.14300703595464093 0.41825985570516855 
-0.14300703595464093 0.41825985570516855 
-0.14300703595464093 0.41825985570516855 
-0.14300703595464093 0.41825985570516855 
-0.14300703595464093 0.41825985570516855 
-0.14300703595464093 0.41825985570516855 
-0.14300703595464093 0.41825985570516855 
-0.14274913549942117 0.41882772274185825 
-0.14274913549942117 0.41882772274185825 
-0.14274913549942117 0.41882772274185825 
-0.14274913549942117 0.41882772274185825 
-0.14274913549942117 0.41882772274185825 
-0.14302902346675547 0.41310015431658786 
-0.14302902346675547 0.41310015431658786 
-0.14302902346675547 0.41310015431658786 
-0.14303773052057112 0.4121256949839288 
-0.14294289100789054 0.4113862726054275 
-0.14241430841315145 0.4126923003145991 
-0.14241430841315145 0.4126923003145991 
-0.14241430841315145 0.4126923003145991 
-0.14214262868455202 0.4372575642228038 
-0.14181448603228874 0.4442867982209743 
-0.14184049105471117 0.46057297596665747 
-0.14183681202071158 0.4593545807571886 
-0.14182289211839147 0.46247710937109543 
-0.1419848608329796 0.45059003188369645 
-0.1412448529897167 0.4947719275616883 
-0.1412448529897167 0.4947719275616883 
-0.14092851428415892 0.49629555803115993 
-0.1411383392325044 0.4983811699473198 
-0.14111286543347212 0.4984965500729386 
-0.1417077497589551 0.4686232381001472 
-0.1418144107113633 0.46525284334282024 
-0.14181747029211472 0.46211687146237473 
-0.14181747029211472 0.46211687146237473 
-0.14181747029211472 0.46211687146237473 
-0.1418694732410021 0.44744884221452713 
-0.1421933413582136 0.43201860473743625 
-0.14233971289400454 0.43096639899215655 
-0.14235528335295228 0.43100872051719313 
-0.1428559746476664 0.40318607633722964 
-0.1428559746476664 0.40318607633722964 
-0.14289705167998815 0.4018701981718596 
-0.14299768979913788 0.4003084163960299 
-0.14299768979913788 0.4003084163960299 
-0.1425506794055263 0.4135271567825267 
-0.1425506794055263 0.4135271567825267 
-0.14233716111064199 0.4159474875556087 
-0.14239433378306804 0.4124362147564738 
-0.14239433378306804 0.4124362147564738 
-0.14240386153833223 0.41195148226201067 
-0.14229231822095803 0.41519250500358634 
-0.14226640592199938 0.41527952107085125 
-0.14236714953916668 0.41409406043135555 
-0.14236714953916668 0.41409406043135555 
-0.1423362588451522 0.41264267268500776 
-0.1423362588451522 0.41264267268500776 
-0.14241671649664273 0.4124261402777973 
-0.14245097194623163 0.4115789862704996 
-0.1421814354647657 0.41726674128516156 
-0.14207264020661597 0.4156483808988075 
-0.14205041393268522 0.4205937168423417 
-0.1419473537789672 0.4220371092362851 
-0.1419473537789672 0.4220371092362851 
-0.1419473537789672 0.4220371092362851 
-0.14218943396646008 0.4196907933672574 
-0.14222508663905348 0.41387133716593244 
-0.14206859055237644 0.41939416422788484 
-0.14206859055237644 0.41939416422788484 
-0.14174765303057008 0.4362722452562731 
-0.14174765303057008 0.4362722452562731 
-0.14174765303057008 0.4362722452562731 
-0.14161166422938845 0.4376652218686112 
-0.14161166422938845 0.4376652218686112 
-0.1413266364348935 0.45132622559835556 
-0.1408201694824594 0.45959498506185464 
-0.14092965823507195 0.45772291566474665 
-0.1409403606783357 0.45764835434212364 
-0.1409403606783357 0.45764835434212364 
-0.1409403606783357 0.45764835434212364 
-0.14135244966358584 0.44872219451085893 
-0.14150641362848332 0.44455724698136634 
-0.14157067270322826 0.44565385341015656 
-0.14157067270322826 0.44565385341015656 
-0.14107922661164876 0.43779593775203074 
-0.14205733550444574 0.4281081193835743 
-0.1420765897329982 0.4426267342901786 
-0.14204046436091672 0.4425510313547812 
-0.14177549012559953 0.45911157515716206 
-0.14177549012559953 0.45911157515716206 
-0.14147937405798405 0.46775483663422585 
-0.14152026401687579 0.4942925264198977 
-0.14194689426633508 0.45194143178756296 
-0.14132485838249467 0.4544838886058041 
-0.14132485838249467 0.4544838886058041 
-0.14159557471860681 0.44397099676361246 
-0.14199047605580195 0.4405182936826853 
-0.14199047605580195 0.4405182936826853 
-0.14212762611271532 0.4364334861999529 
-0.14212555905874044 0.43034705528220707 
-0.1421107192634876 0.4288245176834179 
-0.14210149030918498 0.42836944232158947 
-0.1423071995896558 0.42760769328942705 
-0.14237158851531886 0.4204990237862731 
-0.14234573018960595 0.4228162556092342 
-0.1424616124265193 0.42047822627098275 
-0.14264115836806843 0.41856921981081907 
-0.142635145292851 0.42343070427417273 
-0.14244085237888152 0.4285436321490705 
-0.1426844811838567 0.4285853592328098 
-0.14231927677817527 0.41545452018852713 
-0.14188805032713026 0.4149933137993341 
-0.14188805032713026 0.4149933137993341 
-0.14188805032713026 0.4149933137993341 
-0.14183756590103203 0.4147250595241516 
-0.14183756590103203 0.4147250595241516 
-0.14188495167008103 0.4132809470812889 
-0.14176603693317794 0.41115149441445603 
-0.14176603693317794 0.41115149441445603 
-0.14176603693317794 0.41115149441445603 
-0.14220713277114114 0.4164487368926934 
-0.14141129212135725 0.4217619183943835 
-0.14125842726891044 0.4130642690150649 
-0.14128378968212665 0.4130299936248496 
-0.14128378968212665 0.4130299936248496 
-0.1413569986854764 0.41245816539698116 
-0.14144099982434505 0.41221642122513613 
-0.14145529809772467 0.4125008224972698 
-0.14145529809772467 0.4125008224972698 
-0.14135528759921645 0.41585709707363067 
-0.14135528759921645 0.41585709707363067 
-0.14194600550614955 0.41075808908377665 
-0.14181733191160834 0.4080110859108406 
-0.14127732146880534 0.41119279315741375 
-0.14127732146880534 0.41119279315741375 
-0.14127732146880534 0.41119279315741375 
-0.14231257105004794 0.41286530986940373 
-0.14212844787974419 0.42115607402052674 
-0.14206291082757364 0.4067588662286065 
-0.14217179158483625 0.4055993728336622 
-0.1421385760154605 0.4053973606618405 
-0.1421385760154605 0.4053973606618405 
-0.14212541999865064 0.4073893640950921 
-0.14215248757323418 0.40247941038328405 
-0.14205576839452974 0.40124840980788373 
-0.14205576839452974 0.40124840980788373 
-0.14205576839452974 0.40124840980788373 
-0.14209384490311158 0.4017812358501717 
-0.14209384490311158 0.4017812358501717 
-0.14209384490311158 0.4017812358501717 
-0.1420983731810764 0.40070284484176577 
-0.1420983731810764 0.40070284484176577 
-0.1420983731810764 0.40070284484176577 
-0.1420983731810764 0.40070284484176577 
-0.1422664968344659 0.40086829255370826 
-0.141956765431152 0.400563490992703 
-0.141956765431152 0.400563490992703 
-0.1420646915389683 0.41260031552659826 
-0.14225923854667288 0.41009278038925845 
-0.14225923854667288 0.41009278038925845 
-0.14222395324723958 0.40608367664746825 
-0.14214250271813927 0.40374502410942487 
-0.14214250271813927 0.40374502410942487 
-0.14214250271813927 0.40374502410942487 
-0.14214250271813927 0.40374502410942487 
-0.14214250271813927 0.40374502410942487 
-0.14214250271813927 0.40374502410942487 
-0.1421261872873802 0.4052898537501696 
-0.14214799674036738 0.4061621537246263 
-0.1423553412451486 0.405848919800567 
-0.1423553412451486 0.405848919800567 
-0.1423553412451486 0.405848919800567 
-0.1423553412451486 0.405848919800567 
-0.14300866587978875 0.41057462528019706 
-0.1430093031533811 0.4105661724311017 
-0.14310654534703965 0.4074364327519335 
-0.14299898785110973 0.4066795686661519 
-0.14303754988453882 0.4074692586618652 
-0.14303754988453882 0.4074692586618652 
-0.14272126068816776 0.4105375449618737 
-0.14263515892998385 0.4110223771737264 
-0.14240781518037574 0.4053987483388834 
-0.14240315571248877 0.4020041419237157 
-0.14240315571248877 0.4020041419237157 
-0.14242680110871667 0.4026259273228597 
-0.14242680110871667 0.4026259273228597 
-0.14242680110871667 0.4026259273228597 
-0.14241715671494987 0.4026187501775046 
-0.14241715671494987 0.4026187501775046 
-0.14241715671494987 0.4026187501775046 
-0.14237979501774373 0.40294826216971646 
-0.14237979501774373 0.40294826216971646 
-0.1423971577173244 0.40284089920044075 
-0.1423971577173244 0.40284089920044075 
-0.1423971577173244 0.40284089920044075 
-0.1423971577173244 0.40284089920044075 
-0.1423971577173244 0.40284089920044075 
-0.1423971577173244 0.40284089920044075 
-0.1423971577173244 0.40284089920044075 
-0.1426055471588902 0.40301201784527246 
-0.1424888359840933 0.4030332725399548 
-0.1424888359840933 0.4030332725399548 
-0.14268024232271065 0.4026680726624369 
-0.1426743744185022 0.40286355479832675 
-0.1426743744185022 0.40286355479832675 
-0.1426743744185022 0.40286355479832675 
-0.14267897071883884 0.40287137993964445 
-0.14267897071883884 0.40287137993964445 
-0.14253798739192133 0.4040888419299066 
-0.14259782439243576 0.40261025074710466 
-0.14259782439243576 0.40261025074710466 
-0.14275597095238088 0.4035996419420496 
-0.1428292317856266 0.4042677102371926 
-0.14274559791700145 0.4059733419327797 
-0.14330497544969717 0.4013875020765441 
-0.143146583093275 0.40647440383256006 
-0.1432520288532281 0.4060752949733887 
-0.1432520288532281 0.4060752949733887 
-0.1432520288532281 0.4060752949733887 
-0.14335667494192256 0.4067722524151179 
-0.14335667494192256 0.4067722524151179 
-0.1434511638647581 0.4017011021661016 
-0.1434511638647581 0.4017011021661016 
-0.1435338514032419 0.4024545940171574 
-0.14396640964952043 0.4043987726354335 
-0.14338525332724522 0.40773200342184823 
-0.14304285015737742 0.40669666170335494 
-0.14284581450267173 0.40870819198650776 
-0.14284713816186986 0.40864646980859753 
-0.14284404915726945 0.40837111781142743 
-0.14247364060350642 0.40393182160452457 
