-0.13381111365909878 1.6500889303135318 
-0.13379412988914585 1.6501048939326615 
-0.13371007722473624 1.6499857814111514 
-0.13363750294765614 1.6501585056777788 
-0.13363542949229182 1.6501644467619916 
-0.13357102355186193 1.6502755581860649 
-0.13354323318056144 1.6502941371409197 
-0.13338910873571355 1.6506076808328969 
-0.13338910873571355 1.6506076808328969 
-0.13272667318729942 1.650655392296859 
-0.1327884336164902 1.6516981283304473 
-0.13331540407817136 1.6513339814635537 
-0.13324509851283092 1.6514092195583394 
-0.13313331584392005 1.6517226638633897 
-0.13330942251619896 1.6543184329767786 
-0.13331006712061377 1.6528808552372014 
-0.13341636590393782 1.6507647115076243 
-0.13341636590393782 1.6507647115076243 
-0.13353768488192488 1.6474943333204692 
-0.13321585600423078 1.649850565521285 
-0.13340869411707232 1.6490047824464633 
-0.1334547296766955 1.6491346548176242 
-0.1332120928665792 1.6537985370547232 
-0.1332120928665792 1.6537985370547232 
-0.1332120928665792 1.6537985370547232 
-0.13343889176716472 1.6498497813404776 
-0.13345367216582898 1.6495913944763263 
-0.13351646005937737 1.648266990910391 
-0.133418002029731 1.6495112958656835 
-0.13366246723741812 1.6411525042557653 
-0.1336001552100447 1.6265108278931648 
-0.13335117825350074 1.6336950714937613 
-0.1332497081590634 1.63265070275789 
-0.13325983261074734 1.6219117354187575 
-0.13253414396287674 1.6105558837489762 
-0.13253414396287674 1.6105558837489762 
-0.13253414396287674 1.6105558837489762 
-0.13304821733282723 1.6248816261915162 
-0.13320742631943716 1.5712468855833133 
-0.13332582858562386 1.5820113073170714 
-0.13322832149430314 1.5715784846801064 
-0.1332975011306341 1.5582434514027563 
-0.1332632308136667 1.5268946621715267 
-0.1332087726727705 1.5680148286647 
-0.13750201799200873 1.2085415512605961 
-0.13775674578327238 1.177198526092679 
-0.13775674578327238 1.177198526092679 
-0.13775674578327238 1.177198526092679 
-0.1365315377573096 1.1956116054751451 
-0.13599836496055295 1.1568698764803178 
-0.13599836496055295 1.1568698764803178 
-0.13708911655740394 0.9556960660194436 
-0.13823390943838376 0.5904395510997997 
-0.13823390943838376 0.5904395510997997 
-0.13850536409215275 0.4929218904712024 
-0.13850536409215275 0.4929218904712024 
-0.13850536409215275 0.4929218904712024 
-0.13850536409215275 0.4929218904712024 
-0.13846013962164902 0.5704045181101564 
-0.13846013962164902 0.5704045181101564 
-0.13855463217401065 0.5981563969361714 
-0.13855463217401065 0.5981563969361714 
-0.13855463217401065 0.5981563969361714 
-0.13871449042378256 0.5375568809227199 
-0.13871449042378256 0.5375568809227199 
-0.13871449042378256 0.5375568809227199 
-0.13872668511200612 0.5375532236527177 
-0.13872668511200612 0.5375532236527177 
-0.13872668511200612 0.5375532236527177 
-0.13872668511200612 0.5375532236527177 
-0.13872668511200612 0.5375532236527177 
-0.13872668511200612 0.5375532236527177 
-0.13872668511200612 0.5375532236527177 
-0.13872668511200612 0.5375532236527177 
-0.13872668511200612 0.5375532236527177 
-0.13872668511200612 0.5375532236527177 
-0.13872668511200612 0.5375532236527177 
-0.13913441485147657 0.5713998096178955 
-0.13874738510079068 0.5688552566506366 
-0.13980549088323474 0.5770329077405888 
-0.13974369024324643 0.5792924188492958 
-0.14000586846851976 0.5316501882845609 
-0.14000586846851976 0.5316501882845609 
-0.14034262164741754 0.49914438760234814 
-0.14033894166545804 0.4897451826796923 
-0.14015047202063677 0.48917400570615727 
-0.1412317457616536 0.4649001879671618 
-0.14136522718052316 0.461330104645419 
-0.1413281654472268 0.47493797443017793 
-0.14120387352003724 0.50905970653749 
-0.14120387352003724 0.50905970653749 
-0.14120387352003724 0.50905970653749 
-0.1413638943261879 0.49616350576155505 
-0.1413638943261879 0.49616350576155505 
-0.14114979665448918 0.45317748957955567 
-0.14146064078637163 0.4446858452310639 
-0.1413856919819691 0.44945524050886815 
-0.1413856919819691 0.44945524050886815 
-0.1413856919819691 0.44945524050886815 
-0.1413856919819691 0.44945524050886815 
-0.14140449235572058 0.4539393014371652 
-0.14140449235572058 0.4539393014371652 
-0.14140449235572058 0.4539393014371652 
-0.14140449235572058 0.4539393014371652 
-0.1419421744048409 0.43587628875303974 
-0.14181074405636665 0.4271517992538425 
-0.14181074405636665 0.4271517992538425 
-0.14181978082032298 0.42677389916340414 
-0.14181978082032298 0.42677389916340414 
-0.141968101763597 0.4297150020135907 
-0.14203590309019268 0.42864090677697003 
-0.14185778003506194 0.41747622388281896 
-0.14202790777189422 0.4085484178213692 
-0.14202448767480605 0.4083486750856512 
-0.14202448767480605 0.4083486750856512 
-0.1420202761602231 0.40525715343445473 
-0.14214814087001815 0.4060815371920907 
-0.14214814087001815 0.4060815371920907 
-0.1421063459868972 0.4069873983638439 
-0.1418618603737993 0.40236165646046235 
-0.14186515213232745 0.4029725064798602 
-0.1418090137269578 0.40252976561219794 
-0.1418090137269578 0.40252976561219794 
-0.1418090137269578 0.40252976561219794 
-0.14196013611650296 0.41214809098705113 
-0.14196013611650296 0.41214809098705113 
-0.14196013611650296 0.41214809098705113 
-0.14196013611650296 0.41214809098705113 
-0.14192732941270766 0.41158219649128286 
-0.14205021697083334 0.42194078362084053 
-0.14205021697083334 0.42194078362084053 
-0.14202191139549702 0.4239063256733362 
-0.14208824530427192 0.4227570162919185 
-0.14208824530427192 0.4227570162919185 
-0.14208824530427192 0.4227570162919185 
-0.14208824530427192 0.4227570162919185 
-0.14166206945694132 0.42903219035935614 
-0.14207548596324518 0.4211867230646451 
-0.14241392860492028 0.4175340714113151 
-0.14241856836364492 0.4176603818230705 
-0.14279348188375654 0.4138026787674167 
-0.14256418106721 0.4141174587369589 
-0.14248583359695324 0.41182913706364305 
-0.14248583359695324 0.41182913706364305 
-0.1427081650802045 0.4161127053576175 
-0.1427081650802045 0.4161127053576175 
-0.1428594822112008 0.4178425853189212 
-0.1425189908767522 0.4141513485088162 
-0.14255157411834346 0.41111497878779946 
-0.1425547253647541 0.4115339572784683 
-0.1425528129979374 0.41480921358754236 
-0.14210682194080426 0.4144503746701713 
-0.14210682194080426 0.4144503746701713 
-0.14229545616057976 0.4158759178303033 
-0.14301891754722107 0.42193254155053206 
-0.142833536790182 0.4220312346260555 
-0.14323515672914283 0.4227125479175441 
-0.14323515672914283 0.4227125479175441 
-0.14311525856360668 0.420005392835945 
-0.14299608960469065 0.41797511865730747 
-0.14299608960469065 0.41797511865730747 
-0.14247304232904714 0.42479738249977367 
-0.14249677981076792 0.42141617302456524 
-0.1424432341150313 0.4225349855021967 
-0.1424432341150313 0.4225349855021967 
-0.14254225908693594 0.4335825647864614 
-0.1423870603288487 0.4302441121325989 
-0.14243006104480815 0.44918132220955337 
-0.14232303847095132 0.4731395046848009 
-0.14232303847095132 0.4731395046848009 
-0.14236175802354992 0.46664275840575914 
-0.1421263425405039 0.44529264129610074 
-0.14280593820893928 0.417764532874613 
-0.14280593820893928 0.417764532874613 
-0.14280593820893928 0.417764532874613 
-0.1427465761356489 0.4152878201459262 
-0.14267031340257244 0.4209433383959195 
-0.14266957375846345 0.42144136837362894 
-0.14266030189201837 0.42027339607360437 
-0.14266030189201837 0.42027339607360437 
-0.14221905562322185 0.42018881800210156 
-0.14220783946640858 0.41985947960392817 
-0.14277619222855456 0.43038895376791503 
-0.14301432801720917 0.442163486264224 
-0.14301432801720917 0.442163486264224 
-0.14304128998781904 0.44506318722514343 
-0.14305816867597654 0.4448258680401104 
-0.14318774469645384 0.4495612510644864 
-0.14298169016558768 0.4383929520142911 
-0.14298169016558768 0.4383929520142911 
-0.1429162886471417 0.43460234557007094 
-0.1429162886471417 0.43460234557007094 
-0.14275905919419032 0.4283040556031501 
-0.14267212888932168 0.44087296441811485 
-0.14263659081404442 0.44187380128214093 
-0.1425773132648026 0.4388467336036654 
-0.1424382536726654 0.45996692017106416 
-0.14242187876220053 0.45615167786029426 
-0.1417473679924713 0.4914155593771975 
-0.1419374756690399 0.4655851226969253 
-0.14202820527080118 0.4628278001804569 
-0.14202820527080118 0.4628278001804569 
-0.14200962274424114 0.4638871336869886 
-0.14200962274424114 0.4638871336869886 
-0.14200962274424114 0.4638871336869886 
-0.14200962274424114 0.4638871336869886 
-0.14205417049633415 0.45898002661543114 
-0.14219273793461337 0.4514534497626307 
-0.14219273793461337 0.4514534497626307 
-0.14219273793461337 0.4514534497626307 
-0.1424803349153563 0.44523418483786065 
-0.1424803349153563 0.44523418483786065 
-0.14279447004550633 0.4338359918643888 
-0.14279447004550633 0.4338359918643888 
-0.14269712615382887 0.43009358986906504 
-0.14275808608966944 0.4399821046857882 
-0.14267973610851079 0.4307050742762043 
-0.1424920916154808 0.4412691986704232 
-0.14224845541300102 0.43112111306803763 
-0.14226056513348107 0.44256473370142385 
-0.14226056513348107 0.44256473370142385 
-0.14173868503504325 0.4535002259188487 
-0.1420792657058644 0.44063974154248653 
-0.1420644419413488 0.4414608193046718 
-0.14258996669174034 0.4256713863516971 
-0.1423610732194729 0.4215452430459557 
-0.1423610732194729 0.4215452430459557 
-0.1423610732194729 0.4215452430459557 
-0.14238174914892035 0.4263706377038216 
-0.1426951570778123 0.42374584349219724 
-0.1426951570778123 0.42374584349219724 
-0.14261965055311723 0.425199552963304 
-0.14261965055311723 0.425199552963304 
-0.1429687621932572 0.4306320663978376 
-0.1429687621932572 0.4306320663978376 
-0.1429687621932572 0.4306320663978376 
-0.1429687621932572 0.4306320663978376 
-0.14293828359141475 0.43072079967711313 
-0.14293828359141475 0.43072079967711313 
-0.14293828359141475 0.43072079967711313 
-0.14295436740960615 0.4318700596951383 
-0.1428897515057456 0.4313159177318956 
-0.142987146976869 0.4372303756104746 
-0.14257507843600659 0.44780207116181325 
-0.14257507843600659 0.44780207116181325 
-0.14257507843600659 0.44780207116181325 
-0.1426348481350198 0.4566863073085735 
-0.14234234017504563 0.4895256152427703 
-0.1424074994643526 0.4701853187625016 
-0.14260208049532194 0.4569565399824803 
-0.1425783223212493 0.471355228224217 
-0.1427248057439952 0.5021950418223886 
-0.1427248057439952 0.5021950418223886 
-0.14259804946560067 0.4623946236545426 
-0.14254930997909374 0.4646876057633289 
-0.14254930997909374 0.4646876057633289 
-0.14242166676226115 0.4441570837463979 
-0.14283662541210984 0.42549157402053883 
-0.14283662541210984 0.42549157402053883 
-0.14277638120016808 0.42559223191088336 
-0.1427964482214293 0.42491125064545393 
-0.142826440756233 0.43300516962149144 
-0.142826440756233 0.43300516962149144 
-0.142826440756233 0.43300516962149144 
-0.1427177860206014 0.4238672560139575 
-0.14294899472401165 0.41997887180744076 
-0.14282150243649153 0.41054568719003814 
-0.14282150243649153 0.41054568719003814 
-0.1428442983976116 0.4093708774384448 
-0.1427592462601532 0.4099267061010712 
-0.14283460649939125 0.4102907960369581 
-0.14285831088168527 0.41779174144646325 
-0.14284144992964518 0.41774054325542453 
-0.14283938760469453 0.4189253527883861 
-0.14270912959894233 0.41458041603144363 
-0.1427722017132872 0.4152393649362527 
-0.1427722017132872 0.4152393649362527 
-0.14324530436900546 0.4079004097640253 
-0.14324530436900546 0.4079004097640253 
-0.14324530436900546 0.4079004097640253 
-0.1434357539469645 0.4078524774735194 
-0.1434357539469645 0.4078524774735194 
-0.14383538311462463 0.40441527249496934 
-0.14383538311462463 0.40441527249496934 
-0.14383538311462463 0.40441527249496934 
-0.14352853899203855 0.40646892779824667 
-0.1429908310019595 0.4081153076988771 
-0.1429908310019595 0.4081153076988771 
-0.14294924571325035 0.4097792951970387 
-0.14290770288152177 0.40906647114387235 
-0.1429678178818283 0.41009797083687755 
-0.14299135289369405 0.4104203306863523 
-0.1428993149041326 0.40426252115049405 
-0.1428993149041326 0.40426252115049405 
-0.14291295585087324 0.4043599228053132 
-0.1429479667063278 0.4044595406872971 
-0.1427179627979794 0.4050586829680639 
-0.1427179627979794 0.4050586829680639 
-0.1427179627979794 0.4050586829680639 
-0.1427179627979794 0.4050586829680639 
