-0.13385844681221556 1.649854992785683 
-0.13365247275493028 1.6497206179620236 
-0.1336985131089137 1.6497598785092873 
-0.1337912956210881 1.6498591761727177 
-0.13399359123916327 1.6499103614459518 
-0.1340169481814276 1.6499658743661423 
-0.13414384134738155 1.6501829358696032 
-0.13396055799192583 1.6501916553250395 
-0.13396055799192583 1.6501916553250395 
-0.13424831526114286 1.6506921167133028 
-0.1343591184059564 1.651000604960688 
-0.13412567640161688 1.6507740674847475 
-0.13435843821995325 1.6509534199035076 
-0.13430402631667476 1.6509314962316983 
-0.13408650564060828 1.6507193256473323 
-0.13414542168660692 1.6506776597289152 
-0.13365751730691602 1.6489794545160905 
-0.13346904720803676 1.6527484074124428 
-0.1335437265160219 1.6507196107367792 
-0.13317542107887867 1.6524966542528141 
-0.13317542107887867 1.6524966542528141 
-0.13317048851352567 1.6523428627471608 
-0.1335407934698635 1.6530955916252525 
-0.1335407934698635 1.6530955916252525 
-0.1336138192827455 1.64779378036203 
-0.13353894109818748 1.6481007464537578 
-0.13347956525251833 1.649452267960541 
-0.13347956525251833 1.649452267960541 
-0.1333989494220883 1.6513869094813654 
-0.13268639122992612 1.6586279376065194 
-0.13268639122992612 1.6586279376065194 
-0.13268639122992612 1.6586279376065194 
-0.13268639122992612 1.6586279376065194 
-0.13268639122992612 1.6586279376065194 
-0.13346663448866103 1.660478188674844 
-0.13445566249682034 1.6401712449806602 
-0.13456129809979112 1.639876474416386 
-0.13458827522905434 1.6399260835824234 
-0.13458827522905434 1.6399260835824234 
-0.13458827522905434 1.6399260835824234 
-0.13458827522905434 1.6399260835824234 
-0.13444540189057294 1.5924447097212315 
-0.1341322226735629 1.5892572630162056 
-0.1341322226735629 1.5892572630162056 
-0.1341322226735629 1.5892572630162056 
-0.13419532792721012 1.5671563196495917 
-0.134197221995539 1.566430003552788 
-0.13436903001595676 1.547344223959022 
-0.13436903001595676 1.547344223959022 
-0.13446774629205013 1.522637845548928 
-0.1344055829485459 1.5216025749035977 
-0.1344055829485459 1.5216025749035977 
-0.13439396787460395 1.4910137054475654 
-0.13573303465961625 1.4261381787190779 
-0.1366383115961853 1.2430756177028504 
-0.13665023438189822 1.2299420102408833 
-0.13665023438189822 1.2299420102408833 
-0.13690533843988442 1.2459646828552184 
-0.13690533843988442 1.2459646828552184 
-0.13690533843988442 1.2459646828552184 
-0.13776514730154304 1.1381246665800733 
-0.13776514730154304 1.1381246665800733 
-0.13872446382727344 0.9690612594275791 
-0.13872446382727344 0.9690612594275791 
-0.13872446382727344 0.9690612594275791 
-0.13872446382727344 0.9690612594275791 
-0.13867521474252667 0.9405059155841408 
-0.13867521474252667 0.9405059155841408 
-0.13838809631625335 0.9478550212087056 
-0.13838809631625335 0.9478550212087056 
-0.13834764626967624 0.9545903995061763 
-0.13834764626967624 0.9545903995061763 
-0.13834764626967624 0.9545903995061763 
-0.13834764626967624 0.9545903995061763 
-0.13923444467123017 0.8356512505220304 
-0.14006914939095882 0.7063744544340638 
-0.14021276951007258 0.6952469141542419 
-0.14015063293516308 0.7281919625215009 
-0.1408450246610943 0.602059529497177 
-0.14095269961733267 0.5893510708051212 
-0.1410827571936534 0.5671101594680966 
-0.1410827571936534 0.5671101594680966 
-0.1410827571936534 0.5671101594680966 
-0.1410827571936534 0.5671101594680966 
-0.1410827571936534 0.5671101594680966 
-0.1410827571936534 0.5671101594680966 
-0.14109349753664574 0.5563883795888008 
-0.14109349753664574 0.5563883795888008 
-0.1411473431373782 0.5413300782997729 
-0.1411473431373782 0.5413300782997729 
-0.14118692658756266 0.530282374103041 
-0.14098215749821227 0.5354359760733957 
-0.14098215749821227 0.5354359760733957 
-0.14107816970779524 0.528277311184634 
-0.14107816970779524 0.528277311184634 
-0.14107816970779524 0.528277311184634 
-0.14121577555152734 0.49963002721187577 
-0.14121577555152734 0.49963002721187577 
-0.14163614529589075 0.4734798638910899 
-0.14134196934851412 0.47747442451959343 
-0.141138396431274 0.4806362037601162 
-0.141138396431274 0.4806362037601162 
-0.141138396431274 0.4806362037601162 
-0.141138396431274 0.4806362037601162 
-0.14121281359153828 0.4774128551782774 
-0.14121281359153828 0.4774128551782774 
-0.14153662350535295 0.4423931330415446 
-0.14154761937023438 0.43912950012329954 
-0.14171157242027976 0.4417136084746386 
-0.14171157242027976 0.4417136084746386 
-0.14177148762413405 0.4379431097987587 
-0.14203876440704594 0.4552325149876037 
-0.14203876440704594 0.4552325149876037 
-0.14203876440704594 0.4552325149876037 
-0.14204475843767436 0.4552845465498253 
-0.14207950194118796 0.4487326728839045 
-0.14207950194118796 0.4487326728839045 
-0.14204022397337354 0.4347753896938338 
-0.14199072901217863 0.4320135694567528 
-0.14206325453154905 0.4285843245385454 
-0.14202753994344383 0.43688429654143884 
-0.1420148094744236 0.4376588110109611 
-0.1420148094744236 0.4376588110109611 
-0.14219534559818267 0.42179909691608514 
-0.14205406384968797 0.4237940605676624 
-0.14205406384968797 0.4237940605676624 
-0.1420504863382391 0.4250242549488481 
-0.14215952598500092 0.4206635329217962 
-0.1421170194139299 0.40631322697121386 
-0.1419318879915046 0.40943873823906135 
-0.1419318879915046 0.40943873823906135 
-0.14189591976380903 0.40980254235479835 
-0.14210077057000453 0.40939757007984096 
-0.14187099328291466 0.4026845682859839 
-0.14176930621678724 0.40458868744956533 
-0.14160064375130885 0.4030291590747642 
-0.141658639554142 0.40338817541586364 
-0.141658639554142 0.40338817541586364 
-0.141658639554142 0.40338817541586364 
-0.141658639554142 0.40338817541586364 
-0.14186128106039836 0.4131209975412663 
-0.14186128106039836 0.4131209975412663 
-0.14150484772546515 0.41042784016518363 
-0.14150484772546515 0.41042784016518363 
-0.141746797185121 0.4140567271923672 
-0.14207515227641684 0.41071555381045216 
-0.14192761341982463 0.40002786557409553 
-0.14192761341982463 0.40002786557409553 
-0.14200207668396347 0.4029066827104035 
-0.14205428000340872 0.4061115078001067 
-0.14215976412820847 0.4051479450964601 
-0.14215923794909038 0.4044120561038475 
-0.1420930043262632 0.40454287025157737 
-0.1420926859766332 0.40558826439837176 
-0.14209013943081303 0.4079269357464658 
-0.1425937179979465 0.409074481725215 
-0.1425937179979465 0.409074481725215 
-0.14263558979215477 0.4098267326781251 
-0.14263558979215477 0.4098267326781251 
-0.14273506721120663 0.4116737290227352 
-0.14228216377428576 0.40753039364342636 
-0.1423078776203094 0.4133906107759594 
-0.1422930866865106 0.413429277056173 
-0.1423530008657455 0.42066526428805207 
-0.14200720960644816 0.42084722828553867 
-0.14207092048831158 0.42583659041472105 
-0.14217676562051115 0.42233110502305304 
-0.14235781329907707 0.41760605551319874 
-0.1419966652712478 0.4163773633219839 
-0.14201416504492018 0.4124047269460323 
-0.14227935209452924 0.41140276184664354 
-0.14228495353612028 0.4127833674938924 
-0.1423440202345669 0.4135106027231866 
-0.14244879849840342 0.4125651275546932 
-0.14212487568444468 0.4082170478428164 
-0.14212487568444468 0.4082170478428164 
-0.1427244712277099 0.41466025023371667 
-0.14271609166168234 0.4159936022076151 
-0.14274614322733686 0.4165606572238968 
-0.1428506002601218 0.41811942139559416 
-0.1428506002601218 0.41811942139559416 
-0.14259902711436714 0.4065057300680112 
-0.1425550837217029 0.4085461983280107 
-0.1425550837217029 0.4085461983280107 
-0.1422442631438783 0.41153502765862254 
-0.1422442631438783 0.41153502765862254 
-0.1423480783664621 0.41443102693767886 
-0.14205958042067454 0.42278042533120425 
-0.1418385782793115 0.42787602714701856 
-0.1418343175140605 0.42859416519728394 
-0.14163652688171083 0.4085204555532055 
-0.14246701841167866 0.4104485457954615 
-0.14228741129133435 0.4092033827750465 
-0.1424711045461339 0.4086563731309338 
-0.14273966379756994 0.40707784758350646 
-0.1427404548452644 0.40724685976838504 
-0.1427404548452644 0.40724685976838504 
-0.14301266032093754 0.4067560059825971 
-0.14303064850333175 0.4119513631106259 
-0.14302512392442684 0.4118012148895381 
-0.1430193445622553 0.4117613785016922 
-0.1430193445622553 0.4117613785016922 
-0.1430193445622553 0.4117613785016922 
-0.1425415863436244 0.4176039354633027 
-0.14256825446878865 0.4170354902201172 
-0.14296114921545386 0.40050290426442786 
-0.14296114921545386 0.40050290426442786 
-0.14296114921545386 0.40050290426442786 
-0.14258786251966749 0.4012728083464657 
-0.1425566337122802 0.4016999054806101 
-0.14237539672091096 0.40655025297663927 
-0.14237539672091096 0.40655025297663927 
-0.14237539672091096 0.40655025297663927 
-0.1423702706973874 0.40656229471205535 
-0.14283043571931084 0.4062051397386288 
-0.14279435441640342 0.40712727470497967 
-0.14340883574614494 0.4070003593102341 
-0.14391658223373135 0.40956184600611134 
-0.14324189145990282 0.4088459341688045 
-0.14324189145990282 0.4088459341688045 
-0.14282652499940193 0.410933957040966 
-0.14282652499940193 0.410933957040966 
-0.1428473071054737 0.411638141433296 
-0.14222910721986806 0.4113990118059676 
-0.141868057756294 0.40917980682291744 
-0.14177656274027534 0.40211139530658285 
-0.14177656274027534 0.40211139530658285 
-0.14177656274027534 0.40211139530658285 
-0.14182921681818805 0.4029736626000983 
-0.14182921681818805 0.4029736626000983 
-0.1419008030368263 0.4113290398324438 
-0.14209085000686414 0.4144034592465288 
-0.14216173528239573 0.41443810969571465 
-0.14212534361736853 0.41515521668202116 
-0.14220693928393258 0.41281290695030703 
-0.14212290520023838 0.4002928046347856 
-0.14212290520023838 0.4002928046347856 
-0.14212241775080828 0.4005143137614958 
-0.14212241775080828 0.4005143137614958 
-0.14212241775080828 0.4005143137614958 
-0.14214850436994764 0.4005155407000853 
-0.14214850436994764 0.4005155407000853 
-0.14214850436994764 0.4005155407000853 
-0.14221630872744298 0.4019477733598405 
-0.14224371302164115 0.40388248290351925 
-0.14225364091394574 0.40391804290123157 
-0.14239097464855024 0.4059580191066885 
-0.1425821562531816 0.4004605906413272 
-0.1425821562531816 0.4004605906413272 
-0.14257904512609598 0.4003362792772948 
-0.1426332640139778 0.4010841800515921 
-0.1426332640139778 0.4010841800515921 
-0.1426332640139778 0.4010841800515921 
-0.14261658318036857 0.4015637974145854 
-0.14256511917646641 0.40139549702289407 
-0.14256511917646641 0.40139549702289407 
-0.14256511917646641 0.40139549702289407 
-0.14253276050508704 0.40489040804907056 
-0.14255666034049877 0.4006274411946328 
-0.14255666034049877 0.4006274411946328 
-0.14255666034049877 0.4006274411946328 
-0.14255666034049877 0.4006274411946328 
-0.14268930417421385 0.4004125199153938 
-0.14268930417421385 0.4004125199153938 
-0.14268930417421385 0.4004125199153938 
-0.14268930417421385 0.4004125199153938 
-0.14268930417421385 0.4004125199153938 
-0.14268930417421385 0.4004125199153938 
-0.14291312899398811 0.40034755325534926 
-0.1429524588712522 0.4009050578388894 
-0.1431187219099814 0.40032983759748203 
-0.1431187219099814 0.40032983759748203 
-0.1431187219099814 0.40032983759748203 
-0.1431100859283428 0.40057461882710443 
-0.14298317281772968 0.4048283156966913 
-0.14292280929848175 0.40606550318172496 
-0.14292234387336908 0.40607029137814393 
-0.14278966453743905 0.4052717428765749 
-0.14278966453743905 0.4052717428765749 
-0.14278966453743905 0.4052717428765749 
-0.14275807583399563 0.4041774682119568 
-0.14275807583399563 0.4041774682119568 
-0.14275807583399563 0.4041774682119568 
-0.14275846426299896 0.4042124829742356 
-0.14275846426299896 0.4042124829742356 
-0.14275846426299896 0.4042124829742356 
-0.14275846426299896 0.4042124829742356 
-0.142816695383878 0.40281702762675525 
-0.14283454081608607 0.4026351441127993 
-0.14291277300312 0.40151916156072304 
-0.14291277300312 0.40151916156072304 
-0.14291277300312 0.40151916156072304 
-0.14287884353244373 0.40061098462284006 
-0.14301553463921124 0.40012496470412934 
-0.14332206748466192 0.4001095528527417 
-0.14332206748466192 0.4001095528527417 
-0.1434140289586905 0.4013275628676448 
-0.1434140289586905 0.4013275628676448 
-0.1434140289586905 0.4013275628676448 
-0.1434140289586905 0.4013275628676448 
