-0.1338930487261461 1.6500588480876712 
-0.133888614980651 1.6501235406603425 
-0.13398801925136308 1.649946706285648 
-0.13404847389364571 1.6498391610183387 
-0.13406855398210835 1.6496629938736491 
-0.1342402992270079 1.6485380851306655 
-0.13468374298912303 1.6480155046394225 
-0.13424574113574417 1.649047812763089 
-0.13424574113574417 1.649047812763089 
-0.13424574113574417 1.649047812763089 
-0.13430846208118644 1.6485142422875747 
-0.13430846208118644 1.6485142422875747 
-0.13441269380542967 1.6477283049869111 
-0.1341394722670461 1.6487591181406023 
-0.13407651975251378 1.649830450771091 
-0.13355355162765098 1.6502639526672471 
-0.1334676855365009 1.6467069701538344 
-0.1334676855365009 1.6467069701538344 
-0.1334202055189996 1.6463890915824553 
-0.13337166259683994 1.645808195718186 
-0.13341688337899066 1.638279327128673 
-0.13383827906183288 1.628056515918677 
-0.1335607289959719 1.6236102578092568 
-0.1332837923956321 1.5972885354355355 
-0.133017546400012 1.572971716688895 
-0.133017546400012 1.572971716688895 
-0.13290075666331833 1.5623774518689941 
-0.13289211248062038 1.563976271099685 
-0.13289211248062038 1.563976271099685 
-0.13267662812281805 1.5153625821211514 
-0.13267662812281805 1.5153625821211514 
-0.1326684257585082 1.3949998097309355 
-0.13277272284788144 1.4292338908917135 
-0.13404534200733692 1.5185393552170319 
-0.13342012626732813 1.4586630882682403 
-0.13342012626732813 1.4586630882682403 
-0.1332859394821107 1.3321224545704595 
-0.1332859394821107 1.3321224545704595 
-0.1333979248635155 1.374061939984307 
-0.13376401771147522 1.4217834436701762 
-0.13397466011131773 1.3914036447188032 
-0.13397466011131773 1.3914036447188032 
-0.1351227648292192 1.3090943440973286 
-0.13555367038006813 1.2278507479077974 
-0.13555367038006813 1.2278507479077974 
-0.13565885103331063 1.2191889239237406 
-0.13565885103331063 1.2191889239237406 
-0.13594606013948085 1.0531201621191315 
-0.13594606013948085 1.0531201621191315 
-0.13648515514740445 0.9026123081103876 
-0.13648515514740445 0.9026123081103876 
-0.13648515514740445 0.9026123081103876 
-0.13777071197446855 0.5647923936674727 
-0.13777071197446855 0.5647923936674727 
-0.13760452565844575 0.7146784854212589 
-0.1376515325122289 0.7056466824524142 
-0.13779944362763394 0.7259274081324381 
-0.13869020512474972 0.6713869709939653 
-0.13897089632505427 0.693085475336215 
-0.13897089632505427 0.693085475336215 
-0.1407764946388836 0.581959596957015 
-0.1407764946388836 0.581959596957015 
-0.1407764946388836 0.581959596957015 
-0.14119813845600762 0.5602592384009704 
-0.14119813845600762 0.5602592384009704 
-0.14161049200435744 0.4786297187602772 
-0.14161049200435744 0.4786297187602772 
-0.14170055067991053 0.47092046013765965 
-0.14170055067991053 0.47092046013765965 
-0.14235318846026826 0.4734893688274516 
-0.14235318846026826 0.4734893688274516 
-0.14235318846026826 0.4734893688274516 
-0.14235318846026826 0.4734893688274516 
-0.14178513424000033 0.4183365989575526 
-0.14178513424000033 0.4183365989575526 
-0.1418681085370066 0.404761293570363 
-0.1418625540943029 0.4046726116364248 
-0.1416921198864175 0.45136822136316 
-0.14197023968027223 0.43075738461330704 
-0.14197023968027223 0.43075738461330704 
-0.14189043163683854 0.44518007848609453 
-0.14169255993580873 0.43922478624217687 
-0.14178999693969369 0.43786777250760756 
-0.14178999693969369 0.43786777250760756 
-0.14199747861732656 0.44858031597713094 
-0.14199747861732656 0.44858031597713094 
-0.14200994080869234 0.4473836328287594 
-0.14200994080869234 0.4473836328287594 
-0.14200994080869234 0.4473836328287594 
-0.14200994080869234 0.4473836328287594 
-0.1416853806153509 0.44904545627690745 
-0.14180283679491318 0.4481029173156417 
-0.14180283679491318 0.4481029173156417 
-0.14180283679491318 0.4481029173156417 
-0.14180283679491318 0.4481029173156417 
-0.14180283679491318 0.4481029173156417 
-0.14231270923012124 0.4396162006689042 
-0.1424001951985412 0.4345284636412392 
-0.1424001951985412 0.4345284636412392 
-0.1424001951985412 0.4345284636412392 
-0.14236940761098865 0.43174466883670615 
-0.14246115059094888 0.44592873781940995 
-0.14246115059094888 0.44592873781940995 
-0.14249350239321637 0.4449470056943687 
-0.14249350239321637 0.4449470056943687 
-0.14242704117596985 0.42877810771234237 
-0.14242704117596985 0.42877810771234237 
-0.1424249732940047 0.4288319532859246 
-0.1424235420766274 0.4268142781327239 
-0.14249802045933846 0.42311810863279575 
-0.14249802045933846 0.42311810863279575 
-0.14230172410279845 0.43107161079591627 
-0.14215172535406853 0.44713547428373857 
-0.14230081757781102 0.4399950708966849 
-0.14189291066460208 0.4253763227379111 
-0.14189291066460208 0.4253763227379111 
-0.14179402117104659 0.4663460029081036 
-0.1420031977405953 0.46022689815875123 
-0.1420031977405953 0.46022689815875123 
-0.1420031977405953 0.46022689815875123 
-0.1420031977405953 0.46022689815875123 
-0.1424072763338605 0.4454420429876733 
-0.14290627483653148 0.4590038174443314 
-0.14251382024965736 0.4419466642961015 
-0.14250517844458957 0.4467074851023035 
-0.14250517844458957 0.4467074851023035 
-0.14250751949692714 0.43447711005084966 
-0.14251381059420937 0.43394634200374255 
-0.14248638066511457 0.43703097378120426 
-0.14248638066511457 0.43703097378120426 
-0.14248638066511457 0.43703097378120426 
-0.14248638066511457 0.43703097378120426 
-0.1424073321886438 0.4317798493939942 
-0.14255562708422384 0.4238515349366237 
-0.14267727745548542 0.42761262494796665 
-0.14224268512859675 0.4510165307583129 
-0.14268410625411543 0.4552004420173374 
-0.14269184760491446 0.4554782791112219 
-0.14279832518042626 0.4427959549315349 
-0.14254985306812332 0.44283195985573626 
-0.14229869014571148 0.45096119368889914 
-0.14230226972611734 0.44461731371923613 
-0.14230226972611734 0.44461731371923613 
-0.14233639264755796 0.4427337054266901 
-0.14234559393412832 0.4416825993777762 
-0.14231687449416613 0.44625052613827165 
-0.1422792407966277 0.44994620509982547 
-0.14206893893033898 0.4457339202912134 
-0.14204580926187102 0.44738011727244276 
-0.14204580926187102 0.44738011727244276 
-0.1421516971437283 0.42984807221820237 
-0.1422247850054101 0.4348233328007284 
-0.1422247850054101 0.4348233328007284 
-0.14229003030446352 0.428503013164325 
-0.14184270128038962 0.41769519431862034 
-0.14203755016131345 0.413189018524747 
-0.14203755016131345 0.413189018524747 
-0.14203755016131345 0.413189018524747 
-0.14203755016131345 0.413189018524747 
-0.14180976939040704 0.41596640291254816 
-0.14180976939040704 0.41596640291254816 
-0.1419006896944023 0.41861386446206816 
-0.14187706547015894 0.417328102222485 
-0.1416524021478611 0.4210339368322895 
-0.1416524021478611 0.4210339368322895 
-0.1416524021478611 0.4210339368322895 
-0.141809606709986 0.4192684955083087 
-0.14179048823973053 0.41911810501046654 
-0.14229368319925978 0.42047563630370616 
-0.14229425534466836 0.420972533418223 
-0.14261370014136934 0.42928651210658164 
-0.14252219307647493 0.43206245345094435 
-0.14252219307647493 0.43206245345094435 
-0.14252219307647493 0.43206245345094435 
-0.14248455402515728 0.43474972480437296 
-0.14248560941803973 0.43464068063939554 
-0.14248560941803973 0.43464068063939554 
-0.14243625533787663 0.4535832186249904 
-0.1424717734477168 0.4504875835295074 
-0.1424174774335819 0.4516599516254477 
-0.1424174774335819 0.4516599516254477 
-0.14238226217328384 0.47364390803138223 
-0.14217436112927267 0.44708319204612057 
-0.14191124610195596 0.4537302912107182 
-0.14194447165661947 0.45174946591230625 
-0.14194447165661947 0.45174946591230625 
-0.14190622513098994 0.45379386513112807 
-0.1418444374926564 0.4560813114473185 
-0.1418444374926564 0.4560813114473185 
-0.14194800834168905 0.4537358681140087 
-0.14194800834168905 0.4537358681140087 
-0.1420730179097062 0.4502259935216131 
-0.14220360100796123 0.4509273528439792 
-0.14220360100796123 0.4509273528439792 
-0.14216766945551274 0.4558648745725508 
-0.14215253764119662 0.45671530395843124 
-0.14215253764119662 0.45671530395843124 
-0.14214357087847745 0.458459374469942 
-0.14214357087847745 0.458459374469942 
-0.14183544923296956 0.46122898286901587 
-0.1418372438001366 0.4608036165686394 
-0.1418372438001366 0.4608036165686394 
-0.14204295214368184 0.4490288961765614 
-0.14200454130273754 0.44648116754808953 
-0.14192121686923362 0.45054623628734597 
-0.14192121686923362 0.45054623628734597 
-0.1417282081717786 0.46031027530056257 
-0.1420931022369977 0.47882554808005945 
-0.1420931022369977 0.47882554808005945 
-0.14214491183963235 0.44646139098019555 
-0.1425678284936945 0.43263812284067926 
-0.14254979515222424 0.4422941113172487 
-0.142827867332608 0.4353443944285139 
-0.142827867332608 0.4353443944285139 
-0.14309912361246363 0.44856689539345235 
-0.1430228578036564 0.44707484342746184 
-0.1430228578036564 0.44707484342746184 
-0.1429261383894744 0.46515185059087755 
-0.1429261383894744 0.46515185059087755 
-0.1429261383894744 0.46515185059087755 
-0.14287016204942923 0.4470666444233484 
-0.14299867819001144 0.45818134393094007 
-0.1429519664311221 0.4517313039339271 
-0.14291442141053637 0.4920389603745495 
-0.1428368460081888 0.48204329227121656 
-0.14262971465261573 0.4534775731044419 
-0.1426466376828209 0.43919650019692935 
-0.1425946534776695 0.4370683200133341 
-0.1425946534776695 0.4370683200133341 
-0.14248127785436235 0.4386257820509089 
-0.14248127785436235 0.4386257820509089 
-0.14248696922872164 0.459992585507696 
-0.14244018223874305 0.4545877068530386 
-0.1424161489305264 0.4585231901878738 
-0.14226908497367272 0.4440919603575159 
-0.14227387007324654 0.44400093573764177 
-0.14194231421397313 0.4538343045440842 
-0.1419380620681109 0.4519766015598228 
-0.14194298664254879 0.4513140646301737 
-0.14166003743073866 0.46972290194699273 
-0.1419242043605527 0.46524361718800034 
-0.1419242043605527 0.46524361718800034 
-0.14199524309817887 0.4477027409200059 
-0.14207297194886412 0.4478079244241384 
-0.14207297194886412 0.4478079244241384 
-0.1422016248126352 0.444154146226725 
-0.14254676050602774 0.46619347122167576 
-0.14254676050602774 0.46619347122167576 
-0.14250652967490382 0.4475559372139616 
-0.14259102990015526 0.4517180505983279 
-0.142571537628122 0.45335564383817906 
-0.142571537628122 0.45335564383817906 
-0.142571537628122 0.45335564383817906 
-0.14262259174994613 0.4504307804090519 
-0.14262259174994613 0.4504307804090519 
-0.14262259174994613 0.4504307804090519 
-0.14262259174994613 0.4504307804090519 
-0.14260986235309528 0.4311484324681587 
-0.1424216975043446 0.4188960166823513 
-0.14246277864671664 0.4127276366624356 
-0.1423560567872986 0.4123577370115611 
-0.1423560567872986 0.4123577370115611 
-0.14230873340627598 0.4117522423800279 
-0.14230873340627598 0.4117522423800279 
-0.14217404482150764 0.4150707410516263 
-0.14217404482150764 0.4150707410516263 
-0.14223184992245988 0.41158253468586037 
-0.14241563006579572 0.4091039181358384 
-0.1426613779482569 0.41061612997007835 
-0.14255742917030448 0.41178794849603856 
-0.14248276832349666 0.4000181959152987 
-0.14260455163543706 0.4077332121941858 
-0.1424697603921563 0.41140320742995884 
-0.14230640586994375 0.4150112817218544 
-0.1415436762804037 0.40699780774509203 
-0.1415436762804037 0.40699780774509203 
-0.14183730109419493 0.4118037401180514 
-0.14183730109419493 0.4118037401180514 
-0.14183730109419493 0.4118037401180514 
-0.14183730109419493 0.4118037401180514 
-0.14183730109419493 0.4118037401180514 
-0.14183730109419493 0.4118037401180514 
-0.14183730109419493 0.4118037401180514 
-0.14202534824978594 0.4170135140857805 
-0.14201417780181505 0.423539389210796 
-0.14176658682905707 0.4313041261383554 
-0.1416520424423085 0.4201898900970412 
-0.14135664751970023 0.42293645136521274 
-0.14135664751970023 0.42293645136521274 
-0.1420922320154914 0.4130963126920453 
-0.1420922320154914 0.4130963126920453 
-0.1420922320154914 0.4130963126920453 
-0.14170545612327076 0.4167820894109056 
-0.1418078888697775 0.41821864596506486 
-0.14201053091084184 0.42043605495322434 
-0.14243834811443518 0.41648252096293814 
-0.1423735538165407 0.41649560740839126 
-0.14227587670242417 0.4228848505551277 
-0.14241099248356398 0.41244035215232033 
-0.14239907614879316 0.4095118243460854 
