-0.1340917021698568 1.6500193402884016 
-0.13411753847217037 1.65002402084959 
-0.13418880312897258 1.6501404121751835 
-0.13407587369847374 1.6500959463359464 
-0.1339507243524733 1.6498050180547874 
-0.13394960871312134 1.6498015422164212 
-0.1339621511794502 1.6497616604564809 
-0.13383474325802663 1.650685776644765 
-0.1340400881877782 1.6508437891733039 
-0.13423277996134458 1.6513744806529582 
-0.13368628768983773 1.6504284735398496 
-0.13368628768983773 1.6504284735398496 
-0.13358020792175923 1.6502170871644235 
-0.13375553668928294 1.650763554480366 
-0.1335032911724732 1.6496520515990203 
-0.1335032911724732 1.6496520515990203 
-0.1335112671169059 1.6516701447263495 
-0.1335112671169059 1.6516701447263495 
-0.13341537219754135 1.6557448597653146 
-0.1334477337260303 1.6565488898518113 
-0.13345426719521872 1.6567375791336005 
-0.13345426719521872 1.6567375791336005 
-0.13339095809228813 1.6529394806038518 
-0.1333636921941065 1.6514303834080275 
-0.1333636921941065 1.6514303834080275 
-0.1334707750759976 1.6508836716594943 
-0.1334788196664733 1.6540147825425113 
-0.1334788196664733 1.6540147825425113 
-0.1334788196664733 1.6540147825425113 
-0.1333038717179611 1.6581945337479826 
-0.13334863788681578 1.6576378787745674 
-0.13334863788681578 1.6576378787745674 
-0.13260438367358274 1.6748244629411646 
-0.1325913989006866 1.6762288789223658 
-0.132460226821542 1.6799534163941148 
-0.1324809296524042 1.6605164447436276 
-0.1324809296524042 1.6605164447436276 
-0.13313849777278594 1.6537008130731299 
-0.13330686328227184 1.6491677302171386 
-0.13330686328227184 1.6491677302171386 
-0.13355439073059236 1.6451738345239708 
-0.13355439073059236 1.6451738345239708 
-0.1334355976468576 1.6776401704595822 
-0.1334355976468576 1.6776401704595822 
-0.13393394243508358 1.6216657100300613 
-0.13393394243508358 1.6216657100300613 
-0.13393394243508358 1.6216657100300613 
-0.13393394243508358 1.6216657100300613 
-0.13393394243508358 1.6216657100300613 
-0.13518498135137128 1.5088428887242622 
-0.13646536520068783 1.4500880557044051 
-0.13646536520068783 1.4500880557044051 
-0.13657471073194935 1.4400476016521435 
-0.13657471073194935 1.4400476016521435 
-0.13657471073194935 1.4400476016521435 
-0.13657471073194935 1.4400476016521435 
-0.13586999899805172 1.3801034065318802 
-0.13586999899805172 1.3801034065318802 
-0.13579350038689111 1.3855833253357628 
-0.1362983431662782 1.3080436081048377 
-0.1362983431662782 1.3080436081048377 
-0.13631351873244738 1.2967080491247494 
-0.13741693005568836 1.225965575200824 
-0.13741693005568836 1.225965575200824 
-0.13743239153414222 1.1092542574899256 
-0.13743239153414222 1.1092542574899256 
-0.13759473706154596 1.0853176065139096 
-0.13764104584839731 1.0954009326281253 
-0.13790938978670192 0.974924188908314 
-0.13790938978670192 0.974924188908314 
-0.13802547971852283 0.9667046374590054 
-0.13802547971852283 0.9667046374590054 
-0.13802547971852283 0.9667046374590054 
-0.13872144764172517 0.7563614217146021 
-0.13867359631740545 0.7286400077789729 
-0.13955357808716587 0.6603923894628967 
-0.13940594240991072 0.6752950208272628 
-0.13940594240991072 0.6752950208272628 
-0.13940594240991072 0.6752950208272628 
-0.13940594240991072 0.6752950208272628 
-0.14010243719380353 0.5628398196938083 
-0.1413905831264148 0.5057933745769029 
-0.14139245168336648 0.4861713383283595 
-0.14162758574577133 0.46441704030146863 
-0.14174823686615332 0.4553880891576395 
-0.1423747932051867 0.44467572579566567 
-0.1425041399500833 0.44158104386351366 
-0.14245799370527062 0.4334157441039984 
-0.14251863294508219 0.43383940078355104 
-0.1430587208889048 0.43135851268578274 
-0.1430587208889048 0.43135851268578274 
-0.1434936197178236 0.4157474957081121 
-0.1434936197178236 0.4157474957081121 
-0.1427764906884703 0.412264210149157 
-0.1427764906884703 0.412264210149157 
-0.1427764906884703 0.412264210149157 
-0.1427764906884703 0.412264210149157 
-0.14277347809987576 0.41219066457642406 
-0.14277347809987576 0.41219066457642406 
-0.14312345367447363 0.4164393412314009 
-0.14312345367447363 0.4164393412314009 
-0.14317827864333638 0.4118967003148573 
-0.1430084832945656 0.40993664794601176 
-0.1429726279517053 0.41044574288190017 
-0.14313353482196983 0.40944793602004936 
-0.14314881913946012 0.4091088788144305 
-0.14314881913946012 0.4091088788144305 
-0.14301078668349695 0.41094178143616394 
-0.14301078668349695 0.41094178143616394 
-0.14295356648646268 0.410671458833176 
-0.14382771261000524 0.4094462934068199 
-0.14382771261000524 0.4094462934068199 
-0.1432604111115075 0.4256484144210997 
-0.1430210019417711 0.43372679960258137 
-0.14288965327838765 0.4287174384517356 
-0.14248539956092782 0.4491657254574427 
-0.14266696446180976 0.44238085603349414 
-0.1428955273847056 0.4492326619351581 
-0.14285021332927608 0.44596433698904087 
-0.14270486541129102 0.4401101529577831 
-0.14240241564367073 0.4361111303144104 
-0.14248283518515872 0.46336442682350565 
-0.14246245506868888 0.45982696871398615 
-0.14246245506868888 0.45982696871398615 
-0.14246210952893756 0.4623651201319775 
-0.14246210952893756 0.4623651201319775 
-0.14246210952893756 0.4623651201319775 
-0.1424145613900591 0.43999939405038313 
-0.14245248490311266 0.4426485753614452 
-0.1424273685504432 0.42952694113500123 
-0.14273528127370347 0.42087835859348766 
-0.14268671181543777 0.41891825787288045 
-0.14271833640003667 0.4197030917463576 
-0.14255092723747947 0.42226503257692255 
-0.14255092723747947 0.42226503257692255 
-0.14252746038344596 0.42275387059029856 
-0.1422028768474442 0.4206856172381957 
-0.14229892569406782 0.4158010046232672 
-0.14226152679236634 0.41531720280861045 
-0.14226152679236634 0.41531720280861045 
-0.14229434952452655 0.4161286624175013 
-0.14233760359953712 0.4224108034116682 
-0.14237348687606802 0.4190630068542986 
-0.1423741933850401 0.41809529713278404 
-0.1422690441135774 0.4133129758166739 
-0.14226395415319004 0.40748251458570817 
-0.14255169327070094 0.4029463486691535 
-0.1425362455961044 0.4020951058138078 
-0.1425362455961044 0.4020951058138078 
-0.1425362455961044 0.4020951058138078 
-0.1425320847244434 0.4020788297781982 
-0.1425320847244434 0.4020788297781982 
-0.14258993197259523 0.40059076938745153 
-0.14258993197259523 0.40059076938745153 
-0.14258993197259523 0.40059076938745153 
-0.14258993197259523 0.40059076938745153 
-0.14258993197259523 0.40059076938745153 
-0.14244479759511075 0.40042075258452636 
-0.14244479759511075 0.40042075258452636 
-0.14244479759511075 0.40042075258452636 
-0.1426389684514588 0.4005105267527913 
-0.14291916320973597 0.40013863920455667 
-0.14291916320973597 0.40013863920455667 
-0.14291916320973597 0.40013863920455667 
-0.14291916320973597 0.40013863920455667 
-0.14293871441486888 0.4011291808926707 
-0.14293871441486888 0.4011291808926707 
-0.14293871441486888 0.4011291808926707 
-0.14293871441486888 0.4011291808926707 
-0.14293871441486888 0.4011291808926707 
-0.14293871441486888 0.4011291808926707 
-0.1429790108702099 0.4009470108716242 
-0.14235457299928167 0.40424174146195896 
-0.14235457299928167 0.40424174146195896 
-0.14235457299928167 0.40424174146195896 
-0.14268645933204074 0.41854546507269536 
-0.14301612023871307 0.41467765261377404 
-0.1429911045581869 0.4148180220409727 
-0.1429911045581869 0.4148180220409727 
-0.1429911045581869 0.4148180220409727 
-0.14336922566117014 0.41788560509325257 
-0.14304054466108387 0.4148577255627748 
-0.14304054466108387 0.4148577255627748 
-0.14304261935461612 0.413688124400323 
-0.1431874267630193 0.4107505485777822 
-0.1435088516397481 0.41499086703508126 
-0.1435088516397481 0.41499086703508126 
-0.14355296563514378 0.4143122439853647 
-0.14355296563514378 0.4143122439853647 
-0.14372042455599204 0.40853522931617753 
-0.14372042455599204 0.40853522931617753 
-0.143832695558296 0.40420942987280783 
-0.14389679367965008 0.404211691263955 
-0.14318772744619135 0.41663905427728326 
-0.1431181068244383 0.4104743010454179 
-0.1431486382650243 0.4099664948551749 
-0.14301501815494316 0.40941165479035296 
-0.14315634932186339 0.40639830471087146 
-0.14283225047009762 0.4069539860326343 
-0.14283225047009762 0.4069539860326343 
-0.14283225047009762 0.4069539860326343 
-0.1428272611419102 0.4070822873529012 
-0.14290755728179683 0.4053398729056232 
-0.14290755728179683 0.4053398729056232 
-0.14290755728179683 0.4053398729056232 
-0.14290755728179683 0.4053398729056232 
-0.14243245185617254 0.4130022644499075 
-0.1422259501520197 0.40725215261491077 
-0.14221562383435427 0.40228938444768775 
-0.14222120910781114 0.40216025392816274 
-0.14222120910781114 0.40216025392816274 
-0.14222120910781114 0.40216025392816274 
-0.14222120910781114 0.40216025392816274 
-0.14221500929175 0.4031674443272889 
-0.14221500929175 0.4031674443272889 
-0.14221500929175 0.4031674443272889 
-0.14218898168883254 0.4028696696741201 
-0.14218898168883254 0.4028696696741201 
-0.1422275029670118 0.41132116445343375 
-0.14217795954381307 0.40943781624547354 
-0.14252492936821667 0.4070754281108815 
-0.14252492936821667 0.4070754281108815 
-0.14250022534112952 0.40728947387868925 
-0.14206486981573288 0.40922432733020697 
-0.14232356771177304 0.4091701181444075 
-0.1427855855710582 0.411307840414533 
-0.14271794047275413 0.41373321417668885 
-0.14275044322886948 0.4160080309235696 
-0.1426382584374307 0.41862629372726134 
-0.14264567366688125 0.4141730202483423 
-0.14247453484206635 0.4133108740269866 
-0.14247357569562596 0.4134273524147356 
-0.142315677155377 0.41192594963490287 
-0.142315677155377 0.41192594963490287 
-0.142315677155377 0.41192594963490287 
-0.14242845090984918 0.4109172523197228 
-0.14230584424366366 0.413685711726512 
-0.14230584424366366 0.413685711726512 
-0.14196611028158007 0.4444337795158915 
-0.14196611028158007 0.4444337795158915 
-0.1419266027093204 0.43695946107485656 
-0.1419029109985673 0.4320255834634847 
-0.14191592698512506 0.4344014789902224 
-0.14206740037566845 0.43070777791725895 
-0.14206947020922994 0.43056175242902595 
-0.14226597850385697 0.4286018156111053 
-0.14226597850385697 0.4286018156111053 
-0.14224173497846992 0.42904322832467123 
-0.142329418251695 0.42663809831838745 
-0.14230250104171924 0.4246756876885095 
-0.14222688947355888 0.4252212706862489 
-0.14208091239324547 0.4338917499305316 
-0.14216506981928148 0.43423711273450755 
-0.14227274867969572 0.4287781783134178 
-0.14253913495870102 0.43773253828357434 
-0.14257854962146868 0.46644418969957746 
-0.14248473190056735 0.4377621884069098 
-0.14248850606127395 0.4462052329105436 
-0.1422403835850282 0.4599893091494036 
-0.1422340826417804 0.4854411788194338 
-0.14225759596488496 0.4835855280686369 
-0.142302104440552 0.48538055436182315 
-0.14239036566561294 0.4689285056047581 
-0.1424379516219643 0.44821791524549265 
-0.14252336845884214 0.43984847580971626 
-0.1425347750078915 0.45525097050769114 
-0.14232244256085 0.5037918891998907 
-0.14235398005557032 0.49292867079589403 
-0.14235398005557032 0.49292867079589403 
-0.14235380270874212 0.49297305688592236 
-0.14237842930457384 0.47078156803319193 
-0.14226944847760684 0.5081512148977347 
-0.14226944847760684 0.5081512148977347 
-0.14226944847760684 0.5081512148977347 
-0.14226944847760684 0.5081512148977347 
-0.1422228640456834 0.5182574234432766 
-0.14226356991987 0.5129662533672497 
-0.1424146815151036 0.47671091965832113 
-0.14260970955430413 0.4534782998889077 
-0.14260970955430413 0.4534782998889077 
-0.1429213627782753 0.43816041701386105 
-0.14292285800799928 0.43858145504244045 
-0.1428491910482692 0.4349528778534819 
-0.1426669218272407 0.42524875588337 
-0.14249807740977868 0.44692733177875626 
-0.14249807740977868 0.44692733177875626 
-0.14248677765190096 0.4414024663622896 
-0.14248677765190096 0.4414024663622896 
-0.14268600951525193 0.4354469950398655 
-0.14268600951525193 0.4354469950398655 
-0.14277434151586985 0.42869115811453573 
-0.14304512483960008 0.4347150583366004 
-0.14260105182234112 0.42497578975010875 
-0.14270613139547084 0.43848060779764564 
-0.14280937787929857 0.43612502831865024 
-0.1425371673127632 0.4322558584576194 
-0.14252479072544808 0.4400794219959832 
-0.14249536451237146 0.4437996330251179 
-0.14238417661051933 0.4303265077395407 
-0.1422671285113385 0.43192424174114397 
