-0.13400357310479608 1.650106913629693 
-0.13395810812244463 1.6500175032232283 
-0.13395810812244463 1.6500175032232283 
-0.1339689971873176 1.6500199647961293 
-0.13390693362388456 1.6498443701398717 
-0.13390693362388456 1.6498443701398717 
-0.13367510320340972 1.6497122254309813 
-0.1336555679656574 1.6499003897196602 
-0.1335582254127155 1.649878017439492 
-0.1335582254127155 1.649878017439492 
-0.1335582254127155 1.649878017439492 
-0.1335582254127155 1.649878017439492 
-0.1326438813148637 1.648449670834733 
-0.13262714750719018 1.6483559069068505 
-0.13257624627223313 1.6482154468427224 
-0.13257624627223313 1.6482154468427224 
-0.13322566052497486 1.6486060324405227 
-0.1328326459498928 1.6477017568341263 
-0.1332356859034623 1.6486004686024769 
-0.13282255278425908 1.651107978248473 
-0.13282255278425908 1.651107978248473 
-0.13289963804844282 1.6505012849045622 
-0.1324796510061571 1.6531443776044652 
-0.1324796510061571 1.6531443776044652 
-0.1324796510061571 1.6531443776044652 
-0.1324796510061571 1.6531443776044652 
-0.13270594552941065 1.6513083426568793 
-0.13270594552941065 1.6513083426568793 
-0.13270594552941065 1.6513083426568793 
-0.13295669198253163 1.6563938433952095 
-0.13277467904761225 1.673486815795107 
-0.13301493610964624 1.6581048841633828 
-0.13301493610964624 1.6581048841633828 
-0.13369547924773792 1.6493485760399171 
-0.13337817824251366 1.6665429557425506 
-0.1333531284784586 1.6694885599165723 
-0.1333531284784586 1.6694885599165723 
-0.13343081147530492 1.6656318263104903 
-0.13343081147530492 1.6656318263104903 
-0.1334988532037169 1.6740438084784917 
-0.1334988532037169 1.6740438084784917 
-0.133426148487136 1.6519860105032165 
-0.133426148487136 1.6519860105032165 
-0.13367551750365794 1.6404726025265235 
-0.13349247339036827 1.636638292269755 
-0.13349247339036827 1.636638292269755 
-0.13349247339036827 1.636638292269755 
-0.13323578454762255 1.664607046330687 
-0.13359789495465083 1.6424706153529045 
-0.13356112025408165 1.6484533321388575 
-0.13367943866829837 1.5994208253091011 
-0.13368619875437984 1.5982532870167563 
-0.13373311530146645 1.6079651450129429 
-0.13385910772401508 1.5838853561838606 
-0.13385910772401508 1.5838853561838606 
-0.1342580970960309 1.484127198290846 
-0.13419764793475805 1.4874431394879486 
-0.13419764793475805 1.4874431394879486 
-0.1358624136653619 1.1938899617754752 
-0.1358624136653619 1.1938899617754752 
-0.13583470498671843 1.1009371063991238 
-0.13583470498671843 1.1009371063991238 
-0.1359175760232423 1.1082726719298983 
-0.13888832479983365 0.8256260488546602 
-0.13866580529799452 0.7855358935250123 
-0.13866580529799452 0.7855358935250123 
-0.13880012895451949 0.7853305930455333 
-0.1407261840699265 0.6362250832709403 
-0.1407261840699265 0.6362250832709403 
-0.1407261840699265 0.6362250832709403 
-0.1416818548124362 0.5341358272474865 
-0.14113357487759062 0.5094942205946158 
-0.14141395073886903 0.4504549458569505 
-0.14141395073886903 0.4504549458569505 
-0.14095714499380357 0.4459970363854434 
-0.14095714499380357 0.4459970363854434 
-0.14095714499380357 0.4459970363854434 
-0.14095714499380357 0.4459970363854434 
-0.14101341188571362 0.43958043424121285 
-0.14101341188571362 0.43958043424121285 
-0.14077681968433858 0.4158142859181356 
-0.14077681968433858 0.4158142859181356 
-0.14075325649266315 0.4140681420860272 
-0.14075325649266315 0.4140681420860272 
-0.14082557798740414 0.4711629789042836 
-0.1408909399625357 0.4732273699866062 
-0.1408909399625357 0.4732273699866062 
-0.1408909399625357 0.4732273699866062 
-0.1408909399625357 0.4732273699866062 
-0.1408909399625357 0.4732273699866062 
-0.1408909399625357 0.4732273699866062 
-0.14124700781048616 0.47395543240514226 
-0.14124700781048616 0.47395543240514226 
-0.14126784327081032 0.473540147354168 
-0.14126784327081032 0.473540147354168 
-0.14107704165064708 0.5059953195527442 
-0.14088211726135477 0.509923162338426 
-0.14094408763362945 0.5055853009694053 
-0.1407822316264642 0.5112351019750904 
-0.1412227790349711 0.5238869344813899 
-0.1412227790349711 0.5238869344813899 
-0.1412227790349711 0.5238869344813899 
-0.1412227790349711 0.5238869344813899 
-0.1412227790349711 0.5238869344813899 
-0.1412227790349711 0.5238869344813899 
-0.1412227790349711 0.5238869344813899 
-0.1412227790349711 0.5238869344813899 
-0.14147374636902404 0.5042792393125882 
-0.14159682734863352 0.49680558641012973 
-0.1418157701361047 0.48457004857894903 
-0.1418157701361047 0.48457004857894903 
-0.1418157701361047 0.48457004857894903 
-0.14244946475712902 0.4682208654703699 
-0.14238986695514358 0.4598245281255914 
-0.1424271705914506 0.4490849349010458 
-0.1424271705914506 0.4490849349010458 
-0.1423848658618645 0.43625915434177137 
-0.14228823417603437 0.4352201217959739 
-0.14228823417603437 0.4352201217959739 
-0.14229119790582453 0.4353332482345932 
-0.14229119790582453 0.4353332482345932 
-0.14213844072406104 0.4429126815512467 
-0.14221343977394482 0.43691030178319423 
-0.14216010311805663 0.4374486969613202 
-0.14216010311805663 0.4374486969613202 
-0.14200565406184268 0.4448979640041312 
-0.14208572374720743 0.45080350515148154 
-0.14211942483545342 0.4541592953490544 
-0.1422739484860149 0.4488188818747612 
-0.14180556280233622 0.4750729831153077 
-0.14180556280233622 0.4750729831153077 
-0.14180556280233622 0.4750729831153077 
-0.14183028175785753 0.47156374591647665 
-0.14183028175785753 0.47156374591647665 
-0.14180764645273491 0.47282374990980214 
-0.14199651194868823 0.45679390299635747 
-0.14199651194868823 0.45679390299635747 
-0.14193215329102166 0.45347081722330507 
-0.14207684473578552 0.44499848842650486 
-0.14201249135207716 0.44038200370981284 
-0.14201249135207716 0.44038200370981284 
-0.14190994306640323 0.45233913182961216 
-0.1419324233593145 0.4514810216921995 
-0.1419324233593145 0.4514810216921995 
-0.14219940001930403 0.43932328092293454 
-0.14243886202679074 0.43844343060145374 
-0.14243886202679074 0.43844343060145374 
-0.14247676124315403 0.44543152847461703 
-0.14247676124315403 0.44543152847461703 
-0.1424601949395918 0.4288988695008842 
-0.14260830457783233 0.42695594766662975 
-0.14259685040845127 0.4278829601694581 
-0.14244615096965643 0.42265823532229313 
-0.14245211040449568 0.4275409184345308 
-0.14254991034299427 0.42777259794275013 
-0.14254367827613465 0.432005283483364 
-0.1424651965243702 0.43021533319797806 
-0.1424651965243702 0.43021533319797806 
-0.14242039078745056 0.4305650608193862 
-0.14238260290593088 0.4326937591468397 
-0.14238338858448285 0.43268864154320685 
-0.14239172558596846 0.43249966526870576 
-0.14236288035373276 0.4347371905764111 
-0.14221366660825538 0.4440176840925657 
-0.1421558468836887 0.4463928191101132 
-0.1421257573617715 0.4426431164248461 
-0.1421257573617715 0.4426431164248461 
-0.1421568759188354 0.4418466185052345 
-0.14222765811285176 0.42890439830430466 
-0.14222765811285176 0.42890439830430466 
-0.1422840531254771 0.43294903451656636 
-0.1423582908675513 0.44323725348320253 
-0.14245476622386397 0.4382108265872563 
-0.1424912243959556 0.42616468249664335 
-0.14266627931640016 0.42177529659073193 
-0.1427151166542557 0.4223077861529903 
-0.14279786810937944 0.4225393002142379 
-0.14258321862509174 0.4105632561466726 
-0.14258321862509174 0.4105632561466726 
-0.14278004759022536 0.4140732516153828 
-0.1427477428778149 0.4160150896360488 
-0.1427477428778149 0.4160150896360488 
-0.1427477428778149 0.4160150896360488 
-0.1427525454766063 0.41583709275277503 
-0.1425128717200181 0.4213484409661688 
-0.14246873848353078 0.42021219473130306 
-0.14246873848353078 0.42021219473130306 
-0.14251492757098205 0.41483483291855267 
-0.14256769445153455 0.41495292098108644 
-0.14270051923933302 0.4154888251369661 
-0.14254102417371878 0.41767465765149675 
-0.14259826964777178 0.42186315558102233 
-0.14264033382645805 0.42208531063751237 
-0.1423967360674969 0.4146744153358857 
-0.1424228112574575 0.41520951758308916 
-0.1421701846704815 0.41675577607088743 
-0.14284389028270633 0.4086737124080565 
-0.14284389028270633 0.4086737124080565 
-0.14288883337862945 0.4080639596832717 
-0.14288966437251893 0.4081196653817035 
-0.14290606378280155 0.40754049659141844 
-0.14320857774042195 0.4003709775172988 
-0.1429570507994459 0.4037596337351461 
-0.1429570507994459 0.4037596337351461 
-0.1429570507994459 0.4037596337351461 
-0.14298878753693922 0.4031866830567627 
-0.14298878753693922 0.4031866830567627 
-0.14298878753693922 0.4031866830567627 
-0.14298878753693922 0.4031866830567627 
-0.14317095452565584 0.40312660593891686 
-0.14275113553592345 0.40560325332735164 
-0.14264130566410302 0.40674934045890027 
-0.14264130566410302 0.40674934045890027 
-0.14244573439046807 0.4090952777032951 
-0.14245719725162473 0.4034585585606084 
-0.14247153034298207 0.4031728663512457 
-0.14247153034298207 0.4031728663512457 
-0.1425303267319822 0.4080908955177826 
-0.14276993919225997 0.4033323663661506 
-0.14266271262616706 0.40547343865137053 
-0.14266631855143913 0.40517581538670094 
-0.14268553189129943 0.40507098160683164 
-0.14272447343182543 0.4018275658734894 
-0.14272447343182543 0.4018275658734894 
-0.14272447343182543 0.4018275658734894 
-0.14241411481822236 0.40106633504932393 
-0.14244379728123097 0.40092665776062364 
-0.14244379728123097 0.40092665776062364 
-0.14244379728123097 0.40092665776062364 
-0.14244379728123097 0.40092665776062364 
-0.1424260392187544 0.40261514259011455 
-0.14254530369110152 0.4030577260261733 
-0.1425891022965196 0.40181837266164594 
-0.1425891022965196 0.40181837266164594 
-0.1425891022965196 0.40181837266164594 
-0.1425891022965196 0.40181837266164594 
-0.1425401242177076 0.4020184491757594 
-0.14252712367287726 0.4013431407819662 
-0.14252712367287726 0.4013431407819662 
-0.14252721792483225 0.40134833787954693 
-0.14252721792483225 0.40134833787954693 
-0.14252721792483225 0.40134833787954693 
-0.14254021311896595 0.4033277558991135 
-0.14256973147443794 0.4029487180515599 
-0.14250818472998228 0.4085066147177737 
-0.14266559469173953 0.4110599340587613 
-0.142652678969698 0.4114528173502068 
-0.14264488065897538 0.41224762780785373 
-0.14244134191686264 0.4173567336818023 
-0.14182777967423887 0.42306193230556827 
-0.14182138266866529 0.43098377776139307 
-0.1417334605781649 0.43125429640022717 
-0.14153189921726236 0.4255800853059256 
-0.14153189921726236 0.4255800853059256 
-0.14166718975627185 0.4244170261243274 
-0.14144427597868137 0.4219368639738629 
-0.14144427597868137 0.4219368639738629 
-0.1410802812976298 0.41547522066641696 
-0.1410802812976298 0.41547522066641696 
-0.1414088104654871 0.4115118735189477 
-0.1414088104654871 0.4115118735189477 
-0.1414088104654871 0.4115118735189477 
-0.1414088104654871 0.4115118735189477 
-0.14189698505384596 0.407951980810569 
-0.14189698505384596 0.407951980810569 
-0.141953042078529 0.4094485244068412 
-0.141953042078529 0.4094485244068412 
-0.14164287736567832 0.40504435042446485 
-0.14164287736567832 0.40504435042446485 
-0.14176366679494898 0.40456368851273444 
-0.14176366679494898 0.40456368851273444 
-0.14176366679494898 0.40456368851273444 
-0.14226413677756936 0.40961103911455515 
-0.14224389818937933 0.40980293723170563 
-0.14226632859636987 0.40943104067389186 
-0.14226632859636987 0.40943104067389186 
-0.14229415473962748 0.41013551084313765 
-0.14234179075386916 0.41005429803244886 
-0.14234179075386916 0.41005429803244886 
-0.1422281921806948 0.4125269747672115 
-0.14222811753901476 0.4125126589865211 
-0.14217255543982307 0.413400082682153 
-0.14186773672502626 0.41986564544660077 
-0.14186773672502626 0.41986564544660077 
-0.14157412102327332 0.4126850233469971 
-0.14170310274346243 0.4141669428427492 
-0.14170310274346243 0.4141669428427492 
-0.14170310274346243 0.4141669428427492 
-0.14170310274346243 0.4141669428427492 
-0.1413692202199042 0.4174625726295568 
-0.1413692202199042 0.4174625726295568 
-0.1413692202199042 0.4174625726295568 
-0.1413692202199042 0.4174625726295568 
-0.1413692202199042 0.4174625726295568 
-0.1411913651402543 0.41312678029193073 
-0.1411913651402543 0.41312678029193073 
-0.1411913651402543 0.41312678029193073 
-0.1411913651402543 0.41312678029193073 
-0.1411913651402543 0.41312678029193073 
-0.14135762266807167 0.4122481061314745 
