-0.13411457283778377 1.6500315110045174 
-0.13410188069578596 1.6499759771276017 
-0.13409914825862723 1.6499751507698435 
-0.1340606518870026 1.6500285639387182 
-0.13406224641491654 1.6500270404072073 
-0.13406224641491654 1.6500270404072073 
-0.13406224641491654 1.6500270404072073 
-0.13417112844574872 1.6500967438379153 
-0.13421469716456877 1.6501649880856248 
-0.13423883145587523 1.6501512217962429 
-0.13423883145587523 1.6501512217962429 
-0.1342487682193774 1.6501568416796846 
-0.13427615435848508 1.650096744614942 
-0.1342763337640416 1.6501430844666272 
-0.1342763337640416 1.6501430844666272 
-0.1342763337640416 1.6501430844666272 
-0.1342763337640416 1.6501430844666272 
-0.13428053979168708 1.6501473766556427 
-0.13428053979168708 1.6501473766556427 
-0.13428053979168708 1.6501473766556427 
-0.1344102566043772 1.6502647363458436 
-0.13444435272036184 1.6502594132393513 
-0.13439258847131902 1.650268583313289 
-0.13483371685275614 1.6504771756971344 
-0.13483371685275614 1.6504771756971344 
-0.13484634557165306 1.6500871667282242 
-0.13494217545380358 1.6500231777029597 
-0.13494217545380358 1.6500231777029597 
-0.13528007239849152 1.6369137870682926 
-0.1354915337552962 1.6392433896455751 
-0.1357225344724148 1.6370801834813509 
-0.13570537420256978 1.6390492868159785 
-0.13601334280548594 1.6381616223836681 
-0.13607540398483522 1.6410562400365405 
-0.13606575037992943 1.6395147700266506 
-0.13598042474315078 1.6369835502387184 
-0.13600620875118158 1.635025429751008 
-0.1361815390981625 1.6385604358902914 
-0.1361967011511197 1.6357807658836012 
-0.1361967011511197 1.6357807658836012 
-0.1361305601394333 1.6342174532332627 
-0.13601618469793897 1.6392000788781702 
-0.13601678757902627 1.6380126407628857 
-0.13601678757902627 1.6380126407628857 
-0.13629792015029146 1.6306171980751696 
-0.1363698750764426 1.6292612934206223 
-0.1363698750764426 1.6292612934206223 
-0.13688205900313086 1.5472243996631836 
-0.13688205900313086 1.5472243996631836 
-0.13691850623235002 1.5275253120012784 
-0.13691850623235002 1.5275253120012784 
-0.13691850623235002 1.5275253120012784 
-0.13702141784048533 1.51559358283471 
-0.13702141784048533 1.51559358283471 
-0.1372186797705125 1.5021793698010086 
-0.1372186797705125 1.5021793698010086 
-0.1373679368560847 1.4830007142117083 
-0.13802140139061148 1.40626803532209 
-0.13802140139061148 1.40626803532209 
-0.1379367054063764 1.3945664699421427 
-0.13856941712746682 1.2579347139563546 
-0.13973723410552585 1.2397595122130298 
-0.13946797901706942 1.2002076363814542 
-0.1396048513357592 1.1655515403868888 
-0.1396048513357592 1.1655515403868888 
-0.13975614100765868 1.0954026810583004 
-0.13975614100765868 1.0954026810583004 
-0.1400792870575777 0.9606031105472665 
-0.14123000447274353 0.7306270949803707 
-0.14123000447274353 0.7306270949803707 
-0.14123000447274353 0.7306270949803707 
-0.14118646109289892 0.7332359287106519 
-0.14118646109289892 0.7332359287106519 
-0.14172999719536658 0.5776972860202584 
-0.14172999719536658 0.5776972860202584 
-0.1417466657937955 0.5699192917361124 
-0.1417466657937955 0.5699192917361124 
-0.1417466657937955 0.5699192917361124 
-0.14229500760251884 0.6142885215594291 
-0.1428917152074458 0.5837200050613617 
-0.1429190474929621 0.585623954104543 
-0.14290917823594063 0.5887420099716041 
-0.14290917823594063 0.5887420099716041 
-0.14290917823594063 0.5887420099716041 
-0.14290917823594063 0.5887420099716041 
-0.14292905054721625 0.5862921713816737 
-0.1429298865047565 0.5737386183633897 
-0.14333091473222587 0.5361063407984084 
-0.14334541112446175 0.5331661104953914 
-0.14334541112446175 0.5331661104953914 
-0.14334541112446175 0.5331661104953914 
-0.14334541112446175 0.5331661104953914 
-0.14334541112446175 0.5331661104953914 
-0.14334541112446175 0.5331661104953914 
-0.14360258502710968 0.5043347156433966 
-0.14360258502710968 0.5043347156433966 
-0.14360258502710968 0.5043347156433966 
-0.14342700065874406 0.5288837362065977 
-0.14343556758979714 0.518668561131562 
-0.14416630450892168 0.4362534260484074 
-0.14436355363965347 0.4522752089001251 
-0.14418298752336797 0.4418451781388281 
-0.14417744836930732 0.44101064933917344 
-0.14417744836930732 0.44101064933917344 
-0.14417744836930732 0.44101064933917344 
-0.14406560775244467 0.45732515305148724 
-0.14406560775244467 0.45732515305148724 
-0.14406560775244467 0.45732515305148724 
-0.14425181992052227 0.4425351002471191 
-0.14413635292786478 0.44463463239148987 
-0.14431716478862816 0.44873991193692964 
-0.1439990629632956 0.43968829451315006 
-0.1444379345134318 0.41310108138140295 
-0.14422274567429155 0.423762170999366 
-0.14425210918891865 0.42185359778156634 
-0.144073827220829 0.42506964490593124 
-0.144073827220829 0.42506964490593124 
-0.14394886030128057 0.4247548718314718 
-0.1440187909807841 0.4180885883214 
-0.14399308245396072 0.4304973614206815 
-0.14399308245396072 0.4304973614206815 
-0.14373338588056556 0.4239082606339801 
-0.14377959294586415 0.4217249779563021 
-0.14390040277712493 0.4076621617665231 
-0.1438760986610478 0.4105859293790142 
-0.14377945193425692 0.41203006574920953 
-0.14377945193425692 0.41203006574920953 
-0.1437706799031279 0.41019456183406555 
-0.14400323897812015 0.416550670762482 
-0.14409681370779087 0.4211373276875616 
-0.14413023422501003 0.42038778370695734 
-0.14413023422501003 0.42038778370695734 
-0.14407295156145447 0.4358533963774759 
-0.14420946025849973 0.4344296492631793 
-0.14457318726576288 0.432766221869522 
-0.1444446192477199 0.428251637466985 
-0.1444446192477199 0.428251637466985 
-0.14429189299306827 0.42543236554559394 
-0.14415486463757274 0.42239774854091183 
-0.14415486463757274 0.42239774854091183 
-0.14412151203762266 0.4182891095387047 
-0.1441555811282478 0.4134954213728714 
-0.1441555811282478 0.4134954213728714 
-0.14407494464932857 0.4120609577637472 
-0.14374320213093775 0.4166076016426188 
-0.14374320213093775 0.4166076016426188 
-0.14407697056068106 0.4162792759848082 
-0.14407697056068106 0.4162792759848082 
-0.14400725472748127 0.41792078219800255 
-0.14350989504933637 0.4230102868299959 
-0.14339701685915063 0.4300998541089175 
-0.14319034873529016 0.4325401466614202 
-0.14348834792168308 0.4302377413961932 
-0.14348834792168308 0.4302377413961932 
-0.14348834792168308 0.4302377413961932 
-0.14351530799648693 0.431775215223965 
-0.14353334710252366 0.431256958575716 
-0.14353334710252366 0.431256958575716 
-0.14355691492358608 0.43959428323945293 
-0.1433875964159145 0.4417875713960164 
-0.14355144213508117 0.4309528844644522 
-0.14355144213508117 0.4309528844644522 
-0.14371857127776433 0.4276603834417516 
-0.14371857127776433 0.4276603834417516 
-0.14371857127776433 0.4276603834417516 
-0.14392720015913638 0.4222813698493161 
-0.14411534632851283 0.4162696641032743 
-0.14417903841736976 0.4136371907429117 
-0.1439491322791182 0.4086772864337854 
-0.1441707856116993 0.4111747828998454 
-0.14412267731368486 0.40870188240283456 
-0.14425932213745263 0.40403906650383553 
-0.14424397681012666 0.4032488806479071 
-0.14424397681012666 0.4032488806479071 
-0.1441972511629545 0.401651000200226 
-0.1441972511629545 0.401651000200226 
-0.14407972934109425 0.4032554415218806 
-0.14390779644361734 0.4039941625002003 
-0.14394186357830382 0.40464996260005354 
-0.1439158869937442 0.4034006716278341 
-0.14392494791014035 0.4035263692213137 
-0.1439197724226688 0.40316197867764125 
-0.14404176222362547 0.40255796351826895 
-0.14360142055406255 0.40156810198409476 
-0.1438432294362558 0.4019971165741272 
-0.1438432294362558 0.4019971165741272 
-0.14408635846279738 0.4090185819900438 
-0.14422629714711513 0.40930984743197596 
-0.14437355975958016 0.4052889205041258 
-0.14415101503803585 0.40462400609502425 
-0.144155683157056 0.40465393291376 
-0.144155683157056 0.40465393291376 
-0.144155683157056 0.40465393291376 
-0.14412905429372797 0.4058863263927341 
-0.14412760170792832 0.40476472445744033 
-0.1440889507625513 0.4066212362014315 
-0.1440889507625513 0.4066212362014315 
-0.1440889507625513 0.4066212362014315 
-0.14428079617425754 0.40487129950560374 
-0.14428079617425754 0.40487129950560374 
-0.14428079617425754 0.40487129950560374 
-0.14428079617425754 0.40487129950560374 
-0.14430161637118058 0.4054160605811333 
-0.14430161637118058 0.4054160605811333 
-0.14425189178959524 0.40510746936623665 
-0.14424321216060793 0.40066215979227465 
-0.14424321216060793 0.40066215979227465 
-0.14421282588595744 0.401504752264054 
-0.14421282588595744 0.401504752264054 
-0.14421282588595744 0.401504752264054 
-0.14421282588595744 0.401504752264054 
-0.14421282588595744 0.401504752264054 
-0.14421282588595744 0.401504752264054 
-0.14421282588595744 0.401504752264054 
-0.14421282588595744 0.401504752264054 
-0.14421282588595744 0.401504752264054 
-0.14421282588595744 0.401504752264054 
-0.14421073489715291 0.4000109661738739 
-0.14421073489715291 0.4000109661738739 
-0.14421073489715291 0.4000109661738739 
-0.14421073489715291 0.4000109661738739 
-0.14421073489715291 0.4000109661738739 
-0.14421073489715291 0.4000109661738739 
-0.1442191760323964 0.40320536131733353 
-0.1442191760323964 0.40320536131733353 
-0.1442191760323964 0.40320536131733353 
-0.1442191760323964 0.40320536131733353 
-0.14422845093016937 0.4031185822236603 
-0.14422845093016937 0.4031185822236603 
-0.14422845093016937 0.4031185822236603 
-0.14422845093016937 0.4031185822236603 
-0.14422018465344694 0.40301496549365906 
-0.1443060551774658 0.4077684261586948 
-0.14382919226059313 0.4045229314680582 
-0.14383736184411422 0.40465530638871733 
-0.14383736184411422 0.40465530638871733 
-0.14384378283555374 0.4045878694015088 
-0.14373367403930287 0.4047666102379953 
-0.14373367403930287 0.4047666102379953 
-0.14373367403930287 0.4047666102379953 
-0.14373367403930287 0.4047666102379953 
-0.14373367403930287 0.4047666102379953 
-0.14385502276195547 0.40420177937299157 
-0.14385502276195547 0.40420177937299157 
-0.14386801952736142 0.4068965607423352 
-0.14392230628671232 0.4065572708180111 
-0.1441158897102566 0.4039460398628091 
-0.14404202670280206 0.4023131481867681 
-0.14404202670280206 0.4023131481867681 
-0.14404202670280206 0.4023131481867681 
-0.14404202670280206 0.4023131481867681 
-0.14404202670280206 0.4023131481867681 
-0.14404202670280206 0.4023131481867681 
-0.14417923530800916 0.4023344882201843 
-0.14417923530800916 0.4023344882201843 
-0.14417923530800916 0.4023344882201843 
-0.14417923530800916 0.4023344882201843 
-0.14417923530800916 0.4023344882201843 
-0.14417923530800916 0.4023344882201843 
-0.14417923530800916 0.4023344882201843 
-0.14417923530800916 0.4023344882201843 
-0.14407313149634393 0.40638758629110605 
-0.14376189395046693 0.4248134357101723 
-0.1437696497352719 0.42473022324857285 
-0.14384696037479278 0.43536566887538863 
-0.14384696037479278 0.43536566887538863 
-0.14389147843161654 0.4285270531200618 
-0.14390842338381105 0.4398788369520145 
-0.14390842338381105 0.4398788369520145 
-0.14395599010566673 0.44450105639851534 
-0.14393355839972502 0.44589040013447273 
-0.14408659595484427 0.4624618171959274 
-0.14408659595484427 0.4624618171959274 
-0.14409460422981646 0.45048569306458885 
-0.14406511450111364 0.4359984262653317 
-0.14406511450111364 0.4359984262653317 
-0.1440419304167541 0.43959484572962493 
-0.14411025371331918 0.4450417826706637 
-0.14415113201238844 0.4440011221975187 
-0.14415113201238844 0.4440011221975187 
-0.14415302605013733 0.4339819177798634 
-0.14413894095500984 0.43410525852946064 
-0.14412373858537628 0.4365037776025654 
-0.1438428450190369 0.44461314554880227 
-0.1438428450190369 0.44461314554880227 
-0.14384254112742487 0.4442580651897468 
-0.14378570027223694 0.44202303978724045 
-0.14394722797317172 0.4424643585833147 
-0.14394722797317172 0.4424643585833147 
-0.14394722797317172 0.4424643585833147 
-0.14415895602276926 0.4353572513797277 
-0.14415895602276926 0.4353572513797277 
-0.14415895602276926 0.4353572513797277 
-0.14407495336054194 0.44871531485684524 
-0.14409211898917523 0.45215808268946045 
-0.14409211898917523 0.45215808268946045 
-0.1441394069741356 0.4462960320190655 
-0.14417370827051545 0.4509206726617255 
-0.14417370827051545 0.4509206726617255 
-0.14417184946774264 0.4522608702712627 
