-0.134110499366613 1.6500926247685916 
-0.13413247477782583 1.6501098401104335 
-0.13413247477782583 1.6501098401104335 
-0.13423555267423806 1.6503246102401965 
-0.13429943071693778 1.6503907516825402 
-0.13472088554779404 1.6506531483148077 
-0.1345512975749428 1.6505519480137705 
-0.13484052670137658 1.650945545336385 
-0.13520457037437156 1.6514629766410056 
-0.13577504735923315 1.6524519453442836 
-0.13666707409513923 1.6541082526129562 
-0.13671327522154492 1.6541627734936637 
-0.13610636541215315 1.6530790703778309 
-0.13655506592605263 1.6542087991044758 
-0.13674483298057089 1.6545511594710005 
-0.13578723598445908 1.6526699678673331 
-0.13616693650095896 1.6542421208698246 
-0.13592196918375413 1.6537434555507373 
-0.13620912570532664 1.6543438672424573 
-0.13607724416271125 1.6533902964931662 
-0.135863057472727 1.6524590492947655 
-0.1359554381569345 1.652516185649245 
-0.1359554381569345 1.652516185649245 
-0.1361361348732083 1.6482846966680151 
-0.13614930329320366 1.6481918651062828 
-0.13579344348083308 1.6495578283838412 
-0.13630285818039414 1.6513323185444577 
-0.13665375657203005 1.6493955705453058 
-0.13665375657203005 1.6493955705453058 
-0.13665375657203005 1.6493955705453058 
-0.13665375657203005 1.6493955705453058 
-0.13665375657203005 1.6493955705453058 
-0.13663374340124526 1.6504629308528191 
-0.13674216651611582 1.6489396356518395 
-0.13674216651611582 1.6489396356518395 
-0.13674216651611582 1.6489396356518395 
-0.13688822005048162 1.6494156152350827 
-0.13688822005048162 1.6494156152350827 
-0.1365373891254277 1.6320119387599652 
-0.1365373891254277 1.6320119387599652 
-0.13673333319372313 1.615472013996077 
-0.13621348732568675 1.612092405212234 
-0.1364350713885463 1.600861649283818 
-0.13629254084898365 1.582495896281722 
-0.13635881529163948 1.569622954913306 
-0.13635881529163948 1.569622954913306 
-0.13635881529163948 1.569622954913306 
-0.13635881529163948 1.569622954913306 
-0.1363563938200674 1.5698934262389135 
-0.1363563938200674 1.5698934262389135 
-0.13698458160607527 1.5077860597162451 
-0.13688081439948696 1.517551063524047 
-0.13688081439948696 1.517551063524047 
-0.13698197752431457 1.4745341736793673 
-0.13723713867133716 1.4200192529882398 
-0.1374907208151779 1.3653121131813748 
-0.1374907208151779 1.3653121131813748 
-0.1374907208151779 1.3653121131813748 
-0.1374907208151779 1.3653121131813748 
-0.1374907208151779 1.3653121131813748 
-0.13741799472587438 1.3675466931708837 
-0.13741799472587438 1.3675466931708837 
-0.13958699184504442 1.134297122749394 
-0.1399129470323575 1.089955610579726 
-0.1399129470323575 1.089955610579726 
-0.13987733562258547 1.0957532483984405 
-0.13987733562258547 1.0957532483984405 
-0.14014755335075058 1.0546079856916082 
-0.14014755335075058 1.0546079856916082 
-0.1397521464827369 1.0112844322291403 
-0.1399261629273871 0.8421455923799935 
-0.1399261629273871 0.8421455923799935 
-0.1399261629273871 0.8421455923799935 
-0.13996288784860447 0.8297190121098699 
-0.13996288784860447 0.8297190121098699 
-0.1415134267578453 0.6611133292043286 
-0.1415134267578453 0.6611133292043286 
-0.1415134267578453 0.6611133292043286 
-0.1423800473941692 0.5789382280656203 
-0.1424332712969671 0.5297080343006446 
-0.1424332712969671 0.5297080343006446 
-0.1428492623843344 0.48942911949186296 
-0.14269365106128418 0.5037491075987737 
-0.14269345623113322 0.5037962548569237 
-0.14269345623113322 0.5037962548569237 
-0.14269345623113322 0.5037962548569237 
-0.14269345623113322 0.5037962548569237 
-0.14269345623113322 0.5037962548569237 
-0.14269345623113322 0.5037962548569237 
-0.14269345623113322 0.5037962548569237 
-0.1428442843387844 0.43009630994192904 
-0.1428442843387844 0.43009630994192904 
-0.1428442843387844 0.43009630994192904 
-0.14268403663904655 0.4643063934427452 
-0.14268403663904655 0.4643063934427452 
-0.1426828545724262 0.46430637558986976 
-0.1426828545724262 0.46430637558986976 
-0.14261269717448796 0.4612529981925668 
-0.14261269717448796 0.4612529981925668 
-0.14261348469760507 0.4612327450271434 
-0.14261348469760507 0.4612327450271434 
-0.1426295840008627 0.459410295043816 
-0.14275214225517951 0.4568906726157454 
-0.14275214225517951 0.4568906726157454 
-0.14318284015986982 0.4420597930915445 
-0.14318284015986982 0.4420597930915445 
-0.14293951399310384 0.410777443462298 
-0.14326709445334163 0.4298250634116734 
-0.14326709445334163 0.4298250634116734 
-0.1432693964260029 0.42881205479025974 
-0.1432550802386723 0.42914754810168687 
-0.14327678582231326 0.41295972785032736 
-0.14364461137073076 0.4249369434729342 
-0.1435226696565141 0.44067335587299483 
-0.1433297426653276 0.44408880843844234 
-0.14331090051497178 0.44532833435877506 
-0.14331090051497178 0.44532833435877506 
-0.1434246937258996 0.43999356430564646 
-0.1431562709270366 0.47580102493393633 
-0.14347863508973618 0.45291000753615274 
-0.14359555698006413 0.438314453620935 
-0.14359632895390795 0.43827003053385427 
-0.143821748796812 0.4359355758729252 
-0.14374049407251965 0.44980247926067196 
-0.14370863576753787 0.4480435920413948 
-0.14372688036423084 0.43648647512548877 
-0.14379278085007172 0.4345324041636291 
-0.14375205619151318 0.43189254599187704 
-0.14361014527127283 0.4379570715842313 
-0.14361014527127283 0.4379570715842313 
-0.1437168484746723 0.42609846445845706 
-0.14410156141233355 0.4229294266374172 
-0.1440972778919894 0.42307281186008894 
-0.14409628986141135 0.4195827038985722 
-0.14393763942110316 0.4265804488900986 
-0.1440371630504544 0.4338178149773112 
-0.14400699251099403 0.43835259788998454 
-0.14349601940955897 0.46711908032599525 
-0.14349601940955897 0.46711908032599525 
-0.14347654754440373 0.4376782556698521 
-0.1436170605141431 0.4349915387083593 
-0.14362541219521574 0.4377538680373563 
-0.14362541219521574 0.4377538680373563 
-0.14365982110296008 0.4478541362118988 
-0.1441158134303236 0.42938083667801824 
-0.1441158134303236 0.42938083667801824 
-0.14380863082421858 0.42029236543910986 
-0.14383710914891612 0.42671259205833456 
-0.14383710914891612 0.42671259205833456 
-0.14392523211966773 0.4364237993804232 
-0.14377283129113116 0.42933966782642996 
-0.14388771194387645 0.42225501536320004 
-0.14382469299050596 0.4194722470459887 
-0.14382469299050596 0.4194722470459887 
-0.14386757373917597 0.42251547276509566 
-0.14378308267065543 0.425176610258769 
-0.14386165698958428 0.42285743263775605 
-0.14409244783027725 0.41736689250488 
-0.14400044937580667 0.42079643522321103 
-0.14399735884501186 0.41578177441352787 
-0.1439991773845796 0.4129999935786697 
-0.1441201932850735 0.4122683996778205 
-0.14415164652370568 0.41138326099952977 
-0.1439515110904748 0.41127059098940405 
-0.14394850718547847 0.41174341892083566 
-0.14433203204554912 0.4107662203890334 
-0.14434920921041436 0.4102449998631871 
-0.14467687515276592 0.4131508230284639 
-0.14467687515276592 0.4131508230284639 
-0.14464994008737048 0.412859560273446 
-0.14464994008737048 0.412859560273446 
-0.14464994008737048 0.412859560273446 
-0.14448471132872232 0.4114812969679814 
-0.14448471132872232 0.4114812969679814 
-0.14481112893009696 0.4162137198705295 
-0.14481112893009696 0.4162137198705295 
-0.14475176035193404 0.4137156301457985 
-0.14477539080345198 0.4136268818026835 
-0.14471700899166798 0.410310791849651 
-0.1446553249934669 0.4100790981002473 
-0.14476856067093477 0.4168367012238508 
-0.14469557801621338 0.41717913041179405 
-0.144597249244516 0.4197577665434646 
-0.144597249244516 0.4197577665434646 
-0.14441212216799565 0.42547818490370426 
-0.14441212216799565 0.42547818490370426 
-0.1442636045586449 0.44644084344330337 
-0.14435630594885243 0.43830205118916865 
-0.14435630594885243 0.43830205118916865 
-0.14432984936326876 0.4314641455100157 
-0.14432810071836494 0.43138487563800815 
-0.144389007799761 0.43073055580674924 
-0.14458094130579086 0.4423022320233758 
-0.14458094130579086 0.4423022320233758 
-0.14458094130579086 0.4423022320233758 
-0.14461853837807997 0.44456739986337934 
-0.14476617954871482 0.43834043610520035 
-0.14476617954871482 0.43834043610520035 
-0.14474971467389533 0.43398127513564655 
-0.1445223654169979 0.432131804450477 
-0.14456022119654813 0.42756140696032374 
-0.14463732222079323 0.4380063935403947 
-0.14454554946467155 0.42323434851357944 
-0.1441192472379006 0.42490539854029263 
-0.1443069118880196 0.4331627546507394 
-0.14430664574662533 0.433149945577383 
-0.14430664574662533 0.433149945577383 
-0.14407167153667336 0.4421331797609424 
-0.1441177227167842 0.46172364809477656 
-0.1441177227167842 0.46172364809477656 
-0.1441570581446737 0.4716520789216652 
-0.14414899752940072 0.48179110552736265 
-0.14415553041556864 0.48784272743117485 
-0.14419735722810265 0.46422873958633476 
-0.14409259629388188 0.46899912873002136 
-0.14410746522134613 0.45994038660838843 
-0.14404006202545766 0.43731113309658404 
-0.14456097665390305 0.45607183808972807 
-0.14448954432761896 0.4798488842083547 
-0.14449180228544078 0.4806784305117939 
-0.14449180228544078 0.4806784305117939 
-0.14449180228544078 0.4806784305117939 
-0.14453235062451378 0.46416879452247634 
-0.14447619630100145 0.4582170925579672 
-0.14442955056924525 0.45191239321105 
-0.14432296100148292 0.43494518802854426 
-0.14430568452926076 0.4310409278468607 
-0.14430568452926076 0.4310409278468607 
-0.14443484923602382 0.4283953210797577 
-0.1444451150752299 0.42811017460228384 
-0.14446192368760066 0.42638054400864017 
-0.14446192368760066 0.42638054400864017 
-0.14407509339109412 0.42615917381936425 
-0.14406714092644948 0.4260633328192274 
-0.14396927033498258 0.42557054146529283 
-0.1439800995373355 0.44602159189429297 
-0.1439477884869355 0.4494990000502891 
-0.1439477884869355 0.4494990000502891 
-0.1439477884869355 0.4494990000502891 
-0.14396678450711162 0.458692369348525 
-0.1439448580562168 0.45598070877172664 
-0.14404935276154843 0.4615309541967457 
-0.14412315954417584 0.4448089162018674 
-0.14413853244971536 0.4398584715855852 
-0.14400260081039476 0.44217165306907236 
-0.1444714020436411 0.4290289757616249 
-0.14448222967283184 0.42797897610007857 
-0.14448246076367513 0.4278980132536394 
-0.1445166598701691 0.4324075924121527 
-0.1445166598701691 0.4324075924121527 
-0.14496493815042155 0.4013051606383416 
-0.1445685571474986 0.4008441551779561 
-0.14441546484443565 0.4009165866747515 
-0.14412909640349647 0.4074094927969083 
-0.1440105530044407 0.4067380036598582 
-0.1440105530044407 0.4067380036598582 
-0.14367218005389779 0.4117056363512202 
-0.14341618966369699 0.40460011666230816 
-0.14347511064421795 0.40846449840625865 
-0.14354050522188122 0.4079862620662442 
-0.14323492694613674 0.4039666300576402 
-0.14327024113736678 0.4041206360351827 
-0.14360712687783067 0.4067350246724645 
-0.14359808095653104 0.4067512175920975 
-0.14359258448376813 0.4112536724562752 
-0.1435831863317357 0.41072394551142105 
-0.1435831863317357 0.41072394551142105 
-0.1435831863317357 0.41072394551142105 
-0.14362476105295416 0.41165839848857233 
-0.14361230505514577 0.41110401615662234 
-0.14361230505514577 0.41110401615662234 
-0.14361823096305068 0.4117166507244468 
-0.14358914502111578 0.4120178695742093 
-0.14392954867466337 0.4103997802214406 
-0.14409207463953602 0.4104699292164848 
-0.14394386651583246 0.4032129252901173 
-0.14415235757820702 0.4112452743289726 
-0.14402917585643385 0.4126669859832406 
-0.14401355149046452 0.4132368703832261 
-0.14401355149046452 0.4132368703832261 
-0.14401355149046452 0.4132368703832261 
-0.14401577296087353 0.40396151134466535 
-0.14402065564080507 0.4043870219235319 
-0.14402065564080507 0.4043870219235319 
-0.14402065564080507 0.4043870219235319 
-0.14394160636696796 0.40326401257841643 
-0.14394160636696796 0.40326401257841643 
-0.14394160636696796 0.40326401257841643 
-0.14394160636696796 0.40326401257841643 
-0.14391796155891873 0.4061200861312538 
-0.14391796155891873 0.4061200861312538 
-0.14385231383568467 0.4061832180533429 
-0.1438498797405323 0.406184372671844 
-0.14399356070374428 0.4144793240365256 
-0.14396889568724255 0.4105424772141561 
-0.14345235799100597 0.4068730604166315 
-0.14340582928382956 0.4066636479923017 
-0.14340582928382956 0.4066636479923017 
-0.14365116734023603 0.41158424742189165 
-0.14411257272968134 0.41516549713623274 
