-0.1339202915118783 1.6499641434652421 
-0.1339202915118783 1.6499641434652421 
-0.1339474116221344 1.6499673743673604 
-0.13397661365092817 1.649949994931453 
-0.13396740717486458 1.6499541889732756 
-0.13395322856006117 1.6499989116996137 
-0.13391489990323388 1.649957329317384 
-0.13391218900894328 1.6499207530482516 
-0.13393009892776964 1.6499251220266091 
-0.1339103462142026 1.649883413914622 
-0.1339103462142026 1.649883413914622 
-0.1339103462142026 1.649883413914622 
-0.13457063604064362 1.6504912971467671 
-0.13455026972181186 1.650436019247687 
-0.13502709049647812 1.649860215830924 
-0.13515068924027954 1.6493185082517139 
-0.13527845986535744 1.6494133002458855 
-0.1355988036444151 1.6491782391790726 
-0.13545216305929342 1.648717024755678 
-0.13542272026742516 1.6487511543575752 
-0.13543586847705744 1.6487556256220788 
-0.13543586847705744 1.6487556256220788 
-0.13599000757734045 1.6506850039677246 
-0.1361363778695905 1.6497981060901956 
-0.13611403747315332 1.649890986436939 
-0.13611403747315332 1.649890986436939 
-0.13605867183987796 1.649402531479898 
-0.1364953778237209 1.6484974823127874 
-0.13630664519635136 1.6489244995928751 
-0.13622596653522318 1.6444589256207258 
-0.13629517618854367 1.6355553329300159 
-0.13594655025071958 1.6398771426515812 
-0.13594655025071958 1.6398771426515812 
-0.1362102516023191 1.6390820532120576 
-0.13631577144506157 1.635705998125503 
-0.13658833300097178 1.5599305212449246 
-0.1378728740568168 1.4766592253619424 
-0.1378728740568168 1.4766592253619424 
-0.1378728740568168 1.4766592253619424 
-0.1378728740568168 1.4766592253619424 
-0.13785520928504283 1.4248353876079738 
-0.1390079310850553 1.322559942097798 
-0.13956964016065898 1.2725831603402644 
-0.14167436449616888 1.0312580523493484 
-0.14167436449616888 1.0312580523493484 
-0.14167436449616888 1.0312580523493484 
-0.14186048307032417 1.010431139332185 
-0.14353346340686118 0.8218744839308518 
-0.14372133048514898 0.802513212147029 
-0.14372133048514898 0.802513212147029 
-0.14372133048514898 0.802513212147029 
-0.14372133048514898 0.802513212147029 
-0.14372133048514898 0.802513212147029 
-0.14372133048514898 0.802513212147029 
-0.14270124329422573 0.8830524127526918 
-0.14270124329422573 0.8830524127526918 
-0.14270124329422573 0.8830524127526918 
-0.14561554357111087 0.6019032443116005 
-0.14435287147650952 0.7216413092734708 
-0.14435287147650952 0.7216413092734708 
-0.14435287147650952 0.7216413092734708 
-0.14435287147650952 0.7216413092734708 
-0.14435287147650952 0.7216413092734708 
-0.14435287147650952 0.7216413092734708 
-0.14435287147650952 0.7216413092734708 
-0.14413604074878028 0.7436299813957724 
-0.14413604074878028 0.7436299813957724 
-0.14402197238925957 0.7445842776110443 
-0.14402197238925957 0.7445842776110443 
-0.14402197238925957 0.7445842776110443 
-0.14402197238925957 0.7445842776110443 
-0.14402197238925957 0.7445842776110443 
-0.14402197238925957 0.7445842776110443 
-0.14392123660507725 0.6904460613393655 
-0.14392123660507725 0.6904460613393655 
-0.14572905202228678 0.5493569669252052 
-0.14449942433700108 0.6535358948457956 
-0.14395838135491873 0.6449609569714637 
-0.1435794202428599 0.6715010030061863 
-0.143692785293068 0.6605391193459123 
-0.143692785293068 0.6605391193459123 
-0.143692785293068 0.6605391193459123 
-0.143692785293068 0.6605391193459123 
-0.143692785293068 0.6605391193459123 
-0.143692785293068 0.6605391193459123 
-0.143692785293068 0.6605391193459123 
-0.143692785293068 0.6605391193459123 
-0.143692785293068 0.6605391193459123 
-0.143692785293068 0.6605391193459123 
-0.143692785293068 0.6605391193459123 
-0.1437440682138265 0.5797101065398178 
-0.14374666479168094 0.5772174696997554 
-0.14374666479168094 0.5772174696997554 
-0.14398271790030434 0.5181592908879723 
-0.14398271790030434 0.5181592908879723 
-0.14398271790030434 0.5181592908879723 
-0.14398271790030434 0.5181592908879723 
-0.14376805819896704 0.49432127303920786 
-0.143769509725572 0.49980966479897593 
-0.143769509725572 0.49980966479897593 
-0.14377232190964911 0.49951094039436766 
-0.14360464021453617 0.5446485886150615 
-0.14359344538909893 0.5149084368833394 
-0.14376750050952836 0.4705902674231546 
-0.1436914508401719 0.4572672085231668 
-0.14370936522760985 0.4428771234717047 
-0.14370928345232853 0.4428604106362611 
-0.14370928345232853 0.4428604106362611 
-0.14353347155953888 0.4491414214185681 
-0.14367590594312157 0.44420110108223243 
-0.14367590594312157 0.44420110108223243 
-0.14367590594312157 0.44420110108223243 
-0.1437789441877734 0.4304757958959828 
-0.14377071877463643 0.4483924880107523 
-0.14399756884168613 0.43536009008777077 
-0.14399815280994227 0.43341087319414123 
-0.1444979965919642 0.4026638328737485 
-0.14437650262986715 0.409416595226241 
-0.14437650262986715 0.409416595226241 
-0.14440024657589703 0.40906462427849977 
-0.14430676286406594 0.4164106405397154 
-0.14430676286406594 0.4164106405397154 
-0.14448826314230473 0.4173427443206989 
-0.14454120576941493 0.4179520196383046 
-0.14454120576941493 0.4179520196383046 
-0.14453911058509128 0.4183808823016771 
-0.14453911058509128 0.4183808823016771 
-0.14453911058509128 0.4183808823016771 
-0.14453911058509128 0.4183808823016771 
-0.14453911058509128 0.4183808823016771 
-0.1445996372747269 0.41611152928619616 
-0.1445996372747269 0.41611152928619616 
-0.14469583704037542 0.41680153408689047 
-0.14434803997683907 0.4109596560744301 
-0.14434803997683907 0.4109596560744301 
-0.14465502844408193 0.40726748329324547 
-0.14464760593892698 0.4082037673363672 
-0.14464760593892698 0.4082037673363672 
-0.14464760593892698 0.4082037673363672 
-0.14487245582624955 0.4052752950146164 
-0.14487245582624955 0.4052752950146164 
-0.14464888767166867 0.4058115972658798 
-0.14464888767166867 0.4058115972658798 
-0.14464888767166867 0.4058115972658798 
-0.1447505967351296 0.40487809421011867 
-0.1447505967351296 0.40487809421011867 
-0.14449895869622326 0.4234305105219486 
-0.14443309494926448 0.42293842438482787 
-0.14443309494926448 0.42293842438482787 
-0.14443309494926448 0.42293842438482787 
-0.14443309494926448 0.42293842438482787 
-0.14443309494926448 0.42293842438482787 
-0.14443309494926448 0.42293842438482787 
-0.14454382041882974 0.42327866064055997 
-0.14460920657438073 0.42684025907686457 
-0.14443034467315002 0.4214487690140235 
-0.14443034467315002 0.4214487690140235 
-0.14451870544937906 0.41629888134063037 
-0.14486478411540782 0.4212356261650622 
-0.14486478411540782 0.4212356261650622 
-0.1449153382548237 0.4215898873756081 
-0.1450818462670714 0.4222318703888534 
-0.14501109732788162 0.42056859177059125 
-0.14501109732788162 0.42056859177059125 
-0.14498464406173225 0.4185966633068648 
-0.14426902865316404 0.41320579972798555 
-0.14427295131210466 0.41341931742049326 
-0.14427295131210466 0.41341931742049326 
-0.14444519863395286 0.415673509318765 
-0.1443834525772454 0.42168387358023945 
-0.1443834525772454 0.42168387358023945 
-0.14474780358140885 0.43636853885917176 
-0.1446522937488072 0.4397993375241306 
-0.14464172468868397 0.4351765703753355 
-0.14453207395796103 0.42847830277747834 
-0.14447709440064882 0.430669225500318 
-0.14447709440064882 0.430669225500318 
-0.14467493958973116 0.4367522066200666 
-0.1448586443171717 0.44755847641906504 
-0.1448586443171717 0.44755847641906504 
-0.14484302950892014 0.44491581023375887 
-0.14462934223079346 0.4440774064125769 
-0.14462934223079346 0.4440774064125769 
-0.14462934223079346 0.4440774064125769 
-0.14462934223079346 0.4440774064125769 
-0.1447654873773471 0.44153398604820243 
-0.14469429388773494 0.43664150980516525 
-0.144728304780326 0.43921072568787445 
-0.144728304780326 0.43921072568787445 
-0.14466276703518285 0.4470580815689607 
-0.14466276703518285 0.4470580815689607 
-0.14437068950501833 0.43511762820624655 
-0.14438501984150565 0.45556966904014673 
-0.14428948681495504 0.47654356607352333 
-0.1444399069984369 0.45390190729939006 
-0.1444399069984369 0.45390190729939006 
-0.1444399069984369 0.45390190729939006 
-0.14443693579653147 0.45342523630597487 
-0.14443693579653147 0.45342523630597487 
-0.14444308238507791 0.4510602800524099 
-0.1444525543199863 0.451573619202896 
-0.14443049631954005 0.4680637370516675 
-0.14443049631954005 0.4680637370516675 
-0.14443049631954005 0.4680637370516675 
-0.14443049631954005 0.4680637370516675 
-0.14443049631954005 0.4680637370516675 
-0.14434883397192316 0.45939645631905246 
-0.14435180099634454 0.4595427392410765 
-0.1445039498850143 0.45812516705537965 
-0.1445005661931651 0.4569464912365846 
-0.14455634166307854 0.45455874204965596 
-0.14455634166307854 0.45455874204965596 
-0.14436583433838399 0.44554517161813845 
-0.14453089394989918 0.435994519752993 
-0.14456939991187384 0.4278211928067957 
-0.14456945455902082 0.4330611451896088 
-0.1444456621959351 0.43006970946160433 
-0.14442989370402992 0.42990236114947245 
-0.14426074390836052 0.4202160329579898 
-0.14400420795575922 0.42486152365931185 
-0.14400408700128942 0.4253314536564207 
-0.1440014800882504 0.4233184055255842 
-0.14390833769699804 0.4238280999716498 
-0.14399807081256824 0.4215198933906044 
-0.14411159078506022 0.42531035311004717 
-0.144125254537434 0.4048906742719014 
-0.14410785970052886 0.4044805861387714 
-0.14410785970052886 0.4044805861387714 
-0.14410785970052886 0.4044805861387714 
-0.14412140493493206 0.4052625858329035 
-0.14412140493493206 0.4052625858329035 
-0.14409962225838313 0.4053773127479448 
-0.14417514626021066 0.40542521494487466 
-0.14417514626021066 0.40542521494487466 
-0.14430882617609378 0.402888259285638 
-0.1442874727946434 0.4340765245297635 
-0.14379615596677964 0.4370253691807019 
-0.14376795069673629 0.4371946549754857 
-0.14372084867907506 0.4396474259195012 
-0.14368934615558981 0.43872698833914536 
-0.1436134579307294 0.44834012018811653 
-0.1436134579307294 0.44834012018811653 
-0.1436134579307294 0.44834012018811653 
-0.1436134579307294 0.44834012018811653 
-0.14372138704888285 0.4339105900151337 
-0.14372138704888285 0.4339105900151337 
-0.14372138704888285 0.4339105900151337 
-0.14398585133613467 0.4255400553659891 
-0.14403950139348487 0.42386150154595914 
-0.14398246527202982 0.4284792788677082 
-0.1440636125383576 0.42659909847994953 
-0.14403266241355442 0.42713802604757045 
-0.1439814247328622 0.4318958261292193 
-0.14410329263105817 0.4265279734201251 
-0.14403376275849644 0.4398216029357516 
-0.14412835403649513 0.43214281588811726 
-0.14409972965914283 0.42653713285962697 
-0.14408697164494044 0.42598049003839183 
-0.1439435143477613 0.43180851983182056 
-0.14341900566988763 0.41594960418198396 
-0.1432746341043794 0.4132871828816459 
-0.1432746341043794 0.4132871828816459 
-0.14367816781562504 0.410509534139326 
-0.14353726768346148 0.41130884158786885 
-0.14353726768346148 0.41130884158786885 
-0.1439703456381107 0.4079014958569281 
-0.14397085053173758 0.4079660139209183 
-0.1439515474158321 0.4063685891410069 
-0.1439515474158321 0.4063685891410069 
-0.1439515474158321 0.4063685891410069 
-0.14404480096059583 0.4084443293992138 
-0.1439384062837918 0.40534384443362986 
-0.1439384062837918 0.40534384443362986 
-0.1438790043609037 0.4041547423030082 
-0.14388099882416316 0.40550734929699483 
-0.1440172531237945 0.40649440682480625 
-0.1440209644994542 0.40982963822919594 
-0.1440209644994542 0.40982963822919594 
-0.1440209644994542 0.40982963822919594 
-0.14401591383976162 0.4165244721297573 
-0.14402172695198234 0.4190265688996654 
-0.14402172695198234 0.4190265688996654 
-0.14401263689664087 0.41571024350209745 
-0.14397652297269212 0.4148786708828787 
-0.14407017597034247 0.4125466562479102 
-0.1442322210717731 0.4091589685029995 
-0.14423123424895412 0.4097131612581188 
-0.1442056562716276 0.40979250505045206 
-0.1442056562716276 0.40979250505045206 
-0.1442029089138669 0.4097841782789079 
-0.14417434352687694 0.4105919515587823 
-0.1434549654568199 0.41515009918486395 
-0.14343346654087033 0.4151846429143312 
-0.14343346654087033 0.4151846429143312 
-0.14343346654087033 0.4151846429143312 
-0.14343346654087033 0.4151846429143312 
-0.14352848985806435 0.41104642069239994 
-0.14352848985806435 0.41104642069239994 
-0.14352848985806435 0.41104642069239994 
-0.14369325856622361 0.411253890025502 
