-0.13398670618582792 1.649938880539208 
-0.1339852007372479 1.649953511876597 
-0.13398767535529257 1.6499460071542502 
-0.13398767535529257 1.6499460071542502 
-0.13401170004362872 1.6498144787211861 
-0.13402158401292352 1.649957090771556 
-0.13394743718245244 1.6498658890654117 
-0.13394743718245244 1.6498658890654117 
-0.1339347023468982 1.6497674266712217 
-0.1339347023468982 1.6497674266712217 
-0.13390476771300536 1.64970374058056 
-0.13390476771300536 1.64970374058056 
-0.13390460510088062 1.6497036660978426 
-0.13390460510088062 1.6497036660978426 
-0.1338344655366524 1.6496748519312958 
-0.1338344655366524 1.6496748519312958 
-0.13391990725600542 1.649667977803645 
-0.13391990725600542 1.649667977803645 
-0.13406153095397097 1.6495717027019623 
-0.13432047622886648 1.6501273617250112 
-0.13432047622886648 1.6501273617250112 
-0.13432047622886648 1.6501273617250112 
-0.1343183976339373 1.6501132377573537 
-0.13438171329234008 1.6503081001085937 
-0.13454745923193234 1.6506946363216977 
-0.13454745923193234 1.6506946363216977 
-0.13515826109080564 1.6508842251278144 
-0.1350274500396542 1.6509124118117908 
-0.1350274500396542 1.6509124118117908 
-0.13511872380061038 1.6504810698957355 
-0.13511872380061038 1.6504810698957355 
-0.13514641059375268 1.6499339919328433 
-0.13532970068538044 1.649417497166226 
-0.13531765834902712 1.6472630475555323 
-0.13546464748264667 1.6483274651734905 
-0.13546464748264667 1.6483274651734905 
-0.1352827105721771 1.645463825331979 
-0.1353801360974285 1.6469168396882008 
-0.1353801360974285 1.6469168396882008 
-0.1353801360974285 1.6469168396882008 
-0.13535866619075998 1.6472449491926586 
-0.13535866619075998 1.6472449491926586 
-0.13535866619075998 1.6472449491926586 
-0.13535866619075998 1.6472449491926586 
-0.13535866619075998 1.6472449491926586 
-0.13535866619075998 1.6472449491926586 
-0.13630043583318466 1.6048364802107258 
-0.13630043583318466 1.6048364802107258 
-0.13630043583318466 1.6048364802107258 
-0.13619279513428262 1.6051626878586238 
-0.13619279513428262 1.6051626878586238 
-0.13619279513428262 1.6051626878586238 
-0.13619279513428262 1.6051626878586238 
-0.13671270151450632 1.5489452189839161 
-0.13661337664391107 1.5164995066382239 
-0.13661337664391107 1.5164995066382239 
-0.13661337664391107 1.5164995066382239 
-0.13643043685011322 1.5182177392263776 
-0.13643043685011322 1.5182177392263776 
-0.13752322005052542 1.2594121436694707 
-0.13752322005052542 1.2594121436694707 
-0.13755699083728515 1.2433603016396535 
-0.13793849155697782 1.217647849910835 
-0.13793849155697782 1.217647849910835 
-0.13793849155697782 1.217647849910835 
-0.13793849155697782 1.217647849910835 
-0.13793849155697782 1.217647849910835 
-0.13881866270732052 1.18707104421356 
-0.13881866270732052 1.18707104421356 
-0.13945345944561388 1.072763684893927 
-0.13952201209676732 1.0579648232536571 
-0.14045895610106668 0.941419227789316 
-0.14045895610106668 0.941419227789316 
-0.14045895610106668 0.941419227789316 
-0.14045895610106668 0.941419227789316 
-0.14045895610106668 0.941419227789316 
-0.14045895610106668 0.941419227789316 
-0.14045895610106668 0.941419227789316 
-0.14062824027504053 0.9128667325482797 
-0.14062824027504053 0.9128667325482797 
-0.14049676367066152 0.9236922148237073 
-0.14155975645317395 0.7555995522423659 
-0.14155975645317395 0.7555995522423659 
-0.14155975645317395 0.7555995522423659 
-0.1426145296680276 0.648706474661701 
-0.14288649550027516 0.5761612478451189 
-0.14306688847238286 0.5593416177353261 
-0.1439533340913675 0.437458816005845 
-0.1440924163483655 0.4333543870761052 
-0.1440924163483655 0.4333543870761052 
-0.1440924163483655 0.4333543870761052 
-0.1440924163483655 0.4333543870761052 
-0.14449789420813583 0.40625508725719717 
-0.1444932091583685 0.4081003139448592 
-0.14446434461734597 0.40833478350949187 
-0.14420767609255197 0.4157943055698133 
-0.14420767609255197 0.4157943055698133 
-0.14420767609255197 0.4157943055698133 
-0.14420767609255197 0.4157943055698133 
-0.1441947540334942 0.422184536252239 
-0.14423672995315434 0.4160028257737253 
-0.1444363311076125 0.41855366491617874 
-0.1444363311076125 0.41855366491617874 
-0.1445723928180555 0.42089219189491217 
-0.14456989462455208 0.4205811890363271 
-0.14426592185114626 0.4132800756537745 
-0.14426564880871215 0.4132836271732496 
-0.1436321662532811 0.4241943540664359 
-0.14408796948323682 0.41682951722488787 
-0.14406861474440955 0.4143712847705654 
-0.14406861474440955 0.4143712847705654 
-0.14406374370694897 0.4143036839959024 
-0.14396680121521735 0.41652094749786844 
-0.14386871727603506 0.4117427079491 
-0.14371040550351197 0.4018797629771892 
-0.14371040550351197 0.4018797629771892 
-0.14371040550351197 0.4018797629771892 
-0.14371040550351197 0.4018797629771892 
-0.14371040550351197 0.4018797629771892 
-0.1438494367794293 0.4022947724409339 
-0.14401711298782316 0.4039180439270976 
-0.14400444431161102 0.4038497693478654 
-0.14400444431161102 0.4038497693478654 
-0.14400444431161102 0.4038497693478654 
-0.14400444431161102 0.4038497693478654 
-0.14400444431161102 0.4038497693478654 
-0.14400444431161102 0.4038497693478654 
-0.14388881311738674 0.40353590386064314 
-0.14388881311738674 0.40353590386064314 
-0.1440087410891967 0.42251114710298326 
-0.1440395758816331 0.4152210596837773 
-0.14399739267767397 0.4101428950910342 
-0.1438783296663887 0.4064328122510067 
-0.14382388236782082 0.41797311437970947 
-0.14397372651662002 0.4209314035968146 
-0.14414782630120002 0.41718457515071566 
-0.14436791561535814 0.42050731437034194 
-0.14408445246628607 0.4205900497865898 
-0.1440793595593577 0.4201539347454565 
-0.14404383525147665 0.41769000362654307 
-0.14391466535383118 0.4206685009399609 
-0.14390524965580134 0.4180104253431597 
-0.14391184961619424 0.41731022824169933 
-0.14391184961619424 0.41731022824169933 
-0.143811758884101 0.4215672110590644 
-0.143811758884101 0.4215672110590644 
-0.14353560888691363 0.42142516380659895 
-0.14353560888691363 0.42142516380659895 
-0.14393507939971603 0.41474097391149284 
-0.14390741171842752 0.4119265808532472 
-0.1438909102574382 0.4095755083124795 
-0.1438909102574382 0.4095755083124795 
-0.14401160386261608 0.41193203572874054 
-0.14405358482980293 0.4105580144106544 
-0.14370735888129021 0.40157413420035243 
-0.14370735888129021 0.40157413420035243 
-0.14370735888129021 0.40157413420035243 
-0.14365223804004337 0.40190371207640013 
-0.1436375898149857 0.4014322687263691 
-0.1436375898149857 0.4014322687263691 
-0.1436375898149857 0.4014322687263691 
-0.1437870695995857 0.4068695074430038 
-0.14383466033627318 0.412429454709712 
-0.14407154819484763 0.41220969860172896 
-0.14405454854878513 0.40772573181137556 
-0.1444020239607025 0.4103399120069443 
-0.14448987559365054 0.41046732598203756 
-0.14448987559365054 0.41046732598203756 
-0.14467569310381806 0.41285671097434984 
-0.14453219965008174 0.4103197104500127 
-0.14446881282145232 0.4048057760092271 
-0.14456360210028327 0.40100678318261995 
-0.14456360210028327 0.40100678318261995 
-0.14456360210028327 0.40100678318261995 
-0.14456360210028327 0.40100678318261995 
-0.14458268909367336 0.40013306423752704 
-0.14458268909367336 0.40013306423752704 
-0.14458268909367336 0.40013306423752704 
-0.14458268909367336 0.40013306423752704 
-0.14458268909367336 0.40013306423752704 
-0.14458268909367336 0.40013306423752704 
-0.14458268909367336 0.40013306423752704 
-0.14458268909367336 0.40013306423752704 
-0.14458268909367336 0.40013306423752704 
-0.14458268909367336 0.40013306423752704 
-0.14458268909367336 0.40013306423752704 
-0.14458268909367336 0.40013306423752704 
-0.14458268909367336 0.40013306423752704 
-0.14455029676751216 0.4001787522691866 
-0.14455029676751216 0.4001787522691866 
-0.14455029676751216 0.4001787522691866 
-0.14455029676751216 0.4001787522691866 
-0.14452091046448587 0.4076626670484731 
-0.14452091046448587 0.4076626670484731 
-0.1445408468907699 0.4100948437135403 
-0.1445408468907699 0.4100948437135403 
-0.1443893177293675 0.41318118386628483 
-0.14453222198084317 0.40919625402878795 
-0.14453222198084317 0.40919625402878795 
-0.14470373252375096 0.4129544800002958 
-0.1449026873406516 0.4173236518983853 
-0.14462560601346958 0.43001052047805527 
-0.14460769084696348 0.4283608343563975 
-0.14466784829103405 0.4284573248040846 
-0.1446282337577919 0.42766908405965015 
-0.1446113528259779 0.428100383079199 
-0.14442338974265445 0.4251872495810278 
-0.14442338974265445 0.4251872495810278 
-0.1443003080104185 0.41953991364585447 
-0.1442650941510507 0.422965501852876 
-0.1442650941510507 0.422965501852876 
-0.1442650941510507 0.422965501852876 
-0.1442650941510507 0.422965501852876 
-0.1442650941510507 0.422965501852876 
-0.14425840389146047 0.41950510616511055 
-0.14428720089487196 0.4241864226124328 
-0.1442182939033879 0.4208096940754472 
-0.14431648911220826 0.4203943907414905 
-0.14435526560730963 0.4234017265378736 
-0.1443813351176795 0.42063811478621477 
-0.1441355844928094 0.4287161978690328 
-0.1441355844928094 0.4287161978690328 
-0.14414322596396656 0.4279950038985548 
-0.14402589038398833 0.41930022416728396 
-0.1443811111850762 0.41743299947774254 
-0.1443811111850762 0.41743299947774254 
-0.14442442985760542 0.41649078326282524 
-0.14451416059857936 0.41784351282094345 
-0.14470479845234654 0.41093908606336427 
-0.14421778293297377 0.4072802836236626 
-0.1443190660779781 0.4030758722959615 
-0.14435142268424234 0.4050401770673153 
-0.14435142268424234 0.4050401770673153 
-0.14429958625176226 0.42097241613912056 
-0.14428141014388704 0.42050186975050274 
-0.14428141014388704 0.42050186975050274 
-0.14437584697813446 0.40121495735177104 
-0.14437584697813446 0.40121495735177104 
-0.14437584697813446 0.40121495735177104 
-0.14437584697813446 0.40121495735177104 
-0.14437584697813446 0.40121495735177104 
-0.14422078921521897 0.40155840034186385 
-0.14422078921521897 0.40155840034186385 
-0.14419913195093184 0.40114725222275477 
-0.14419913195093184 0.40114725222275477 
-0.14419913195093184 0.40114725222275477 
-0.14425037247698314 0.40101378925612124 
-0.14453659392575605 0.40026760152258906 
-0.1445231712482674 0.40131259146518966 
-0.14454935840012936 0.4021267165330439 
-0.14455189351634848 0.40194205464479626 
-0.14455189351634848 0.40194205464479626 
-0.14455189351634848 0.40194205464479626 
-0.14455189351634848 0.40194205464479626 
-0.1445027282029138 0.4025064512445761 
-0.14453391207134225 0.4029571663501358 
-0.14448336508567883 0.4060624220532836 
-0.14448336508567883 0.4060624220532836 
-0.1444743778056627 0.41425107399670796 
-0.1444743778056627 0.41425107399670796 
-0.1444743778056627 0.41425107399670796 
-0.14424174760009845 0.41116614156929016 
-0.14428474080903225 0.41079507155913647 
-0.1441141186990055 0.4098457546730662 
-0.1441141186990055 0.4098457546730662 
-0.1441146898342974 0.40661145598173587 
-0.1438865008573387 0.40525060989905853 
-0.1438865008573387 0.40525060989905853 
-0.1438865008573387 0.40525060989905853 
-0.1438865008573387 0.40525060989905853 
-0.14392836175658139 0.4068078204023016 
-0.14393022620277754 0.4014699356837631 
-0.14393022620277754 0.4014699356837631 
-0.1439711828228259 0.4015943552767863 
-0.14399643404292542 0.40225813208714345 
-0.14401302437876295 0.40269424092313577 
-0.14400685787571346 0.40240459228391734 
-0.1439951355080093 0.40253955704358585 
-0.1440816104412867 0.40265595819414385 
-0.1440816104412867 0.40265595819414385 
-0.14407739317021884 0.4074307917501663 
-0.14437447932534977 0.4074904863591396 
-0.14445965047079887 0.4098666665750473 
-0.14445965047079887 0.4098666665750473 
-0.14445725839398982 0.4094434108151287 
-0.14486687050827773 0.40901658395967744 
-0.14486687050827773 0.40901658395967744 
-0.144860455050105 0.4089476866490953 
-0.144722162120444 0.40644793777744453 
-0.1444832896146678 0.40759284982024196 
-0.1444832896146678 0.40759284982024196 
-0.14448799070078563 0.4089298161381862 
-0.14448799070078563 0.4089298161381862 
-0.14452197075302783 0.408521050942649 
-0.14452197075302783 0.408521050942649 
-0.14443795517764582 0.4092865316565762 
-0.14443795517764582 0.4092865316565762 
-0.14443795517764582 0.4092865316565762 
-0.14455792252067295 0.403613065701917 
-0.14455792252067295 0.403613065701917 
