-0.13390260580004107 1.6498742034680287 
-0.13388819697562623 1.649761022099948 
-0.1338824109178156 1.6497933985019482 
-0.13383389307114155 1.649837638722104 
-0.13395806761297677 1.6499887013614483 
-0.13399396042362574 1.6500277135297121 
-0.13399396042362574 1.6500277135297121 
-0.1339618852059397 1.6500551650193018 
-0.13406469596492168 1.6499948570554315 
-0.13406469596492168 1.6499948570554315 
-0.13406469596492168 1.6499948570554315 
-0.13403508668514363 1.6497397188242395 
-0.13403508668514363 1.6497397188242395 
-0.13403508668514363 1.6497397188242395 
-0.1348012103169754 1.6498462092659398 
-0.1351149214982436 1.6498862444005717 
-0.1351149214982436 1.6498862444005717 
-0.1358621323263877 1.6497868453873645 
-0.13663741374620825 1.6494885805447872 
-0.13663741374620825 1.6494885805447872 
-0.1364639586679909 1.64952800898178 
-0.1364639586679909 1.64952800898178 
-0.13645843466902835 1.6523499941412425 
-0.13675191601556916 1.652782042083942 
-0.13675191601556916 1.652782042083942 
-0.13678828035646065 1.656958498098466 
-0.13678828035646065 1.656958498098466 
-0.13678828035646065 1.656958498098466 
-0.13681202156997996 1.6568829423990101 
-0.13664917921648015 1.6765405298135458 
-0.13664917921648015 1.6765405298135458 
-0.13664917921648015 1.6765405298135458 
-0.1369356755088909 1.6692130302841703 
-0.13677466242336267 1.650988038702479 
-0.13703534018553648 1.6436686466681154 
-0.13703534018553648 1.6436686466681154 
-0.13664997733960882 1.6427441349315293 
-0.13664997733960882 1.6427441349315293 
-0.13654436527877234 1.6570875944622163 
-0.13698741323315392 1.5194686027398987 
-0.1372833158436887 1.514494157620359 
-0.1372833158436887 1.514494157620359 
-0.1372833158436887 1.514494157620359 
-0.1372833158436887 1.514494157620359 
-0.1372833158436887 1.514494157620359 
-0.13763350014936934 1.454493393585331 
-0.13763350014936934 1.454493393585331 
-0.13762973321222124 1.4440015224201068 
-0.13762973321222124 1.4440015224201068 
-0.13762973321222124 1.4440015224201068 
-0.13781480024962933 1.3965319558911276 
-0.13847018998588081 1.3258753482543175 
-0.13969677058118002 1.1848086480563513 
-0.13969677058118002 1.1848086480563513 
-0.13969677058118002 1.1848086480563513 
-0.1398593274032434 1.0921411868857482 
-0.1399209576498707 0.9256280062617196 
-0.13998720295131406 0.9114833533360077 
-0.13998720295131406 0.9114833533360077 
-0.13998720295131406 0.9114833533360077 
-0.13998720295131406 0.9114833533360077 
-0.14091810917975767 0.6153138843712739 
-0.14091810917975767 0.6153138843712739 
-0.14091810917975767 0.6153138843712739 
-0.14091810917975767 0.6153138843712739 
-0.14096410808465165 0.6126399163060027 
-0.14096410808465165 0.6126399163060027 
-0.1413423935756978 0.6162412829490298 
-0.14176981372262046 0.6701187561668259 
-0.14176981372262046 0.6701187561668259 
-0.14277468452406636 0.5778903059384776 
-0.14277468452406636 0.5778903059384776 
-0.14272670036957394 0.5719399981215619 
-0.14272670036957394 0.5719399981215619 
-0.14275609720426027 0.5582767549442129 
-0.14279886373391476 0.5530610295856148 
-0.14301195212100126 0.5083584622667409 
-0.14320562066038933 0.5272605304985147 
-0.14375134364725037 0.4751053644685629 
-0.14375134364725037 0.4751053644685629 
-0.14375134364725037 0.4751053644685629 
-0.14375134364725037 0.4751053644685629 
-0.14375279359257143 0.47542366877812614 
-0.14391067675554128 0.4676598272111714 
-0.14391067675554128 0.4676598272111714 
-0.14342483826118627 0.44028517496608355 
-0.14360045146204256 0.43611470783835854 
-0.14360045146204256 0.43611470783835854 
-0.14360045146204256 0.43611470783835854 
-0.14363428444488557 0.43510949562269063 
-0.14363312190539454 0.4104002689639955 
-0.14363312190539454 0.4104002689639955 
-0.14363312190539454 0.4104002689639955 
-0.14363312190539454 0.4104002689639955 
-0.14363312190539454 0.4104002689639955 
-0.14363312190539454 0.4104002689639955 
-0.14363312190539454 0.4104002689639955 
-0.143698015880487 0.40980422092226265 
-0.143886194554377 0.41350117943688 
-0.143886194554377 0.41350117943688 
-0.14389872583468127 0.413468170634432 
-0.14389872583468127 0.413468170634432 
-0.14389872583468127 0.413468170634432 
-0.14389258015587117 0.413894724352555 
-0.1439034295462439 0.43070552671091245 
-0.1438222623971271 0.4302749431207589 
-0.1438282868620077 0.428557058237912 
-0.1437755667068615 0.42503685731645713 
-0.14371701359384492 0.4265751448999512 
-0.1437532999374039 0.4187557857384505 
-0.14359019949335217 0.42153950595015544 
-0.14360029947166933 0.4322385956480245 
-0.14358406512078797 0.43575727804364933 
-0.14353412803396323 0.44164683421205225 
-0.14350184459300228 0.4398048621808587 
-0.14350184459300228 0.4398048621808587 
-0.14350184459300228 0.4398048621808587 
-0.14349671198813863 0.43994711958862504 
-0.14343388295391912 0.4629677591445386 
-0.1431609462568175 0.47557763912747153 
-0.14306426246943088 0.4833025484453739 
-0.14281909550337332 0.49453707204376496 
-0.14281909550337332 0.49453707204376496 
-0.14291101460706004 0.4877893303585976 
-0.14291101460706004 0.4877893303585976 
-0.14341759663639111 0.4636121652678046 
-0.1435300497014346 0.4406464846129582 
-0.1435300497014346 0.4406464846129582 
-0.14367252068147998 0.4368976202249528 
-0.14367252068147998 0.4368976202249528 
-0.14414211081611653 0.4212709047707921 
-0.14421862356669538 0.4191193468364805 
-0.1441521328613912 0.42123661374022076 
-0.1441521328613912 0.42123661374022076 
-0.1441521328613912 0.42123661374022076 
-0.1438375746255309 0.4157373140154634 
-0.1438375746255309 0.4157373140154634 
-0.14384035145888124 0.4159098574914868 
-0.1437352286242505 0.4181565317178915 
-0.1437352286242505 0.4181565317178915 
-0.14419418406340395 0.4142363493338895 
-0.1443977488477598 0.4150706577299805 
-0.14435040741062205 0.4152888603524759 
-0.14398463163337383 0.4138899697508178 
-0.14398463163337383 0.4138899697508178 
-0.14396377899737783 0.413715196364919 
-0.14400833604444277 0.4132379004239118 
-0.14413174442735488 0.4149400834983136 
-0.14408563501045796 0.4226254496888032 
-0.14408563501045796 0.4226254496888032 
-0.14408563501045796 0.4226254496888032 
-0.14424178942486063 0.42261841974265535 
-0.14414995431101743 0.41903760868272677 
-0.14403152863030522 0.41926361089656233 
-0.14402688185796617 0.4211263546356191 
-0.1440263986698549 0.42109530980584975 
-0.14430469460486306 0.41619427540918813 
-0.14430469460486306 0.41619427540918813 
-0.14430469460486306 0.41619427540918813 
-0.14430139753935087 0.4168915868511492 
-0.14449244118498192 0.41390955492578213 
-0.14467550106034524 0.4124061287592756 
-0.14468918500010103 0.41360095071555786 
-0.14469984520436344 0.414913387784082 
-0.14516907446071614 0.4171975370688561 
-0.14516907446071614 0.4171975370688561 
-0.14516907446071614 0.4171975370688561 
-0.14516907446071614 0.4171975370688561 
-0.14528281715515398 0.41691286809570305 
-0.14528281715515398 0.41691286809570305 
-0.14492359735941884 0.41467510644809646 
-0.14495315393092503 0.4149963277604338 
-0.1451416343069911 0.41682421428965444 
-0.1451416343069911 0.41682421428965444 
-0.14498074104690803 0.41305037700107416 
-0.14498074104690803 0.41305037700107416 
-0.14498074104690803 0.41305037700107416 
-0.14498074104690803 0.41305037700107416 
-0.14512923616211992 0.41055481313510256 
-0.1451624384673704 0.40928549006565024 
-0.1451624384673704 0.40928549006565024 
-0.1451624384673704 0.40928549006565024 
-0.1451624384673704 0.40928549006565024 
-0.1451624384673704 0.40928549006565024 
-0.1451624384673704 0.40928549006565024 
-0.14514307832122417 0.40977917804603264 
-0.14506179818523965 0.40927125144926874 
-0.1448209593636291 0.4056233615288125 
-0.14481692734017296 0.4053515528177173 
-0.14481692734017296 0.4053515528177173 
-0.14473413134638882 0.404639314590279 
-0.14455814980621726 0.41128947096187773 
-0.14474434600340466 0.40486174246050904 
-0.14418854353467933 0.40766222441601085 
-0.14418854353467933 0.40766222441601085 
-0.14418854353467933 0.40766222441601085 
-0.14402989471705188 0.4050110771716039 
-0.1440799427568207 0.4077714673604363 
-0.14430216035040683 0.4124789029687172 
-0.14431478506591644 0.4119371311111943 
-0.14431425908813975 0.4125813520682762 
-0.14415413549071635 0.41042536136685215 
-0.14400993394707023 0.4092895941065349 
-0.14374906300802043 0.41275395206809024 
-0.14374906300802043 0.41275395206809024 
-0.14348201859101223 0.41045616416459185 
-0.1433258638845773 0.4089610596833338 
-0.1433258638845773 0.4089610596833338 
-0.1433258638845773 0.4089610596833338 
-0.1433258638845773 0.4089610596833338 
-0.1434524293403507 0.40909268898117157 
-0.1434524293403507 0.40909268898117157 
-0.1434524293403507 0.40909268898117157 
-0.14366085456260347 0.4073812979320092 
-0.14362487150857692 0.4078564021574924 
-0.14407882512424802 0.40924651987655936 
-0.14402705562080356 0.41078349895131455 
-0.14419918961099648 0.4075679715005109 
-0.14419918961099648 0.4075679715005109 
-0.144196998170683 0.40233702532496374 
-0.144196998170683 0.40233702532496374 
-0.144196998170683 0.40233702532496374 
-0.14431741907940984 0.424540047100707 
-0.14447052283212006 0.4328817009525518 
-0.14447052283212006 0.4328817009525518 
-0.1445571083728004 0.4434532961713196 
-0.1445571083728004 0.4434532961713196 
-0.1448863411549951 0.43925660325374744 
-0.1448863411549951 0.43925660325374744 
-0.1448863411549951 0.43925660325374744 
-0.1448863411549951 0.43925660325374744 
-0.14464970124341356 0.43049321898276605 
-0.14444716666741111 0.4207976815428322 
-0.1444103948308144 0.42854758639185736 
-0.14439500828984275 0.43393251228741203 
-0.1444077516593689 0.436276621845451 
-0.14444273068298316 0.4364647962553332 
-0.1445345162208165 0.4363651272417379 
-0.1445345162208165 0.4363651272417379 
-0.14450994620867183 0.43328177635656207 
-0.14464736674175718 0.438460975673453 
-0.1447334273306796 0.42914010448228795 
-0.14470554807237684 0.43140496271459683 
-0.1446230726870878 0.42813511622503964 
-0.1446230726870878 0.42813511622503964 
-0.14485689855579725 0.42905527458663045 
-0.14556072126834183 0.40409239558964727 
-0.14531854047626527 0.40341169338754856 
-0.1451902461460409 0.4080507997786175 
-0.1451902461460409 0.4080507997786175 
-0.14506923992666426 0.4104821509014404 
-0.14499924258092803 0.41030718281750006 
-0.14454523436361336 0.41586553064999554 
-0.14451829645524042 0.41627243730975305 
-0.14445218775243643 0.41384700962011595 
-0.1442016436638576 0.4122430509213489 
-0.14405117169652326 0.4109279580328137 
-0.14405117169652326 0.4109279580328137 
-0.1439548331503427 0.4113599355206789 
-0.14399868404427946 0.40794285144043213 
-0.14399868404427946 0.40794285144043213 
-0.14399868404427946 0.40794285144043213 
-0.14404774031909764 0.412822593045627 
-0.14404669453263283 0.41293727320526397 
-0.144019407497279 0.41033810291360556 
-0.14398583754075164 0.41234412073167775 
-0.14387379436584133 0.4166801213821738 
-0.14383359561010278 0.41531783785296 
-0.14364280211362687 0.4104874074530784 
-0.14367269726214746 0.41046116012349526 
-0.14365004078613708 0.41072188636638085 
-0.14362821719034724 0.411149211426784 
-0.1434016704940821 0.4156787818217763 
-0.14362464372809994 0.42499569271483273 
-0.14362464372809994 0.42499569271483273 
-0.1437747020274197 0.42577888415937204 
-0.14364170496893988 0.43165724362686547 
-0.14412037582300424 0.42794317746618366 
-0.14410205060914638 0.4239990061784975 
-0.14411267928343996 0.42163995840276464 
-0.1440916682959541 0.42155560570203754 
-0.1440916682959541 0.42155560570203754 
-0.14424009054658452 0.4156303740785094 
-0.14409510116410137 0.41129785010834624 
-0.14392746418475924 0.4099954706504568 
-0.14384786770457558 0.4101003378883 
-0.14398318381879446 0.41611258782428123 
-0.1438939956948638 0.4161306526298051 
-0.14390468578877222 0.41324168710261827 
-0.14392244769605675 0.4170721293614952 
-0.14397210437356636 0.4159467935036351 
-0.14419724904180894 0.4126466702483377 
-0.14424199693813108 0.4141087593503667 
-0.1441073071976423 0.41051437617503794 
-0.1440719309359288 0.4127357381961653 
-0.1440719309359288 0.4127357381961653 
-0.14398166027176346 0.4120343469834862 
-0.14387038863708027 0.41366051242961904 
-0.1437247978024687 0.4141882182876968 
-0.14369037253720804 0.4172037662991306 
