-0.13409066982522694 1.6500418897042932 
-0.1340751060071756 1.6500598493629435 
-0.13412675661055448 1.6501661244802621 
-0.13423968094877556 1.6502601029377493 
-0.1341947899134449 1.650245996626173 
-0.1341947899134449 1.650245996626173 
-0.1341915793103174 1.6502393288239783 
-0.134151603221429 1.650198584059267 
-0.134137977397335 1.6501413885439324 
-0.134137977397335 1.6501413885439324 
-0.13412455244932958 1.6501713337602095 
-0.13421173058699262 1.6495007880034533 
-0.1342207241391081 1.6494972484834105 
-0.13423590330470683 1.6495965440361275 
-0.13423590330470683 1.6495965440361275 
-0.13438146405315352 1.6494423286146944 
-0.13443562108659543 1.6493490177072916 
-0.13443009788087404 1.6493325738361873 
-0.13449968464736428 1.6496669487956128 
-0.13449968464736428 1.6496669487956128 
-0.1344703222547004 1.649403521625922 
-0.13465139409567148 1.649313209128716 
-0.13465139409567148 1.649313209128716 
-0.13457973284011343 1.6488135983435355 
-0.13464356296829552 1.648570195844986 
-0.13469827239940993 1.649043049471351 
-0.13475209189201542 1.6488624274870094 
-0.13475209189201542 1.6488624274870094 
-0.1347931047184637 1.648844446591708 
-0.1347931047184637 1.648844446591708 
-0.1347931047184637 1.648844446591708 
-0.1347931047184637 1.648844446591708 
-0.13472084999547207 1.6482566340412568 
-0.13484078126307955 1.6481453680774139 
-0.13489522003213156 1.647844371572796 
-0.13516001549963447 1.6511756927480938 
-0.13598828452882877 1.636960863114631 
-0.13598828452882877 1.636960863114631 
-0.13599012512812625 1.6369971887459998 
-0.13599463040806367 1.6370986122199813 
-0.13578228281937152 1.6433153966610474 
-0.13528042849561459 1.6496574068862346 
-0.136108921042659 1.63937101393914 
-0.13626341392091718 1.6429987113221707 
-0.13626341392091718 1.6429987113221707 
-0.13775021926935857 1.5252855409662105 
-0.13776070057279383 1.5298569164530578 
-0.13776070057279383 1.5298569164530578 
-0.13794812412666008 1.5232419322016424 
-0.13842203927186386 1.4639646005320133 
-0.13842203927186386 1.4639646005320133 
-0.13842203927186386 1.4639646005320133 
-0.1381945148402344 1.4580053865378175 
-0.1385143127028333 1.4323173489959988 
-0.1385143127028333 1.4323173489959988 
-0.1394851004673602 1.3699486528741902 
-0.1394851004673602 1.3699486528741902 
-0.1394851004673602 1.3699486528741902 
-0.1394851004673602 1.3699486528741902 
-0.13953003692441174 1.3289175747562647 
-0.13953003692441174 1.3289175747562647 
-0.13953003692441174 1.3289175747562647 
-0.13968988149313244 1.3063375220838047 
-0.13968988149313244 1.3063375220838047 
-0.13968988149313244 1.3063375220838047 
-0.13964971626032213 1.2305548756688096 
-0.13964971626032213 1.2305548756688096 
-0.13964971626032213 1.2305548756688096 
-0.13964971626032213 1.2305548756688096 
-0.13964971626032213 1.2305548756688096 
-0.14022209159264795 1.1233921122514707 
-0.14022209159264795 1.1233921122514707 
-0.14022209159264795 1.1233921122514707 
-0.1402166091713902 1.1240904002858403 
-0.14112781587668888 0.9210679087791198 
-0.14112781587668888 0.9210679087791198 
-0.14214565515469638 0.816247279674899 
-0.14214565515469638 0.816247279674899 
-0.14214545773994405 0.7957835379593259 
-0.14222984717413714 0.7773990591723567 
-0.14222984717413714 0.7773990591723567 
-0.14268570045873383 0.7087422103625781 
-0.14268570045873383 0.7087422103625781 
-0.14268570045873383 0.7087422103625781 
-0.1424821233123831 0.6597037507716322 
-0.1424746959570974 0.6616408066759669 
-0.1424746959570974 0.6616408066759669 
-0.1424746959570974 0.6616408066759669 
-0.14249662698554777 0.6581845414132256 
-0.14249662698554777 0.6581845414132256 
-0.1424627021510158 0.6470657847203304 
-0.1424627021510158 0.6470657847203304 
-0.1424627021510158 0.6470657847203304 
-0.14280459000012205 0.5784215746495793 
-0.1428516070982988 0.577577493011646 
-0.14327300994445455 0.5043278916105702 
-0.14327300994445455 0.5043278916105702 
-0.14324169615712287 0.5067537737826724 
-0.14338368080847536 0.49896772608253304 
-0.14338368080847536 0.49896772608253304 
-0.14327804114174134 0.4969379957892261 
-0.14327804114174134 0.4969379957892261 
-0.14333999439226147 0.4827144321084106 
-0.1433860505943775 0.46969480092222876 
-0.14387013235633983 0.4424052176651183 
-0.14402646308885048 0.40626698819756435 
-0.1440144991566214 0.40374411187013476 
-0.1440144991566214 0.40374411187013476 
-0.1435061829341699 0.4040934092558862 
-0.1435061829341699 0.4040934092558862 
-0.14388705927264886 0.40536604118075314 
-0.14407611354740063 0.40458180685610345 
-0.14407611354740063 0.40458180685610345 
-0.14407611354740063 0.40458180685610345 
-0.14423922506844422 0.4010129333410769 
-0.14423922506844422 0.4010129333410769 
-0.14394901310002964 0.40546942275168074 
-0.14396824889996185 0.4011985471105228 
-0.14397111247903274 0.401945683209728 
-0.14409577458339318 0.40350318864497564 
-0.14409577458339318 0.40350318864497564 
-0.14409577458339318 0.40350318864497564 
-0.14409577458339318 0.40350318864497564 
-0.14409577458339318 0.40350318864497564 
-0.1438728523722152 0.40412170497568517 
-0.1438728523722152 0.40412170497568517 
-0.1438728523722152 0.40412170497568517 
-0.14416303111551287 0.4138401445193587 
-0.14416303111551287 0.4138401445193587 
-0.14416303111551287 0.4138401445193587 
-0.14416303111551287 0.4138401445193587 
-0.1443724100755495 0.4156593079243223 
-0.14431120471073275 0.4266960452428123 
-0.14430698940622955 0.4235700534255538 
-0.14453211482195544 0.42342274942448144 
-0.14456950863894588 0.4237716426341144 
-0.1446188323314218 0.41554079527567445 
-0.14458248992801892 0.4169986012667214 
-0.14423067438536122 0.4229751976770505 
-0.14423067438536122 0.4229751976770505 
-0.14367812011289155 0.43741162028492536 
-0.14394382144953702 0.42544254592439756 
-0.143950093560252 0.4276126938524607 
-0.14397239650940988 0.41895909481663574 
-0.14390964669446077 0.4212102443578842 
-0.14377910113314088 0.4195414740572332 
-0.14377910113314088 0.4195414740572332 
-0.14377910113314088 0.4195414740572332 
-0.14387583373667825 0.42051468130825104 
-0.14409867720311736 0.4091364711337759 
-0.14407237312771803 0.40868704030013897 
-0.14407237312771803 0.40868704030013897 
-0.14407237312771803 0.40868704030013897 
-0.14446332478009177 0.40739178076791627 
-0.14443189606726853 0.40898827179512365 
-0.14443189606726853 0.40898827179512365 
-0.14443189606726853 0.40898827179512365 
-0.14438456674124753 0.4116694932835321 
-0.14440316591276517 0.41121904680749166 
-0.14467147417861576 0.4081061749965883 
-0.1445707606783023 0.4085376129870321 
-0.1445736568307165 0.4084612674849026 
-0.14477261718773354 0.4104856750931644 
-0.14477261718773354 0.4104856750931644 
-0.1445383981710943 0.4086167054214493 
-0.14452144075358192 0.408866548170352 
-0.14452144075358192 0.408866548170352 
-0.1447114594480315 0.4115474434968693 
-0.1447114594480315 0.4115474434968693 
-0.14515933982475085 0.4049752438150209 
-0.14468346633046175 0.40400953245217247 
-0.14468346633046175 0.40400953245217247 
-0.14468346633046175 0.40400953245217247 
-0.14467980208286832 0.4040404292688447 
-0.1446442169332075 0.4049506191384868 
-0.1446442169332075 0.4049506191384868 
-0.1446442169332075 0.4049506191384868 
-0.14452822466903864 0.40403603252781684 
-0.14452822466903864 0.40403603252781684 
-0.1445625305143928 0.4037138004325074 
-0.14434724406142604 0.40449831024423266 
-0.14461420497810049 0.40649285514752664 
-0.14462004197682615 0.4062049465137254 
-0.1447664093210596 0.40076853962942993 
-0.1447664093210596 0.40076853962942993 
-0.1447664093210596 0.40076853962942993 
-0.1447590891276065 0.40110809716907714 
-0.14492927685123583 0.4009038885027453 
-0.14492927685123583 0.4009038885027453 
-0.14492927685123583 0.4009038885027453 
-0.14492927685123583 0.4009038885027453 
-0.14489682286222297 0.4012984158429777 
-0.14484652608741747 0.40160734491925965 
-0.14486306490921075 0.4002859765083121 
-0.14486306490921075 0.4002859765083121 
-0.1447593816805436 0.4008527026319927 
-0.1447593816805436 0.4008527026319927 
-0.14477711143129463 0.4003441113218269 
-0.14477711143129463 0.4003441113218269 
-0.14477711143129463 0.4003441113218269 
-0.14477711143129463 0.4003441113218269 
-0.14477711143129463 0.4003441113218269 
-0.14477711143129463 0.4003441113218269 
-0.14477711143129463 0.4003441113218269 
-0.14477711143129463 0.4003441113218269 
-0.14477711143129463 0.4003441113218269 
-0.14468613417748039 0.40126588749962816 
-0.14468613417748039 0.40126588749962816 
-0.14468613417748039 0.40126588749962816 
-0.14468613417748039 0.40126588749962816 
-0.1446490479111953 0.40230755712226957 
-0.1444257603882876 0.4015278813586369 
-0.1444257603882876 0.4015278813586369 
-0.1445043212490361 0.4017712154413498 
-0.14454858191221295 0.40001619788839005 
-0.1444739711990716 0.4024349484500329 
-0.1444739711990716 0.4024349484500329 
-0.1444739711990716 0.4024349484500329 
-0.14419625714594572 0.4019744123068482 
-0.14417716177026607 0.4021791804679345 
-0.14417716177026607 0.4021791804679345 
-0.14417716177026607 0.4021791804679345 
-0.14417716177026607 0.4021791804679345 
-0.14417716177026607 0.4021791804679345 
-0.14417716177026607 0.4021791804679345 
-0.14417716177026607 0.4021791804679345 
-0.1441492147648062 0.40431078325656095 
-0.1441492147648062 0.40431078325656095 
-0.1441554033461792 0.4107980580076577 
-0.14436571314073093 0.41023250134605044 
-0.1443686927714823 0.4247126664232035 
-0.14440559691864835 0.41327867262157103 
-0.1443973627907162 0.41302246268732684 
-0.14418369074427545 0.4143811051868531 
-0.14421359034990017 0.4133820024834247 
-0.14422646669497943 0.4124024035608007 
-0.14422646669497943 0.4124024035608007 
-0.14422646669497943 0.4124024035608007 
-0.14404839861823246 0.4112773833708754 
-0.14358099729365514 0.40082245403029676 
-0.14358099729365514 0.40082245403029676 
-0.14375964672719305 0.4063610874333349 
-0.14375964672719305 0.4063610874333349 
-0.14376365222125065 0.406965902279016 
-0.14375202695308317 0.4061664656887758 
-0.14375202695308317 0.4061664656887758 
-0.1437570381590381 0.40622758217864297 
-0.1437570381590381 0.40622758217864297 
-0.14374473740375865 0.40664426656852337 
-0.14374473740375865 0.40664426656852337 
-0.14374473740375865 0.40664426656852337 
-0.14400871461096285 0.4055348502056516 
-0.1440048875733028 0.40695307867791 
-0.14395864797326988 0.4051197137921889 
-0.14395864797326988 0.4051197137921889 
-0.144169976773037 0.4084642848489372 
-0.144169976773037 0.4084642848489372 
-0.14416923095205647 0.4089099146013084 
-0.14404464631202502 0.4180663033359436 
-0.1440835773082322 0.4125369493377888 
-0.1437389989889173 0.4126573496179681 
-0.14397322182159014 0.40671382066630196 
-0.14397322182159014 0.40671382066630196 
-0.1437519032823267 0.4083726024705013 
-0.14381945946816316 0.4031415654150553 
-0.14415662853216543 0.4093067963118535 
-0.14415662853216543 0.4093067963118535 
-0.1442677610700505 0.40898832114012185 
-0.1442677610700505 0.40898832114012185 
-0.1442046839755209 0.4078990085422431 
-0.1442046839755209 0.4078990085422431 
-0.14426828291013738 0.4078753935670893 
-0.14426828291013738 0.4078753935670893 
-0.1439288386975809 0.42945641317555894 
-0.1440128967534798 0.4319895347887787 
-0.14382637188939337 0.4613440563881035 
-0.14382637188939337 0.4613440563881035 
-0.14346007760669807 0.49456893236777466 
-0.14346007760669807 0.49456893236777466 
-0.14346007760669807 0.49456893236777466 
-0.14346007760669807 0.49456893236777466 
-0.14346007760669807 0.49456893236777466 
-0.1434557947870006 0.48683603987596125 
-0.1437978539938291 0.45463930232867555 
-0.1434177032369565 0.4744938894588666 
-0.1434177032369565 0.4744938894588666 
-0.14355358376182664 0.46833225428295416 
-0.14332172067000132 0.4766241473564925 
-0.14332172067000132 0.4766241473564925 
-0.14332172067000132 0.4766241473564925 
-0.14332172067000132 0.4766241473564925 
-0.14332172067000132 0.4766241473564925 
-0.14332172067000132 0.4766241473564925 
-0.14332172067000132 0.4766241473564925 
-0.14332172067000132 0.4766241473564925 
-0.14370143081123637 0.4581755145703355 
-0.1438143999898384 0.4498904269872817 
-0.1442469978174075 0.426550933211593 
-0.14422967476946905 0.42741734601791914 
-0.14422967476946905 0.42741734601791914 
