-0.13416636738329904 1.6498987718805749 
-0.13416636738329904 1.6498987718805749 
-0.13416636738329904 1.6498987718805749 
-0.13416038832946123 1.6498901810413387 
-0.1341253110799692 1.6498492070717057 
-0.13413108710080945 1.649747826314762 
-0.13413108710080945 1.649747826314762 
-0.13414002352457036 1.6497370083021665 
-0.13420624794836483 1.6498092508192594 
-0.13420624794836483 1.6498092508192594 
-0.13435017712474553 1.6492477226363713 
-0.1343742360415872 1.6495204953643203 
-0.13442339999788597 1.6495403634700032 
-0.13447233137447867 1.6494346060524334 
-0.13448334612343082 1.6492902869571004 
-0.13448334612343082 1.6492902869571004 
-0.13475065746636133 1.6495425231760805 
-0.13475065746636133 1.6495425231760805 
-0.1347561755697276 1.649525271777529 
-0.13492199652128403 1.6496361920517708 
-0.13492199652128403 1.6496361920517708 
-0.13492199652128403 1.6496361920517708 
-0.1350177127473205 1.650152920033733 
-0.13484859854447084 1.651210330671915 
-0.13484859854447084 1.651210330671915 
-0.13484859854447084 1.651210330671915 
-0.13484236152356655 1.6473060820670282 
-0.13484236152356655 1.6473060820670282 
-0.13484236152356655 1.6473060820670282 
-0.13502617539856854 1.6473856956999429 
-0.13502617539856854 1.6473856956999429 
-0.13504713667170842 1.6475269235319618 
-0.13504713667170842 1.6475269235319618 
-0.13504713667170842 1.6475269235319618 
-0.13504713667170842 1.6475269235319618 
-0.13504713667170842 1.6475269235319618 
-0.13570195390031692 1.6402084895485878 
-0.13581438093045167 1.6390297939436203 
-0.13599643311020626 1.6365040256062489 
-0.13603251115737447 1.6345902071978222 
-0.13632518387583037 1.6287867864541374 
-0.13632518387583037 1.6287867864541374 
-0.13638600617944036 1.630043642779901 
-0.13660359121629126 1.622576248427389 
-0.13658215599696827 1.6147036642813841 
-0.13658215599696827 1.6147036642813841 
-0.13658215599696827 1.6147036642813841 
-0.13658215599696827 1.6147036642813841 
-0.13658215599696827 1.6147036642813841 
-0.13824789456597056 1.1489020073055616 
-0.13875658473505767 1.0437831165798834 
-0.13877960602734246 1.0568227617704087 
-0.13921238880847228 1.0660794258957234 
-0.14059139805012644 0.7574238706848918 
-0.1404452004001078 0.7581572759141673 
-0.1404452004001078 0.7581572759141673 
-0.1404452004001078 0.7581572759141673 
-0.14139477354139832 0.7097375871826231 
-0.14139477354139832 0.7097375871826231 
-0.14139477354139832 0.7097375871826231 
-0.14139477354139832 0.7097375871826231 
-0.1414536675303897 0.683178528172566 
-0.1414536675303897 0.683178528172566 
-0.14162447986560384 0.6478577637019618 
-0.14162447986560384 0.6478577637019618 
-0.14277950628207048 0.43761328119033316 
-0.14277950628207048 0.43761328119033316 
-0.14277950628207048 0.43761328119033316 
-0.1426795463570772 0.46121097851439796 
-0.14243606417314625 0.5320670591942572 
-0.14300835987072452 0.4064371631313911 
-0.14300835987072452 0.4064371631313911 
-0.14300835987072452 0.4064371631313911 
-0.1428532662340802 0.42819721834654045 
-0.14301561809538316 0.4109404185785796 
-0.14318686387929397 0.4242608429878899 
-0.14318686387929397 0.4242608429878899 
-0.14318686387929397 0.4242608429878899 
-0.1433272827909455 0.4289311644140794 
-0.14359460183531075 0.42096951166416086 
-0.14359460183531075 0.42096951166416086 
-0.14368185198576058 0.41691915281157804 
-0.1440180205235596 0.4144317915641289 
-0.1440180205235596 0.4144317915641289 
-0.1440202193669151 0.41444079065321887 
-0.1440202193669151 0.41444079065321887 
-0.1440157342236336 0.4178118089854112 
-0.14414351614006915 0.41847521558026946 
-0.14414351614006915 0.41847521558026946 
-0.14414351614006915 0.41847521558026946 
-0.14400591132211998 0.428915454502458 
-0.14402411795302186 0.4256811337263873 
-0.14403864073221473 0.4260147447153769 
-0.14403864073221473 0.4260147447153769 
-0.14403864073221473 0.4260147447153769 
-0.14403864073221473 0.4260147447153769 
-0.1435694329396698 0.42699602128463854 
-0.14372672234664202 0.41717849417738007 
-0.14374757843241978 0.41688488187955414 
-0.14374757843241978 0.41688488187955414 
-0.14374757843241978 0.41688488187955414 
-0.1437679234135075 0.41792550126549693 
-0.1437679234135075 0.41792550126549693 
-0.1437679234135075 0.41792550126549693 
-0.1437679234135075 0.41792550126549693 
-0.14369191232890965 0.4194080936162056 
-0.14369677712985565 0.4140499986698637 
-0.1438065680113382 0.41048873347298825 
-0.1438065680113382 0.41048873347298825 
-0.1438065680113382 0.41048873347298825 
-0.1438065680113382 0.41048873347298825 
-0.1441039893872355 0.4076128083224893 
-0.1441039893872355 0.4076128083224893 
-0.14413864490457784 0.41232552317902676 
-0.1441223662127131 0.4184969446589357 
-0.14438798540626485 0.4100655075194334 
-0.1445402288748554 0.4141211769002027 
-0.14443232320058702 0.41124663822085566 
-0.14448560766995158 0.41222518596009944 
-0.14465653266127473 0.41241233179173353 
-0.14465653266127473 0.41241233179173353 
-0.14465653266127473 0.41241233179173353 
-0.14465653266127473 0.41241233179173353 
-0.14467202056447945 0.4126157554395661 
-0.14467202056447945 0.4126157554395661 
-0.14467202056447945 0.4126157554395661 
-0.14467202056447945 0.4126157554395661 
-0.14467202056447945 0.4126157554395661 
-0.14475363062481988 0.4100992781016625 
-0.14475363062481988 0.4100992781016625 
-0.14467279107498768 0.4144945787530318 
-0.14467279107498768 0.4144945787530318 
-0.14444054366607614 0.41333253041930507 
-0.14444054366607614 0.41333253041930507 
-0.14441929475656753 0.4119600465817506 
-0.14450947097552497 0.4098692173414032 
-0.14450037167537325 0.4099432697531302 
-0.14450037167537325 0.4099432697531302 
-0.14450037167537325 0.4099432697531302 
-0.14432016151757598 0.4065564843164163 
-0.14428220334794814 0.40622858069733314 
-0.14438835029977976 0.4001368142681872 
-0.14438835029977976 0.4001368142681872 
-0.14438835029977976 0.4001368142681872 
-0.14438835029977976 0.4001368142681872 
-0.14422093609545453 0.4011779817522287 
-0.14403238521962008 0.4148350976928371 
-0.14363182397345384 0.41904433935283286 
-0.14363521979531746 0.4195147380760216 
-0.1436191983028492 0.42222322369429377 
-0.1436191983028492 0.42222322369429377 
-0.1436191983028492 0.42222322369429377 
-0.14369685544652616 0.4283107962765084 
-0.14369685544652616 0.4283107962765084 
-0.14369685544652616 0.4283107962765084 
-0.14378801586738743 0.4239404219234473 
-0.1438342391044232 0.42041623150090435 
-0.14380443002603446 0.4234309261908132 
-0.14380443002603446 0.4234309261908132 
-0.14380443002603446 0.4234309261908132 
-0.14388291395238498 0.42162839474152264 
-0.14394686694836595 0.42000997962641007 
-0.1438432460068796 0.42445763289201377 
-0.14375487836879108 0.42953923441801584 
-0.14375487836879108 0.42953923441801584 
-0.14366922215902186 0.436996331152495 
-0.14344059398633038 0.44718031265637287 
-0.14344059398633038 0.44718031265637287 
-0.14349073115171943 0.4400263148550407 
-0.14316078308389885 0.44924764596993483 
-0.1432946154100569 0.44370339236225753 
-0.1433616166059466 0.439487341689674 
-0.14343959504763618 0.4357860684579367 
-0.14343959504763618 0.4357860684579367 
-0.14387274456989313 0.4275153860226733 
-0.14381013383090965 0.44758093952228484 
-0.14381399303112666 0.4559807988065434 
-0.14373053744589695 0.4758000868756679 
-0.14373053744589695 0.4758000868756679 
-0.14373053744589695 0.4758000868756679 
-0.14393586199817793 0.44712649221962597 
-0.1440726634873821 0.4266883754324959 
-0.14408276973237424 0.4265333804806076 
-0.14407568173948732 0.43191986316116787 
-0.1441099362584451 0.4270138571261368 
-0.1441099362584451 0.4270138571261368 
-0.14448352292632738 0.4204885269191817 
-0.14448352292632738 0.4204885269191817 
-0.14448352292632738 0.4204885269191817 
-0.14433223944801352 0.4131925949039259 
-0.14417006667325405 0.41533714841208874 
-0.1442423839108031 0.41699717056200697 
-0.14419179095870013 0.4189467577874356 
-0.14418656835910734 0.41874041407738494 
-0.14458289744482739 0.4117887480743806 
-0.14465478321741637 0.4153947270894191 
-0.1446591789671434 0.4155269147966693 
-0.1446628007066671 0.41559392741765744 
-0.1446628007066671 0.41559392741765744 
-0.14456778742141904 0.42024102260768714 
-0.14462097421935685 0.41548636864381816 
-0.144730744454661 0.41667638979156313 
-0.14445800079700527 0.41340207813622276 
-0.14447451645746975 0.4157924763794363 
-0.1443226262501036 0.4161202711813027 
-0.14447872829801806 0.41435230536128126 
-0.1443728148407683 0.41014002795695065 
-0.14423105132100333 0.4099803884903922 
-0.14428721819702187 0.4022707419555927 
-0.14428721819702187 0.4022707419555927 
-0.14427844707465226 0.40301847230746746 
-0.14426599573821863 0.40349289883087214 
-0.14426599573821863 0.40349289883087214 
-0.14426599573821863 0.40349289883087214 
-0.14426572179621355 0.4013236306547478 
-0.14416015182949163 0.40197540280808153 
-0.14426883207739297 0.40805359814548137 
-0.14412247299220848 0.4108930884038883 
-0.14406847744117618 0.408633048688665 
-0.14406795253692092 0.40946175699010245 
-0.1440590338233406 0.4116779331761168 
-0.1441965379836935 0.42107157464291856 
-0.14444198631529515 0.42043861780638714 
-0.14444455220204766 0.42022573089152826 
-0.1446468923080436 0.40343794363813285 
-0.14478753066128378 0.40234122078098333 
-0.14483257695518925 0.4018623094202133 
-0.14498870832614674 0.4004029842867761 
-0.14501755374924155 0.4002628581473677 
-0.14478812867349328 0.4056746982330053 
-0.14494968380947074 0.40521990292608356 
-0.14489746376842522 0.4064512977105428 
-0.14489746376842522 0.4064512977105428 
-0.14489746376842522 0.4064512977105428 
-0.1446055343855828 0.40374525004471645 
-0.14454810804854917 0.40565816054134995 
-0.14454810804854917 0.40565816054134995 
-0.14454810804854917 0.40565816054134995 
-0.1448483978030431 0.4008109641126023 
-0.14453585994738063 0.4008605388977819 
-0.14453585994738063 0.4008605388977819 
-0.14449918152447258 0.4015802432159492 
-0.14449918152447258 0.4015802432159492 
-0.14451865620449852 0.40116846647467663 
-0.14451865620449852 0.40116846647467663 
-0.14447855880036808 0.4008670618805835 
-0.14447855880036808 0.4008670618805835 
-0.14447855880036808 0.4008670618805835 
-0.14447855880036808 0.4008670618805835 
-0.14447855880036808 0.4008670618805835 
-0.14447855880036808 0.4008670618805835 
-0.14447855880036808 0.4008670618805835 
-0.14447776181399072 0.40166834728688766 
-0.14447776181399072 0.40166834728688766 
-0.14451962269999236 0.40157493765956476 
-0.14451962269999236 0.40157493765956476 
-0.14451962269999236 0.40157493765956476 
-0.14451962269999236 0.40157493765956476 
-0.14444830248706073 0.4023547086920943 
-0.14444830248706073 0.4023547086920943 
-0.14444830248706073 0.4023547086920943 
-0.14444830248706073 0.4023547086920943 
-0.14444830248706073 0.4023547086920943 
-0.14456589252140492 0.40227175550535044 
-0.14456589252140492 0.40227175550535044 
-0.14459635812433508 0.40163492991211663 
-0.14459635812433508 0.40163492991211663 
-0.14427801189007164 0.40190013520395523 
-0.14428067905003455 0.40183618732825527 
-0.14428067905003455 0.40183618732825527 
-0.14428067905003455 0.40183618732825527 
-0.14428067905003455 0.40183618732825527 
-0.14428067905003455 0.40183618732825527 
-0.14428067905003455 0.40183618732825527 
-0.14428067905003455 0.40183618732825527 
-0.14428067905003455 0.40183618732825527 
-0.14428067905003455 0.40183618732825527 
-0.14428067905003455 0.40183618732825527 
-0.14428067905003455 0.40183618732825527 
-0.14428067905003455 0.40183618732825527 
-0.14426282383691041 0.403232706455076 
-0.14422510783683823 0.4027458097939981 
-0.14446740119220292 0.4034194356429917 
-0.14446740119220292 0.4034194356429917 
-0.1444777977336058 0.40203086741985017 
-0.1444777977336058 0.40203086741985017 
-0.1444777977336058 0.40203086741985017 
-0.1444777977336058 0.40203086741985017 
-0.1444777977336058 0.40203086741985017 
-0.1444495449554613 0.40282774439649255 
-0.14435985578916458 0.4060925641332169 
-0.14423992388038237 0.40557878899799216 
-0.1443371714620438 0.4007432697845946 
-0.1443371714620438 0.4007432697845946 
-0.1443371714620438 0.4007432697845946 
-0.1443371714620438 0.4007432697845946 
-0.1443371714620438 0.4007432697845946 
-0.1443371714620438 0.4007432697845946 
-0.1443371714620438 0.4007432697845946 
-0.1443371714620438 0.4007432697845946 
