-0.13387067825018004 1.6500272054385872 
-0.13390886893024334 1.6499402057589705 
-0.13390886893024334 1.6499402057589705 
-0.13391063939797743 1.6499328486921208 
-0.1340035303419406 1.649896655986111 
-0.13415322717573083 1.6499106526256737 
-0.13415258061421972 1.6499216758385202 
-0.13415258061421972 1.6499216758385202 
-0.13424611283329327 1.6500625949095615 
-0.13424505458639185 1.6500632508822355 
-0.13424505458639185 1.6500632508822355 
-0.1343164339453675 1.6500290717768804 
-0.13432300951000356 1.6500289087099669 
-0.13438189521477426 1.6499962617815813 
-0.13459588616638102 1.6503295707233372 
-0.13459588616638102 1.6503295707233372 
-0.13464483598572896 1.6504896027907343 
-0.13473306149707326 1.6504156054415944 
-0.13480026743325133 1.6509529091514656 
-0.1351372035137875 1.6520018360822184 
-0.13548228235470783 1.6527005017445324 
-0.13548228235470783 1.6527005017445324 
-0.1355819703680014 1.6508524451285012 
-0.13650724408110448 1.6512720786786732 
-0.13650724408110448 1.6512720786786732 
-0.13616712384043272 1.6493657910177424 
-0.13647998141927975 1.6513995013992633 
-0.13647998141927975 1.6513995013992633 
-0.13647998141927975 1.6513995013992633 
-0.13647998141927975 1.6513995013992633 
-0.13628766752566573 1.6495283181753175 
-0.13622009444239697 1.651713752413707 
-0.13658552260969795 1.6518255448287655 
-0.13658552260969795 1.6518255448287655 
-0.13701832503524516 1.653121211128675 
-0.13698095593136642 1.6534106418951193 
-0.13698095593136642 1.6534106418951193 
-0.13698095593136642 1.6534106418951193 
-0.13695549861587147 1.653114417405154 
-0.13695549861587147 1.653114417405154 
-0.13695549861587147 1.653114417405154 
-0.136879479839704 1.6524794876958635 
-0.136879479839704 1.6524794876958635 
-0.1367919645156101 1.6443339958610774 
-0.13684588680283324 1.6296232492383638 
-0.13684588680283324 1.6296232492383638 
-0.1367728176620247 1.6303099933820582 
-0.13703090060029507 1.613888134909292 
-0.13703090060029507 1.613888134909292 
-0.13705025443754168 1.6128554595640618 
-0.13705025443754168 1.6128554595640618 
-0.13760131170806975 1.5841351887185038 
-0.13760131170806975 1.5841351887185038 
-0.13750878679434364 1.587482078985656 
-0.13750878679434364 1.587482078985656 
-0.13776725905188877 1.546720574080843 
-0.13776725905188877 1.546720574080843 
-0.13776725905188877 1.546720574080843 
-0.13776725905188877 1.546720574080843 
-0.13776725905188877 1.546720574080843 
-0.13776725905188877 1.546720574080843 
-0.13801979232467904 1.5348259406231943 
-0.13801979232467904 1.5348259406231943 
-0.13801979232467904 1.5348259406231943 
-0.13801979232467904 1.5348259406231943 
-0.13801991598139216 1.548013517197503 
-0.13833228662401342 1.4952442749577841 
-0.13833228662401342 1.4952442749577841 
-0.13886697798698483 1.4021476966152464 
-0.13887002987683622 1.401609839945963 
-0.1397464884660098 1.2278654758693002 
-0.1397464884660098 1.2278654758693002 
-0.1397464884660098 1.2278654758693002 
-0.1397464884660098 1.2278654758693002 
-0.1397464884660098 1.2278654758693002 
-0.1400146179572774 1.1612707529684227 
-0.1400146179572774 1.1612707529684227 
-0.1400146179572774 1.1612707529684227 
-0.1400146179572774 1.1612707529684227 
-0.14237825297580264 0.8356530843733145 
-0.14249996924704778 0.832974062394378 
-0.14249996924704778 0.832974062394378 
-0.14250631915332795 0.8291841880622071 
-0.14253062569445712 0.8206659578556998 
-0.14253062569445712 0.8206659578556998 
-0.14253062569445712 0.8206659578556998 
-0.14291667460470503 0.6620249206762592 
-0.14292935054681233 0.6604809515118533 
-0.1434262321508508 0.5614432264074513 
-0.1434262321508508 0.5614432264074513 
-0.1434262321508508 0.5614432264074513 
-0.14348065428840848 0.5540103973443955 
-0.1433881452355977 0.5646555583596262 
-0.14336244329583672 0.5689940062733388 
-0.1438607949412076 0.5178999458483304 
-0.1438607949412076 0.5178999458483304 
-0.14456412353069864 0.45327727521942407 
-0.14440000733327318 0.439519239002957 
-0.14442193951886773 0.45949037743039167 
-0.1443671298704112 0.4538395724256547 
-0.1443671298704112 0.4538395724256547 
-0.14423546054657665 0.45691955403865053 
-0.14398313293948128 0.4418892650476456 
-0.14398330669584036 0.44810439839377597 
-0.14398330669584036 0.44810439839377597 
-0.14391523286956046 0.44521146789399185 
-0.14383761832921518 0.4562089298509328 
-0.143788634760982 0.4429008401100304 
-0.143788634760982 0.4429008401100304 
-0.14332705770192675 0.45935001816569715 
-0.1435215795524381 0.45039156906315836 
-0.1435215795524381 0.45039156906315836 
-0.14406376973983287 0.4345940313727051 
-0.14449099927740114 0.4060024157258614 
-0.14443728348032783 0.4057342810157934 
-0.14443728348032783 0.4057342810157934 
-0.14448005747210863 0.4019762468453164 
-0.14448005747210863 0.4019762468453164 
-0.14448005747210863 0.4019762468453164 
-0.14448005747210863 0.4019762468453164 
-0.14448005747210863 0.4019762468453164 
-0.14448005747210863 0.4019762468453164 
-0.14448005747210863 0.4019762468453164 
-0.14453073840282024 0.40134247451102306 
-0.14453073840282024 0.40134247451102306 
-0.14453073840282024 0.40134247451102306 
-0.14452610155940482 0.40112598109630787 
-0.14452492476148848 0.4011661032313559 
-0.14452492476148848 0.4011661032313559 
-0.14450308233985434 0.4036187259902703 
-0.14450308233985434 0.4036187259902703 
-0.14450308233985434 0.4036187259902703 
-0.1444841035420372 0.4030968661950804 
-0.14417768564257596 0.41683654722128427 
-0.14398107817443362 0.415392619795123 
-0.14404684655989772 0.41424837640042594 
-0.14404684655989772 0.41424837640042594 
-0.144035239748757 0.4143417660118157 
-0.14393069912810824 0.42345175494253245 
-0.14393069912810824 0.42345175494253245 
-0.1439569019917844 0.42855442690809614 
-0.1439569019917844 0.42855442690809614 
-0.14397617391645576 0.4230532233738673 
-0.14401570334066463 0.42747519936145845 
-0.1440962098807051 0.43471450269592965 
-0.14406655797154794 0.43559834130176095 
-0.14402208698488708 0.434546653496375 
-0.14402208698488708 0.434546653496375 
-0.14409904905068474 0.4238779883644196 
-0.14392147838128214 0.43143035649331996 
-0.14392147838128214 0.43143035649331996 
-0.14380813155071234 0.4354184857965066 
-0.14380912019790384 0.4354230920461968 
-0.1436788391264328 0.4351368690371231 
-0.1436788391264328 0.4351368690371231 
-0.1436788391264328 0.4351368690371231 
-0.14367699110037807 0.4239770155069362 
-0.14367699110037807 0.4239770155069362 
-0.14390848122373914 0.41778643026141393 
-0.14381547266088282 0.41701270923009404 
-0.14399024223494955 0.41579295530538724 
-0.14399024223494955 0.41579295530538724 
-0.14399024223494955 0.41579295530538724 
-0.143997952800454 0.41556118284178917 
-0.1438890505801775 0.4215461591337921 
-0.143895688594086 0.4209789830008744 
-0.14389998393735626 0.42054097309296923 
-0.14440517247534132 0.4205909225362958 
-0.14440655935123234 0.4205937989917853 
-0.14430021306710558 0.43189975657775054 
-0.14428002847531587 0.43101724189563656 
-0.14428002847531587 0.43101724189563656 
-0.1445827175610281 0.43623982542350476 
-0.14430272714823086 0.4630776563117958 
-0.14413068778550195 0.4545956096135419 
-0.14390335494528875 0.46570620250920125 
-0.1439160985468355 0.4642592685963931 
-0.14379450017341192 0.47471968544469006 
-0.14386976091482667 0.47017651276666483 
-0.14404438273260411 0.4482049982965536 
-0.14400150532362596 0.4405860023366159 
-0.14402150323648535 0.4353201398781826 
-0.1440509776669215 0.4243132587494042 
-0.14409820931803433 0.4241925430987141 
-0.1440826324417768 0.4231818476676239 
-0.14392961070603363 0.41784634055453773 
-0.1439908484779858 0.4170286784088202 
-0.14399802117293614 0.4164216528240843 
-0.14399802117293614 0.4164216528240843 
-0.14399802117293614 0.4164216528240843 
-0.14399802117293614 0.4164216528240843 
-0.1439279129749941 0.4200171657261899 
-0.14396013379760914 0.4172086843778254 
-0.1439666655526794 0.41709896024474835 
-0.14401983046787997 0.41515862293478895 
-0.14410999758849102 0.4258167502000673 
-0.1443702986334006 0.42378599093984015 
-0.1443702986334006 0.42378599093984015 
-0.14403306209532177 0.43753246914440436 
-0.14403306209532177 0.43753246914440436 
-0.14410239406438083 0.44607538856261625 
-0.1442082418556377 0.43836544134432903 
-0.1442082418556377 0.43836544134432903 
-0.1442493493369691 0.42433336928709003 
-0.14408096090820294 0.4215610278928752 
-0.14391031507596758 0.4153191968898777 
-0.143960133765777 0.4123584773977314 
-0.14393668340955643 0.41256432242669105 
-0.1438835734649921 0.4092270759230759 
-0.14391027704208187 0.4093634694434987 
-0.14397693315744878 0.4076320744322375 
-0.14388682247208104 0.4065268751848447 
-0.14388682247208104 0.4065268751848447 
-0.1439150414809461 0.4065151313005694 
-0.1438229999420683 0.40403173951779064 
-0.14399198000714766 0.4012831857879272 
-0.14399198000714766 0.4012831857879272 
-0.14391302475858728 0.401504725051807 
-0.14391302475858728 0.401504725051807 
-0.14397761452778424 0.4076255636640663 
-0.14433148159138637 0.40642836519786774 
-0.14433331169543293 0.40674552086489274 
-0.1443336920308253 0.4067364875593431 
-0.1444786376301109 0.40082015036421087 
-0.1444786376301109 0.40082015036421087 
-0.1444786376301109 0.40082015036421087 
-0.1444786376301109 0.40082015036421087 
-0.1444786376301109 0.40082015036421087 
-0.1444786376301109 0.40082015036421087 
-0.1444786376301109 0.40082015036421087 
-0.1444324155366643 0.4009034852263732 
-0.1444324155366643 0.4009034852263732 
-0.14443748140693494 0.40088525362861743 
-0.14445384130832242 0.4007720116674061 
-0.14445384130832242 0.4007720116674061 
-0.14445384130832242 0.4007720116674061 
-0.14445384130832242 0.4007720116674061 
-0.14445384130832242 0.4007720116674061 
-0.14445384130832242 0.4007720116674061 
-0.14443454168359837 0.4008977650504514 
-0.14443454168359837 0.4008977650504514 
-0.14443454168359837 0.4008977650504514 
-0.14443454168359837 0.4008977650504514 
-0.14443454168359837 0.4008977650504514 
-0.14443454168359837 0.4008977650504514 
-0.14443454168359837 0.4008977650504514 
-0.14440501771423883 0.4021326773607607 
-0.14440501771423883 0.4021326773607607 
-0.14434570219447226 0.4031534759916021 
-0.14434570219447226 0.4031534759916021 
-0.14434570219447226 0.4031534759916021 
-0.1442609135719984 0.4046126575021556 
-0.1443539148741509 0.4044620249827385 
-0.14439415295534447 0.403007368610225 
-0.14439415295534447 0.403007368610225 
-0.14406115712486472 0.40709488117034226 
-0.14391327892208536 0.408875340533273 
-0.14391327892208536 0.408875340533273 
-0.14383673678480471 0.4036255497452803 
-0.1438627907117497 0.40484230003278787 
-0.1438653373729395 0.404691138631753 
-0.1439893880263098 0.405282183551143 
-0.1439893880263098 0.405282183551143 
-0.14405340762165242 0.407378996308953 
-0.14407337646392127 0.4066921975862719 
-0.14388731273266664 0.4070569514277687 
-0.14388731273266664 0.4070569514277687 
-0.14388731273266664 0.4070569514277687 
-0.1438524078837072 0.40543743763677936 
-0.1438524078837072 0.40543743763677936 
-0.14389576199826942 0.4062185931269729 
-0.1441065207103953 0.4053008798957284 
-0.14424884210240546 0.4051859369360108 
-0.14428839596303827 0.40450050513159425 
-0.14435692165413255 0.40268097385410717 
-0.14435692165413255 0.40268097385410717 
-0.14435692165413255 0.40268097385410717 
-0.1441254648251285 0.40933725573714846 
-0.1441254648251285 0.40933725573714846 
-0.14384864508120776 0.411705845321952 
-0.14388133092526656 0.41182749912315986 
-0.14388133092526656 0.41182749912315986 
-0.143931989697707 0.4138403200064463 
-0.14413423218088553 0.41299260203631927 
-0.14414342068682334 0.40845491443740567 
-0.14428967676638152 0.4108915578392835 
-0.1442019711838321 0.4111764633475025 
-0.14399997543227022 0.4178740474792807 
-0.14397375891224598 0.42044141762637666 
-0.1439578980836907 0.4144201768788719 
-0.1439211333277336 0.4194811884375541 
-0.14398753653822263 0.41725308037364117 
-0.14398753653822263 0.41725308037364117 
-0.1438170282952616 0.42020112334191345 
-0.14403672819818486 0.4145679329056554 
-0.14403672819818486 0.4145679329056554 
-0.14436258695316825 0.40507210168233815 
-0.14416526359808865 0.4009721865512692 
-0.14414873815334753 0.40184573210809255 
-0.14414873815334753 0.40184573210809255 
