-0.1339962845731899 1.650192056964726 
-0.13380193700593457 1.6505268166451244 
-0.13380193700593457 1.6505268166451244 
-0.13386661932069188 1.6502335100273258 
-0.13387717258432408 1.6501858792631323 
-0.1338581130971026 1.6502639852173278 
-0.13387458492214918 1.650150258755769 
-0.1344046970405061 1.6498132149302704 
-0.13439739213470375 1.6498288786391908 
-0.13439739213470375 1.6498288786391908 
-0.13465308635250037 1.6497874596520108 
-0.13465308635250037 1.6497874596520108 
-0.1348012019894394 1.650181410925151 
-0.1349125874995415 1.6501177572464094 
-0.1349125874995415 1.6501177572464094 
-0.13503645852790333 1.650161137366813 
-0.13503645852790333 1.650161137366813 
-0.13503645852790333 1.650161137366813 
-0.13578137369273416 1.6502842552902215 
-0.1359625971102015 1.6506325167114915 
-0.1359625971102015 1.6506325167114915 
-0.13689311119724817 1.649719931005171 
-0.13689311119724817 1.649719931005171 
-0.13689311119724817 1.649719931005171 
-0.13620010487690817 1.6481336491221166 
-0.13620010487690817 1.6481336491221166 
-0.1363768573709837 1.6481500957484596 
-0.1363768573709837 1.6481500957484596 
-0.1363777251041933 1.6474668074888033 
-0.13649894757219702 1.6466469558528807 
-0.13649894757219702 1.6466469558528807 
-0.13643023391584633 1.6466713006662743 
-0.1364347902535716 1.6473247754807199 
-0.1364347902535716 1.6473247754807199 
-0.13639098842818087 1.6482159255805762 
-0.13605212449889506 1.644844883883572 
-0.13614214566833324 1.645952496230129 
-0.13618679916469228 1.64568724244527 
-0.13618679916469228 1.64568724244527 
-0.13629012745533156 1.649545518276485 
-0.13629012745533156 1.649545518276485 
-0.13629012745533156 1.649545518276485 
-0.1362810163764518 1.6495429615745059 
-0.1362810163764518 1.6495429615745059 
-0.1362810163764518 1.6495429615745059 
-0.1362810163764518 1.6495429615745059 
-0.1362810163764518 1.6495429615745059 
-0.13633629595598928 1.5710593142457088 
-0.13632689186920538 1.5693771958618021 
-0.1365762007358212 1.5381229892716912 
-0.1365762007358212 1.5381229892716912 
-0.13687758788304075 1.4978640018580023 
-0.13686729994759164 1.499807279303866 
-0.13686729994759164 1.499807279303866 
-0.13686729994759164 1.499807279303866 
-0.13761711721797867 1.3443803778278554 
-0.1376321862599613 1.3552590619689475 
-0.13801634919441166 1.281716314877095 
-0.1392521080894862 1.0383008721643776 
-0.13950715216326928 1.0053247037252886 
-0.13950715216326928 1.0053247037252886 
-0.13950715216326928 1.0053247037252886 
-0.13950715216326928 1.0053247037252886 
-0.14067288229389788 0.7046841278970204 
-0.14067288229389788 0.7046841278970204 
-0.14067288229389788 0.7046841278970204 
-0.14066498720947704 0.7059539538988834 
-0.14066498720947704 0.7059539538988834 
-0.14066498720947704 0.7059539538988834 
-0.14066498720947704 0.7059539538988834 
-0.14066498720947704 0.7059539538988834 
-0.14081749961459114 0.7049469027028353 
-0.14117831611551834 0.687348982280018 
-0.14109547834819555 0.6674684867912226 
-0.1427216781946852 0.5926169046813846 
-0.14259155580786056 0.5605909920385287 
-0.14259155580786056 0.5605909920385287 
-0.1425868458876709 0.558811089530872 
-0.14252365772031864 0.5687482078742601 
-0.14310176416325054 0.5017095603271985 
-0.14311194264656707 0.4957894283089923 
-0.14311194264656707 0.4957894283089923 
-0.14311194264656707 0.4957894283089923 
-0.14311194264656707 0.4957894283089923 
-0.14328148133088905 0.4708011868609189 
-0.1440448653585216 0.44390230841457834 
-0.1440448653585216 0.44390230841457834 
-0.1440448653585216 0.44390230841457834 
-0.14407071099172084 0.44571993335130333 
-0.14407071099172084 0.44571993335130333 
-0.1438071267748131 0.43941826281078017 
-0.14390433128907987 0.4179123529864109 
-0.14390433128907987 0.4179123529864109 
-0.14435625057408938 0.40676126800433676 
-0.14435625057408938 0.40676126800433676 
-0.14435625057408938 0.40676126800433676 
-0.14434271043580943 0.4085142444788199 
-0.14434271043580943 0.4085142444788199 
-0.14434271043580943 0.4085142444788199 
-0.14434271043580943 0.4085142444788199 
-0.14441352002679425 0.40788208703763545 
-0.14447245008063844 0.40845021052366176 
-0.14447245008063844 0.40845021052366176 
-0.14447245008063844 0.40845021052366176 
-0.14447245008063844 0.40845021052366176 
-0.1447014541182298 0.40516264991009376 
-0.14467841936340267 0.40532390022982523 
-0.1447971858593875 0.4014387080092672 
-0.14468627945787754 0.40160751431648195 
-0.14468627945787754 0.40160751431648195 
-0.14462133916243985 0.4027101186077777 
-0.14440452161103612 0.40239211970136446 
-0.14461579600434757 0.4001048066188174 
-0.14461579600434757 0.4001048066188174 
-0.14461579600434757 0.4001048066188174 
-0.14461579600434757 0.4001048066188174 
-0.14463532282634062 0.4001584279573326 
-0.14463532282634062 0.4001584279573326 
-0.14463532282634062 0.4001584279573326 
-0.14463532282634062 0.4001584279573326 
-0.14463532282634062 0.4001584279573326 
-0.14461470819046718 0.4025527358132678 
-0.14459688444950552 0.4035541191921514 
-0.14459688444950552 0.4035541191921514 
-0.14459688444950552 0.4035541191921514 
-0.14459688444950552 0.4035541191921514 
-0.14450550720013386 0.4082181381871836 
-0.1446518477308606 0.40508050453096617 
-0.14475653640020966 0.40576660612043325 
-0.14475653640020966 0.40576660612043325 
-0.14500563313225123 0.4023781071752018 
-0.14444649679895546 0.40341050333184464 
-0.14428169756649664 0.4138310671298557 
-0.14418557093661305 0.41413275948481654 
-0.14418557093661305 0.41413275948481654 
-0.14425288302322276 0.4130378105064282 
-0.1446187609934709 0.4185399966607431 
-0.1446187609934709 0.4185399966607431 
-0.1442663466024168 0.41463010946201373 
-0.1442741257713244 0.4194626112667383 
-0.1442741257713244 0.4194626112667383 
-0.14422077293498356 0.41915785015581275 
-0.14422077293498356 0.41915785015581275 
-0.14433679040975964 0.4223530246679732 
-0.14433679040975964 0.4223530246679732 
-0.14433679040975964 0.4223530246679732 
-0.1446753872740283 0.41693037376449094 
-0.1446753872740283 0.41693037376449094 
-0.14457360534125466 0.4176142933211975 
-0.14457360534125466 0.4176142933211975 
-0.1446796166163152 0.4225987091146224 
-0.1446796166163152 0.4225987091146224 
-0.14465372163252885 0.41931324877810694 
-0.14421519576421932 0.4234240954246394 
-0.14424594259638093 0.4245978515116038 
-0.144177744029147 0.4288855809408883 
-0.14418647187006192 0.43038628379503857 
-0.14409465581799522 0.4336546352561666 
-0.1440110763880813 0.42475460343929 
-0.14400954677227223 0.4245723348213396 
-0.14400435089181957 0.42082479842609083 
-0.14393167918725136 0.4169822745646867 
-0.14444149811914062 0.4086283123378864 
-0.1447355626350032 0.40973804844868206 
-0.1447355626350032 0.40973804844868206 
-0.14442564405571143 0.4101102700406251 
-0.1446223677057743 0.41399912241554176 
-0.14455339280581733 0.4144170956146536 
-0.1445537868998445 0.41436742785915076 
-0.1442363652979778 0.41929066740055926 
-0.14423533133322955 0.41862000679177597 
-0.14423533133322955 0.41862000679177597 
-0.14422441143075473 0.4191192331735318 
-0.14419367206912745 0.41646094878225953 
-0.14419367206912745 0.41646094878225953 
-0.14412928908098782 0.4247049695449464 
-0.14417207202406634 0.4276473116907824 
-0.14417207202406634 0.4276473116907824 
-0.14415898611380035 0.43066721182403905 
-0.14431249717553948 0.43492203702165544 
-0.14431249717553948 0.43492203702165544 
-0.1443349455479951 0.4312624707095296 
-0.14449890359799922 0.43601052273682084 
-0.14450212582717206 0.43716782235380663 
-0.14456841673100967 0.4616680306171986 
-0.14456841673100967 0.4616680306171986 
-0.14456841673100967 0.4616680306171986 
-0.14450737115362966 0.46125670284900516 
-0.14472091296892106 0.44264703371452563 
-0.14417607123586945 0.44020650466883166 
-0.1442050394101012 0.4403596402084127 
-0.14395194198365985 0.43838440008182317 
-0.1440285341058084 0.4338486865421004 
-0.14382405156891587 0.4269755774174136 
-0.14382405156891587 0.4269755774174136 
-0.14389016745508035 0.42408530284714546 
-0.1438963944169634 0.41455076913344224 
-0.1438804212758143 0.41470528942961293 
-0.14352227728179437 0.4119932234085173 
-0.14352227728179437 0.4119932234085173 
-0.14352227728179437 0.4119932234085173 
-0.1432699360124352 0.4082083414479044 
-0.1432699360124352 0.4082083414479044 
-0.1432699360124352 0.4082083414479044 
-0.1432699360124352 0.4082083414479044 
-0.14321105766718384 0.4083393731290591 
-0.14321105766718384 0.4083393731290591 
-0.14349831647891606 0.4073780699988297 
-0.14349831647891606 0.4073780699988297 
-0.14349831647891606 0.4073780699988297 
-0.1434282694297743 0.4104522484775132 
-0.1434282694297743 0.4104522484775132 
-0.1434282694297743 0.4104522484775132 
-0.1434282694297743 0.4104522484775132 
-0.1434282694297743 0.4104522484775132 
-0.1434282694297743 0.4104522484775132 
-0.14349358085213493 0.4104194498632347 
-0.1434663698476487 0.41094220179292756 
-0.1434663698476487 0.41094220179292756 
-0.14341099259037018 0.4149342981880082 
-0.1436155669376087 0.4337747671488278 
-0.1436155669376087 0.4337747671488278 
-0.14378020047881354 0.42712417599008384 
-0.1435563723864634 0.42955230015956425 
-0.14330928741492682 0.4292647342011721 
-0.14330928741492682 0.4292647342011721 
-0.1439588956836533 0.4172520490623447 
-0.14390652428186135 0.42222354097098846 
-0.1434867722644495 0.40588690729072724 
-0.14346446598430856 0.40055298745754997 
-0.14346446598430856 0.40055298745754997 
-0.14353960972775465 0.4015463192770273 
-0.14353960972775465 0.4015463192770273 
-0.14353960972775465 0.4015463192770273 
-0.14354221209691334 0.40157025847260563 
-0.14354221209691334 0.40157025847260563 
-0.14354221209691334 0.40157025847260563 
-0.14366202039550904 0.40201052712540536 
-0.14386434201297735 0.4015065553342037 
-0.14395838085976975 0.4014415067687519 
-0.14395838085976975 0.4014415067687519 
-0.14391893086339333 0.4015926227570456 
-0.14391893086339333 0.4015926227570456 
-0.1439678128590381 0.40221498558631447 
-0.14401994889180073 0.40117551030709814 
-0.14402077095640411 0.40112401807428316 
-0.14402077095640411 0.40112401807428316 
-0.144021014438739 0.40110730674756234 
-0.1440214021778884 0.4008330755548975 
-0.1440214021778884 0.4008330755548975 
-0.1440214021778884 0.4008330755548975 
-0.1440214021778884 0.4008330755548975 
-0.1440214021778884 0.4008330755548975 
-0.14402540898422514 0.4005159399030003 
-0.14394202635978862 0.40089604014703734 
-0.1437556078013337 0.40039750078801645 
-0.1437556078013337 0.40039750078801645 
-0.14380976308379148 0.4031677423606016 
-0.14381360456062778 0.4032329412913254 
-0.14381360456062778 0.4032329412913254 
-0.14381360456062778 0.4032329412913254 
-0.14381360456062778 0.4032329412913254 
-0.14381189001661482 0.403337200060286 
-0.14381336393083233 0.40481209748578634 
-0.14413332091591857 0.4157625357267447 
-0.144035424763378 0.4160057293983959 
-0.14401465419173007 0.41413734334639396 
-0.1442157983037828 0.41240020429956864 
-0.14402125806201152 0.4073664240661964 
-0.14395627382561452 0.40568493975386255 
-0.1440401089663815 0.408126144942367 
-0.1440779710519197 0.4080679123465962 
-0.14414900977077574 0.4105111489645934 
-0.14414900977077574 0.4105111489645934 
-0.14414732326545796 0.409083720265072 
-0.14414732326545796 0.409083720265072 
-0.14415993411730518 0.40736536953022356 
-0.14412830361841356 0.4069211882807569 
-0.14412830361841356 0.4069211882807569 
-0.14397447911038372 0.42389202274662774 
-0.14376092479836047 0.403007196127142 
-0.14376092479836047 0.403007196127142 
-0.14372434983439206 0.4082624881035447 
-0.1438273422638384 0.4074686466014806 
-0.1437348654424692 0.4072019688652069 
-0.14364626441464615 0.4084094515172246 
-0.14381411096009375 0.40779816557926885 
-0.14381411096009375 0.40779816557926885 
-0.1439131395142317 0.4111794891581659 
-0.1439131395142317 0.4111794891581659 
-0.1439246997662535 0.40240280222108643 
-0.14403053934977628 0.4024715336627089 
-0.14375598865051725 0.40113895180801046 
-0.14375598865051725 0.40113895180801046 
-0.14375598865051725 0.40113895180801046 
-0.14375598865051725 0.40113895180801046 
-0.14375598865051725 0.40113895180801046 
-0.14375598865051725 0.40113895180801046 
-0.14345861247952602 0.4003931486740037 
-0.14401353524538782 0.40230267101908984 
