-0.13398872661931335 1.6499912756356825 
-0.13397459579907203 1.6499856732506257 
-0.13397459579907203 1.6499856732506257 
-0.13397900780807856 1.6499771413133828 
-0.13397529875173533 1.649985166018152 
-0.13417058097681664 1.6498717186381748 
-0.1341828327860007 1.6497469802206661 
-0.1341828327860007 1.6497469802206661 
-0.13417680416626437 1.649724969987373 
-0.13432695786742177 1.6495074480944074 
-0.13432695786742177 1.6495074480944074 
-0.13444092305870683 1.649564996159068 
-0.13435857993893247 1.649642717269038 
-0.1343175265101317 1.649341625708643 
-0.1343175265101317 1.649341625708643 
-0.13430496551337381 1.649434492305668 
-0.1342985427175674 1.6494532945916132 
-0.1342985427175674 1.6494532945916132 
-0.1342985427175674 1.6494532945916132 
-0.1342985427175674 1.6494532945916132 
-0.1351913296612548 1.649484098849813 
-0.1351913296612548 1.649484098849813 
-0.1354528554713572 1.6501883474726171 
-0.1354528554713572 1.6501883474726171 
-0.1355958030672443 1.650399677957481 
-0.13592243785158203 1.64973939576857 
-0.136054405984667 1.64989596448516 
-0.13588858003587206 1.6504292282887232 
-0.13589911689248957 1.650940806579992 
-0.13628441889194773 1.6519452311877019 
-0.13642505991480855 1.6545784355270088 
-0.13648255891284464 1.6548335455329966 
-0.13648255891284464 1.6548335455329966 
-0.13648255891284464 1.6548335455329966 
-0.13648255891284464 1.6548335455329966 
-0.13670673437110012 1.655898341566011 
-0.13645116295619794 1.6533783319357511 
-0.13610661420654221 1.653044642012177 
-0.136079378633855 1.6564913522623832 
-0.13606303674505726 1.6568830357120536 
-0.13654073031793815 1.5496456962431644 
-0.13644114922891665 1.554359535087926 
-0.13644114922891665 1.554359535087926 
-0.13647034235905137 1.5580255060122665 
-0.13644669540966947 1.564952604779362 
-0.13600732769809298 1.526983797367662 
-0.13603414103556874 1.5393582876559007 
-0.1362604368978985 1.5653450657375205 
-0.1362604368978985 1.5653450657375205 
-0.1362604368978985 1.5653450657375205 
-0.13637372655751528 1.573407425805183 
-0.13677356582345074 1.549989322623889 
-0.13677356582345074 1.549989322623889 
-0.1365168657623202 1.5158034877835418 
-0.1365168657623202 1.5158034877835418 
-0.13653055106361528 1.5307817207822652 
-0.13658698908555555 1.5249511700674114 
-0.13658698908555555 1.5249511700674114 
-0.13692229060529112 1.5114032503448964 
-0.13978048958426464 1.2076185513120241 
-0.13978048958426464 1.2076185513120241 
-0.13978048958426464 1.2076185513120241 
-0.13978048958426464 1.2076185513120241 
-0.14043168403937883 1.1384061161337753 
-0.14043168403937883 1.1384061161337753 
-0.1405470675709175 1.1299543155918033 
-0.1405470675709175 1.1299543155918033 
-0.1405677762629936 1.117900514335469 
-0.14041465424394997 1.113799629764436 
-0.14041465424394997 1.113799629764436 
-0.14041465424394997 1.113799629764436 
-0.14079323440414324 1.0468161381874854 
-0.14086962406836934 1.0411148765426415 
-0.1408839385668403 1.0313913876878729 
-0.14089958546735806 1.0000607112420905 
-0.14082390525809985 1.0118240284854827 
-0.14082390525809985 1.0118240284854827 
-0.14082390525809985 1.0118240284854827 
-0.14082390525809985 1.0118240284854827 
-0.14088858538897828 0.9943455378051094 
-0.14088858538897828 0.9943455378051094 
-0.1416140798514438 0.8805943898072033 
-0.14189340433424358 0.8258559161702957 
-0.14189340433424358 0.8258559161702957 
-0.14189340433424358 0.8258559161702957 
-0.14189340433424358 0.8258559161702957 
-0.14182176889579592 0.814712991751432 
-0.1421023619570673 0.6874471415782766 
-0.1421023619570673 0.6874471415782766 
-0.1421023619570673 0.6874471415782766 
-0.1421023619570673 0.6874471415782766 
-0.1420936240578947 0.6890813885367356 
-0.1420936240578947 0.6890813885367356 
-0.1420936240578947 0.6890813885367356 
-0.1420936240578947 0.6890813885367356 
-0.14196331680993537 0.7068850988154495 
-0.14232336306674917 0.6441069830973085 
-0.14232336306674917 0.6441069830973085 
-0.14232336306674917 0.6441069830973085 
-0.14284068316487783 0.5674100699698238 
-0.14284068316487783 0.5674100699698238 
-0.14313911557832812 0.503186520494606 
-0.14313911557832812 0.503186520494606 
-0.14339594131238145 0.501212374066971 
-0.1436320540770888 0.48533601135409077 
-0.1436320540770888 0.48533601135409077 
-0.14357710715459224 0.5023782320898683 
-0.1436042101151824 0.49397203541889617 
-0.1436042101151824 0.49397203541889617 
-0.14359589904762818 0.4952862332858489 
-0.14385065800135718 0.472889432772472 
-0.14385065800135718 0.472889432772472 
-0.14385065800135718 0.472889432772472 
-0.14385065800135718 0.472889432772472 
-0.1438254259638069 0.4715468715613797 
-0.1438254259638069 0.4715468715613797 
-0.14384789306540122 0.47035561754053434 
-0.14404000010800458 0.4567212671318253 
-0.14442121989157417 0.4296650799068132 
-0.14442544457301557 0.422802274545801 
-0.14442544457301557 0.422802274545801 
-0.14439441797215988 0.4213673782332923 
-0.14439441797215988 0.4213673782332923 
-0.14456645215772673 0.4268900556342299 
-0.1444835262007874 0.42482433939848674 
-0.14452604853914056 0.42672049412239765 
-0.1445298000141409 0.4282693977607954 
-0.14443464471136047 0.4312124053764877 
-0.14445053411517922 0.43587775559490005 
-0.14428218275301072 0.4222056762121346 
-0.14416840974085815 0.4148279847444106 
-0.14416840974085815 0.4148279847444106 
-0.14421599352411574 0.4120986068930061 
-0.1441923294686863 0.41331315108135624 
-0.14413700794618756 0.41038672933815823 
-0.1441911865446921 0.4175490820442114 
-0.1441911865446921 0.4175490820442114 
-0.14412254812031647 0.42686285000380575 
-0.14416888540527 0.4278201985357918 
-0.14386199834899524 0.4356100373300559 
-0.1440714029150365 0.4342298632451241 
-0.1438705671777842 0.42396918071409934 
-0.14366530024968865 0.42695065142332406 
-0.14377928061172002 0.42157987625198173 
-0.14355467462005558 0.4180975302852894 
-0.14355467462005558 0.4180975302852894 
-0.14380552596189716 0.4129188315776517 
-0.14380552596189716 0.4129188315776517 
-0.14374257865083503 0.41629527115669096 
-0.14370402696889625 0.41593372330914585 
-0.1437631011942271 0.41155374917676113 
-0.14369204716381911 0.41015446166840464 
-0.14368633589351434 0.40972740298107374 
-0.14368633589351434 0.40972740298107374 
-0.1436610898366844 0.4079460513249997 
-0.1439241431937485 0.4054420889261539 
-0.14392425839516576 0.40500347935231024 
-0.14392425839516576 0.40500347935231024 
-0.14381158088418963 0.405766844543822 
-0.14381599901557407 0.4069349334527744 
-0.14381599901557407 0.4069349334527744 
-0.14381599901557407 0.4069349334527744 
-0.1438001201099755 0.4068698134961639 
-0.143891677414092 0.4003071750873325 
-0.143891677414092 0.4003071750873325 
-0.1439436099833637 0.40292028019279685 
-0.14392657566339329 0.40193119410436684 
-0.14392657566339329 0.40193119410436684 
-0.14392657566339329 0.40193119410436684 
-0.14392657566339329 0.40193119410436684 
-0.14392613590989156 0.40194152421308094 
-0.14385618252647875 0.4004540764279937 
-0.14385618252647875 0.4004540764279937 
-0.14385618252647875 0.4004540764279937 
-0.14386071457322613 0.4007826195382701 
-0.14386071457322613 0.4007826195382701 
-0.14386071457322613 0.4007826195382701 
-0.14396425113440878 0.40075696270099814 
-0.14396425113440878 0.40075696270099814 
-0.14396425113440878 0.40075696270099814 
-0.14398938691692806 0.40197516575211917 
-0.14398938691692806 0.40197516575211917 
-0.14416967172629355 0.4021553552845957 
-0.14416878206951977 0.4021303681947974 
-0.14417940642856092 0.40120641006200636 
-0.1438698753936119 0.4000997082453817 
-0.1438698753936119 0.4000997082453817 
-0.14385964063923617 0.40351542375490673 
-0.14351203174751218 0.4027148653430172 
-0.14366823755015387 0.40381779994063827 
-0.14366823755015387 0.40381779994063827 
-0.14366823755015387 0.40381779994063827 
-0.14369536504605526 0.4046828698272993 
-0.14369536504605526 0.4046828698272993 
-0.14369536504605526 0.4046828698272993 
-0.1436830508668194 0.41369552718966507 
-0.1438913518223057 0.4116131210442067 
-0.1437276885063461 0.4105841426480762 
-0.1435682249775849 0.40777242311878453 
-0.1435682249775849 0.40777242311878453 
-0.1435682249775849 0.40777242311878453 
-0.1439045008093522 0.41017927061868614 
-0.1439045008093522 0.41017927061868614 
-0.1439045008093522 0.41017927061868614 
-0.14395725308479412 0.4097848883302805 
-0.1438183550346403 0.4114599120853471 
-0.1436942965332538 0.4142263691412089 
-0.1436942965332538 0.4142263691412089 
-0.14391403461832922 0.4097622805224684 
-0.14391403461832922 0.4097622805224684 
-0.143895565456747 0.40955355482715916 
-0.14393735817508913 0.4215758207101318 
-0.14427097184275692 0.41409640900975175 
-0.14427097184275692 0.41409640900975175 
-0.1442671869585729 0.4129258311935202 
-0.14391887626947766 0.4140374273701533 
-0.14385676867071037 0.4158391294206694 
-0.1438742814592364 0.4154630478521176 
-0.14387567499945303 0.4154496930092659 
-0.14387567499945303 0.4154496930092659 
-0.14394603464810157 0.42038309426645354 
-0.1439370752368913 0.4217406715495547 
-0.1439370752368913 0.4217406715495547 
-0.14367693742157162 0.42479410384634697 
-0.14375171701010656 0.42184286709556323 
-0.1437053149923493 0.4075126525415565 
-0.1437978373953816 0.40704463208493197 
-0.1437978373953816 0.40704463208493197 
-0.1437544837010664 0.4006428635313519 
-0.1437544837010664 0.4006428635313519 
-0.1437544837010664 0.4006428635313519 
-0.14400887605445964 0.4048591802176437 
-0.1437775113337614 0.4053211758464014 
-0.1437775113337614 0.4053211758464014 
-0.1437775113337614 0.4053211758464014 
-0.14424645552556484 0.412156594442995 
-0.14424645552556484 0.412156594442995 
-0.14444434046406174 0.41542823138215684 
-0.1444675667894323 0.4148738466528399 
-0.14447917415459355 0.41508014069515675 
-0.14454691006134446 0.41444667102469024 
-0.14450324542753482 0.4166198016654633 
-0.14451062055826688 0.4165243143254694 
-0.1445058695529948 0.4167733630436678 
-0.1445058695529948 0.4167733630436678 
-0.14440937661961964 0.41213814140789407 
-0.14440937661961964 0.41213814140789407 
-0.1440615272250688 0.4116645386594142 
-0.1440615272250688 0.4116645386594142 
-0.14385200931187359 0.40211558324530194 
-0.14385200931187359 0.40211558324530194 
-0.14385940036617784 0.401179673594663 
-0.14385926006482103 0.40117905900093476 
-0.14385926006482103 0.40117905900093476 
-0.14385938065906442 0.400767248626549 
-0.14385938065906442 0.400767248626549 
-0.14385938065906442 0.400767248626549 
-0.14393867022093193 0.40245959639719975 
-0.14393867022093193 0.40245959639719975 
-0.14380998224633054 0.40142815715447644 
-0.14380998224633054 0.40142815715447644 
-0.14380998224633054 0.40142815715447644 
-0.14380998224633054 0.40142815715447644 
-0.14380998224633054 0.40142815715447644 
-0.14380998224633054 0.40142815715447644 
-0.14358319878465778 0.40009063198633754 
-0.14358319878465778 0.40009063198633754 
-0.14358319878465778 0.40009063198633754 
-0.14358319878465778 0.40009063198633754 
-0.14358319878465778 0.40009063198633754 
-0.1436995943605925 0.40314102560212606 
-0.1436995943605925 0.40314102560212606 
-0.14402092827675456 0.403058277793817 
-0.14402158079389188 0.4029896993677558 
-0.14402158079389188 0.4029896993677558 
-0.1440191027471002 0.4011107606095725 
-0.1440191027471002 0.4011107606095725 
-0.14403157125005048 0.40123663402959747 
-0.14403157125005048 0.40123663402959747 
-0.14403157125005048 0.40123663402959747 
-0.1440928072354716 0.4013327510466325 
-0.14429036562883393 0.40239964072423573 
-0.1442672567701932 0.40199122676388627 
-0.14426275365888402 0.4041125976402415 
-0.1443262188803455 0.4040461112333999 
-0.14429696911398984 0.4016677232175049 
-0.14429696911398984 0.4016677232175049 
-0.14400789532069197 0.40086721398126945 
-0.14400789532069197 0.40086721398126945 
-0.14399924226038394 0.4025082439182667 
-0.14399924226038394 0.4025082439182667 
-0.14399924226038394 0.4025082439182667 
-0.14399924226038394 0.4025082439182667 
-0.14399924226038394 0.4025082439182667 
-0.14399924226038394 0.4025082439182667 
-0.14394246780687286 0.4011356413109047 
-0.14394316474701657 0.4013199342737366 
-0.14394316474701657 0.4013199342737366 
-0.14394316474701657 0.4013199342737366 
-0.14394316474701657 0.4013199342737366 
