0.07639976472201938 0.1335140576937864 
0.07639976472201938 0.1335140576937864 
0.07639976472201938 0.1335140576937864 
0.07639976472201938 0.1335140576937864 
0.07639976472201938 0.1335140576937864 
0.07639976472201938 0.1335140576937864 
0.07639976472201938 0.1335140576937864 
0.07486859641174834 0.15434055402369767 
0.07486859641174834 0.15434055402369767 
0.08635182921181415 0.15908981869418898 
0.08730118229047037 0.15925010333059747 
0.08730118229047037 0.15925010333059747 
0.109592035152702 0.16720130474409414 
0.09167517738750566 0.17460355796974927 
0.08936576840042008 0.17665764964928635 
0.07433745848248453 0.17865149410799297 
0.0745037189530241 0.178622613170271 
0.0745037189530241 0.178622613170271 
0.0745037189530241 0.178622613170271 
0.08821569824919956 0.17464838970351773 
0.08821569824919956 0.17464838970351773 
0.08821569824919956 0.17464838970351773 
0.06139673151017573 0.18339046617699378 
0.06073854014184389 0.1828799191842863 
0.06073854014184389 0.1828799191842863 
0.06843175646910095 0.18090039070888517 
0.09387390978278129 0.18250406306411746 
0.0653788813804585 0.1943824503580148 
0.0653788813804585 0.1943824503580148 
0.0653788813804585 0.1943824503580148 
0.0814260503670654 0.1894458657710674 
0.0806855399389106 0.18746115455222329 
0.08487148032346206 0.20463338826179345 
0.11260655049252455 0.19996945286047088 
0.11260655049252455 0.19996945286047088 
0.11260655049252455 0.19996945286047088 
0.12040740557486765 0.19183894381400912 
0.1463095037536774 0.19220478503602842 
0.1439578728889848 0.192685918119931 
0.1439578728889848 0.192685918119931 
0.1390925432335822 0.2083432799632279 
0.1426538317473226 0.21141187584643262 
0.14711047753317347 0.22255605211103857 
0.1368500423169105 0.21214502545574737 
0.15033532707175434 0.21787918264080697 
0.15033532707175434 0.21787918264080697 
0.15033532707175434 0.21787918264080697 
0.15033532707175434 0.21787918264080697 
0.15033532707175434 0.21787918264080697 
0.15033532707175434 0.21787918264080697 
0.1528754840946772 0.21907717349407047 
0.1506219399686817 0.2027182326127834 
0.15841827018839807 0.21111158802526347 
0.1409276187064014 0.19435592568370158 
0.1409276187064014 0.19435592568370158 
0.15602631867471756 0.19977253875546308 
0.14658269028543852 0.19707431463064573 
0.14391600326726936 0.19785242902626624 
0.14858732959824916 0.2010934470159832 
0.15128373041513404 0.19877863156931141 
0.16688730264354681 0.20171545639252703 
0.16688730264354681 0.20171545639252703 
0.15858566657021386 0.1976747249707354 
0.15858566657021386 0.1976747249707354 
0.1579045193662984 0.19909069883586467 
0.13275225799789922 0.1859631621453906 
0.1747711029275154 0.18125785961008953 
0.1747711029275154 0.18125785961008953 
0.1747711029275154 0.18125785961008953 
0.1747711029275154 0.18125785961008953 
0.17520834891611353 0.1813111417119747 
0.18003253219931395 0.1771221783697514 
0.18003253219931395 0.1771221783697514 
0.18003253219931395 0.1771221783697514 
0.18003253219931395 0.1771221783697514 
0.18003253219931395 0.1771221783697514 
0.18003253219931395 0.1771221783697514 
0.18113686250389058 0.17698893009711375 
0.14447915445505577 0.17560693944832595 
0.14447915445505577 0.17560693944832595 
0.12416245881745154 0.17774830919954845 
0.13180848328159478 0.17443782822537482 
0.11901739118963946 0.1657067879447672 
0.11901739118963946 0.1657067879447672 
0.12280568638235924 0.16675018915271575 
0.11141915390519594 0.16869299034797855 
0.08150572778795996 0.16639187067748074 
0.08112638608732468 0.16762644447329805 
0.08112638608732468 0.16762644447329805 
0.08112638608732468 0.16762644447329805 
0.08112638608732468 0.16762644447329805 
0.07579188647594344 0.16619669879087856 
0.07579188647594344 0.16619669879087856 
0.07354273400675577 0.17139901369349575 
0.07354273400675577 0.17139901369349575 
0.0761273275506116 0.17074702424682395 
0.07368961889351947 0.17620463880750747 
0.07368961889351947 0.17620463880750747 
0.07368961889351947 0.17620463880750747 
0.09897092516069919 0.18222224343807852 
0.09897092516069919 0.18222224343807852 
0.10290416562371069 0.18385757476615222 
0.10202578264628345 0.18323240232039564 
0.10202578264628345 0.18323240232039564 
0.10160594975104441 0.17880121181342018 
0.10101553205249157 0.18058189545564676 
0.09460905795932437 0.1758548042744449 
0.09829517207712139 0.17625308894403216 
0.08381994370401277 0.17314113262496786 
0.0664609028039197 0.17558253758064588 
0.0664609028039197 0.17558253758064588 
0.0664609028039197 0.17558253758064588 
0.0664609028039197 0.17558253758064588 
0.0664609028039197 0.17558253758064588 
0.0664609028039197 0.17558253758064588 
0.0664609028039197 0.17558253758064588 
0.06681813041818445 0.17713244542694184 
0.07513268866123829 0.17502410239409077 
0.07513268866123829 0.17502410239409077 
0.07169339464968491 0.1759790506200035 
0.07169339464968491 0.1759790506200035 
0.07169339464968491 0.1759790506200035 
0.07742504161699676 0.17869176754929605 
0.06142786310181028 0.18210637813346914 
0.06142786310181028 0.18210637813346914 
0.06142786310181028 0.18210637813346914 
0.06142786310181028 0.18210637813346914 
0.06999034481377288 0.1819085767795218 
0.06999034481377288 0.1819085767795218 
0.06999034481377288 0.1819085767795218 
0.06999034481377288 0.1819085767795218 
0.0666539377541572 0.16804416220399065 
0.0666539377541572 0.16804416220399065 
0.06820758181936391 0.16666137508101586 
0.06820758181936391 0.16666137508101586 
0.06820758181936391 0.16666137508101586 
0.06820758181936391 0.16666137508101586 
0.06820758181936391 0.16666137508101586 
0.06820758181936391 0.16666137508101586 
0.06427015194786646 0.16694798003727043 
0.06427015194786646 0.16694798003727043 
0.08798284578652188 0.1735743759835044 
0.08226466112950165 0.1657282586228329 
0.10711365082542412 0.17047397844602888 
0.11430171513182633 0.1766527508571225 
0.12147300045544601 0.1768804181095868 
0.1394928777285269 0.1718309993733376 
0.1353913194123308 0.17086209335948402 
0.13530635734947388 0.17084092491668948 
0.14261314032206215 0.16787666269839666 
0.14078638726731335 0.1681632775825956 
0.14078638726731335 0.1681632775825956 
0.1334676639250614 0.16847686567205342 
0.1547739990742776 0.16756715647471745 
0.1581983454272911 0.16749356704696805 
0.1739204173926232 0.17394103750670015 
0.17935082653815976 0.17184047384890785 
0.17935082653815976 0.17184047384890785 
0.17935082653815976 0.17184047384890785 
0.17807108987499873 0.17188036470918755 
0.17807108987499873 0.17188036470918755 
0.16616535954947165 0.17317149481997998 
0.1740850511584481 0.17536004034034858 
0.17987810021223255 0.17431701853289083 
0.18024677497198205 0.17436949000228458 
0.18018344025693658 0.1743492431416277 
0.18018344025693658 0.1743492431416277 
0.18018344025693658 0.1743492431416277 
0.18018344025693658 0.1743492431416277 
0.16007277623542027 0.17325836296250013 
0.16007277623542027 0.17325836296250013 
0.15924039417345268 0.17326587060800852 
0.16074764070167602 0.17168746342783667 
0.16074764070167602 0.17168746342783667 
0.16575514478643197 0.1718163775579519 
0.1672425125622643 0.17129042359866345 
0.14824915680351103 0.17351628272506983 
0.14886787879952174 0.17354705397669398 
0.12899023903195475 0.1668099977141305 
0.12914260415239695 0.16683718380623785 
0.1327236918288549 0.16742639031695966 
0.12999370692624404 0.1657235959819891 
0.11877131051657064 0.16858833320597194 
0.10665664124527799 0.16812196405821586 
0.10779953907959054 0.16656723502671336 
0.11418223399604402 0.16707250349938904 
0.12290031306697281 0.17072677453758278 
0.12960757495907524 0.16981843255444934 
0.12723796267036436 0.16895943096089863 
0.12723796267036436 0.16895943096089863 
0.1289261323605689 0.16946237054028127 
0.12583178215641758 0.1723658084372475 
0.12346488736532939 0.17471373802288012 
0.13848010272635145 0.1748105314500127 
0.1341293107799538 0.17286554608984261 
0.12497425899388731 0.17006053574625538 
0.15254523960432262 0.1762431813613063 
0.15254523960432262 0.1762431813613063 
0.1612300723474151 0.17719633059881326 
0.16081600514852654 0.17718358418445534 
0.13911783633762378 0.17690280792121937 
0.10896915008501079 0.1791218503568074 
0.10896915008501079 0.1791218503568074 
0.11271545832135145 0.18069606590114823 
0.11182029041863223 0.18166399760095836 
0.11182029041863223 0.18166399760095836 
0.1218380562250673 0.1947047613519517 
0.1218380562250673 0.1947047613519517 
0.11576646860298431 0.19302996894694863 
0.11576646860298431 0.19302996894694863 
0.11576646860298431 0.19302996894694863 
0.11507915683273234 0.19201405183094666 
0.13726826809671294 0.18406002582616895 
0.1369252506857822 0.18197738017569107 
0.13773853762125227 0.18300616809846146 
0.13493984138981285 0.18286928554259424 
0.13611512821763538 0.1832062582885703 
0.13788197598675012 0.1832743212579494 
0.15528149861579454 0.1892290396630309 
0.143924547517852 0.1854916508497876 
0.1699565444752147 0.1857936294653345 
0.14607441946958716 0.17801339001288857 
0.14320478506370812 0.17783002761386657 
0.13920734050001063 0.18043591569006423 
0.12099361667314534 0.1837317277523407 
0.12099361667314534 0.1837317277523407 
0.12160976840969531 0.18937907982885085 
0.13366956010952816 0.19781556486047616 
0.13356296394126146 0.19817838517571634 
0.13356296394126146 0.19817838517571634 
0.11523248351641346 0.17960639320759697 
0.12764048734936959 0.18162839113554247 
0.12764048734936959 0.18162839113554247 
0.12764048734936959 0.18162839113554247 
0.12443020954256674 0.1783286736319728 
0.10582869009664306 0.1776803931030402 
0.1044858519985499 0.17619546934987462 
0.11653090926737471 0.18659241292224585 
0.11653090926737471 0.18659241292224585 
0.12450678636174575 0.1953386602044209 
0.17477863623310222 0.20642616769467545 
0.17477863623310222 0.20642616769467545 
0.17477863623310222 0.20642616769467545 
0.15762652413896389 0.20044801390237682 
0.15762652413896389 0.20044801390237682 
0.16012617457729122 0.19804582425437162 
0.18118542824843098 0.20079777228436982 
0.18118542824843098 0.20079777228436982 
0.18118542824843098 0.20079777228436982 
0.18118542824843098 0.20079777228436982 
0.17951426618571575 0.20008844110349858 
0.16645890099872399 0.18710718975071608 
0.16782440501127938 0.18693894729780258 
0.15657095375228358 0.18571177556452226 
0.13537567348223328 0.18552407044093291 
0.152364731790022 0.18369820364313677 
0.1498917615260194 0.18319537097347732 
0.15968354334529583 0.18357073057467554 
0.1611350674274258 0.18391205632242447 
0.16275734291863203 0.1750875078589801 
0.16275734291863203 0.1750875078589801 
0.14796533666086414 0.17501425293510114 
0.14796359842329468 0.17480504662348986 
0.14796359842329468 0.17480504662348986 
0.15758702491468904 0.17413989052211154 
0.15758702491468904 0.17413989052211154 
0.17672561832125683 0.17111794820412315 
0.17672561832125683 0.17111794820412315 
0.13481240650753995 0.17357733385769655 
0.15083114232396072 0.17339671682266394 
0.15083114232396072 0.17339671682266394 
0.15083114232396072 0.17339671682266394 
0.14982005310002092 0.172844100596042 
0.15005225755230991 0.1731325366103056 
0.15927939108669303 0.1741473556876158 
0.1220941887238533 0.1819270168816339 
0.1380871767799885 0.18322193635601364 
0.14479627729024588 0.18371654639438834 
0.14228414530852265 0.18440976863567196 
0.11249522304261611 0.17791492763177963 
0.11271844457380609 0.17771827155539624 
0.12294944515913625 0.18221836613840603 
0.12619759624309376 0.17906210219110846 
0.14614000995212878 0.1810501276858933 
0.14614000995212878 0.1810501276858933 
0.14614000995212878 0.1810501276858933 
0.14545525866693299 0.1736950197609938 
0.15420306258201785 0.17256686224256007 
0.15420306258201785 0.17256686224256007 
0.14922400324925933 0.17491204104270508 
0.14922400324925933 0.17491204104270508 
0.14922400324925933 0.17491204104270508 
0.14922400324925933 0.17491204104270508 
0.1435280021086288 0.17485827714809604 
0.14297049903741538 0.17495244942372834 
0.1493487643304171 0.17433341492774462 
0.1493487643304171 0.17433341492774462 
0.16758865961817368 0.17238483152955797 
0.16758865961817368 0.17238483152955797 
0.16881868945444628 0.17163007930390645 
0.16726242004860561 0.17188149406015396 
0.16320999636427383 0.17641025164212795 
0.17854282496381113 0.1794090227809492 
0.1733616629390904 0.1775196050900171 
0.17382613173518358 0.1775188977843738 
0.1773423934379577 0.1773129995666896 
0.1773423934379577 0.1773129995666896 
0.1773423934379577 0.1773129995666896 
0.1773423934379577 0.1773129995666896 
0.1773423934379577 0.1773129995666896 
0.1745920423495478 0.16581181859663902 
0.18127033099095927 0.16150232001711254 
0.18090275224701807 0.16060215055653146 
0.18090275224701807 0.16060215055653146 
0.18090275224701807 0.16060215055653146 
0.14863963531514832 0.16528700799168367 
0.14863963531514832 0.16528700799168367 
0.14863963531514832 0.16528700799168367 
0.13170955297915382 0.17461517282916375 
0.1326676428145907 0.17473664912876094 
0.12290008361455886 0.18075267648056312 
0.14078264890150627 0.17828882916710317 
0.14078264890150627 0.17828882916710317 
0.14042984998234684 0.17205492252386664 
0.12353596308527624 0.1776083626840466 
0.11488125941777205 0.1788557636814381 
0.12678616946100296 0.18131627139727027 
0.125780802934382 0.1826710498580962 
0.10883985831385126 0.18810791303152688 
0.14426211365581054 0.19084635359618787 
0.17828838114669612 0.21617845564959415 
0.17828838114669612 0.21617845564959415 
0.17828838114669612 0.21617845564959415 
0.17828838114669612 0.21617845564959415 
0.17828838114669612 0.21617845564959415 
0.16869757563615215 0.19738412393418328 
0.17446841339575572 0.19937910592576227 
0.15876256878424935 0.1911479820004121 
0.15876256878424935 0.1911479820004121 
0.15876256878424935 0.1911479820004121 
0.15876256878424935 0.1911479820004121 
0.15689813796588642 0.19081016380491977 
0.1551301660497562 0.18882688557677052 
0.17062399423687996 0.19097076258907664 
0.17334354426485596 0.19398482043248808 
0.17190082812446456 0.19358322714069023 
0.15538628655212464 0.1913524639788639 
0.15616932523248886 0.18157072109058991 
0.15730965698837937 0.17697598416494706 
0.15730965698837937 0.17697598416494706 
0.15730965698837937 0.17697598416494706 
0.15730959002355602 0.17698332065452665 
0.16076677203528644 0.17749939576609453 
0.16076677203528644 0.17749939576609453 
0.15677906992151294 0.17946378368152952 
0.16651764499052912 0.17919226463404297 
0.13853785657146916 0.18025685011362716 
0.13853785657146916 0.18025685011362716 
0.14416534471906822 0.1769405820608821 
0.13664480786099023 0.17404487084012643 
0.12042901651216556 0.17525699629719108 
0.10361680435692551 0.17459317401374644 
0.1056924749193216 0.17794679131668764 
0.10584194419480332 0.17609228152238274 
0.10584194419480332 0.17609228152238274 
0.10406195478518068 0.1776747005835755 
0.10406195478518068 0.1776747005835755 
0.12196628367735216 0.1626231638143186 
0.12196628367735216 0.1626231638143186 
0.12196628367735216 0.1626231638143186 
0.1104625149505484 0.15923593155422958 
0.1104625149505484 0.15923593155422958 
0.1104625149505484 0.15923593155422958 
0.1104625149505484 0.15923593155422958 
0.13390834374876567 0.1641632373939398 
0.11677566331485939 0.17564893555157254 
0.11725603904430223 0.17590318768374466 
0.14355708993623395 0.18120117639841082 
0.1397616118523509 0.17905032700444803 
0.133495206338867 0.17712347455592614 
0.12472836017380862 0.17698426010111154 
0.11869441809938475 0.1760478324423813 
0.1256948600681062 0.18407127392061107 
0.17554243182018894 0.18925235750254288 
0.17554243182018894 0.18925235750254288 
0.17554243182018894 0.18925235750254288 
0.17554243182018894 0.18925235750254288 
0.17554243182018894 0.18925235750254288 
0.1661823021680347 0.18632614351773957 
0.15581958307228616 0.18430962079425817 
0.15581958307228616 0.18430962079425817 
0.15581958307228616 0.18430962079425817 
0.16496803812716923 0.1852218014657975 
0.15682553659092247 0.1794541040950991 
0.1566040384294685 0.17936939764284623 
0.15364988309977304 0.1842131377456869 
0.17655627147142122 0.1880704357282275 
0.14149256143401037 0.18080705766719724 
0.14319784364395105 0.18103718315998293 
0.1424313702819653 0.1811192397538363 
0.10509213013389815 0.1861792709670217 
0.1020638985850248 0.18613588948557014 
0.1332004736269255 0.18204738390486902 
0.12817117221557706 0.18294849237817656 
0.12729091029789572 0.1829605322928298 
0.11516232293037122 0.1801517549601385 
0.06465667894215327 0.18763106836693022 
0.10027289228514831 0.18540003005834 
0.11865059981311853 0.18084526905979592 
0.12408704504377614 0.18591056936649358 
0.12643623680392244 0.18552202266384127 
0.13735665995083557 0.18662323567083883 
0.1391076215208639 0.18620816138664933 
0.1391076215208639 0.18620816138664933 
0.12454918741299537 0.18595260750608447 
0.11192923219066703 0.18260138399426223 
0.11192923219066703 0.18260138399426223 
0.12438223705392434 0.1879724750801121 
0.11299768978694089 0.17849729375016454 
0.09583629814346013 0.18510189839500746 
0.09037840081158585 0.18718180971050957 
0.09320834866277715 0.18399525967274402 
0.09320834866277715 0.18399525967274402 
0.09320834866277715 0.18399525967274402 
0.08512080197879773 0.18580008150922572 
0.08328036825131532 0.18654766355619554 
0.08328036825131532 0.18654766355619554 
0.0888844743342129 0.18396168144151845 
0.0888844743342129 0.18396168144151845 
0.0893486657390165 0.1837608120616699 
0.08482236949555771 0.17758265527832556 
0.08896755823036286 0.17841348709029917 
0.0960530323456511 0.17757534323664798 
0.09780612320665298 0.17835816211450187 
0.09632876748070325 0.17808920286039553 
0.09632876748070325 0.17808920286039553 
0.10316855790089773 0.17116189560874737 
0.10316855790089773 0.17116189560874737 
0.08525797820954634 0.17377434377561912 
0.09130826920493104 0.16981860602913268 
0.09792896290237624 0.16956449373484858 
0.10668984264967334 0.16983876900513964 
0.10663188583276118 0.16988076256684823 
0.10663188583276118 0.16988076256684823 
0.10964939855269484 0.1690183330290475 
0.11162432408443256 0.16976184086985624 
0.10200448648930868 0.1672554362497856 
0.09912489513977754 0.17638363285236272 
0.061288098554651727 0.16998559138423097 
0.061288098554651727 0.16998559138423097 
0.061288098554651727 0.16998559138423097 
0.08230068341144837 0.1724657663731277 
0.08207876963198694 0.17230918227737285 
0.06268351178966948 0.17707469377897256 
0.06268351178966948 0.17707469377897256 
0.1013123124290674 0.18181842006823845 
0.09650028738255642 0.16660438864041355 
0.10917926060791919 0.1702953568182489 
0.1061473613253165 0.17055370679678694 
0.10222191161850541 0.1696549183648821 
0.07568881566436625 0.17510717550254826 
0.07568881566436625 0.17510717550254826 
0.07568881566436625 0.17510717550254826 
0.11378699489078756 0.1701194994846902 
0.10519816144926541 0.16672839669644168 
0.10208144402393914 0.1679977992169785 
0.11354817443451733 0.17402289061506204 
0.09587514447150522 0.17509788579747368 
0.0901424233939898 0.1729671087890955 
0.07806493091158283 0.17065277421252353 
0.07806493091158283 0.17065277421252353 
0.07806493091158283 0.17065277421252353 
0.08071917201479749 0.1730559299486257 
0.08071917201479749 0.1730559299486257 
0.08071917201479749 0.1730559299486257 
0.08071917201479749 0.1730559299486257 
0.08071917201479749 0.1730559299486257 
0.08071917201479749 0.1730559299486257 
0.0829002635682212 0.17093252011854593 
0.0817561934691887 0.16981171922740038 
0.0817561934691887 0.16981171922740038 
0.0817561934691887 0.16981171922740038 
0.10628961513053903 0.17266617074261775 
0.10467703833099441 0.1730037827944508 
0.10900316783836442 0.17917463643331882 
0.10802299023779298 0.1782072891993205 
0.10022413601744512 0.17855652526471805 
0.07429804014601947 0.1822362676950961 
0.06474926942839436 0.18837306049021 
0.06474926942839436 0.18837306049021 
0.06474926942839436 0.18837306049021 
0.07622903212358631 0.18055493283781615 
0.06606779903038609 0.1839939309271022 
0.06606779903038609 0.1839939309271022 
0.06606779903038609 0.1839939309271022 
0.062403802671517544 0.19194204475723617 
0.07112945107882691 0.17859824926858428 
0.07112945107882691 0.17859824926858428 
0.07112945107882691 0.17859824926858428 
0.07112945107882691 0.17859824926858428 
0.07476443118023347 0.1785511675082561 
0.07525981009013621 0.18261167775955875 
0.0781827708162076 0.18708874946397658 
0.08159800464497566 0.18130823739918212 
0.08159800464497566 0.18130823739918212 
0.09423577764451509 0.1857877994916232 
0.11003349690566432 0.18499188119494142 
0.11311594922405971 0.18429778318797874 
0.10610638563329801 0.1817427705492986 
0.11040500648907156 0.18110512358591493 
0.11832314975861216 0.17996177455536058 
0.11844944020260224 0.17994730451909205 
0.1018489084519199 0.18644382422983777 
0.11411330868221724 0.18342276136302782 
0.10365224165979076 0.17664812778422243 
0.10365224165979076 0.17664812778422243 
0.09534645126572316 0.17364787348284402 
0.09877897268290384 0.16906663565941957 
0.10341455279534947 0.18264958539930198 
0.10206029579039824 0.1802771957390665 
0.10173774037037847 0.18085010131686657 
0.10173774037037847 0.18085010131686657 
0.10477177769865725 0.18191695119848644 
0.09971168210507715 0.17795826995392106 
0.09971168210507715 0.17795826995392106 
0.09942917296980569 0.1780119925226343 
0.09908861565798062 0.17807590947946175 
0.1016458319636713 0.1788348640265224 
0.1016458319636713 0.1788348640265224 
0.09746204814168143 0.18293464612032004 
0.09746204814168143 0.18293464612032004 
0.0767718141728498 0.18635573174020753 
0.0767718141728498 0.18635573174020753 
0.0768680001325339 0.187327828913259 
0.08483881264528273 0.19590077088013338 
0.08878709631683449 0.1862462963275027 
0.08420651190942129 0.192399455175071 
0.07880491399685029 0.19159793023502356 
0.07880491399685029 0.19159793023502356 
0.08385008701566535 0.18769547716637378 
0.07432195663424143 0.18902755711717237 
0.07432195663424143 0.18902755711717237 
0.07442198327285554 0.18900593710146063 
0.07442198327285554 0.18900593710146063 
0.07442198327285554 0.18900593710146063 
0.09034152556774763 0.1793639739482547 
0.08995364879931081 0.17901520344676553 
0.10035849053421982 0.1780083609983808 
0.08441710287037968 0.17560314175548636 
0.08364711878018732 0.17627275677696858 
0.07912191351580264 0.17997842936672218 
0.08058477023843486 0.178743340867523 
0.08501017245079096 0.17915317522884927 
0.08036668843165401 0.17705820207789216 
0.0807631739995244 0.17664403097344242 
0.0807631739995244 0.17664403097344242 
0.08046102789580394 0.17491995793912332 
0.08038000483020342 0.17492979188379046 
0.1016219280382637 0.17238084158774902 
0.10030593975755091 0.17284510968957822 
0.10030593975755091 0.17284510968957822 
0.10030593975755091 0.17284510968957822 
0.09603131991040377 0.1714140020244563 
0.09603131991040377 0.1714140020244563 
0.10038426383995107 0.1687441414296144 
0.07052831275512378 0.16645868507915584 
0.10347880114099746 0.17010836400726684 
0.11229968677316342 0.1722160884939489 
0.13003735294311053 0.1786396153809685 
0.12032792923612576 0.1752615881081181 
0.12445229355098823 0.1769248468854204 
0.16179927727616517 0.16633981606876258 
0.1450818896962385 0.16537785553717363 
0.1450818896962385 0.16537785553717363 
0.1710544143866476 0.1638411225380315 
0.15416683016658245 0.16723196562594847 
0.15416683016658245 0.16723196562594847 
0.1554657606840093 0.16521404622637828 
0.1554657606840093 0.16521404622637828 
0.17316276853751883 0.1628580458971967 
0.17316276853751883 0.1628580458971967 
0.17316276853751883 0.1628580458971967 
0.17316276853751883 0.1628580458971967 
0.17316276853751883 0.1628580458971967 
0.17316276853751883 0.1628580458971967 
0.17316276853751883 0.1628580458971967 
0.17316276853751883 0.1628580458971967 
0.17316276853751883 0.1628580458971967 
0.17316276853751883 0.1628580458971967 
0.169495173622058 0.16920120588244972 
0.169495173622058 0.16920120588244972 
0.17584843763943278 0.1702007129827843 
0.13692844133106974 0.17767644248348072 
0.13692844133106974 0.17767644248348072 
0.1372661371627442 0.17683358905520224 
0.1372661371627442 0.17683358905520224 
0.1372661371627442 0.17683358905520224 
0.15100350617162073 0.17967082730190503 
0.12720433834015246 0.17790959931881017 
0.11794078057967063 0.18502709890191862 
0.11794078057967063 0.18502709890191862 
0.11794078057967063 0.18502709890191862 
0.11794078057967063 0.18502709890191862 
0.11229952271664412 0.18376721680304178 
0.1172412457243121 0.17759670950236095 
0.10300547319018476 0.17911179444339653 
0.09778599036875277 0.18115811198408824 
0.10201292102843228 0.1813948366520475 
0.09672610186908709 0.18074068623246808 
0.09672610186908709 0.18074068623246808 
0.08568855765580329 0.1820064318700318 
0.0982077627590987 0.1762600350949664 
0.1068560712124912 0.17690816837668463 
0.11347935193294524 0.1795309931423838 
0.11812334752305853 0.1789080824288653 
0.13007366822078112 0.19230155994854886 
0.11752732342929614 0.18408991213052892 
0.12540150817500853 0.180710400977082 
0.16170491569596615 0.17955362056242685 
0.16170491569596615 0.17955362056242685 
0.16848588213059193 0.18029133436079753 
0.13312534562152895 0.17589500241972608 
0.17584130012267768 0.17607690126100922 
0.17584130012267768 0.17607690126100922 
0.17584130012267768 0.17607690126100922 
0.17584130012267768 0.17607690126100922 
0.17584130012267768 0.17607690126100922 
0.17584130012267768 0.17607690126100922 
0.17771157812132185 0.1781799838202499 
0.17771157812132185 0.1781799838202499 
0.17105501238609924 0.17619112323603264 
0.15872617382064075 0.1852289728077331 
0.15883631732427494 0.18423240163726384 
0.15883631732427494 0.18423240163726384 
0.14968730577687447 0.1816567351576872 
0.14968730577687447 0.1816567351576872 
0.1509705824056585 0.18344201976321087 
0.152701376145256 0.18171110273011942 
0.1500099870206544 0.18152205135371552 
0.14492301559826892 0.18002061527930915 
0.1482845907140463 0.16858270697912225 
0.16396329881376048 0.1643704796235231 
0.16396329881376048 0.1643704796235231 
0.16396329881376048 0.1643704796235231 
0.18068155076663994 0.1587159902797901 
0.12156172798736023 0.16490872193247771 
0.1196454957761643 0.16494831572535498 
0.08286421079823134 0.18217145128683102 
0.07551389151045915 0.18183999916906227 
0.07551389151045915 0.18183999916906227 
0.07543192571335058 0.18309494288213118 
0.07713692361507762 0.18191565380539315 
0.07261939392326959 0.17686470371141774 
0.07907428521624518 0.16468934194996177 
0.11021251346682075 0.172346225112133 
0.11239968117819449 0.17185583221975012 
0.1078243842141133 0.17100119665265237 
0.1073331551483867 0.1712060140573851 
0.1003135775094135 0.1683621424667853 
0.1165243013499096 0.16865573643598514 
0.1582866900042578 0.1733802736087916 
0.1621205477620584 0.17410400444217014 
0.15687518755101126 0.17402366563695423 
0.15687518755101126 0.17402366563695423 
0.14752332585256067 0.17532668085801334 
0.148951439789533 0.17433733856604075 
0.148951439789533 0.17433733856604075 
0.1565837842621989 0.16643401296311733 
0.1516156142569088 0.17374268288467903 
0.14727105762335452 0.17080654695064534 
0.13922703155963476 0.1702131172309406 
0.13922703155963476 0.1702131172309406 
0.13922703155963476 0.1702131172309406 
0.16924433051855992 0.16038860105385294 
0.14473039800677667 0.1655695523201954 
0.14473039800677667 0.1655695523201954 
0.15650044712712086 0.1574826228246099 
0.15650044712712086 0.1574826228246099 
0.15650044712712086 0.1574826228246099 
0.15650044712712086 0.1574826228246099 
0.14791086774774378 0.15873086785383128 
0.1196857339544136 0.16627808985608306 
0.11975005922460957 0.1649630427453258 
0.1093050550028195 0.16063219024360662 
0.12193483779140937 0.16996317118080764 
0.12193483779140937 0.16996317118080764 
0.11104729554975844 0.17019096847525517 
0.09426511850201677 0.16507787512700178 
0.09426511850201677 0.16507787512700178 
0.09426511850201677 0.16507787512700178 
0.12452679334155081 0.17552654350869762 
0.13323368306748326 0.17660140093652646 
0.1361157466339659 0.17989200495583574 
0.17521492425552349 0.17634036016650417 
0.17521492425552349 0.17634036016650417 
0.17815246325769513 0.1758742402542921 
0.17815246325769513 0.1758742402542921 
0.18014755021614387 0.17349431659736042 
0.18014755021614387 0.17349431659736042 
0.18014755021614387 0.17349431659736042 
0.18014755021614387 0.17349431659736042 
0.18056692821831238 0.170108138572761 
0.18056692821831238 0.170108138572761 
0.1753981854815968 0.1707550037416737 
0.17435616653739833 0.171123774757723 
0.17435616653739833 0.171123774757723 
0.17435616653739833 0.171123774757723 
0.17435616653739833 0.171123774757723 
0.16740689705038414 0.17184173599557304 
0.16740689705038414 0.17184173599557304 
0.16740689705038414 0.17184173599557304 
0.16940773841009876 0.17188052443592905 
0.16940773841009876 0.17188052443592905 
0.16940773841009876 0.17188052443592905 
0.16940773841009876 0.17188052443592905 
0.1741403200428074 0.17043845757228798 
0.1766747211557217 0.16987081830558687 
0.1766747211557217 0.16987081830558687 
0.18132599709805294 0.16939338902001647 
0.18132599709805294 0.16939338902001647 
0.18127647950043962 0.16934653309783723 
0.18127647950043962 0.16934653309783723 
0.18127647950043962 0.16934653309783723 
0.15696301160958515 0.17260066166308363 
0.15696301160958515 0.17260066166308363 
0.15816373541983092 0.17267099365682143 
0.15173092925992715 0.17239636297868008 
0.15424051237870057 0.17231012249451727 
0.15424051237870057 0.17231012249451727 
0.1526991077287313 0.1713502094600527 
0.15480509270445483 0.17306880258780868 
0.1567292314478888 0.174294732347553 
0.16846625721637998 0.18226633188835717 
0.16494909317828232 0.18026602917272289 
0.17831616757682056 0.1819004537748971 
0.17831616757682056 0.1819004537748971 
0.17831616757682056 0.1819004537748971 
0.17831616757682056 0.1819004537748971 
0.17831616757682056 0.1819004537748971 
0.17831616757682056 0.1819004537748971 
0.17831616757682056 0.1819004537748971 
0.17831616757682056 0.1819004537748971 
0.17796461815957415 0.18183460611083913 
0.17796461815957415 0.18183460611083913 
0.17796461815957415 0.18183460611083913 
0.17836359881447247 0.18181576111920572 
0.17836359881447247 0.18181576111920572 
0.17836359881447247 0.18181576111920572 
0.17836359881447247 0.18181576111920572 
0.16902894125056653 0.1817014342569206 
0.17304936526164724 0.18176639364767763 
0.17304936526164724 0.18176639364767763 
0.17304936526164724 0.18176639364767763 
0.17186929288713937 0.18175270543413805 
0.17130680622471994 0.1812561791252579 
0.17130680622471994 0.1812561791252579 
0.17177926096580023 0.18347086227236753 
0.17177926096580023 0.18347086227236753 
0.16623908320479752 0.17973840612513184 
0.16530529617058834 0.1792748606004261 
0.15168847105818736 0.17408699331035013 
0.15168847105818736 0.17408699331035013 
0.15168847105818736 0.17408699331035013 
0.1616706841346849 0.17428851243916393 
0.14899042586382288 0.1766329820992024 
0.13743263697857036 0.1757097900374091 
0.10723277830248575 0.1745789494061923 
0.09720338811821744 0.17016108086716092 
0.09963289583156887 0.17408255071731893 
0.10542845738033721 0.17275697474233853 
0.06429163693398972 0.17273540528749737 
0.07032475588134475 0.17259325644538892 
0.07032475588134475 0.17259325644538892 
0.06168304968783808 0.17349847190001447 
0.06168304968783808 0.17349847190001447 
0.09369418009464511 0.17635640483352946 
0.06557445217484004 0.18176862337088773 
0.06557445217484004 0.18176862337088773 
0.06557445217484004 0.18176862337088773 
0.06344340171330698 0.1815815014477355 
0.09734079365531736 0.1802475485437211 
0.12620992350593857 0.18074393966008112 
0.12620992350593857 0.18074393966008112 
0.11661972249084993 0.1868877418692372 
0.13238169585297335 0.17664572457555983 
0.12496164165235665 0.17953456117512945 
0.12607026437577623 0.17783501585784342 
0.1314228707614757 0.17556018472526114 
0.13315676652297792 0.17618373630789066 
0.13782663750385274 0.17569763619419418 
0.13171958648296422 0.17561724093366285 
0.13162964882112296 0.17554934276323944 
0.13638692651988962 0.17322503381279372 
0.13638692651988962 0.17322503381279372 
0.13949784480232172 0.17406260579381144 
0.14193580332881855 0.17309830997242234 
0.14652973134472153 0.17341683781749387 
0.1472767751155178 0.17339056420423007 
0.14713620023189972 0.17206674141264652 
0.13477897052946178 0.1781236028914413 
0.11678806793222506 0.176074387619897 
0.13960773549042624 0.17407256426172707 
0.12108263977097605 0.17548914305118557 
0.12112058824506053 0.17632351624526157 
0.11009295787250299 0.17473142653884832 
0.10966440034389305 0.17471782793842638 
0.10966440034389305 0.17471782793842638 
0.10840407048740994 0.17509526114601878 
0.1329184091323528 0.16888329944304703 
0.12375113310067143 0.17545900619455465 
0.11233471691240167 0.1752201377300148 
0.07956631612784174 0.17428585624275825 
0.06852671930746448 0.17422496476698165 
0.06852671930746448 0.17422496476698165 
0.06852671930746448 0.17422496476698165 
0.08066774141016021 0.17427362326156864 
0.0844446444598611 0.17489553570940844 
0.07977416417924697 0.17843185575229956 
0.10498792117117434 0.17486608025523293 
0.10467413792202677 0.1744854680643068 
0.11688063003542296 0.16916045049169132 
0.11319367914523944 0.1779508135617764 
0.1140325089250126 0.17657639936139735 
0.12283594143323782 0.17821799839684843 
0.12251200599485546 0.18213056711624984 
0.15502284484788048 0.1825898505734462 
0.1320650538865324 0.17871800663077386 
0.12073208353401511 0.169650356917499 
0.14048689856093863 0.16792187470146153 
0.14819612120964526 0.16721617980951606 
0.14819612120964526 0.16721617980951606 
0.15183135072894732 0.16651993583869173 
0.15183135072894732 0.16651993583869173 
0.13969480533158138 0.1717276430321936 
0.1399288982566127 0.17170843155282867 
0.14738837991845494 0.16881545493768554 
0.14738837991845494 0.16881545493768554 
0.147797623823552 0.16519334145192596 
0.147797623823552 0.16519334145192596 
0.15614382592876172 0.16346686269818328 
0.15126504686410464 0.1666025428809794 
0.15856237383983268 0.1658498133027135 
0.15856237383983268 0.1658498133027135 
0.1416231518448221 0.1681574569535989 
0.1416231518448221 0.1681574569535989 
0.1416231518448221 0.1681574569535989 
0.1416231518448221 0.1681574569535989 
0.1416231518448221 0.1681574569535989 
0.17865379056554498 0.16339757506208358 
0.17865379056554498 0.16339757506208358 
0.1377820038479977 0.16806001531958356 
0.1299244430614525 0.16726569230762625 
0.17533489205406538 0.16280225145638588 
0.17533489205406538 0.16280225145638588 
0.17533489205406538 0.16280225145638588 
0.17533489205406538 0.16280225145638588 
0.13896519952975558 0.16712972045367028 
0.13865839719345793 0.16387093960343183 
0.13041750833706095 0.15828592180206189 
0.13041750833706095 0.15828592180206189 
0.12974909142389782 0.15771275165356186 
0.12984459458308475 0.16586453918017938 
0.11013230164755197 0.17165164848307832 
0.11581836609279442 0.16941279952540544 
0.1195651031497746 0.17015869634442002 
0.09417769257524208 0.1817284249457238 
0.08910812649210273 0.18048001543466252 
0.08910812649210273 0.18048001543466252 
0.09413784681447387 0.1809910226230431 
0.061640019194637616 0.1901867414367645 
0.061640019194637616 0.1901867414367645 
0.06571699822203267 0.18762723928758088 
0.06571699822203267 0.18762723928758088 
0.1157958530578937 0.17743390851714166 
0.12750663464930065 0.1697208530027332 
0.14241730864741214 0.16201123715789553 
0.14241730864741214 0.16201123715789553 
0.14611866226762493 0.17295292235179435 
0.15411997675859743 0.17512610826991787 
0.15411997675859743 0.17512610826991787 
0.1690704169124072 0.17149100062760583 
0.16997374605458576 0.1715390349136831 
0.16997374605458576 0.1715390349136831 
0.16997374605458576 0.1715390349136831 
0.1772591781214709 0.1708109350663437 
0.1772591781214709 0.1708109350663437 
0.17471317393697186 0.18034467543218113 
0.17670647017790725 0.17458799732099115 
0.17670647017790725 0.17458799732099115 
0.17670647017790725 0.17458799732099115 
0.17596293747761205 0.17470519202275162 
0.17596293747761205 0.17470519202275162 
0.1726926442924297 0.17595817764978033 
0.1726926442924297 0.17595817764978033 
0.16601033121951742 0.17871440650263257 
0.14631272765509118 0.1786735565049292 
0.1571497691732734 0.181486691371593 
0.16762754613790912 0.1818440783481413 
0.16762754613790912 0.1818440783481413 
0.15512604359835014 0.18268388004806754 
0.13658535560165386 0.1791745783640156 
0.13517802412390997 0.17875103888709626 
0.13517802412390997 0.17875103888709626 
0.12666609711957566 0.18039396071789712 
0.12515168532924648 0.180995391182339 
0.1278605734416799 0.17805535737275643 
0.14119348201176124 0.17813281348615997 
0.12890663551709206 0.1788900277929962 
0.1203390616946858 0.18048207363891833 
0.12064629137303105 0.1698244019583603 
0.11319964915748991 0.16847992434225198 
0.09698446334882879 0.1665724653466856 
0.09663109605168557 0.16692661789886087 
0.08336137369438174 0.1614862438088745 
0.08336137369438174 0.1614862438088745 
0.1023877020718692 0.16227082588623104 
0.10900571884916013 0.1694842964118893 
0.10853509575988114 0.1697477174534951 
0.10166571370499478 0.16956430013829893 
0.08967045397304992 0.17268319323966003 
0.06325427777428343 0.17517605346416992 
0.06325427777428343 0.17517605346416992 
0.06325427777428343 0.17517605346416992 
0.06325427777428343 0.17517605346416992 
0.06692159146175264 0.1749596823771179 
0.06692159146175264 0.1749596823771179 
0.06656098884482517 0.17350083848541756 
0.06656098884482517 0.17350083848541756 
0.06656098884482517 0.17350083848541756 
0.06656098884482517 0.17350083848541756 
0.06656098884482517 0.17350083848541756 
0.06656098884482517 0.17350083848541756 
0.06656098884482517 0.17350083848541756 
0.06662003221087505 0.17345079058160923 
0.06320775905311075 0.17298120587237165 
0.06320775905311075 0.17298120587237165 
0.06320775905311075 0.17298120587237165 
0.07561175916222673 0.17230069202212908 
0.07326034023665305 0.1729674746562361 
0.07326034023665305 0.1729674746562361 
0.07326034023665305 0.1729674746562361 
0.07326034023665305 0.1729674746562361 
0.09654881315032236 0.17176259147857031 
0.09371977913554574 0.16968315943783693 
0.12448253208841492 0.16649568188562533 
0.159691611358075 0.16139864074138405 
0.17038766763379692 0.16208549052594912 
0.17038766763379692 0.16208549052594912 
0.17038766763379692 0.16208549052594912 
0.15899782961827133 0.17522958803450556 
0.13778800233371458 0.17791705115639303 
0.1356331521535112 0.17712977552198847 
0.1356331521535112 0.17712977552198847 
0.13354450029402853 0.17511341300976982 
0.11237677577999491 0.17217310884554546 
0.10409867272939632 0.17264133688793454 
0.10835886174396772 0.1746196016256116 
0.10835886174396772 0.1746196016256116 
0.09785063935352864 0.1726994873507652 
0.09558710138838429 0.17356939936368673 
0.09558710138838429 0.17356939936368673 
0.09793577385441529 0.17386285240350496 
0.09793577385441529 0.17386285240350496 
0.10002103329936037 0.1720427133988705 
0.1003173821866181 0.17258828671055948 
0.0951218934538431 0.17459109237201292 
0.08785852764815866 0.17525887764165807 
0.06830540968647268 0.1740548260757244 
0.09537139877977419 0.17416704335477162 
0.09990475193235371 0.17380621185128844 
0.10123916875429069 0.17193761362775473 
0.10123916875429069 0.17193761362775473 
0.10480325593315622 0.17284862218776134 
0.08859983532750668 0.17266773047063347 
0.08397848091477728 0.1739984348044096 
0.06289428472465919 0.1552271110250797 
0.06460615232751413 0.15734229664086416 
0.06449785724239507 0.15732395103932695 
0.07494492096921562 0.1611477196074279 
0.07015512023609635 0.15746293547653964 
0.07015512023609635 0.15746293547653964 
0.08217874931300402 0.15924645992037165 
0.07692276918136397 0.1588409306510409 
0.08576313911549334 0.1618990374158671 
0.08576313911549334 0.1618990374158671 
0.09412344749082474 0.16380389642823573 
0.09412344749082474 0.16380389642823573 
0.09412344749082474 0.16380389642823573 
0.0988794174428638 0.17896309287327666 
0.09886864880944538 0.17895536237304144 
0.09429026291624013 0.17899296466510536 
0.08318994553025633 0.18041835369884476 
0.07171283040647206 0.17782173287801847 
0.07171283040647206 0.17782173287801847 
0.07171283040647206 0.17782173287801847 
0.07171283040647206 0.17782173287801847 
0.07452316578972162 0.1793715181789264 
0.06504215363491113 0.18260572989316629 
0.06504215363491113 0.18260572989316629 
0.06504215363491113 0.18260572989316629 
0.09509864969328252 0.1819246626926263 
0.09336755894136371 0.18250083258930172 
0.06968999547784277 0.18798060002997574 
0.10434015293997437 0.18891442985579163 
0.10434015293997437 0.18891442985579163 
0.10000037084836197 0.1920755194017404 
0.10017484763838079 0.19289020823837272 
0.07124168877879944 0.1926237210536799 
0.07124168877879944 0.1926237210536799 
0.07124168877879944 0.1926237210536799 
0.07124168877879944 0.1926237210536799 
0.08705287860678113 0.19073112140029277 
0.06186696246102627 0.18268123142729067 
0.06186696246102627 0.18268123142729067 
0.07015960615773478 0.1802608905345677 
0.06770879451033757 0.1840157960288396 
0.06770879451033757 0.1840157960288396 
0.06445924664667183 0.18916796742805 
0.06445924664667183 0.18916796742805 
0.10872157583102775 0.18344616964798685 
0.08724952325847644 0.18556667025446308 
0.08377375265232409 0.1856424459668406 
0.08269673219627885 0.18542776463483573 
0.0790775856762796 0.1832407128334972 
0.09266161026041417 0.18249309897896296 
0.09443748437031485 0.18531600889565922 
0.09421547461930505 0.18513048485361006 
0.08856093054442325 0.18758644288781828 
0.08856093054442325 0.18758644288781828 
0.08856093054442325 0.18758644288781828 
0.08856093054442325 0.18758644288781828 
0.10101602094443725 0.1859611074905249 
0.10101602094443725 0.1859611074905249 
0.09767387336866595 0.1871923682246257 
0.09824696814511555 0.1892128522783033 
0.09824696814511555 0.1892128522783033 
0.08201255118386191 0.1912124983180855 
0.08201255118386191 0.1912124983180855 
0.08043995649130117 0.19223875214115754 
0.08043995649130117 0.19223875214115754 
0.11070037885098177 0.1871210032965523 
0.07130725800363083 0.18757780607938826 
0.08538996967295719 0.18131066856046366 
0.08698695502973469 0.18085216100611975 
0.08698695502973469 0.18085216100611975 
0.08564397766582627 0.1811731604313533 
0.08557942932346921 0.18119916983189638 
0.10247080093942662 0.17255837053988604 
0.07099536109933177 0.17886621171939537 
0.0674500078886518 0.1790988337931195 
0.0674500078886518 0.1790988337931195 
0.07931447045696054 0.18202733012211333 
0.07931447045696054 0.18202733012211333 
0.09014172701423714 0.19349678730594255 
0.09014172701423714 0.19349678730594255 
0.10958860652161603 0.17997477005244206 
0.13523434665200348 0.18131479669323258 
0.13523434665200348 0.18131479669323258 
0.15326780574078663 0.18573835047664017 
0.11993522246427923 0.17468084490309072 
0.10186478250157613 0.17147192930531469 
0.10186478250157613 0.17147192930531469 
0.09039015527226918 0.16722744464997652 
0.07111255916311576 0.16299598373424434 
0.0706677180753731 0.16158694022131254 
0.0706677180753731 0.16158694022131254 
0.0706677180753731 0.16158694022131254 
0.0706677180753731 0.16158694022131254 
0.0706677180753731 0.16158694022131254 
0.08211295576082026 0.16061332059129038 
0.09388498066995157 0.16272235086855744 
0.09388498066995157 0.16272235086855744 
0.09332175156716369 0.16253548306237148 
0.09482711406655592 0.1625169978296099 
0.09883876321732256 0.1635654749675465 
0.09114134897989132 0.1617315122240852 
0.10824960119422111 0.16731229231533323 
0.10824960119422111 0.16731229231533323 
0.10824960119422111 0.16731229231533323 
0.11042708732595316 0.1611554495836887 
0.11042708732595316 0.1611554495836887 
0.11042708732595316 0.1611554495836887 
0.11042708732595316 0.1611554495836887 
0.11974785114556663 0.16551393458051344 
0.11913366549976138 0.16504923534856042 
0.11516065243290968 0.16935472617526312 
0.11516065243290968 0.16935472617526312 
0.11516065243290968 0.16935472617526312 
0.09552944610460065 0.16407129336663667 
0.09552944610460065 0.16407129336663667 
0.09636421759596023 0.1692520498486847 
0.09578607816001652 0.1620579385074896 
0.08324196623681922 0.1694444774536401 
0.10613013903437112 0.17103740877189172 
0.10816960886755977 0.17092237898948445 
0.10816960886755977 0.17092237898948445 
0.11523776045825776 0.16865817059789096 
0.13691269390821229 0.17244354659725816 
0.13374420175784332 0.17578369702847552 
0.15641677547669716 0.1753189220667838 
0.15641677547669716 0.1753189220667838 
0.15618735423097205 0.17452714998499658 
0.14486798277297191 0.16948727617565074 
0.13917505091604446 0.17092147261090437 
0.13917505091604446 0.17092147261090437 
0.14389551663522612 0.17057807450723914 
0.1379566190677889 0.16835939232131428 
0.13882347379172955 0.16834012901680406 
0.13842194253151235 0.16853935471725542 
0.13583734815882045 0.16730715299939938 
0.13107171066348972 0.16712998127143588 
0.13107171066348972 0.16712998127143588 
0.1337440481484355 0.16406830739412415 
0.1337440481484355 0.16406830739412415 
0.12226780939522532 0.1717606638843101 
0.12320765018072243 0.17296920649663053 
0.13090182018650554 0.1729990513525334 
0.13090182018650554 0.1729990513525334 
0.13090182018650554 0.1729990513525334 
0.13473933620824963 0.17265779952822455 
0.14267401554721995 0.17333638325857997 
0.14531697354400133 0.17339343520724704 
0.15696301941916907 0.16904419273511434 
0.1579549036648157 0.16694668270897098 
0.1579549036648157 0.16694668270897098 
0.16847200455933545 0.16359437111639327 
0.17140204099332576 0.16491360943039426 
0.17140204099332576 0.16491360943039426 
0.15143428725412902 0.168228287320544 
0.15143428725412902 0.168228287320544 
0.150737656938982 0.16768420491087468 
0.1672046657456219 0.1645650499586658 
0.15711588449325717 0.17066621709639246 
0.1447703603043301 0.17193610465110562 
0.14398925232592533 0.17168271505540192 
0.14398925232592533 0.17168271505540192 
0.143483775053039 0.16885034534561694 
0.15185235788678308 0.1632694276402543 
0.13940622430784116 0.16595465558431763 
0.13940622430784116 0.16595465558431763 
0.13940622430784116 0.16595465558431763 
0.13940622430784116 0.16595465558431763 
0.15927484604712522 0.15981365389743582 
0.1617919870640942 0.1644619329679692 
0.14771805124726478 0.16696454004609082 
0.14884532888222532 0.16452247334906972 
0.1429158555010758 0.1689308929722029 
0.13632334399502566 0.17304440249237205 
0.13351151232701958 0.1716065319185681 
0.13351151232701958 0.1716065319185681 
0.1707902540909003 0.16784636321085689 
0.1707902540909003 0.16784636321085689 
0.1707902540909003 0.16784636321085689 
0.14886670723314943 0.17102297021944535 
0.15021031307959035 0.1696312727346553 
0.15027083427788002 0.16938344090327398 
0.14977094329333077 0.1648361981964317 
0.14136801098853846 0.1742342720314248 
0.14068410033364492 0.1738851030393367 
0.16932885808911854 0.16872814121973428 
0.16932885808911854 0.16872814121973428 
0.12172369621968192 0.1753732266060719 
0.135101855163677 0.179153956204017 
0.12586457749382596 0.18197878621826835 
0.13416168578092605 0.17748095065421368 
0.16539199207546273 0.17596710896317067 
0.14429815881537925 0.17350130421905047 
0.14429815881537925 0.17350130421905047 
0.14428790674922967 0.1734958015512458 
0.1388856288096184 0.18029939324711697 
0.16211944948355678 0.17729678354383357 
0.17016581880013873 0.17852198746196438 
0.17016581880013873 0.17852198746196438 
0.17106267669032585 0.17902017132314482 
0.17106267669032585 0.17902017132314482 
0.1729352405081788 0.1822060991718632 
0.1728952475368363 0.18244470003431407 
0.1796325660921196 0.16912928238332148 
0.1796325660921196 0.16912928238332148 
0.1796325660921196 0.16912928238332148 
0.17606638738654293 0.16661354744691814 
0.17606638738654293 0.16661354744691814 
0.17606638738654293 0.16661354744691814 
0.17556134974076576 0.1668458139747072 
0.17327779903557192 0.1684119713890246 
0.17327779903557192 0.1684119713890246 
0.15693213041643955 0.1682837185674831 
0.1448344942235264 0.16734894140172454 
0.1448344942235264 0.16734894140172454 
0.14463876431285294 0.16731307952274016 
0.14463876431285294 0.16731307952274016 
0.15161305121538965 0.16974500808677515 
0.12722104878192791 0.16563338520696047 
0.12722104878192791 0.16563338520696047 
0.09869753305118428 0.1580041775105161 
0.11694409249712134 0.1621897293212522 
0.1391883426687985 0.16279180356602885 
0.1193804613957412 0.16871813028331942 
0.13643818286566206 0.17080557942545138 
0.1365062635499904 0.1708079748912541 
0.1365062635499904 0.1708079748912541 
0.1365062635499904 0.1708079748912541 
0.1365062635499904 0.1708079748912541 
0.16261580507172635 0.179842040531843 
0.16197677816515782 0.1804090669674199 
0.16197677816515782 0.1804090669674199 
0.16197677816515782 0.1804090669674199 
0.16197677816515782 0.1804090669674199 
0.16611649062548572 0.18072901134226857 
0.1703424251144039 0.18143106581245094 
0.17392776566691248 0.1799315583289552 
0.17372540208027096 0.18022998975714283 
0.16208885016398933 0.17788555440620155 
0.16624913745486355 0.18198634888521845 
0.16334216951195224 0.18193662042905465 
0.16315822519379636 0.183805406923402 
0.16315822519379636 0.183805406923402 
0.16315822519379636 0.183805406923402 
0.1584662993191028 0.18411187605717927 
0.1562155952853259 0.18890661955575566 
0.16974332598261566 0.19284781249739535 
0.16804793325264078 0.1979607313590124 
0.16804793325264078 0.1979607313590124 
0.16804793325264078 0.1979607313590124 
0.16564814605961514 0.1947242590482778 
0.16561239885345252 0.19468087542733709 
0.16561239885345252 0.19468087542733709 
0.16561239885345252 0.19468087542733709 
0.16561239885345252 0.19468087542733709 
0.1596237640634045 0.19086261438111965 
0.1596237640634045 0.19086261438111965 
0.14275760020127015 0.18677117342917976 
0.14171537346748425 0.18610416604109217 
0.14171537346748425 0.18610416604109217 
0.1547066052671545 0.17554506083233726 
0.1480722857049772 0.17468755064631403 
0.13245701336601234 0.17642423369406196 
0.12043799849715783 0.1738166448227957 
0.12043799849715783 0.1738166448227957 
0.1326174314985101 0.178222726300786 
0.1326174314985101 0.178222726300786 
0.16306597982598348 0.18328273323741512 
0.1752533676951027 0.18046835004419012 
0.1752533676951027 0.18046835004419012 
0.1623076636493816 0.17712886405636372 
0.16837836350074842 0.17073816415995785 
0.16837836350074842 0.17073816415995785 
0.17018259627759666 0.17100486260231912 
0.16842436706213829 0.1667706196692607 
0.16842436706213829 0.1667706196692607 
0.15746355553560337 0.16981799359414881 
0.1661257351341096 0.16847683975527072 
0.16425026196852408 0.1686711295304777 
0.16425026196852408 0.1686711295304777 
0.16759694316573923 0.16811592736730796 
0.16441621561500575 0.16826751449558283 
0.16290178932590768 0.17408685834705812 
0.1751559039366532 0.17114860862175715 
0.14443067549860847 0.16801939457769646 
0.12458032922946544 0.17664762066418804 
0.13125050964325685 0.17962213310004138 
0.12191613420913208 0.18291940113055807 
0.12191613420913208 0.18291940113055807 
0.12191613420913208 0.18291940113055807 
0.12191613420913208 0.18291940113055807 
0.11718010974003103 0.18475682096159704 
0.11754641362820355 0.1831239456143463 
0.13368941852234045 0.18088196182752184 
0.16377038066443567 0.18340486910885914 
0.16377038066443567 0.18340486910885914 
0.1814438779607802 0.18648706412964466 
0.1814438779607802 0.18648706412964466 
0.1814438779607802 0.18648706412964466 
0.1814438779607802 0.18648706412964466 
0.1807736628257985 0.1793008389740061 
0.1594997396533194 0.1785736482336107 
0.1594997396533194 0.1785736482336107 
0.16048150835775754 0.1788474488063559 
0.17159242436670802 0.17771712881335572 
0.17159242436670802 0.17771712881335572 
0.17159242436670802 0.17771712881335572 
0.14147108093175817 0.17467002545605234 
0.12099001665951553 0.17455119151971887 
0.12013516631718535 0.17285874200010393 
0.12013516631718535 0.17285874200010393 
0.12409054714508358 0.17338299457001824 
0.11460777299467198 0.17760808186991234 
0.11154135953385338 0.1786616171450285 
0.11154135953385338 0.1786616171450285 
0.12257435993220868 0.17589090637521812 
0.12257435993220868 0.17589090637521812 
0.1502186653447159 0.17627110879464236 
0.1433252783584727 0.17405100915490573 
0.13047243768743735 0.16079003044716145 
0.13047243768743735 0.16079003044716145 
0.1282188693660395 0.16246557289035446 
0.1282188693660395 0.16246557289035446 
0.11199764263576667 0.16700700697784115 
0.10959402970657108 0.1672226752980749 
0.11114559862549661 0.16730559362471342 
0.11087144669497712 0.16546775645590517 
0.10892931129470025 0.1809086088437168 
0.07112481198552277 0.19432572695538033 
0.11044781364512488 0.19026171275650786 
0.0982218682849802 0.17866188934917757 
0.0982218682849802 0.17866188934917757 
0.09791837266021299 0.18266652744077153 
0.11677269935637652 0.18825009055309938 
0.09491563939644536 0.18688271694052458 
0.10043509734799626 0.18624021957346076 
0.13759187155242683 0.18268895644123628 
0.12579867138098352 0.17787575043502077 
0.12068424317258918 0.17866946691985475 
0.12141124429076065 0.18026678431907767 
0.12141124429076065 0.18026678431907767 
0.1219110004630248 0.18029317907658046 
0.12008277590600186 0.17992678918225619 
0.11680236223108381 0.18081276104662986 
0.12233914064155704 0.18412233226472074 
0.12692230240841867 0.18184947511670943 
0.129556533604235 0.18358907231374766 
0.12987856672252548 0.18329918389795763 
0.12611836787207065 0.1837045040283113 
0.10929696836043427 0.18170174822357363 
0.0684550605407353 0.17868543641162277 
0.0684550605407353 0.17868543641162277 
0.0684550605407353 0.17868543641162277 
0.0684550605407353 0.17868543641162277 
0.0684550605407353 0.17868543641162277 
0.0955903770324181 0.1767187937565565 
0.0955903770324181 0.1767187937565565 
0.07593937349639707 0.17881951706357108 
0.07602265477770098 0.18020006601580252 
0.0760057562915917 0.17991994079525836 
0.07680530356953207 0.18147913175254377 
0.07682274624188203 0.181041063534234 
0.07682274624188203 0.181041063534234 
0.0657733192692617 0.1806144348594477 
0.0657733192692617 0.1806144348594477 
0.11563913846024192 0.1794477756723129 
0.11935241965134129 0.1819439536621501 
0.12010648136079718 0.1819339622140445 
0.1201062347249749 0.18193394247678124 
0.10254547606562853 0.18132792100363002 
0.10081206602736079 0.18175542642963805 
0.06648467381917876 0.1902167967869791 
0.06648467381917876 0.1902167967869791 
0.06648467381917876 0.1902167967869791 
0.06648467381917876 0.1902167967869791 
0.06916177433484891 0.18740641751135076 
0.07929443846355326 0.18490317401921919 
0.07929443846355326 0.18490317401921919 
0.09543145667788841 0.1745724608156352 
0.09674722186943678 0.17038516350928906 
0.09674722186943678 0.17038516350928906 
0.10630498389954286 0.17298857630226738 
0.10996215787666952 0.186227246904353 
0.12497388981002247 0.18535413578303062 
0.12497388981002247 0.18535413578303062 
0.14200597047413616 0.18539309067615276 
0.13842058026364132 0.18609833524787905 
0.1450182382937926 0.18312808951010393 
0.1450182382937926 0.18312808951010393 
0.14227945373616357 0.18414984201084705 
0.14227945373616357 0.18414984201084705 
0.14227945373616357 0.18414984201084705 
0.14227945373616357 0.18414984201084705 
0.13913938969737294 0.18419019666916836 
0.13295671020212793 0.18610762492749905 
0.12832868973485023 0.1869660742548335 
0.12226286235116562 0.1851164034143447 
0.0983717243972238 0.18904407400726908 
0.11705363314379226 0.1744890969576816 
0.08501153357083224 0.1749428570508664 
0.07203026159846558 0.18172666722252076 
0.07203026159846558 0.18172666722252076 
0.07203026159846558 0.18172666722252076 
0.07273838250576894 0.18162368867367917 
0.07835886130130693 0.18077612815229505 
0.07835886130130693 0.18077612815229505 
0.08630468569156899 0.18032397830156585 
0.08768686920909184 0.18368309404706298 
0.10039127168299833 0.18305214797377098 
0.11535738695865579 0.17676604554931574 
0.12040635916534231 0.17375919293576392 
0.12207938512424671 0.17243527336744363 
0.12066445937263374 0.17248902858106968 
0.12456059350360427 0.17097715500443428 
0.1004604281966785 0.17145852600805422 
0.07366651993266228 0.1775163251767121 
0.07366651993266228 0.1775163251767121 
0.07366651993266228 0.1775163251767121 
0.07705072815929442 0.1764832029948167 
0.07705072815929442 0.1764832029948167 
0.07705072815929442 0.1764832029948167 
0.07705072815929442 0.1764832029948167 
0.07705072815929442 0.1764832029948167 
0.08448650879054825 0.167827345398161 
0.08448650879054825 0.167827345398161 
0.10732851874180772 0.1775634883937148 
0.10732851874180772 0.1775634883937148 
0.1026025276968278 0.1791062403798594 
0.11878934586654846 0.1797608139394124 
0.1158724733103292 0.184169009350543 
0.1158724733103292 0.184169009350543 
0.1158724733103292 0.184169009350543 
0.09599129294024382 0.1814893185184637 
0.08363129227469815 0.18317086291071588 
0.08363129227469815 0.18317086291071588 
0.10955002104048861 0.17945823877793374 
0.10955002104048861 0.17945823877793374 
0.11917340381313386 0.1791137306740041 
0.136455564372561 0.1824029986304238 
0.13672448941835413 0.17945401612394596 
0.17726475360122845 0.18654276199936287 
0.17726475360122845 0.18654276199936287 
0.14486177683971777 0.18211999025705822 
0.14815402948436351 0.1803972420207919 
0.11212504509114213 0.17807821602493154 
0.1119188924364711 0.17776889907568505 
0.12505144367698287 0.17546990936871767 
0.13725887134312467 0.17328401371334518 
0.10282115207912003 0.1782330624248368 
0.10279755605358522 0.17925960731293838 
0.09996575357641842 0.17907512430683883 
0.09842412571111236 0.178543344164236 
0.09842412571111236 0.178543344164236 
0.08894987189150459 0.1796067973321422 
0.08894987189150459 0.1796067973321422 
0.08894987189150459 0.1796067973321422 
0.08894987189150459 0.1796067973321422 
0.08894987189150459 0.1796067973321422 
0.10970453673989225 0.1734746238480498 
0.10906921267079368 0.17882204318078798 
0.09131411923962161 0.1742884363687606 
0.0849065171207441 0.17511398294800196 
0.08277293634459856 0.17478252725723076 
0.08277293634459856 0.17478252725723076 
0.08277293634459856 0.17478252725723076 
0.10702608183629524 0.18435208558878766 
0.10301007743460622 0.18375156640786416 
0.1068467385598946 0.17871459575996723 
0.10746542998906411 0.16962698792510678 
0.06276969292056575 0.17254837591720237 
0.06276969292056575 0.17254837591720237 
0.06478193310182903 0.1700545857935664 
0.06478193310182903 0.1700545857935664 
0.06478193310182903 0.1700545857935664 
0.06564596196758343 0.17223308990016634 
0.08278232632865025 0.17321603841076408 
0.07956465487135464 0.17348680511490158 
0.08552581859446444 0.1711457009134326 
0.08552581859446444 0.1711457009134326 
0.08034606245758057 0.18301897985960464 
0.08309757329799632 0.18858250011960795 
0.08127653991145001 0.18981680435590007 
0.09988097895235752 0.21091081772095338 
0.09988097895235752 0.21091081772095338 
0.11392174770898283 0.20448085873002655 
0.11392174770898283 0.20448085873002655 
0.11392174770898283 0.20448085873002655 
0.11392174770898283 0.20448085873002655 
0.12419796429654273 0.19708776904522804 
0.12419796429654273 0.19708776904522804 
0.12419796429654273 0.19708776904522804 
0.12419796429654273 0.19708776904522804 
0.13380468782576596 0.19417363937333937 
0.13380468782576596 0.19417363937333937 
0.13380468782576596 0.19417363937333937 
0.15966229963505812 0.19515589021965132 
0.15890755370781162 0.19507664138492373 
0.11427320892617793 0.19307758582661683 
0.11033381998297763 0.19406891227410844 
0.11413577577813039 0.19191995448984908 
0.11430697830498801 0.19289730615281347 
0.09991282832322032 0.18699663327236157 
0.13367204505010924 0.18745720675799726 
0.10117009449869023 0.19433414510495994 
0.08155474288104185 0.1987687241599699 
0.08155474288104185 0.1987687241599699 
0.08139005683330863 0.19779844850479905 
0.08097110343923833 0.19757764107569245 
0.08097110343923833 0.19757764107569245 
0.066985198962645 0.20758290692465423 
0.06860541784884602 0.2070804616217649 
0.06857433700153917 0.20720203407550428 
0.08373549058913007 0.19805528971908265 
0.12164290301071433 0.18700216380861173 
0.12592950920988014 0.18730145865957798 
0.1292182305970346 0.18595810069552396 
0.12875350227897697 0.1835840980661247 
0.15275443303704753 0.18576198982221181 
0.15191541431830383 0.18618078459576318 
0.15755413923061212 0.19097579636327416 
0.16199531619869081 0.19877152504155557 
0.16199531619869081 0.19877152504155557 
0.16199531619869081 0.19877152504155557 
0.16630463322026795 0.2015289345267462 
0.16630463322026795 0.2015289345267462 
0.16267632997080655 0.19521463818830068 
0.16558133432382377 0.20157228129431728 
0.16558133432382377 0.20157228129431728 
0.1372396122513622 0.19365231705386823 
0.1372396122513622 0.19365231705386823 
0.14798698259071982 0.20517664099246136 
0.1482532657254385 0.20503231770186164 
0.1448645534677819 0.20136437876675292 
0.14462503752587244 0.2012442558858653 
0.1380664321013394 0.19672684891062392 
0.13887054713845448 0.1905815505327978 
0.12725073698178857 0.19494280257921284 
0.12226482950262166 0.19225273145711946 
0.11464060934475317 0.19197649145996168 
0.1145874310006313 0.19515094826907753 
0.154784960517222 0.2068976231009645 
0.13015826561378008 0.19168966228629689 
0.14323465391336976 0.18762266631294283 
0.14323465391336976 0.18762266631294283 
0.14323465391336976 0.18762266631294283 
0.14323465391336976 0.18762266631294283 
0.12190761348248966 0.19760229017004838 
0.12190761348248966 0.19760229017004838 
0.09931857936314367 0.1867590719319811 
0.1297000365127412 0.1814958643080468 
0.13956029682453233 0.18237546994506557 
0.14569988062054423 0.17991933717154446 
0.14569988062054423 0.17991933717154446 
0.1501292678253205 0.18032916166880286 
0.15036435846559612 0.17969929655106365 
0.15524824879184015 0.18300717560725135 
0.15633101389464177 0.18468092048338589 
0.16090626747147468 0.1850025993687855 
0.16175842964219414 0.18492727952216814 
0.16707945176820427 0.19588740951185502 
0.11956225028787773 0.1854729504256446 
0.11679178091131874 0.18783293680598312 
0.12865543702664017 0.19175877389175638 
0.12865543702664017 0.19175877389175638 
0.1253435052541309 0.18860292560690078 
0.1253435052541309 0.18860292560690078 
0.12023880949307916 0.18637568191954862 
0.12135127486636824 0.18598923357837382 
0.13995807351424258 0.19443254225625625 
0.14015875966840016 0.19438879074219928 
0.14015875966840016 0.19438879074219928 
0.13822050537756117 0.19195081812089138 
0.12446948250098008 0.18303426360846142 
0.12443700006660084 0.18968646456624388 
0.14509621154189067 0.20330086681533582 
0.14509621154189067 0.20330086681533582 
0.14509621154189067 0.20330086681533582 
0.14509621154189067 0.20330086681533582 
0.14509621154189067 0.20330086681533582 
0.14509621154189067 0.20330086681533582 
0.16432903709999552 0.2110672155716726 
0.11954370500686634 0.1927695319509158 
0.1311428368667612 0.19714542380192657 
0.1311428368667612 0.19714542380192657 
0.1432641839303037 0.19295572306789577 
0.15637845910496004 0.2008379970322674 
0.14173666478038782 0.18715806123006978 
0.13648492293632858 0.1777124316677732 
0.13685937815531266 0.1770812034808482 
0.13685937815531266 0.1770812034808482 
0.13877383629884046 0.17632712981891424 
0.13402088218569055 0.17672330366321132 
0.12231803645983384 0.1807697955285456 
0.1461930130821456 0.188671978740297 
0.13645140219099147 0.1950138937448486 
0.13645140219099147 0.1950138937448486 
0.16250714971634472 0.2000812533358266 
0.16178728020349184 0.21333950067143206 
0.1463438793606973 0.20844802607931714 
0.1463438793606973 0.20844802607931714 
0.1563666892333795 0.18873359829794686 
0.15813143651691516 0.1864445634026313 
0.15805109007346763 0.18550614562374715 
0.16494662996397766 0.1856641157579174 
0.1756692119383529 0.1866881394336886 
0.1756692119383529 0.1866881394336886 
0.17907090431910022 0.1868155242276099 
0.17182036027405023 0.18441964452534496 
0.17174872899942448 0.1847581498456695 
0.17174872899942448 0.1847581498456695 
0.17174872899942448 0.1847581498456695 
0.1637639312533274 0.1842457623345796 
0.1637639312533274 0.1842457623345796 
0.164030876795116 0.1899693236939597 
0.17798036622152485 0.1999397661199948 
0.17798036622152485 0.1999397661199948 
0.17798036622152485 0.1999397661199948 
0.17741098565074417 0.19811235619008666 
0.17741098565074417 0.19811235619008666 
0.1773910884122269 0.19809666127774672 
0.1773910884122269 0.19809666127774672 
0.1773910884122269 0.19809666127774672 
0.1773910884122269 0.19809666127774672 
0.1773910884122269 0.19809666127774672 
0.1773910884122269 0.19809666127774672 
0.1773910884122269 0.19809666127774672 
0.17265157377860615 0.18550120794130326 
0.17340389292091019 0.18732782336958856 
0.16293047744992756 0.1822444492516126 
0.16293047744992756 0.1822444492516126 
0.15811778448171757 0.18207937102276936 
0.1631421969994467 0.1832672887086924 
0.15390665232322245 0.17502011737017578 
0.15390665232322245 0.17502011737017578 
0.17121688440895613 0.16837094423688737 
0.1531955602876558 0.17450887850438784 
0.1531955602876558 0.17450887850438784 
0.12833581124999827 0.17874077256390114 
0.14694042816769745 0.17079255849781075 
0.14006060412804608 0.17092208907471865 
0.16838095238500794 0.1674581207289267 
0.16838095238500794 0.1674581207289267 
0.16947017116703705 0.16546594767672257 
0.16947017116703705 0.16546594767672257 
0.16947017116703705 0.16546594767672257 
0.16860315817281313 0.16626558279815304 
0.16860315817281313 0.16626558279815304 
0.154305467878316 0.16916742531396617 
0.16313234712518437 0.16021579909673395 
0.16313234712518437 0.16021579909673395 
0.16294301684868026 0.16029808854036798 
0.16259422847219704 0.16018291430514675 
0.16188506451904414 0.1606944406755868 
0.16188506451904414 0.1606944406755868 
0.16993818395405422 0.16071709045108437 
0.17263154218083007 0.16166083056826172 
0.14028717718087214 0.16484631350678133 
0.12109038304531497 0.16955493079209483 
0.1423087597789991 0.16922008991486867 
0.1423087597789991 0.16922008991486867 
0.14113700701228393 0.1684629797894077 
0.17696183542398053 0.16702428818853418 
0.14496287804912425 0.16725244524684144 
0.13937742774812484 0.16272837748052288 
0.13937742774812484 0.16272837748052288 
0.13937742774812484 0.16272837748052288 
0.12470106424150074 0.1658077233682147 
0.08614893132473356 0.15268991484648167 
0.08614893132473356 0.15268991484648167 
0.08614893132473356 0.15268991484648167 
0.08614893132473356 0.15268991484648167 
0.08614893132473356 0.15268991484648167 
0.08510943714386154 0.15428824612800116 
0.08510943714386154 0.15428824612800116 
0.10429181277742317 0.15742904451650025 
0.10429181277742317 0.15742904451650025 
0.10303310582192816 0.16355001370067285 
0.13714568552819512 0.16160915020562333 
0.16541115669198925 0.1566605403653672 
0.16228564704520562 0.15649370609046978 
0.16228564704520562 0.15649370609046978 
0.16412401357502554 0.1549333200669094 
0.16550072636383 0.15452989033628506 
0.16550072636383 0.15452989033628506 
0.16550072636383 0.15452989033628506 
0.16550072636383 0.15452989033628506 
0.1446986820726357 0.15720403528809057 
0.1446986820726357 0.15720403528809057 
0.1446986820726357 0.15720403528809057 
0.1446986820726357 0.15720403528809057 
0.15158200817237302 0.1659101273516705 
0.15707428442641252 0.16505198950768699 
0.1564904009913932 0.16926652075449172 
0.16057257593548832 0.16093247835539237 
0.13840275776028138 0.17352836248309705 
0.1383134421580511 0.17364975738438274 
0.13184773267607391 0.17338992682602986 
0.1286255397729729 0.1733864816647014 
0.13468637428206404 0.17677150199626895 
0.14655687074062324 0.17740011732575087 
0.1463701772821929 0.17740503635051943 
0.12987100517047043 0.17908423645221014 
0.1018385790611963 0.18759531735649237 
0.09041449990339032 0.1859555753739896 
0.09039465127409863 0.1858558388517141 
0.09039465127409863 0.1858558388517141 
0.08416045882736434 0.18056269048169354 
0.08416045882736434 0.18056269048169354 
0.08352745931836753 0.18094326578206038 
0.0826519683505118 0.1832342131940876 
0.0826519683505118 0.1832342131940876 
0.06526650560628983 0.18439038292153706 
0.06526650560628983 0.18439038292153706 
0.06526650560628983 0.18439038292153706 
0.06727694625650171 0.18328054292606202 
0.06727694625650171 0.18328054292606202 
0.10955454444297638 0.1764327657460505 
0.11056704717175478 0.17576390775267717 
0.11056704717175478 0.17576390775267717 
0.11056704717175478 0.17576390775267717 
0.11069454291407642 0.1749894785245672 
0.11329652351483872 0.17405940738801806 
0.15307490623311779 0.1659998383987209 
0.15307490623311779 0.1659998383987209 
0.12580723690409118 0.1736783154620234 
0.1507468132512616 0.17223724401844012 
0.1554412408440803 0.17205695684132685 
0.15169579108688847 0.17215463951615803 
0.15496532110675207 0.1709190786292332 
0.15107663918695266 0.17034698411575003 
0.1572082157467002 0.16808886944577273 
0.1572082157467002 0.16808886944577273 
0.15778570109854953 0.16739898885950505 
0.16070227178045376 0.16669587561622423 
0.16018490116791465 0.17067654685319153 
0.165283167650542 0.1609556913171323 
0.165283167650542 0.1609556913171323 
0.165283167650542 0.1609556913171323 
0.15567452507671167 0.16877392298615443 
0.14483930349226173 0.16920501663417656 
0.14483930349226173 0.16920501663417656 
0.13869415520286013 0.17078884179453555 
0.13990923501919358 0.16967112120953692 
0.12395783596078963 0.16200245224627846 
0.11675928272736535 0.16024420708906953 
0.11675928272736535 0.16024420708906953 
0.13007007262429288 0.16552398197283558 
0.12464351589746338 0.1651470460957028 
0.12464351589746338 0.1651470460957028 
0.12469697306195315 0.16660849486530097 
0.1313262111152337 0.17537228984807923 
0.1221073848668224 0.1750581297562986 
0.12498825413339142 0.18394632020874438 
0.12498825413339142 0.18394632020874438 
0.12739259215489573 0.1970539521751578 
0.13407584743777007 0.2004507621917434 
0.13407584743777007 0.2004507621917434 
0.13407584743777007 0.2004507621917434 
0.13407584743777007 0.2004507621917434 
0.13407584743777007 0.2004507621917434 
0.14144198991584198 0.20246683060606455 
0.15171162327178386 0.21197439695064932 
0.15171162327178386 0.21197439695064932 
0.13297463178139862 0.19127239892389652 
0.12628701307036755 0.18159705171435023 
0.1263594265374328 0.1817346966716959 
0.13099404750035978 0.19445987614175475 
0.11174626086709669 0.19408476933590346 
0.11174626086709669 0.19408476933590346 
0.11174626086709669 0.19408476933590346 
0.10959175254778031 0.19484801598162352 
0.10959175254778031 0.19484801598162352 
0.10959175254778031 0.19484801598162352 
0.10959175254778031 0.19484801598162352 
0.14404574327480957 0.18930286407748767 
0.14943208687837078 0.18650058554859103 
0.13758045390064474 0.17917994890358202 
0.13205606753840707 0.1795054407604269 
0.1806903740839754 0.1918396908434307 
0.17945690177622287 0.19150509647367692 
0.17945690177622287 0.19150509647367692 
0.16745732754177547 0.18836872967888754 
0.16745732754177547 0.18836872967888754 
0.1602634867087999 0.1869719180243048 
0.15517619746306277 0.18595991322031616 
0.14936989702061423 0.18385647233305893 
0.15167284761005817 0.18417494612262908 
0.16795967765114805 0.18508208161933942 
0.16795967765114805 0.18508208161933942 
0.12474651234885012 0.17691826051695225 
0.13922380209990357 0.1762096827707182 
0.13922380209990357 0.1762096827707182 
0.13728594975357974 0.17587623480296866 
0.1365338599328506 0.17701225874242954 
0.18122212203097426 0.17787474449032806 
0.18122212203097426 0.17787474449032806 
0.18122212203097426 0.17787474449032806 
0.18122212203097426 0.17787474449032806 
0.18122212203097426 0.17787474449032806 
0.15363665979461194 0.17595828044945663 
0.15363665979461194 0.17595828044945663 
0.15790005102524104 0.17715557349025535 
0.13891105829734332 0.18122984147463184 
0.13783665811785933 0.18114926236295847 
0.15273684401798654 0.1826937879028137 
0.15147035840587014 0.18181615665324158 
0.15107394612650937 0.18131492134502913 
0.1772484878186304 0.17305136967085125 
0.17650239414019325 0.17479085440205744 
0.17650239414019325 0.17479085440205744 
0.17535223142838569 0.17439233498792284 
0.1742017384263208 0.17435420828770662 
0.1742017384263208 0.17435420828770662 
0.15830628548931602 0.1731930799119393 
0.1579506058501563 0.1713692119776142 
0.163575746139054 0.17307656424532608 
0.163575746139054 0.17307656424532608 
0.163575746139054 0.17307656424532608 
0.163575746139054 0.17307656424532608 
0.163575746139054 0.17307656424532608 
0.163575746139054 0.17307656424532608 
0.163575746139054 0.17307656424532608 
0.16378467731572494 0.1731892019293617 
0.17841227529159684 0.1763576797108868 
0.17841227529159684 0.1763576797108868 
0.17841227529159684 0.1763576797108868 
0.17841227529159684 0.1763576797108868 
0.17841227529159684 0.1763576797108868 
0.17841227529159684 0.1763576797108868 
0.17670749150169682 0.1769317054683521 
0.16653875113244554 0.17555218642415213 
0.16653875113244554 0.17555218642415213 
0.1645547904777309 0.1906752434496554 
0.13690188973302206 0.1790966277447345 
0.11352304112479561 0.1797676729341224 
0.11321073905532478 0.17984264666682387 
0.13071505922596824 0.1756917670068024 
0.1414959536764616 0.17471482326677798 
0.12893336099663624 0.17148622771525238 
0.14283478846953152 0.17618463315342536 
0.17060363236221396 0.17511704461060024 
0.16909347000917047 0.1750608817271512 
0.1714373434089629 0.17002567533427482 
0.1714373434089629 0.17002567533427482 
0.1695651644192431 0.16864719886978322 
0.1695651644192431 0.16864719886978322 
0.1695651644192431 0.16864719886978322 
0.1666687410579073 0.15660207036714266 
0.1666687410579073 0.15660207036714266 
0.1666687410579073 0.15660207036714266 
0.1666687410579073 0.15660207036714266 
0.1627182619914885 0.15821377121930896 
0.1627182619914885 0.15821377121930896 
0.16570494127246177 0.15682144817618499 
0.16570494127246177 0.15682144817618499 
0.17340730188144785 0.15587112992938174 
0.15291960186211012 0.16111547675376314 
0.16365080279852606 0.16011143969267747 
0.16062964561286053 0.16124379001688444 
0.15242991609127896 0.16648751863626193 
0.15987077836036448 0.1678158790012694 
0.15987077836036448 0.1678158790012694 
0.17136007465621222 0.16360080822326967 
0.17136007465621222 0.16360080822326967 
0.1530964619584149 0.1638103179501579 
0.14592255348425684 0.15541098402036027 
0.14592255348425684 0.15541098402036027 
0.14592255348425684 0.15541098402036027 
0.15313644595922635 0.1613512090188465 
0.15313644595922635 0.1613512090188465 
0.15069746019412003 0.16497601872159423 
0.16387814883656476 0.16363036746080714 
0.16387814883656476 0.16363036746080714 
0.1455397524622209 0.16885871467022087 
0.13589050811833694 0.16417838552577438 
0.1339020043631195 0.1642738743456474 
0.1426917134887991 0.1673552854812533 
0.1426917134887991 0.1673552854812533 
0.1426917134887991 0.1673552854812533 
0.1426917134887991 0.1673552854812533 
0.1682558135124613 0.17041850642930023 
0.17041937391589765 0.15760162100803873 
0.15449959019043175 0.16358087850244266 
0.15449959019043175 0.16358087850244266 
0.16324791353628215 0.15868455630821574 
0.16324791353628215 0.15868455630821574 
0.16324791353628215 0.15868455630821574 
0.13256124481823583 0.16796058379769052 
0.13256124481823583 0.16796058379769052 
0.1372837915806954 0.1682726558464965 
0.13222386127419952 0.1685502202854935 
0.11566718468348464 0.16229111009350955 
0.11566718468348464 0.16229111009350955 
0.13367480319320663 0.17113018634652635 
0.12662921701961247 0.17576796110497045 
0.12745251656746268 0.17697187979761655 
0.12745251656746268 0.17697187979761655 
0.11893089315685187 0.17694643067938684 
0.10312391989490056 0.17680439663741296 
0.07310593405295658 0.1770052091171964 
0.07585099445603435 0.1724870562348579 
0.06162306672497614 0.16698625400943773 
0.07258387858182352 0.16847045922550646 
0.07258387858182352 0.16847045922550646 
0.08316071581531832 0.17130581825325572 
0.0876486798606702 0.17071884228356546 
0.0721281758720618 0.16892736426257107 
0.07217052461574822 0.168948148317115 
0.07711183468759891 0.17030797434768044 
0.08602644720681633 0.17748278298071318 
0.08770032630655816 0.17743746346228678 
0.062058768954022556 0.18653400282906463 
0.11455419694586282 0.18142546008607272 
0.11159859500826513 0.18161357901021516 
0.152386715429486 0.18810135071585135 
0.152386715429486 0.18810135071585135 
0.13173152518812342 0.18348652891077621 
0.1383228032570579 0.18608679134557923 
0.12424963832549261 0.18656548751346977 
0.15809310591018905 0.1807727851278646 
0.15809310591018905 0.1807727851278646 
0.1557448168842634 0.17904812539232806 
0.1553080270598748 0.1784279574959495 
0.1455030090308004 0.17846604022416837 
0.1286750127550338 0.17843660658588337 
0.13110623276076844 0.1787883564306631 
0.13123042754989428 0.17901706190129466 
0.12734537444617822 0.17997672517546245 
0.12753242589228772 0.18006910028498924 
0.12552301653428014 0.18025676515032435 
0.1385297398255271 0.1867134592010021 
0.1504480628198939 0.18121852899810773 
0.14154074071869033 0.18095683373322052 
0.14232762497987203 0.18137317151462404 
0.14232762497987203 0.18137317151462404 
0.14232762497987203 0.18137317151462404 
0.17953263513620715 0.18631581241353126 
0.17953263513620715 0.18631581241353126 
0.17953263513620715 0.18631581241353126 
0.15661446444602128 0.17931500702442668 
0.1461369546575881 0.17282476092170096 
0.1461369546575881 0.17282476092170096 
0.16732249695990403 0.16798415572369946 
0.16732249695990403 0.16798415572369946 
0.16732249695990403 0.16798415572369946 
0.16732249695990403 0.16798415572369946 
0.16732249695990403 0.16798415572369946 
0.16169378617527583 0.16842382156279295 
0.15221262158909948 0.16647225766769105 
0.18047419323746644 0.16928841958759921 
0.1805434552804998 0.16936788000003583 
0.1805434552804998 0.16936788000003583 
0.1805434552804998 0.16936788000003583 
0.1805434552804998 0.16936788000003583 
0.1805434552804998 0.16936788000003583 
0.1805434552804998 0.16936788000003583 
0.1805434552804998 0.16936788000003583 
0.17890287040742783 0.16960804325345152 
0.17890287040742783 0.16960804325345152 
0.17890287040742783 0.16960804325345152 
0.18034624438309022 0.1700749563589669 
0.17719823998147827 0.173506298595945 
0.1769952571269962 0.17380450118697569 
0.1770043867288187 0.1738723127551266 
0.1770043867288187 0.1738723127551266 
0.1756007296945268 0.1718918776727859 
0.1756007296945268 0.1718918776727859 
0.18075836928133399 0.158688579605943 
0.18075836928133399 0.158688579605943 
0.18075836928133399 0.158688579605943 
0.1792528952604388 0.15866438732076657 
0.1792528952604388 0.15866438732076657 
0.13449228884933861 0.17136719758040103 
0.17198854933882562 0.1734531055774376 
0.17541510771381635 0.171946967590396 
0.18095426505772247 0.17096608358433926 
0.18095426505772247 0.17096608358433926 
0.18095426505772247 0.17096608358433926 
0.17614636254538424 0.17076985763120547 
0.17614636254538424 0.17076985763120547 
0.17614636254538424 0.17076985763120547 
0.17614636254538424 0.17076985763120547 
0.17614636254538424 0.17076985763120547 
0.17519480918274233 0.1697076881984699 
0.17688523060720648 0.17168732078461896 
0.17688523060720648 0.17168732078461896 
0.17688523060720648 0.17168732078461896 
0.17688523060720648 0.17168732078461896 
0.17688523060720648 0.17168732078461896 
0.17688523060720648 0.17168732078461896 
0.15206592103200017 0.17129872685566727 
0.11985182009009054 0.1744753274686732 
0.10679830766907562 0.15769587455766929 
0.09352419907088078 0.16318869235121575 
0.09352419907088078 0.16318869235121575 
0.09352419907088078 0.16318869235121575 
0.08348972463460605 0.1606794595227314 
0.0865874510105903 0.1624536668699882 
0.07633753618851663 0.16362665909453397 
0.07610421621178215 0.16353944081308308 
0.07741491870193497 0.15876604532397087 
0.10170708257515157 0.1649354080095171 
0.10170708257515157 0.1649354080095171 
0.13249886998456667 0.16127159913320702 
0.13333282477732494 0.16001738847166858 
0.12242993419874776 0.15716226382262605 
0.1334246897457031 0.16798759699428806 
0.1361386748786155 0.168251413817013 
0.1361386748786155 0.168251413817013 
0.1361386748786155 0.168251413817013 
0.13246820017878258 0.1632176251200273 
0.13246820017878258 0.1632176251200273 
0.13866658863923087 0.16173799812450335 
0.12902653298399297 0.16567329546688367 
0.1280308955351191 0.16994473113043124 
0.11580167304893595 0.17213162609479926 
0.12077871933563641 0.16954533284172701 
0.12236634079166078 0.1660525351304288 
0.1141100692834448 0.16431386897101422 
0.1141100692834448 0.16431386897101422 
0.13517892915026924 0.16103570600020517 
0.15055449908083857 0.1524429609839313 
0.14826584832029877 0.15392085942852615 
0.15034453973010609 0.15289400825880864 
0.13624316258256372 0.17228943707215605 
0.1346096422426451 0.17082270093232294 
