0.17669371428837205 0.2338419250289407 
0.1774332537276456 0.2348536488104754 
0.1774332537276456 0.2348536488104754 
0.15161736219334665 0.23121006835431024 
0.15165038717153917 0.23068097768582985 
0.14442845973011811 0.21032641510529904 
0.14760424140226858 0.21301351079175368 
0.14760424140226858 0.21301351079175368 
0.14448138720635398 0.20386269784412606 
0.1426739756764107 0.19892950732527626 
0.1426739756764107 0.19892950732527626 
0.14300381493748407 0.19552375765050525 
0.11365570959939544 0.17593810543642413 
0.10500318081149736 0.1791406706845601 
0.12586443918548493 0.17146791653889085 
0.14573744109984665 0.17866275201150164 
0.14808571917501717 0.17883146836431704 
0.15077760738298393 0.1825908705934758 
0.1501983165035066 0.18336709916525826 
0.1501983165035066 0.18336709916525826 
0.1501983165035066 0.18336709916525826 
0.16460273326471764 0.18413540217419702 
0.16349590560358016 0.1841896747765773 
0.16349590560358016 0.1841896747765773 
0.16349590560358016 0.1841896747765773 
0.16349590560358016 0.1841896747765773 
0.1775534576881791 0.19115853710394462 
0.16660643209276552 0.18646853523155155 
0.16660643209276552 0.18646853523155155 
0.16660643209276552 0.18646853523155155 
0.17200544062632495 0.18931721159709675 
0.1753031619938274 0.19365129462574543 
0.1753031619938274 0.19365129462574543 
0.16935036272806714 0.1915050923547013 
0.17048190698039778 0.19371334975291388 
0.15673615214153752 0.1836671284959318 
0.15747797014435194 0.18378375879540906 
0.1509788174536417 0.19287029607128273 
0.1509788174536417 0.19287029607128273 
0.1509788174536417 0.19287029607128273 
0.1509788174536417 0.19287029607128273 
0.1509788174536417 0.19287029607128273 
0.1509788174536417 0.19287029607128273 
0.1448197411629804 0.18996992157159648 
0.14073245283786423 0.18669167989025753 
0.13848906601612732 0.18626858740332386 
0.13755246352097847 0.18568424320035093 
0.12754683782258894 0.19391957422640552 
0.12754683782258894 0.19391957422640552 
0.12754683782258894 0.19391957422640552 
0.12754683782258894 0.19391957422640552 
0.12754683782258894 0.19391957422640552 
0.12108440110724916 0.18043244250346022 
0.1358184715585621 0.17367800176127177 
0.16532205233854194 0.17460901940062218 
0.16532205233854194 0.17460901940062218 
0.1415747752356242 0.1731221234333684 
0.14163117346516021 0.17305448594309975 
0.14163117346516021 0.17305448594309975 
0.1302736420977325 0.1722393193456413 
0.12124141616734967 0.1752853534470427 
0.13613106714631645 0.175318786298727 
0.13613106714631645 0.175318786298727 
0.1309058044819807 0.1749128983337207 
0.12183203361554419 0.18294700316292054 
0.10075215417084342 0.19526911422781512 
0.09529208248125252 0.19175666074223893 
0.10465284788477121 0.18131899617346256 
0.10319826936826866 0.19049344890543007 
0.08415068923692966 0.19140514949639015 
0.08795718625452541 0.19019055775946808 
0.08773856979783572 0.18807365840014506 
0.08423508876449966 0.18903431817794636 
0.08545031257470935 0.1867702969292246 
0.06957320283046897 0.17887351165669801 
0.07343112447968381 0.17732877628178767 
0.0674023074159571 0.17427575137632698 
0.07193030301834238 0.17439018432657216 
0.07193030301834238 0.17439018432657216 
0.07193030301834238 0.17439018432657216 
0.07900450837815076 0.1789638194119715 
0.0723822488918924 0.18038053713148305 
0.06793907505790484 0.18111174373824585 
0.06809572212880721 0.1813812319264469 
0.06919440740795885 0.18001139338758781 
0.06919440740795885 0.18001139338758781 
0.06919440740795885 0.18001139338758781 
0.06919440740795885 0.18001139338758781 
0.06919440740795885 0.18001139338758781 
0.06919440740795885 0.18001139338758781 
0.06609998611804904 0.1802918971903324 
0.07442786342851813 0.17876799960236192 
0.0749649509862987 0.17885131141688956 
0.0749649509862987 0.17885131141688956 
0.0749649509862987 0.17885131141688956 
0.0749649509862987 0.17885131141688956 
0.0749649509862987 0.17885131141688956 
0.09376770990993077 0.18055791664803847 
0.09376770990993077 0.18055791664803847 
0.09376770990993077 0.18055791664803847 
0.09441406012277895 0.17564589589270033 
0.09441406012277895 0.17564589589270033 
0.09535065866895463 0.17562961105764902 
0.0961798722951753 0.18020438618417756 
0.08366604818248141 0.18233254894640522 
0.08366604818248141 0.18233254894640522 
0.08090560586833516 0.1835294364198041 
0.08798779577273091 0.18357113183876722 
0.08323690818660268 0.18256850702959754 
0.08328114810750782 0.18007526488978629 
0.08313475491562883 0.1791847948205097 
0.08320213698501254 0.17725880727859106 
0.07629718664923354 0.17860966472096246 
0.07629718664923354 0.17860966472096246 
0.08640528367518367 0.1785538616409474 
0.09583759990571658 0.17293643180158946 
0.094256061478724 0.17001605576291917 
0.094256061478724 0.17001605576291917 
0.094256061478724 0.17001605576291917 
0.10681527175273609 0.17355316068331184 
0.10681527175273609 0.17355316068331184 
0.11156753129552982 0.17371429643595218 
0.12966003335226603 0.17296801172614645 
0.11267883998391787 0.17516782510481602 
0.10888146269546291 0.17362494035093987 
0.13020746016581242 0.1669369638677591 
0.12819863117408087 0.16600198009361916 
0.12821698462347497 0.16599457716839586 
0.12821698462347497 0.16599457716839586 
0.12821698462347497 0.16599457716839586 
0.14421992968092565 0.16775583795704502 
0.13579408551592645 0.16709052605724015 
0.13579408551592645 0.16709052605724015 
0.13652827009869198 0.16688178578897175 
0.13652827009869198 0.16688178578897175 
0.11195459398040801 0.17167002200427614 
0.08229758267656848 0.16068373586917242 
0.08229758267656848 0.16068373586917242 
0.0885998880970146 0.16553160622836427 
0.06191143945678325 0.1706233112875257 
0.07283027591935223 0.1709753154090916 
0.07283027591935223 0.1709753154090916 
0.07283027591935223 0.1709753154090916 
0.07283027591935223 0.1709753154090916 
0.0742406162223988 0.17000351723538132 
0.0742406162223988 0.17000351723538132 
0.0742406162223988 0.17000351723538132 
0.07450433608084366 0.1670933159648043 
0.07450433608084366 0.1670933159648043 
0.09746759421612466 0.17503288384363166 
0.09805593978719415 0.17506881777697658 
0.09805593978719415 0.17506881777697658 
0.0929081604862646 0.17480058834012918 
0.08632930030184546 0.17335312277741818 
0.08632930030184546 0.17335312277741818 
0.08632930030184546 0.17335312277741818 
0.07772757471243874 0.17480203836133648 
0.0859008862621227 0.17498484685463497 
0.0859008862621227 0.17498484685463497 
0.0859008862621227 0.17498484685463497 
0.09439557353893996 0.1744870500073935 
0.10433416203673905 0.17647556975623535 
0.09770965636256426 0.18226986264324418 
0.09280720516427995 0.1774838937774786 
0.07765643750467963 0.18033010469571717 
0.10286586069411557 0.179413584821372 
0.08560496379444736 0.17071944360637525 
0.08730411528722228 0.17018240398348644 
0.09007833178295564 0.16946159364545782 
0.09007833178295564 0.16946159364545782 
0.07994461407121065 0.1699928977862574 
0.07005013988489048 0.16277102372781244 
0.07005013988489048 0.16277102372781244 
0.07005013988489048 0.16277102372781244 
0.06563365553447792 0.16208475888490045 
0.06563365553447792 0.16208475888490045 
0.06563365553447792 0.16208475888490045 
0.0649549462046837 0.16199424249896402 
0.0649549462046837 0.16199424249896402 
0.08384944834200037 0.16735630240471192 
0.10311709626655756 0.16927728132735792 
0.10445259923499206 0.16937577056296485 
0.10445259923499206 0.16937577056296485 
0.09939229192986478 0.16880758306494212 
0.09939229192986478 0.16880758306494212 
0.09939229192986478 0.16880758306494212 
0.0990299981414291 0.1691201483642248 
0.0990299981414291 0.1691201483642248 
0.09704239588296357 0.1718479465418437 
0.10361738593222894 0.17600400062562754 
0.10397133490557914 0.17580124333722127 
0.10397133490557914 0.17580124333722127 
0.10397133490557914 0.17580124333722127 
0.10204902429481469 0.17426531713097979 
0.0988211510756105 0.1759010525423054 
0.11416177932775085 0.17458219094107397 
0.09912102779960019 0.16776944836474367 
0.09912102779960019 0.16776944836474367 
0.09912102779960019 0.16776944836474367 
0.09725475679764073 0.168445217076569 
0.09725475679764073 0.168445217076569 
0.102668919164904 0.16245206443319105 
0.10256860671284743 0.16235316330824415 
0.07177770652321144 0.1519712078795853 
0.09788311597501724 0.15957756003039944 
0.09788311597501724 0.15957756003039944 
0.0962171257679631 0.15920766565707808 
0.09913681895459787 0.16207880387663867 
0.08452069674773528 0.16008894565237394 
0.1049341684415249 0.1611670756499762 
0.12413078707017536 0.1484793747824715 
0.12413078707017536 0.1484793747824715 
0.12327110015118493 0.14656697445129285 
0.12564697810719933 0.14898775400821776 
0.12564697810719933 0.14898775400821776 
0.12564697810719933 0.14898775400821776 
0.12585007315471816 0.14865951381413378 
0.15119810353822544 0.16524133631481752 
0.16812255126521114 0.16466158540012207 
0.16942580678224675 0.16899369383265914 
0.16131290413536942 0.17133320741831515 
0.13900260772781217 0.17199393014801315 
0.12155447317308402 0.16978035095633698 
0.12202581571421954 0.1705948721900519 
0.12202581571421954 0.1705948721900519 
0.12202581571421954 0.1705948721900519 
0.11982546846749316 0.17624549020982014 
0.11804325634907817 0.1758958313828209 
0.14059653427770374 0.17378022031637697 
0.14802407588249025 0.16911567250300918 
0.1491999623821515 0.16479515432552555 
0.1335090450879429 0.17210912630022313 
0.1335090450879429 0.17210912630022313 
0.1300600141066741 0.17371332821886992 
0.13900811078440015 0.17619150205693934 
0.1361431280662938 0.1742298017740215 
0.11015508978559117 0.1777113382190305 
0.11015508978559117 0.1777113382190305 
0.1123531769742617 0.17884155318274073 
0.1123531769742617 0.17884155318274073 
0.11515071431640211 0.18011973159006966 
0.1168078213354107 0.17941965736484214 
0.13441040471993082 0.18287587505579456 
0.1435912560511984 0.18219932236918363 
0.14347021461631004 0.1877262658604819 
0.15048335851483527 0.1844080548942291 
0.1641114579512577 0.18133434796718892 
0.16271461108611313 0.18119200154189252 
0.16271461108611313 0.18119200154189252 
0.16671350108791105 0.18221187096655364 
0.15468370197477388 0.18045914309250952 
0.15175538997014965 0.17930618503013154 
0.15779986614618124 0.17490905182661132 
0.15779986614618124 0.17490905182661132 
0.17956133549795886 0.17979531597682905 
0.1774968508765883 0.18005217996493778 
0.1774968508765883 0.18005217996493778 
0.14544611305864796 0.17986370671100071 
0.12888024266230677 0.17618646020292866 
0.11520606499671605 0.17948532236514972 
0.1146383243452281 0.17882667415359718 
0.10208834253023266 0.1770909155707146 
0.10208834253023266 0.1770909155707146 
0.10208834253023266 0.1770909155707146 
0.10751195604666966 0.17700972248178476 
0.10751271440589437 0.17704506881884666 
0.12765953403580274 0.18979101333922124 
0.12765953403580274 0.18979101333922124 
0.11800284971153627 0.1862592121083555 
0.1122085876127595 0.1892469829206153 
0.1122085876127595 0.1892469829206153 
0.12252359221066106 0.18894665763240162 
0.12321626394531073 0.18352096544089241 
0.10875206791699438 0.1801892485319001 
0.1294453241764294 0.18941568966754055 
0.1294453241764294 0.18941568966754055 
0.13398469242784 0.18929339564857525 
0.13398469242784 0.18929339564857525 
0.10629551915015746 0.1812870414513237 
0.09455980101453268 0.19807789914464952 
0.09455980101453268 0.19807789914464952 
0.09455980101453268 0.19807789914464952 
0.06916431777462662 0.18796290815619116 
0.06916431777462662 0.18796290815619116 
0.114744818248737 0.1797470825884664 
0.09135923935931883 0.18166771225278766 
0.09135923935931883 0.18166771225278766 
0.092993953037848 0.18083890186605864 
0.09872134066058944 0.18274843875069896 
0.12816073443870396 0.18051656150895048 
0.1324064394100999 0.18033322324311452 
0.13207788389324507 0.17924111634121243 
0.1353284296572819 0.1797368050724214 
0.13486658895942302 0.1798971635039564 
0.13162507840182908 0.18521219983028092 
0.13091641185016772 0.18436568512736456 
0.12144499161760922 0.1804377809194917 
0.11501879426713192 0.16854150598616757 
0.11501879426713192 0.16854150598616757 
0.10846473318312594 0.16933530599377278 
0.10840658047286311 0.1696480375576042 
0.10840658047286311 0.1696480375576042 
0.07667808715789046 0.16938401380484158 
0.07667808715789046 0.16938401380484158 
0.07667808715789046 0.16938401380484158 
0.07667808715789046 0.16938401380484158 
0.1053394098953509 0.17006958557074803 
0.12677382920236985 0.16717696049970615 
0.12677382920236985 0.16717696049970615 
0.13812523807752142 0.16095948578878966 
0.13812523807752142 0.16095948578878966 
0.13812523807752142 0.16095948578878966 
0.13812523807752142 0.16095948578878966 
0.13846423349787668 0.15334552925162476 
0.1180682897524716 0.15792011081025345 
0.1180682897524716 0.15792011081025345 
0.12544257560258115 0.16660739910099398 
0.12544257560258115 0.16660739910099398 
0.12544257560258115 0.16660739910099398 
0.1172779665862497 0.16510447705503423 
0.1172779665862497 0.16510447705503423 
0.11673265676546928 0.1649912120893656 
0.13438482596966866 0.16453222383574287 
0.11910011635985192 0.16758360133327788 
0.10767831468423161 0.1756914180545765 
0.10751766215987395 0.18022790856697035 
0.1220600240597115 0.1763334899533434 
0.111179769376939 0.179458992631513 
0.11573055556782802 0.18290819621003196 
0.10444565918278326 0.1819471904039767 
0.10444565918278326 0.1819471904039767 
0.10608942504717529 0.18332267571149136 
0.10608942504717529 0.18332267571149136 
0.08284700986701868 0.1928486800208184 
0.08282986587792485 0.19282861098670917 
0.08282986587792485 0.19282861098670917 
0.07774145438081691 0.2050721673522714 
0.08904347525942408 0.19874325978483492 
0.11566144841624662 0.19391705124469205 
0.09392633423438658 0.18844564031522026 
0.09392633423438658 0.18844564031522026 
0.08464968740358883 0.18297667331293455 
0.1020230405199638 0.18006923102736944 
0.10737389985285924 0.17900722827926446 
0.10737389985285924 0.17900722827926446 
0.10425178906130886 0.179671474835271 
0.11095382410476298 0.1809892975623624 
0.0894857315312168 0.19427049423776432 
0.0894857315312168 0.19427049423776432 
0.0894857315312168 0.19427049423776432 
0.0894857315312168 0.19427049423776432 
0.08480781280217962 0.20434895312559728 
0.08480781280217962 0.20434895312559728 
0.08480781280217962 0.20434895312559728 
0.08748590868848144 0.20121031551034896 
0.08602966781710261 0.2118157482776984 
0.08580979416357842 0.21140731214032832 
0.11455034964658754 0.2121691719687354 
0.11455034964658754 0.2121691719687354 
0.11533690657956353 0.21182923845203955 
0.11228681764403975 0.21429604967277935 
0.11228681764403975 0.21429604967277935 
0.11228681764403975 0.21429604967277935 
0.09513431015676127 0.19832930931043277 
0.09513431015676127 0.19832930931043277 
0.09513431015676127 0.19832930931043277 
0.0840285255385319 0.20468084331077108 
0.0840285255385319 0.20468084331077108 
0.09822569917438101 0.196246407714119 
0.07794889902606945 0.20354396117354265 
0.11454187896328545 0.19021556903035813 
0.10955680672864906 0.18659195194578215 
0.07341911602026589 0.19367826455682152 
0.11106708433733287 0.1824461125760626 
0.14998903017446533 0.17057173595259173 
0.15986063342442802 0.16724316585209947 
0.15986063342442802 0.16724316585209947 
0.1532821555572338 0.16835429875276303 
0.15508670097586624 0.16825211256347605 
0.15508670097586624 0.16825211256347605 
0.15514340037492713 0.16831269084430717 
0.15921804167411432 0.16782629700184873 
0.15921804167411432 0.16782629700184873 
0.14748610481524857 0.16759612135803442 
0.14748610481524857 0.16759612135803442 
0.17514644225844017 0.16945115700544466 
0.17514644225844017 0.16945115700544466 
0.17598579666619718 0.16538457669815929 
0.16044945428133991 0.17056070360226802 
0.1626062136089668 0.1764918324694318 
0.1626062136089668 0.1764918324694318 
0.16077307359776985 0.1801570160404855 
0.15420901306711066 0.1800561091496956 
0.1648214052010486 0.1818982220188959 
0.1648214052010486 0.1818982220188959 
0.1648214052010486 0.1818982220188959 
0.15049443303254642 0.17671276071736047 
0.1525215031666188 0.17663806445679248 
0.14797463751490655 0.17716191858037464 
0.15262324407187355 0.1787885966970029 
0.15262324407187355 0.1787885966970029 
0.15262324407187355 0.1787885966970029 
0.13888096617203535 0.17574995906088195 
0.13888096617203535 0.17574995906088195 
0.1385098138760324 0.17565572676034794 
0.1184452491637224 0.17792622734427246 
0.12112992240328985 0.17711454792323233 
0.12220635074516048 0.17714956220329103 
0.12479898751444371 0.17756669990614338 
0.15885506769357194 0.18533677666724005 
0.15885506769357194 0.18533677666724005 
0.16117223205904005 0.20497209575255038 
0.16117223205904005 0.20497209575255038 
0.14441856454161817 0.20070196174891777 
0.14441856454161817 0.20070196174891777 
0.13662970894838553 0.209762948997118 
0.13668197478642055 0.20958695440946457 
0.13668197478642055 0.20958695440946457 
0.13954807764496202 0.19991394116810193 
0.13954807764496202 0.19991394116810193 
0.13954807764496202 0.19991394116810193 
0.14271530932164894 0.19384181121485722 
0.14363757133681382 0.19582669423687848 
0.14363757133681382 0.19582669423687848 
0.14363757133681382 0.19582669423687848 
0.1549552176257975 0.1902066878293085 
0.1549552176257975 0.1902066878293085 
0.17190585594885288 0.19444156596267884 
0.17190585594885288 0.19444156596267884 
0.17190585594885288 0.19444156596267884 
0.13311106464992617 0.19032275203506402 
0.13311106464992617 0.19032275203506402 
0.12874509339918505 0.18755163742917794 
0.12874509339918505 0.18755163742917794 
0.1341556483374424 0.184848425334175 
0.14551095472135916 0.18632635471164885 
0.14452555376612783 0.18614925416091954 
0.12875312191977992 0.18153132871399433 
0.13372108435100324 0.1740762574554496 
0.139591106267583 0.1758468081691835 
0.15286531042339216 0.1746782503121191 
0.15286531042339216 0.1746782503121191 
0.15286531042339216 0.1746782503121191 
0.15286531042339216 0.1746782503121191 
0.12879340591485644 0.18123409799139806 
0.1456161002559336 0.1916853466505451 
0.14538008563310933 0.1917803363622072 
0.1445034710582354 0.19682217080887454 
0.12973438452746153 0.1836304437899568 
0.13333855084918197 0.18580521578885867 
0.13602111876475917 0.18861757341273344 
0.13602111876475917 0.18861757341273344 
0.13641556610674305 0.18699873491419544 
0.13641556610674305 0.18699873491419544 
0.13853142046658087 0.18638416276882133 
0.13853142046658087 0.18638416276882133 
0.13645072391776203 0.18552221825502044 
0.12957531732681435 0.18652501130485988 
0.13129616130911698 0.18884060189199298 
0.13160913440121813 0.18881292361817573 
0.12661443681904544 0.18885913470498586 
0.12662687296010375 0.1888720177062902 
0.12930789466288062 0.18988403989455413 
0.12566823792469806 0.19186120218089148 
0.12504785448929784 0.19431016746824975 
0.12504785448929784 0.19431016746824975 
0.12504785448929784 0.19431016746824975 
0.12504785448929784 0.19431016746824975 
0.12018470518965454 0.188072655907415 
0.09981156797797583 0.17823225530895165 
0.1059279199560608 0.18236253155059873 
0.1059279199560608 0.18236253155059873 
0.0971730789013251 0.18446649240569893 
0.08464723916205844 0.18348243215535617 
0.08464723916205844 0.18348243215535617 
0.07034676412794011 0.18539277887414143 
0.06541420476681811 0.1869011311691431 
0.06541420476681811 0.1869011311691431 
0.06541420476681811 0.1869011311691431 
0.06541420476681811 0.1869011311691431 
0.09363400417636239 0.18966193354777525 
0.09350555443210846 0.1826485987618402 
0.11802000486474645 0.17898640196259022 
0.11461534411834387 0.17806120195530412 
0.10494053848942544 0.17731632481654105 
0.10494053848942544 0.17731632481654105 
0.10494053848942544 0.17731632481654105 
0.13463545845755204 0.18460979741300249 
0.16242052828524683 0.19483911391512224 
0.12879592757185065 0.1848184896709253 
0.12719963892034836 0.18442414644358263 
0.1391926954804743 0.1841796694190254 
0.1391926954804743 0.1841796694190254 
0.13993270816890968 0.18372891440083966 
0.14365070511970085 0.18473541260964452 
0.14215504850216468 0.18363490473638847 
0.1637362678766723 0.18883271724809886 
0.14200437185434406 0.179371511743178 
0.14687709020446327 0.18207246268746985 
0.151550645667409 0.1822761536355961 
0.12769480162808028 0.17993758806894103 
0.14456087322316258 0.17348892904684537 
0.11693593187866363 0.17332965927616528 
0.1455983411730051 0.17499805241073807 
0.12185414194052643 0.18009115490976182 
0.12838859856204962 0.18042512740369357 
0.1649091808089348 0.18834665886844543 
0.1649091808089348 0.18834665886844543 
0.1767625617033643 0.1886340309583348 
0.1767625617033643 0.1886340309583348 
0.1583640316065431 0.18020342503640305 
0.16409450435829426 0.17726100432760494 
0.15348408183403672 0.17552916215088826 
0.15348408183403672 0.17552916215088826 
0.14243905958112915 0.17286064188356304 
0.14174029605208138 0.17282085179453313 
0.14069428850215432 0.17264019975339373 
0.13834449135206822 0.17165858271464798 
0.15208496155966406 0.1646792625198062 
0.16830261926167667 0.16744296780782178 
0.16451181840984674 0.17251253805314912 
0.1664022927268924 0.1738437801743542 
0.17061662345662593 0.17062150149849473 
0.17579985185812486 0.15975169719376997 
0.15900481266303054 0.16270968361475818 
0.16294102035775987 0.16985914441409158 
0.16294102035775987 0.16985914441409158 
0.15819264883539275 0.16442142939493692 
0.12186166018496189 0.16186826039565144 
0.11367792418595407 0.1630230629876317 
0.11003507515059875 0.1627378158811736 
0.12349641652966169 0.16834907470367497 
0.12620266264792568 0.16946560164598548 
0.0882901080917574 0.1690933068453583 
0.09908658182614234 0.16858328059775562 
0.09873036491874834 0.16977423817071943 
0.06612138028048715 0.174922320418753 
0.06612138028048715 0.174922320418753 
0.06612138028048715 0.174922320418753 
0.06612138028048715 0.174922320418753 
0.10490342235688227 0.17122985808256963 
0.13209452867263521 0.16339100492135433 
0.13209452867263521 0.16339100492135433 
0.13209452867263521 0.16339100492135433 
0.14376780549591692 0.1578444144905026 
0.14376780549591692 0.1578444144905026 
0.14927476029707076 0.16114869007274182 
0.14665325520762265 0.1596119507004165 
0.14665325520762265 0.1596119507004165 
0.14665325520762265 0.1596119507004165 
0.14665325520762265 0.1596119507004165 
0.14866672681416263 0.15929977439256862 
0.14866672681416263 0.15929977439256862 
0.14367444367093657 0.1631126146258338 
0.11967516421788678 0.15523041552188005 
0.11967516421788678 0.15523041552188005 
0.11967516421788678 0.15523041552188005 
0.11737897644902312 0.15305644967979737 
0.11737897644902312 0.15305644967979737 
0.11737897644902312 0.15305644967979737 
0.1156706900238747 0.16178161597972063 
0.11124568135187612 0.16224035080314927 
0.09853945179472744 0.16851216051037757 
0.09128591067684072 0.16555673513499466 
0.09128591067684072 0.16555673513499466 
0.09128591067684072 0.16555673513499466 
0.09030135817711347 0.16756861980396254 
0.09989130891649897 0.16712822652020615 
0.11083197235578458 0.1726575519541675 
0.11257803546634554 0.1739649261745314 
0.11257803546634554 0.1739649261745314 
0.12002090916390268 0.17348821407243767 
0.12002090916390268 0.17348821407243767 
0.12164901501393802 0.1737611889481035 
0.12164901501393802 0.1737611889481035 
0.14706150138066942 0.16573950920622593 
0.14595562041746368 0.16633362756470166 
0.13180105201213194 0.16470716019177356 
0.13180105201213194 0.16470716019177356 
0.12961836246745392 0.1772471360100973 
0.12530755657982662 0.1738328958697223 
0.1300194925463894 0.1761193818065378 
0.12149946226333752 0.17501483990013364 
0.1234901033327428 0.17540689890000602 
0.11975344656768422 0.1757269586994074 
0.11975344656768422 0.1757269586994074 
0.1493584966712998 0.1777851631136788 
0.15433184663786537 0.17925668682134832 
0.15433184663786537 0.17925668682134832 
0.15433184663786537 0.17925668682134832 
0.15433184663786537 0.17925668682134832 
0.15433184663786537 0.17925668682134832 
0.16211606063061398 0.1822689755228339 
0.16782172444091947 0.18632238988536437 
0.16782172444091947 0.18632238988536437 
0.16721568828122804 0.17752455550040797 
0.15830593379055666 0.17753651020210892 
0.15830593379055666 0.17753651020210892 
0.14435976028789743 0.17636523883411953 
0.14435976028789743 0.17636523883411953 
0.14730645570705928 0.17998018777689934 
0.14703904402045007 0.1825473176483476 
0.14703904402045007 0.1825473176483476 
0.13257737084425655 0.17606470684178188 
0.1131108973175286 0.1936232196852411 
0.11210340941824806 0.1921521342190489 
0.1108197641406045 0.20327746303640273 
0.11152077341650661 0.20181500466141822 
0.11152077341650661 0.20181500466141822 
0.11152077341650661 0.20181500466141822 
0.11113026064118835 0.2006291936995083 
0.12618106509323299 0.18869684885403915 
0.12702805358290103 0.1973837550105455 
0.12702805358290103 0.1973837550105455 
0.12737450300912 0.1970396373579022 
0.1254170513255788 0.2014003432731593 
0.1254170513255788 0.2014003432731593 
0.1421771746554923 0.20477022902300826 
0.1508212792759254 0.21271752893864412 
0.14622858679500725 0.20372508507205928 
0.13620770598622248 0.1948081306995378 
0.1339949458981573 0.1916329807954779 
0.12548803894946992 0.1935274990442886 
0.12118709044172754 0.19440457759117902 
0.15526630931863727 0.20216051860495463 
0.15526630931863727 0.20216051860495463 
0.15597704001556073 0.20042109569186428 
0.15597704001556073 0.20042109569186428 
0.15597704001556073 0.20042109569186428 
0.15597704001556073 0.20042109569186428 
0.15565608701676434 0.1978543848010048 
0.15565608701676434 0.1978543848010048 
0.162159041913343 0.1925746151556639 
0.162159041913343 0.1925746151556639 
0.162159041913343 0.1925746151556639 
0.162159041913343 0.1925746151556639 
0.15750292151011078 0.20250936726424182 
0.15699617815244585 0.2016246635031194 
0.15699617815244585 0.2016246635031194 
0.15699617815244585 0.2016246635031194 
0.15699617815244585 0.2016246635031194 
0.15834278227190612 0.20066463876095797 
0.15973465582900045 0.20149556068086463 
0.15308971657578002 0.20092842605819883 
0.1502156776211605 0.20578847290318897 
0.1502156776211605 0.20578847290318897 
0.14792961196922136 0.20097581376174073 
0.14792961196922136 0.20097581376174073 
0.14792961196922136 0.20097581376174073 
0.14150672665088904 0.19882800061136544 
0.12336910089684848 0.1975637856416678 
0.12668508870981066 0.20252669380376379 
0.10788397353478302 0.18645395230311537 
0.12215638621189845 0.17037174563508523 
0.11843103917074857 0.17607719570540054 
0.1658372484934335 0.1726819205548289 
0.1658372484934335 0.1726819205548289 
0.1658372484934335 0.1726819205548289 
0.1711527624654151 0.17302871900146424 
0.1711527624654151 0.17302871900146424 
0.17142639489394926 0.16897871987911053 
0.1479201771417356 0.1791361343123758 
0.14323203287811614 0.1779881678334201 
0.15358338069732802 0.18238990371352506 
0.1689798614645664 0.18442443119363958 
0.1689798614645664 0.18442443119363958 
0.1689798614645664 0.18442443119363958 
0.1689798614645664 0.18442443119363958 
0.18028598108177923 0.1829184127694905 
0.18028598108177923 0.1829184127694905 
0.18028598108177923 0.1829184127694905 
0.18028598108177923 0.1829184127694905 
0.18028598108177923 0.1829184127694905 
0.15356773282010536 0.17836826290709562 
0.15356773282010536 0.17836826290709562 
0.15356773282010536 0.17836826290709562 
0.16428591724932584 0.1807069057473394 
0.16695347702598246 0.18120602921731088 
0.16695347702598246 0.18120602921731088 
0.15170859614519508 0.18003048440409897 
0.15170859614519508 0.18003048440409897 
0.15122201441233465 0.1791486493071029 
0.15122201441233465 0.1791486493071029 
0.15797294097097617 0.18220497755899262 
0.15797294097097617 0.18220497755899262 
0.16441568452492705 0.17794523939699292 
0.16151544017922956 0.17788828414644065 
0.16151544017922956 0.17788828414644065 
0.17272681837829842 0.17772807849232117 
0.17272681837829842 0.17772807849232117 
0.15723346969095656 0.17633214339856343 
0.15723346969095656 0.17633214339856343 
0.16002632172473866 0.17321883695007254 
0.15607902397393753 0.17331037743341124 
0.15098297207201042 0.17489536907898065 
0.15098297207201042 0.17489536907898065 
0.14929350307190195 0.17509797169180463 
0.14929350307190195 0.17509797169180463 
0.15236489124004554 0.17757708746721346 
0.15522726867685366 0.17905810195895233 
0.17894237850398345 0.18103819128370183 
0.17894237850398345 0.18103819128370183 
0.17894237850398345 0.18103819128370183 
0.17894237850398345 0.18103819128370183 
0.17894237850398345 0.18103819128370183 
0.17894237850398345 0.18103819128370183 
0.17894237850398345 0.18103819128370183 
0.17894237850398345 0.18103819128370183 
0.17894237850398345 0.18103819128370183 
0.17894237850398345 0.18103819128370183 
0.17894237850398345 0.18103819128370183 
0.17894237850398345 0.18103819128370183 
0.16728108224676283 0.17998415276207017 
0.17925436127443556 0.17996061322708162 
0.17925436127443556 0.17996061322708162 
0.17925436127443556 0.17996061322708162 
0.16331469940743185 0.1788309060475524 
0.16331469940743185 0.1788309060475524 
0.16331469940743185 0.1788309060475524 
0.17657958146163588 0.1893631846315738 
0.17622561321827795 0.19369491536044578 
0.17622561321827795 0.19369491536044578 
0.17622561321827795 0.19369491536044578 
0.17622561321827795 0.19369491536044578 
0.17253125742227418 0.18986710483787692 
0.1723748619622864 0.19169973676421806 
0.17942814162282034 0.19345584987556116 
0.17942814162282034 0.19345584987556116 
0.17942814162282034 0.19345584987556116 
0.16846306045493498 0.1918249328707805 
0.16846306045493498 0.1918249328707805 
0.16846306045493498 0.1918249328707805 
0.17659861630072132 0.1916289968475975 
0.17659861630072132 0.1916289968475975 
0.16013116475349407 0.19523906908270236 
0.15915209579182946 0.19393681985694375 
0.16142136282753564 0.19774824040202577 
0.16142136282753564 0.19774824040202577 
0.17224055779188474 0.19499667500995693 
0.17224055779188474 0.19499667500995693 
0.14173665450095557 0.18749027157836046 
0.1651753877914976 0.19869410168576407 
0.1651753877914976 0.19869410168576407 
0.1596693049890746 0.20917987421743303 
0.1596693049890746 0.20917987421743303 
0.1558013336798178 0.20174429094429433 
0.16282376496550652 0.20445877962910217 
0.1565808971180063 0.19098707735471251 
0.14085199901903628 0.18757850149565808 
0.14085199901903628 0.18757850149565808 
0.1625985384946519 0.1963523442279582 
0.13606843684243086 0.19016455730849388 
0.13488415974754459 0.1899185669942623 
0.12159474649489925 0.18306965690438654 
0.10934594502227926 0.18006301414476394 
0.11086051525723226 0.17988703266115003 
0.10879185852582542 0.17087292080249877 
0.119225843041009 0.17219223648339005 
0.148556729377737 0.17414709521631536 
0.1290189058505405 0.17591583383797849 
0.1321737491599563 0.17988559016487088 
0.12790140684672385 0.17956386641383904 
0.11813908134599818 0.18153217182675757 
0.12859052074316646 0.1791860505290088 
0.10549012995788304 0.1822682780064978 
0.0919729138604291 0.17632924685855306 
0.09212691304193768 0.1755594787056234 
0.09418025178904617 0.1756784793487649 
0.08630587060656345 0.1743932240341305 
0.09010459414470581 0.1744147061702796 
0.09010459414470581 0.1744147061702796 
0.09010459414470581 0.1744147061702796 
0.09010459414470581 0.1744147061702796 
0.12483842884019226 0.1712330609205005 
0.14586386480455518 0.17443045056634549 
0.15911812512808945 0.16685663010893467 
0.15911812512808945 0.16685663010893467 
0.15451599371977776 0.16989309425667692 
0.17777962078018217 0.16621468630240005 
0.17777962078018217 0.16621468630240005 
0.160814282482174 0.1744257213568238 
0.16123047343899466 0.17522462528937016 
0.14850609188633093 0.17807545301408131 
0.14757584900026813 0.17814378441881687 
0.14757584900026813 0.17814378441881687 
0.1480726112117354 0.17732741984334244 
0.14248185614326403 0.17875691623186032 
0.12815553876295044 0.17751848012746024 
0.12943506241564895 0.17800569683736944 
0.08768490822119827 0.19088489082456744 
0.07438937058993786 0.19400849080007795 
0.07134001724998838 0.1947872577862284 
0.06332616293009874 0.2255049044518696 
0.0673386846319531 0.20363289313280042 
0.067407480751207 0.20298615213068977 
0.067407480751207 0.20298615213068977 
0.067407480751207 0.20298615213068977 
0.067407480751207 0.20298615213068977 
0.067407480751207 0.20298615213068977 
0.09550068038825335 0.19833365821725019 
0.09543490714782885 0.18917672792873794 
0.09478400446284835 0.18851935182088383 
0.09478400446284835 0.18851935182088383 
0.12596417056394213 0.1782144013719818 
0.13232165414781327 0.17537317153995166 
0.12387260034353756 0.17693990165621448 
0.1239157618149588 0.1769654226115092 
0.10842594269628372 0.1721344084227331 
0.1151665636891526 0.17307592250411952 
0.11458992413715137 0.17322235445172177 
0.11494885759306632 0.17004023295131918 
0.10763444226115358 0.16481572833011562 
0.11228706728728642 0.16268244203702423 
0.11157890125420723 0.16774006006197267 
0.12976428667117001 0.17837031027725486 
0.14006636541106426 0.17786023556300523 
0.11256824377675928 0.17994572552335675 
0.11256824377675928 0.17994572552335675 
0.14540382371665725 0.18279558102993143 
0.14540382371665725 0.18279558102993143 
0.15228761697241527 0.19663580605716852 
0.15228761697241527 0.19663580605716852 
0.15228761697241527 0.19663580605716852 
0.15259555841209752 0.19683968861072035 
0.15259555841209752 0.19683968861072035 
0.15259555841209752 0.19683968861072035 
0.15259555841209752 0.19683968861072035 
0.1364087063082822 0.18741155521855968 
0.1364087063082822 0.18741155521855968 
0.1066537293224699 0.1871584991519573 
0.10315683098851235 0.18872187895338305 
0.09622812526108321 0.1915475711646694 
0.09622812526108321 0.1915475711646694 
0.10026316663859011 0.19747627902264953 
0.11111905876544736 0.18883757717679148 
0.10983036306296301 0.18357400119720027 
0.09142693186117519 0.18890654748745872 
0.09930907607197438 0.18697492153173204 
0.09895905954409187 0.18925015706459034 
0.09895905954409187 0.18925015706459034 
0.10409011274359026 0.1903307719458125 
0.11449357617415676 0.18551365277794998 
0.11543655766999429 0.17856705330697725 
0.11460290256247245 0.17740754904366934 
0.11633912894117057 0.17707546419762532 
0.10914324533782381 0.176308943458192 
0.10939760287151748 0.1784623674039436 
0.10939760287151748 0.1784623674039436 
0.10777270687793812 0.18306751695381146 
0.10901040761999597 0.18239130789824898 
0.10311249552966253 0.19022128026776816 
0.10044901658350114 0.19119163437139028 
0.10063326816409948 0.19106165343185402 
0.10063326816409948 0.19106165343185402 
0.10063326816409948 0.19106165343185402 
0.0830308539572091 0.1805408362135552 
0.07413672865902375 0.17887214413458224 
0.07413672865902375 0.17887214413458224 
0.06119612166268174 0.1855262151000478 
0.07747419651439907 0.18527298189547523 
0.07797494383473776 0.18585973965835484 
0.08552653833633068 0.18809924743394613 
0.08598219751171607 0.18999158076827127 
0.08598219751171607 0.18999158076827127 
0.09478979212401396 0.1919148596927358 
0.09478979212401396 0.1919148596927358 
0.09428001320147257 0.19427860717524545 
0.08456051467355974 0.18579192807392664 
0.0845946331491648 0.18475239594375042 
0.08194680644768483 0.18858297096271126 
0.08442710877464625 0.19151082334154618 
0.07920889490037815 0.184168350882652 
0.1109212609334066 0.1810312190115187 
0.12146489132244015 0.18120879022076056 
0.12087635266619327 0.17422914596368103 
0.12355736500248492 0.17294427845731825 
0.10816642278760479 0.17278797336402762 
0.11259449664789624 0.17228190967935972 
0.11838795692060164 0.1685897589602936 
0.11838795692060164 0.1685897589602936 
0.12076538757197706 0.16734791454620435 
0.12076538757197706 0.16734791454620435 
0.11644350185408978 0.16255530391720568 
0.12587698079962134 0.16410123406264543 
0.12608362083855568 0.16413925435527402 
0.12608362083855568 0.16413925435527402 
0.14824531266698976 0.16343051232424521 
0.14824531266698976 0.16343051232424521 
0.14824531266698976 0.16343051232424521 
0.12089208344583033 0.16106495581628086 
0.12990896145057965 0.16560734413699413 
0.1300550239997319 0.16630107462404153 
0.12148891594905337 0.16325193433608653 
0.12054130112937445 0.16193978993166563 
0.12054130112937445 0.16193978993166563 
0.12054130112937445 0.16193978993166563 
0.12054130112937445 0.16193978993166563 
0.13214460424932092 0.1641236302269823 
0.11156874627689654 0.16535834415253647 
0.09486572691153257 0.16338620110913954 
0.10983429898588296 0.16239160265157257 
0.10735369354286214 0.16200217398329048 
0.10624461405767847 0.16190121720803363 
0.10624461405767847 0.16190121720803363 
0.09050658019101598 0.1604848595915511 
0.09050658019101598 0.1604848595915511 
0.08146993892223875 0.16129460013671992 
0.09012285750113558 0.166157417619819 
0.1015884843289451 0.1608848249758348 
0.10025094481835406 0.16386661464161664 
0.12014462125633646 0.16479007024230857 
0.09208549021717297 0.1790025195590663 
0.12938703787352834 0.17842355094968224 
0.12984754126544534 0.1723458122313446 
0.10780192339759925 0.17808758243483988 
0.11882126254885567 0.17924696854053607 
0.1174778562704631 0.18208724137231674 
0.1174778562704631 0.18208724137231674 
0.12461197273920424 0.18581247709439686 
0.1287136275750899 0.1877504930149919 
0.1287136275750899 0.1877504930149919 
0.13845499244654452 0.1888879406051701 
0.14009448676280262 0.19477474357584337 
0.11995232902249214 0.18576659689328426 
0.14106491777016195 0.1945983358339095 
0.1306480850928643 0.1892183819659289 
0.14874108584935863 0.2019493463349055 
0.12362844597890721 0.1990680031604372 
0.12362844597890721 0.1990680031604372 
0.12362844597890721 0.1990680031604372 
0.12362844597890721 0.1990680031604372 
0.12362844597890721 0.1990680031604372 
0.11549827449182078 0.2030899996344953 
0.11761354920282632 0.19488209750701488 
0.11974573152473822 0.1966216550957805 
0.1269693060139947 0.20401174383520088 
0.12108151153543201 0.19767982361731018 
0.10087729935301576 0.1877446980134347 
0.07661931870677542 0.19636353292837844 
0.08364369480675318 0.1882620620753466 
0.08364369480675318 0.1882620620753466 
0.0895416613173872 0.18655797735953392 
0.10949895802085988 0.182166870251571 
0.10949895802085988 0.182166870251571 
0.09924093694434462 0.18667826392076764 
0.06867164442542326 0.18549871225888542 
0.08361751823990751 0.18626773535898278 
0.08361751823990751 0.18626773535898278 
0.0897975050271781 0.185237382040292 
0.07637319862681134 0.19289452798539145 
0.0741887039605936 0.19555041888071062 
0.07749898016646811 0.19020025394151482 
0.07801496615822637 0.18279817232500933 
0.07771707026168959 0.1873008514552636 
0.08103028471325675 0.19172283816074384 
0.08186654927571371 0.18982846353696944 
0.08186654927571371 0.18982846353696944 
0.08214158763393639 0.1868747302464042 
0.08214158763393639 0.1868747302464042 
0.08295053513379352 0.1863220495775948 
0.10713597010551797 0.18319902112124747 
0.10946528699846104 0.18289655882355854 
0.12419111012447563 0.17808389113705042 
0.12515446614606796 0.1772938083882395 
0.15515239596994843 0.18349537776088135 
0.14642235625261757 0.18469631153564872 
0.14642235625261757 0.18469631153564872 
0.12759091436686937 0.18999738796374735 
0.1444811613313709 0.19525717956774347 
0.1444811613313709 0.19525717956774347 
0.14691378076308137 0.19280622110700754 
0.12130853529965288 0.18645206773079365 
0.12077945464873549 0.18618196510312537 
0.12489469231034274 0.1902385882085637 
0.12489469231034274 0.1902385882085637 
0.12850150307104596 0.19262735236670403 
0.1069123595743581 0.20926374335597459 
0.11343257610145122 0.21336148051276113 
0.1038816626915498 0.21950570668876737 
0.1038816626915498 0.21950570668876737 
0.11210326640591678 0.21234709295363008 
0.11210326640591678 0.21234709295363008 
0.10715582387064806 0.2170827426387712 
0.09617626988302103 0.20759224897246917 
0.11307652442463242 0.19728760548751145 
0.09963489920548829 0.18661154350847986 
0.09963489920548829 0.18661154350847986 
0.09965682409899734 0.18665408710761985 
0.11879571665274452 0.18193134611638098 
0.10866985504498634 0.18683000188009863 
0.10866985504498634 0.18683000188009863 
0.10645046675948285 0.18627152513762754 
0.10764445813142984 0.18567160249649067 
0.11173862405807049 0.1876326095431533 
0.08725998569581114 0.20097446572570665 
0.08819161090928142 0.18714848988894053 
0.08819161090928142 0.18714848988894053 
0.09530531041197822 0.1787500022511515 
0.11027841010129949 0.18424540173908155 
0.11324526713165341 0.17650323070372223 
0.11434248568037038 0.1763830108354491 
0.11436548126964476 0.1755119611365059 
0.0976942499284037 0.17477307536141537 
0.09958431860282957 0.17379132062068325 
0.06336616446602848 0.1681944203773934 
0.06336616446602848 0.1681944203773934 
0.06336616446602848 0.1681944203773934 
0.06336616446602848 0.1681944203773934 
0.06336616446602848 0.1681944203773934 
0.06207564718428048 0.16727619712442626 
0.06207564718428048 0.16727619712442626 
0.091586535988665 0.16939958191805568 
0.08907455697105666 0.16940197793096431 
0.08907455697105666 0.16940197793096431 
0.0919244343769966 0.17093590869193778 
0.0919244343769966 0.17093590869193778 
0.09374069997143393 0.16611663057914874 
0.09712632922875637 0.16666070734551058 
0.09712632922875637 0.16666070734551058 
0.09712632922875637 0.16666070734551058 
0.09712632922875637 0.16666070734551058 
0.0988778073319462 0.16527530729855033 
0.06902750985592938 0.16608610581600547 
0.06902750985592938 0.16608610581600547 
0.08563105005423438 0.17725806692929785 
0.08431332994111222 0.17553380474480568 
0.0811132846711995 0.17715560002913117 
0.0811132846711995 0.17715560002913117 
0.0811132846711995 0.17715560002913117 
0.08751826385952638 0.18262392189197044 
0.08800502925089532 0.18243045386616422 
0.08682868763953244 0.1819917393770641 
0.06517084207281856 0.18636872743589414 
0.06517084207281856 0.18636872743589414 
0.06517084207281856 0.18636872743589414 
0.07303868628566106 0.18657853357362034 
0.11107854354343127 0.1810896425992361 
0.08110384289774221 0.19136764430546555 
0.07991443472518081 0.1924722086903804 
0.07769605333591495 0.19780941918902983 
0.08572040290544007 0.19155502189276608 
0.08572040290544007 0.19155502189276608 
0.08572788057654604 0.1922427601454706 
0.08572788057654604 0.1922427601454706 
0.08572788057654604 0.1922427601454706 
0.11407086357588833 0.17754907143903834 
0.14341217645020127 0.1733133797692832 
0.14625461772354573 0.17428043409128327 
0.1453301917928728 0.17399623318882446 
0.1431097904944666 0.16462511604988703 
0.14209987518843703 0.16482913139213573 
0.14642457903830947 0.16379915146583796 
0.1439269873833734 0.1659483290842282 
0.1439269873833734 0.1659483290842282 
0.1439269873833734 0.1659483290842282 
0.1437038595814993 0.16584189148934306 
0.14217199522574314 0.16010465398838608 
0.1682563467323036 0.16004006059106152 
0.16467376134763007 0.16565862739560677 
0.16467376134763007 0.16565862739560677 
0.1649795361353324 0.16543097573586002 
0.17850631134617284 0.16395235061766597 
0.17242525342254747 0.17197804305167305 
0.16277978614693966 0.1715102267695406 
0.16382763505028292 0.17464926420631569 
0.16382763505028292 0.17464926420631569 
0.16382763505028292 0.17464926420631569 
0.17220355618281874 0.18028492479376684 
0.17220355618281874 0.18028492479376684 
0.16974651664111243 0.17638752694225962 
0.16690155908693427 0.17837775458616745 
0.1507043957000589 0.1796435526701714 
0.1562519744471882 0.17955069357873019 
0.15815555562233757 0.17926841143354866 
0.1559244957276462 0.1768610829199993 
0.17495946780064325 0.17801331459015685 
0.17546425574541746 0.17713225623180506 
0.15212702948618356 0.1751571453173127 
0.14720903352254092 0.17218084606413386 
0.1415126776930009 0.17295027531260793 
0.14381593289006175 0.17413432150777255 
0.1516882942891569 0.17058578389059842 
0.1516882942891569 0.17058578389059842 
0.17965074265162936 0.154619245294741 
0.17965074265162936 0.154619245294741 
0.17965074265162936 0.154619245294741 
0.17965074265162936 0.154619245294741 
0.17683358528658435 0.1576907462101194 
0.16683633579514517 0.16346962216695193 
0.17122743616982336 0.162586819372866 
0.17122743616982336 0.162586819372866 
0.17415626611300672 0.17139482240141987 
0.1741232638161027 0.1713965120485393 
0.1741232638161027 0.1713965120485393 
0.1741232638161027 0.1713965120485393 
0.1741232638161027 0.1713965120485393 
0.1741232638161027 0.1713965120485393 
0.1741232638161027 0.1713965120485393 
0.17662435279120203 0.1689128087075127 
0.1559964527348372 0.17108136932093293 
0.14705495069249655 0.17149912022811495 
0.12103292992307016 0.17197263030898388 
0.12039491566679486 0.1719037317899712 
0.10844205775705157 0.1689160719905139 
0.12115630539113645 0.16431149321390787 
0.09991038395774722 0.16746081592518602 
0.11958238396497675 0.17208474876953694 
0.10726241238345624 0.17063742717058025 
0.12269141455125115 0.17244999044964612 
0.10287933908075708 0.16889425402820085 
0.10023206979422042 0.17105536386066492 
0.08253515880047253 0.1786568200205537 
0.06176706511510591 0.1742083731617091 
0.06176706511510591 0.1742083731617091 
0.06176706511510591 0.1742083731617091 
0.06176706511510591 0.1742083731617091 
0.06176706511510591 0.1742083731617091 
0.06176706511510591 0.1742083731617091 
0.10410475041414985 0.1781057085655227 
0.09990402758249922 0.17973566989528156 
0.09990402758249922 0.17973566989528156 
0.10677185228405542 0.17670090216031206 
0.09169804364504519 0.17812733083704754 
0.08157917727527206 0.17645165904442178 
0.07832544611773697 0.18009058182627738 
0.06917959250851002 0.1723322295725692 
0.06917959250851002 0.1723322295725692 
0.06917959250851002 0.1723322295725692 
0.06917959250851002 0.1723322295725692 
0.07004691972892069 0.16999872119559212 
0.07004691972892069 0.16999872119559212 
0.07004691972892069 0.16999872119559212 
0.07004691972892069 0.16999872119559212 
0.07513486340690251 0.17123957953544983 
0.07513486340690251 0.17123957953544983 
0.06664689540123439 0.170264793842173 
0.08200481629777126 0.17750990546153572 
0.08200481629777126 0.17750990546153572 
0.0642958585307456 0.18147133143396282 
0.0642958585307456 0.18147133143396282 
0.0642958585307456 0.18147133143396282 
0.11212581114675246 0.1750502076255363 
0.12157136830197789 0.16721955700797497 
0.1235177522259413 0.1653850217638899 
0.09634632495663913 0.1738601254750785 
0.0774485825856067 0.16972788452510224 
0.08753681652432789 0.16900933931709144 
0.08753681652432789 0.16900933931709144 
0.08527683920140075 0.16281283591887896 
0.08527683920140075 0.16281283591887896 
0.08568776471629899 0.1628367987308447 
0.08121794461506925 0.1662614325548106 
0.0785917577969771 0.16580349445936735 
0.09261546700158647 0.16730070839903863 
0.09354913248896975 0.16682886224811597 
0.09871347080884901 0.15834620450176046 
0.10901721001804066 0.1631792633205868 
0.11896580489095918 0.16761362545753938 
0.1423560730952248 0.1684601585628235 
0.14333295091267498 0.16730216864125194 
0.14333295091267498 0.16730216864125194 
0.14294904486498883 0.16752589290243 
0.14294904486498883 0.16752589290243 
0.13901719082735578 0.16737743002309036 
0.14921438570343676 0.15051498470277944 
0.14921438570343676 0.15051498470277944 
0.14921438570343676 0.15051498470277944 
0.15534038199655648 0.15587555702605724 
0.15534038199655648 0.15587555702605724 
0.15534038199655648 0.15587555702605724 
0.15534038199655648 0.15587555702605724 
0.15534038199655648 0.15587555702605724 
0.13439810212863013 0.15934027801441236 
0.1379899639595125 0.16233826911835342 
0.1390172988092577 0.16225880187270827 
0.14189611478291844 0.16125724542132772 
0.1368036708329353 0.16269546927103687 
0.1368036708329353 0.16269546927103687 
0.1457187283811599 0.16116822096106764 
0.12469181274615676 0.1614446418205827 
0.1139649373827527 0.1742921063292044 
0.1139649373827527 0.1742921063292044 
0.14388951221570934 0.16672217493813035 
0.14388951221570934 0.16672217493813035 
0.14388951221570934 0.16672217493813035 
0.15185649479188912 0.16692190583892952 
0.15185649479188912 0.16692190583892952 
0.15185649479188912 0.16692190583892952 
0.15185649479188912 0.16692190583892952 
0.18019870272031766 0.15830447973069284 
0.18019870272031766 0.15830447973069284 
0.18019870272031766 0.15830447973069284 
0.17799396124549657 0.17014705257873536 
0.17799396124549657 0.17014705257873536 
0.17799396124549657 0.17014705257873536 
0.17799396124549657 0.17014705257873536 
0.17799396124549657 0.17014705257873536 
0.17691792223888547 0.17206357818857104 
0.17691792223888547 0.17206357818857104 
0.17691792223888547 0.17206357818857104 
0.17375265227414238 0.17426943243565907 
0.17375265227414238 0.17426943243565907 
0.17375265227414238 0.17426943243565907 
0.17621579757771194 0.17467049771310472 
0.17621579757771194 0.17467049771310472 
0.17621579757771194 0.17467049771310472 
0.16738493350396846 0.17820152503767808 
0.16738493350396846 0.17820152503767808 
0.14966531704499528 0.1774096470272257 
0.15352217463134266 0.18054820841583935 
0.15572856148774902 0.1826314386964425 
0.15386656924586437 0.18253420151012406 
0.1510597861040638 0.18275287817074176 
0.15681110628125616 0.1824999033108309 
0.15681110628125616 0.1824999033108309 
0.15681110628125616 0.1824999033108309 
0.16088318627251288 0.1822692913973799 
0.16804153237345018 0.18901826258913493 
0.154311730668597 0.18539761756704978 
0.154311730668597 0.18539761756704978 
0.154311730668597 0.18539761756704978 
0.15422839153469445 0.1852258608384461 
0.1439827856072276 0.1849772650441313 
0.1439827856072276 0.1849772650441313 
0.132120740261926 0.1871337738142976 
0.13821158912092207 0.18168702555299124 
0.14622350310534543 0.18566422685330936 
0.1574374651883151 0.18954249269945214 
0.1574374651883151 0.18954249269945214 
0.1574374651883151 0.18954249269945214 
0.15706787175146933 0.19102081064923804 
0.14993738802169487 0.1899235301570346 
0.14993738802169487 0.1899235301570346 
0.15379822893200276 0.18736709525421624 
0.15851839205056584 0.18872988831987178 
0.15512964296757156 0.1871959608315021 
0.13428169090291875 0.181672183507248 
0.13428169090291875 0.181672183507248 
0.13428169090291875 0.181672183507248 
0.12737407613045137 0.18005328285802466 
0.12766286092640683 0.18026201155401936 
0.1365914435845903 0.1801307747255906 
0.12780599621583957 0.17848652477894478 
0.12780599621583957 0.17848652477894478 
0.08175146319452854 0.17842110869255903 
0.11627479563677796 0.16914583755459636 
0.07517935623470237 0.1682187614849423 
0.07517935623470237 0.1682187614849423 
0.07517935623470237 0.1682187614849423 
0.07517935623470237 0.1682187614849423 
0.07517935623470237 0.1682187614849423 
0.07517935623470237 0.1682187614849423 
0.07517935623470237 0.1682187614849423 
0.0682575291042788 0.16757163970023728 
0.0682575291042788 0.16757163970023728 
0.0682575291042788 0.16757163970023728 
0.08750519247347821 0.16928176134539646 
0.08545647982018621 0.16932036942380008 
0.08512303161042888 0.16895715827860625 
0.08512303161042888 0.16895715827860625 
0.08512303161042888 0.16895715827860625 
0.08401391975839322 0.17132958805030848 
0.08606737568354408 0.17473567197023177 
0.09162826180532721 0.17693272483117073 
0.09020530709511154 0.17647368902583277 
0.09020530709511154 0.17647368902583277 
0.10353104879935274 0.17611163984819767 
0.08834062104690225 0.17758067209506873 
0.08366715538344478 0.17981954561654653 
0.08725646563022688 0.17984819892533774 
0.08424498897253897 0.17986731338109418 
0.08394470073495003 0.17978814991363376 
0.08615874510210549 0.18095736342065843 
0.09114648006734963 0.1803553588088067 
0.09114648006734963 0.1803553588088067 
0.09428440425511353 0.17433290570564236 
0.1078580648470403 0.16120653636094237 
0.1078580648470403 0.16120653636094237 
0.10297654687943643 0.15986758130794584 
0.10297654687943643 0.15986758130794584 
0.10099900138855986 0.17203850896595618 
0.0977005631119217 0.17371489788388828 
0.1020323804554701 0.1743872222013769 
0.10164951052139821 0.17587398943388294 
0.10097236747725155 0.17573748274309992 
0.1303125964748984 0.1861255952382194 
0.1460062131206354 0.1877499676485152 
0.1460062131206354 0.1877499676485152 
0.1460062131206354 0.1877499676485152 
0.17142525235330763 0.1850194989105525 
0.17333946351415958 0.18517866468702712 
0.17333946351415958 0.18517866468702712 
0.17238949335278417 0.18592899836023888 
0.17238949335278417 0.18592899836023888 
0.17238949335278417 0.18592899836023888 
0.16852554207485623 0.18645752851156996 
0.15188619568093528 0.1822556621795699 
0.15221030023396603 0.18251275676230572 
0.14940609831619825 0.18429678448089598 
0.1456270363636751 0.1870460983925 
0.1469874587573673 0.18672040125527659 
0.16908050240565695 0.1819638473435059 
0.1597462671197445 0.18128234926460446 
0.1597462671197445 0.18128234926460446 
0.1510758174483173 0.18866820392097633 
0.14959115046639354 0.18981715357526574 
0.14959115046639354 0.18981715357526574 
0.15878834082352855 0.1918664525024864 
0.15106806520248403 0.19039560227231206 
0.1494667437530234 0.18370047962147082 
0.14808589219698487 0.18360003260609126 
0.13923970824047383 0.18016477629438699 
0.1428329461401238 0.1753457850921478 
0.1428329461401238 0.1753457850921478 
0.1428329461401238 0.1753457850921478 
0.1402590430958717 0.1744785956270984 
0.125652724689459 0.17700138707222582 
0.1385346245528538 0.1724110610695108 
0.14710508045758916 0.1730489482895928 
0.14428659854894132 0.17060487324909027 
0.1489180137679927 0.17487257520998933 
0.1489180137679927 0.17487257520998933 
0.1476766544626196 0.1731027511880303 
0.15798747741450792 0.17159489140042006 
0.15325768251177774 0.17349452172468105 
0.14342821460210028 0.17464457365897124 
0.15171931101458186 0.17675445871898038 
0.12899882409665908 0.18446404234346442 
0.1443843732769559 0.1843860872718107 
0.1443843732769559 0.1843860872718107 
0.13253121754102964 0.185044114309527 
0.12166308144164954 0.17886076203732357 
0.12166308144164954 0.17886076203732357 
0.1320821112065226 0.17711571423690656 
0.10648797932275211 0.1777021728385083 
0.12338226207665962 0.18400008814593147 
0.14379202558650755 0.1849511631623916 
0.16886527566991308 0.19158382593714468 
0.17347968545140624 0.18032851188220192 
0.17347968545140624 0.18032851188220192 
0.17147082952622478 0.17967264708141437 
0.17147082952622478 0.17967264708141437 
0.12327422010892139 0.17429829741022806 
0.12357144556274544 0.17488595399845766 
0.12563465356283304 0.18035070385958402 
0.1289215421126819 0.18245137401439213 
0.1258691781471484 0.18103086131085488 
0.09319082813100692 0.18558890153189417 
0.093411235109387 0.1853629620276357 
0.09262124854788895 0.18461429807218335 
0.09018165943416337 0.1819229828970142 
0.07362951564234199 0.17634162362217065 
0.07362951564234199 0.17634162362217065 
0.07212522004003456 0.17596770766934472 
0.06888162092618495 0.17612780559230212 
0.06076785496053741 0.17827743629351292 
0.06076785496053741 0.17827743629351292 
0.08625986464533816 0.1775190838687197 
0.08123702795866958 0.178028891162809 
0.08046697321012558 0.17065719773659177 
0.07843258407966128 0.17031903032471032 
0.0843197975993928 0.17405455733560407 
0.0846860103592875 0.17634897440911826 
0.08159160998775622 0.1755863130803311 
0.11657169326940128 0.1792114554874468 
0.1337471657772648 0.17940856042657696 
0.1366563904938253 0.17754745755233478 
0.14238025993140768 0.18547939535007557 
0.1432421771560827 0.1857248078000339 
0.13219417113555326 0.18508684951633433 
0.1267474714833029 0.18557876861292522 
0.1267474714833029 0.18557876861292522 
0.12365995245624178 0.18395387917113526 
0.15439900984281515 0.18257742480240402 
0.18077355855942062 0.18778787035054478 
0.18077355855942062 0.18778787035054478 
0.12796515849911516 0.1782694177546028 
0.1310620623501969 0.18458048453315612 
0.11476856733506172 0.18875371457697476 
0.12233266126668763 0.19438955401457333 
0.1161817226567591 0.19201762829530353 
0.1161817226567591 0.19201762829530353 
0.10885289045481965 0.18860163896167678 
0.10850953108484385 0.18737054104856168 
0.115659435153246 0.18399547932356417 
0.11357558441011192 0.1806741734238321 
0.15763724741764995 0.1956048031888999 
0.16439105702053522 0.1985906400654676 
0.16439105702053522 0.1985906400654676 
0.15522088621522773 0.19693289682650247 
0.14885664199239199 0.19310693573045193 
0.1800243117006578 0.20483602331680292 
0.174759135780639 0.19516473147712307 
0.174759135780639 0.19516473147712307 
0.17597604814286477 0.1954976367321606 
0.17414421560560844 0.19517733509899135 
0.17414421560560844 0.19517733509899135 
0.17414421560560844 0.19517733509899135 
0.17414421560560844 0.19517733509899135 
0.1558044668902435 0.18899295378423397 
0.1558044668902435 0.18899295378423397 
0.14606913044495362 0.184868162300626 
0.1480677504496951 0.1913478037085991 
0.14800951257822956 0.19124251091597988 
0.15292495231667866 0.19395418161890324 
0.14706083238347675 0.1933489082999519 
0.14706083238347675 0.1933489082999519 
0.15589665891838062 0.20444504735116592 
0.15678823420614407 0.20604958146853766 
0.1607851360348451 0.2075241456301678 
0.1607851360348451 0.2075241456301678 
0.1607851360348451 0.2075241456301678 
0.1607851360348451 0.2075241456301678 
0.1607851360348451 0.2075241456301678 
0.1607851360348451 0.2075241456301678 
0.16824168153648567 0.186004851884866 
0.16824168153648567 0.186004851884866 
0.16864953874739702 0.1862900338398358 
0.1686737801546166 0.18629038095546568 
0.17745388998852493 0.18914661499585345 
0.17343692629516214 0.18884582724019616 
0.15797570685061443 0.18165085689445895 
0.1487018381279711 0.18000145304754728 
0.1453078105285982 0.17883788895954475 
0.1453078105285982 0.17883788895954475 
0.14699997035305848 0.17897331295010027 
0.1494747853233838 0.17919550965208653 
0.1561461266096065 0.1781663790915876 
0.15954984219274868 0.17425654435908336 
0.15954984219274868 0.17425654435908336 
0.15954984219274868 0.17425654435908336 
0.15954984219274868 0.17425654435908336 
0.15954984219274868 0.17425654435908336 
0.16107041329363225 0.1781176080664018 
0.16881336423062798 0.1831663210404226 
0.15072083171538123 0.17799407632133546 
0.15072083171538123 0.17799407632133546 
0.11155829024668507 0.17444366974096473 
0.11155829024668507 0.17444366974096473 
0.11011845560901345 0.17467815604862003 
0.10544987361846332 0.17242086923338043 
0.12343507054729905 0.1757677651327078 
0.12204035581007032 0.1750537402052695 
0.12537769358132225 0.17673504419194416 
0.1163006438853778 0.1743325166497951 
0.09391109328522237 0.17706639776607505 
0.12099584289556176 0.18117865535718863 
0.12916562441382184 0.1805651630317389 
0.139384765453419 0.1844869137716009 
0.13179938660468266 0.1827257926823448 
0.13863089085287214 0.17869229765741096 
0.13370406307762686 0.17537295008252118 
0.13370406307762686 0.17537295008252118 
0.13486395042793947 0.17346243557431926 
0.1756550872740173 0.18841719837036916 
0.17218656194839257 0.18487660573971135 
0.17023739495466192 0.18548109272362293 
0.17023739495466192 0.18548109272362293 
0.17023739495466192 0.18548109272362293 
0.1563583519124283 0.18444307618764924 
0.15730609935008932 0.18288501913428362 
0.15730609935008932 0.18288501913428362 
0.16479351042023027 0.1863769932947551 
0.16729255357725895 0.1898193511367425 
0.1667703839259358 0.189421566697098 
0.1644010952057371 0.18939005947369536 
0.1541752714405045 0.18423688571203073 
0.1541752714405045 0.18423688571203073 
0.14268868488474037 0.1780836029227598 
0.14268868488474037 0.1780836029227598 
0.15437926521895218 0.1766277760348268 
0.1575858413694995 0.17626097144577832 
0.17565082055594278 0.17719194298810007 
0.17565082055594278 0.17719194298810007 
0.17565082055594278 0.17719194298810007 
0.17600550257808414 0.17466654583785085 
0.17583875071903748 0.17147913367226977 
0.17583875071903748 0.17147913367226977 
0.17446807657256663 0.17124572683262834 
0.17446807657256663 0.17124572683262834 
0.17446807657256663 0.17124572683262834 
0.17446807657256663 0.17124572683262834 
0.17361387528177552 0.17091770329206696 
0.17361387528177552 0.17091770329206696 
0.17084455772173301 0.160952989378016 
0.1703937527336141 0.16127918256154347 
0.16143815526533067 0.16970448927166215 
0.16143815526533067 0.16970448927166215 
0.1515225504499044 0.1667113731383209 
0.14073270609650712 0.18125473408485926 
0.13071266138428964 0.18374883995709396 
0.1372330044757457 0.1813200888777815 
0.16459561350201884 0.1847926116373221 
0.16411875494684103 0.18468963249468337 
0.16411875494684103 0.18468963249468337 
0.17593953091244346 0.1849217602810089 
0.17593953091244346 0.1849217602810089 
0.1730039762723896 0.19695414756193183 
0.1730039762723896 0.19695414756193183 
0.17422469538930876 0.20127984723604714 
0.16717255107097592 0.20394571323138183 
0.16717255107097592 0.20394571323138183 
0.16717255107097592 0.20394571323138183 
0.15397289800280034 0.1999619524264885 
0.15397289800280034 0.1999619524264885 
0.1404070708066939 0.19532256662268252 
0.11777264955395236 0.18799442193703006 
0.0814931444369791 0.18626171152585752 
0.08724402398233 0.18548781413994717 
0.11330966431994122 0.17951245400323063 
0.1539671527858157 0.18341471024730835 
0.1511993394391476 0.18345767547005737 
0.14390734323461407 0.18051394792321104 
0.14108043800087294 0.16661729030309513 
0.12986321615559243 0.17074470659871696 
0.13781061357368948 0.16812010014403264 
0.13781061357368948 0.16812010014403264 
0.1610533269259634 0.1682039596904673 
0.1610533269259634 0.1682039596904673 
0.1610533269259634 0.1682039596904673 
0.1610533269259634 0.1682039596904673 
0.15773792420778682 0.16841335355593673 
0.1644278024008777 0.174094237185455 
0.1644278024008777 0.174094237185455 
0.1623581778004253 0.17469240420519902 
0.1554379411205195 0.17382321223079406 
0.15278382356782746 0.17475675181703093 
0.1533423440122278 0.17579865311582754 
0.1533423440122278 0.17579865311582754 
0.12499252213260437 0.17728225228855343 
0.12499252213260437 0.17728225228855343 
0.12528556775556227 0.17724631935166651 
0.12229908074197374 0.1708997467968321 
0.12006932124020753 0.16927923435652079 
0.13102877040179692 0.16970027041668442 
0.11870599652140627 0.16412851624548155 
0.11993689771775407 0.16053592239824216 
0.13700737082931058 0.16141744745170714 
0.13700737082931058 0.16141744745170714 
0.13700737082931058 0.16141744745170714 
0.14515265258723775 0.15941718439859154 
0.13253908616247473 0.16188777900735332 
0.13150397055466603 0.16012917864675016 
0.13143932464571628 0.15974438904304525 
0.13143932464571628 0.15974438904304525 
0.1263434228977209 0.16562949409637714 
0.12091258847227516 0.1665920616621058 
0.1119892679098521 0.16538274739500206 
0.1119892679098521 0.16538274739500206 
0.12575041584989907 0.16754306201774002 
0.11676777167217008 0.16764936123189933 
0.13726258351150578 0.1623987441569375 
0.13726258351150578 0.1623987441569375 
0.13712303869915948 0.16219417380046866 
0.13712303869915948 0.16219417380046866 
0.1355764661979278 0.16588514804779744 
0.13260076520822783 0.16094024768426068 
0.12624928425867676 0.15850409374586413 
0.12624928425867676 0.15850409374586413 
0.11551105154657021 0.16694879801961804 
0.11551105154657021 0.16694879801961804 
0.1135908003886941 0.1645751726002041 
0.11366022959274133 0.16452501941812586 
0.11233498445877567 0.1663883374220113 
0.07946394014254768 0.15719646797826003 
0.07877580984669227 0.15621980450268425 
0.08716547682234779 0.1577091105035679 
0.1156460159767567 0.17039197922002733 
0.11454600168205073 0.17074816509130702 
0.07142593224578575 0.16822975082843575 
0.10748825146932409 0.16794376681217624 
0.09052419829004911 0.16922532583837502 
0.08324503892792069 0.17072830906621356 
0.08324503892792069 0.17072830906621356 
0.08224682409220926 0.167432476623755 
0.08224682409220926 0.167432476623755 
0.06522560335801905 0.1591581868988606 
0.06522560335801905 0.1591581868988606 
0.06581080981247192 0.16354152084759466 
0.06581080981247192 0.16354152084759466 
0.06581080981247192 0.16354152084759466 
0.06657011257897222 0.1639375840107595 
0.08899404807199522 0.16639415688376652 
0.0888011979091494 0.17171402621371795 
0.0778349519707138 0.17149364497936723 
0.07220190720486519 0.1724311542851865 
0.07220190720486519 0.1724311542851865 
0.060952991427567466 0.17687417686823842 
0.060952991427567466 0.17687417686823842 
0.0651844269486532 0.17941954859167542 
0.0651844269486532 0.17941954859167542 
0.09085461577847312 0.17984176760125925 
0.09079409697960515 0.18273500270294063 
0.10260738247997457 0.1806233310647536 
0.10260738247997457 0.1806233310647536 
0.10594415227296959 0.18025723549700812 
0.13751726253312502 0.18371386935827846 
0.13035789938208725 0.18301247706755588 
0.14066623911144258 0.1787712413708832 
0.13140928954915837 0.17586275654762393 
0.13140928954915837 0.17586275654762393 
0.15157382282219253 0.17678350783270855 
0.15137487087236154 0.17638947503188437 
0.17805805601647767 0.18634075967318137 
0.1535767609932825 0.1836360516878847 
0.15232060813768408 0.18131936095668233 
0.1664181585273784 0.1842107246825779 
0.1664181585273784 0.1842107246825779 
0.15974575327886248 0.18430203090356942 
0.15974575327886248 0.18430203090356942 
0.16434727911649338 0.1900922641747013 
0.16272957074251798 0.1910722989060859 
0.16616630455977027 0.1993081302856436 
0.16616630455977027 0.1993081302856436 
0.15358568268851608 0.19006619776618322 
0.15373681134825892 0.1898363041490058 
0.1428133094012789 0.17985389163942447 
0.12778099749926466 0.1805013907160597 
0.1264305226691811 0.17784851414777086 
0.10224864831622847 0.16866758899963027 
0.1001983637047143 0.16855263373312443 
0.09951833450953154 0.16902196220698237 
0.10517633095033545 0.16840960735582974 
0.10517633095033545 0.16840960735582974 
0.09765809369792748 0.1697104285227306 
0.09765809369792748 0.1697104285227306 
0.11832297981986878 0.16387696227683188 
0.11822680861675489 0.16352995697202982 
0.11246764945334123 0.1641774803358083 
0.1224173588824765 0.1620974922370405 
0.12239636609168537 0.1621193598660759 
0.16479571904993523 0.1588348230950178 
0.16424879141741375 0.1592980736073024 
0.16424879141741375 0.1592980736073024 
0.16424879141741375 0.1592980736073024 
0.13783044584164791 0.1677561111707641 
0.15875432097277897 0.166750112822823 
0.15875432097277897 0.166750112822823 
0.14748387156730897 0.16848177236533968 
0.1405944253642149 0.16716864268309545 
0.13796966824272125 0.1665999522071904 
0.1351833281671828 0.16630786714135862 
0.13558399029243975 0.16596547942333437 
0.13508826321137993 0.1685084321151264 
0.13428567515217393 0.16847930897930513 
0.11941034868357803 0.16945286509581942 
0.12640921273860542 0.17207565382685625 
0.127496583509802 0.17171858540584342 
0.14018699361446998 0.1764986635485198 
0.14018699361446998 0.1764986635485198 
0.14292637517562606 0.1741832822098267 
0.14147268231610746 0.17480473383125997 
0.13409271439802162 0.1696788465866017 
0.13409271439802162 0.1696788465866017 
0.10450646049221185 0.1712853136723269 
0.11410307643352294 0.16970837441951403 
0.11410307643352294 0.16970837441951403 
0.11410307643352294 0.16970837441951403 
0.11410307643352294 0.16970837441951403 
0.1143312799504728 0.1702327822576149 
0.08212582530002276 0.18772211130335775 
0.08212582530002276 0.18772211130335775 
0.06572022071785132 0.1901924195255434 
0.06572022071785132 0.1901924195255434 
0.06572022071785132 0.1901924195255434 
0.07159615880946102 0.19002275193154874 
0.08195134099256851 0.1861103037928664 
0.06682218047286922 0.18726473468765234 
0.06682218047286922 0.18726473468765234 
0.06543041858126791 0.18113311970203072 
0.08511539626537457 0.17333996071815455 
0.08511539626537457 0.17333996071815455 
0.08511539626537457 0.17333996071815455 
0.08511539626537457 0.17333996071815455 
0.08222133623539707 0.17172544939772408 
0.12280573910292135 0.177600629054959 
0.12194193388321173 0.17745693156674014 
0.11162563285447853 0.1774817709712496 
0.09113011651536138 0.17113005827765074 
0.09113011651536138 0.17113005827765074 
0.07662041173273379 0.1703385582020476 
0.08204988882416243 0.1674760726734367 
0.07322409129219423 0.17103734871591922 
0.06831655345534852 0.168957340453551 
0.07353840790887416 0.1703686224513078 
0.07353840790887416 0.1703686224513078 
0.07353840790887416 0.1703686224513078 
0.08778633856971645 0.17113919144853254 
0.10993544065491118 0.1718881329356841 
0.10993544065491118 0.1718881329356841 
0.1162707488811803 0.16977215557325837 
0.10939535736608372 0.16865828232182353 
0.11351027791833325 0.16778553665336224 
0.1090912337255919 0.17043270096146418 
0.11973594511391057 0.17479270798372923 
0.09334302372683863 0.17973179841231493 
0.08595385207955171 0.1789463156716533 
0.08322417879591588 0.1795695006681927 
0.08135889952191279 0.180271742119608 
0.10673405575597728 0.1772815442941031 
0.1366377283157682 0.1676628938518765 
0.1252985583991653 0.15976736928930413 
0.1252985583991653 0.15976736928930413 
0.1252985583991653 0.15976736928930413 
0.1247009944213212 0.16005322472614972 
0.1257917256158684 0.1593042360201025 
0.1408401990968559 0.15547964918552715 
0.14402006376916815 0.16104966636877877 
0.14402006376916815 0.16104966636877877 
0.1380350273850772 0.1647927969063366 
0.1347054019998543 0.1666901039455397 
0.129756802138495 0.16474669028572023 
0.1669293219883369 0.1558707762958318 
0.1329217216297294 0.1595860323778131 
0.1333682834819655 0.1597132726387236 
0.1333682834819655 0.1597132726387236 
0.13191381235072175 0.16095242129222903 
0.13191381235072175 0.16095242129222903 
0.1551904627103088 0.1583357610495896 
0.127736758575409 0.1646531434931692 
0.12661463998825584 0.16480832724605654 
0.12075055473784657 0.1643131197047076 
0.12127613034336981 0.16561407874443365 
0.12127613034336981 0.16561407874443365 
0.12127613034336981 0.16561407874443365 
0.12127613034336981 0.16561407874443365 
0.11442039055372888 0.17131110572489625 
0.11442039055372888 0.17131110572489625 
0.135731256766243 0.17146801858509345 
0.16336037767835537 0.17746507725079708 
0.16336037767835537 0.17746507725079708 
0.15941323207904984 0.17556059580011993 
0.15941323207904984 0.17556059580011993 
0.15941323207904984 0.17556059580011993 
0.16599249780945385 0.17161779887304657 
0.14943613399915953 0.16818985514101767 
0.12263846293137881 0.16541133943255398 
0.16438423899030874 0.1658933867959114 
0.16438423899030874 0.1658933867959114 
0.16438423899030874 0.1658933867959114 
0.17536577657984254 0.1636823271153334 
0.17536577657984254 0.1636823271153334 
0.14062094981934392 0.1714156253105914 
0.14071247342592383 0.17143411555949858 
0.12496573258646981 0.16817135705509115 
0.07242822777173535 0.1631853488598826 
0.07242822777173535 0.1631853488598826 
0.07242822777173535 0.1631853488598826 
0.07252517518431309 0.16755749805128867 
0.07085588321102577 0.169859500930229 
0.07085588321102577 0.169859500930229 
0.07085588321102577 0.169859500930229 
0.07866556529134801 0.1703362895726741 
0.07668780389318162 0.17027895291964987 
0.07931683590718218 0.1709958457524568 
0.07931683590718218 0.1709958457524568 
0.07831992357252489 0.16852943521062272 
0.07831992357252489 0.16852943521062272 
0.08871926104918088 0.17362701402515937 
0.08891108340209417 0.17334672337067666 
0.08364081443593627 0.17488028623704416 
0.09786828749670629 0.17301778804138923 
0.09786828749670629 0.17301778804138923 
0.09786828749670629 0.17301778804138923 
0.10311280238998596 0.17744964074103445 
0.10311280238998596 0.17744964074103445 
0.12365866315582763 0.1772628145611885 
0.1322645213192197 0.17723766069165564 
0.1322645213192197 0.17723766069165564 
0.12028363781277412 0.1797508324677057 
0.12056672571497376 0.17987993124526394 
0.11714004403297171 0.17977100164070461 
0.11920033911889512 0.18982545528446965 
0.10313170370596128 0.185535979725376 
0.10287709927708144 0.18564208591556283 
0.101885399830041 0.18917404668105983 
0.09775007435889069 0.18620371011729664 
0.10512315071720514 0.18412735733436938 
0.11789760506555394 0.18856097329351326 
0.13052929056980025 0.19926276187371567 
0.13052929056980025 0.19926276187371567 
0.11251193198855627 0.19299030263440695 
0.11251193198855627 0.19299030263440695 
0.11251193198855627 0.19299030263440695 
0.1118528147722348 0.19600850453726432 
0.11055998048213043 0.19657142961436938 
0.11383145466783365 0.19289363193896525 
0.12324465268214527 0.1987645065743881 
0.12324465268214527 0.1987645065743881 
0.12050726772295477 0.1868490752820297 
0.12091210729662524 0.18673188037553842 
0.11979618761349697 0.1870286041613237 
0.11839325438337678 0.187817358030156 
0.1134425483948715 0.18679899526403163 
0.11764418287900878 0.18824044181954855 
0.11764418287900878 0.18824044181954855 
0.13754667206938587 0.19381260569345554 
0.13754667206938587 0.19381260569345554 
0.14347012417408092 0.19320016154190495 
0.11392914280068933 0.18707297695558853 
0.11037550494968998 0.18424354378282087 
0.11536681113290254 0.18514780105264744 
0.1035654068615006 0.1827623976005323 
0.09920938041019418 0.17923906739369505 
0.08210580602397169 0.1852994377469756 
0.08210580602397169 0.1852994377469756 
0.08210580602397169 0.1852994377469756 
0.08102007833985342 0.18075223510098168 
0.0848629228539042 0.18450332358581772 
0.08518780713337917 0.1847653140813972 
0.07976372051729395 0.1956742545478133 
0.0822810372276338 0.19373545674567708 
0.06761504579707459 0.1926368352441025 
0.06761504579707459 0.1926368352441025 
0.06761504579707459 0.1926368352441025 
0.07257970642107979 0.1866959926848003 
0.07307298220833058 0.1785286977251362 
0.0705736131575387 0.1788049186439591 
0.07564405347038146 0.17883932569181757 
0.07564405347038146 0.17883932569181757 
0.07564405347038146 0.17883932569181757 
0.0671779446746954 0.1802998989469716 
0.0671779446746954 0.1802998989469716 
0.0671779446746954 0.1802998989469716 
0.1154359074912456 0.17496148439122364 
0.11265616659885919 0.17378045123631472 
0.11423052434427922 0.16756330222971497 
0.11199523885708694 0.1672278157466936 
0.10944039738618988 0.1641892854612555 
0.13691313085288975 0.16514813577451976 
0.13691313085288975 0.16514813577451976 
0.13691313085288975 0.16514813577451976 
0.13512295322481355 0.16540725987433078 
0.13604391925974144 0.16512989055647104 
0.11515585668356992 0.16326985866381039 
0.11515585668356992 0.16326985866381039 
0.11510480041608734 0.1702449595683251 
0.11845300159616097 0.16787999160539874 
0.11460738448335875 0.17226924892271975 
0.11460738448335875 0.17226924892271975 
0.10640068076046527 0.17466741801124336 
0.10371094518623639 0.17872389390836319 
0.10399531996028923 0.1788002645467023 
0.07021669393598796 0.1841073995501958 
0.07021669393598796 0.1841073995501958 
0.07021669393598796 0.1841073995501958 
0.07021669393598796 0.1841073995501958 
0.07021669393598796 0.1841073995501958 
0.0873032046209304 0.17900793831967882 
0.11947826957586982 0.18111467405706 
0.12282433855114451 0.1808138378400293 
0.12765301498059167 0.18322130323124908 
0.11768130670242052 0.17646977126813757 
0.11758304909197344 0.17496560575887557 
0.11758304909197344 0.17496560575887557 
0.12713623429005871 0.1743842496507428 
0.12409217688274049 0.1769524609596191 
0.12283174601369172 0.1770823823743087 
0.11351336096375549 0.16086091133894032 
0.1179856043838298 0.16052946568819615 
0.1179856043838298 0.16052946568819615 
0.11977366311731469 0.16243752058972255 
0.11350171188487322 0.16941473419243894 
0.11542144537007043 0.17009207001483057 
0.1315872413296057 0.1740991658567741 
0.1347941728092343 0.18021977359872154 
0.15198540969679214 0.18121527323594733 
0.14142069269264085 0.17675063690705137 
0.15250614827527936 0.17750768942707573 
0.15250614827527936 0.17750768942707573 
0.15432138365362513 0.17775721524920332 
0.17776144958641468 0.17213507200711642 
0.17776144958641468 0.17213507200711642 
0.17776144958641468 0.17213507200711642 
0.1495267237323668 0.18207176976295333 
0.1495267237323668 0.18207176976295333 
0.17413965690367472 0.18170693652839665 
0.17413965690367472 0.18170693652839665 
0.1744414249311239 0.18124728035594503 
0.1744414249311239 0.18124728035594503 
0.1800229342735596 0.18192194699071618 
0.15657104493343935 0.18356445291232043 
0.15552409886641597 0.18417369484570553 
0.15552409886641597 0.18417369484570553 
0.15552409886641597 0.18417369484570553 
0.15552409886641597 0.18417369484570553 
0.1643948540628521 0.18531634082332227 
0.1643948540628521 0.18531634082332227 
0.13340311491431237 0.18189543383841636 
0.15629287466520597 0.1831370248667369 
0.15629287466520597 0.1831370248667369 
0.15629287466520597 0.1831370248667369 
0.17298842032320344 0.1835081892906697 
0.17243325065102894 0.1821910206627736 
0.17243325065102894 0.1821910206627736 
0.17243325065102894 0.1821910206627736 
0.17243325065102894 0.1821910206627736 
0.17251175216595852 0.1843447484652529 
0.17267089630551286 0.18322387415309935 
0.1560714267515965 0.18262090500808129 
0.15235223364579747 0.17809543681872292 
0.15579279889534184 0.17868467187618248 
0.15579279889534184 0.17868467187618248 
0.15579279889534184 0.17868467187618248 
0.15622794133860401 0.17806000660611557 
0.1540663343855938 0.1800531721863412 
0.14010660678911757 0.17776090864593255 
0.14010660678911757 0.17776090864593255 
0.13808061629612764 0.1820740424090564 
0.1407224577831246 0.17753988459502962 
0.15199077585496215 0.18608266867903425 
0.1556144885516501 0.18695298890070994 
0.1556144885516501 0.18695298890070994 
0.16164833924521424 0.18126234558089982 
0.16164833924521424 0.18126234558089982 
0.16164833924521424 0.18126234558089982 
0.16881563131284077 0.182463609320927 
0.1467594846416845 0.17409498820184324 
0.14532279284606628 0.17334128562500423 
0.14565059925818497 0.17330150170164077 
0.1701829711052281 0.1741258246361104 
0.17025710760173707 0.17489807763644583 
0.14105551925757748 0.17549689116372333 
0.16709277890301052 0.18500609120922995 
0.17087023331938264 0.17478197129425682 
0.16199871982619268 0.18262667774690639 
0.16199871982619268 0.18262667774690639 
0.16199871982619268 0.18262667774690639 
0.16199871982619268 0.18262667774690639 
0.17562360947097644 0.17817520805960452 
0.17562360947097644 0.17817520805960452 
0.1402931037289072 0.18440712705764703 
0.13947689026892898 0.18391146813600884 
0.1357276324170939 0.1847224093755375 
0.14102626597827828 0.18548236618347674 
0.14351837544105378 0.18671311163400936 
0.15614754228498434 0.18885604258199684 
0.14964624389321332 0.18563793462425163 
0.14964624389321332 0.18563793462425163 
0.15109587755651868 0.1821785915776379 
0.15109587755651868 0.1821785915776379 
0.14837685092362657 0.17926744607776487 
0.1478849453509009 0.17915349128873603 
0.1478849453509009 0.17915349128873603 
0.1465079495672749 0.18003209055080246 
0.12320082269451157 0.1843435960485174 
0.1103581513296692 0.18150859235222086 
0.12916976722260853 0.18609835854787748 
0.12725464161801806 0.18549214174468612 
0.12725464161801806 0.18549214174468612 
0.12725464161801806 0.18549214174468612 
0.1568565314929371 0.19535944739399436 
0.1680490109979922 0.19576472519178004 
0.1680490109979922 0.19576472519178004 
0.16542021280171865 0.19632967859481887 
0.16470738342764568 0.19613051543964216 
0.16470738342764568 0.19613051543964216 
0.16470738342764568 0.19613051543964216 
0.16364443693838937 0.1849277137027704 
0.16364443693838937 0.1849277137027704 
0.15532582099524556 0.1797992643083637 
0.16619383433466223 0.1797862415023452 
0.1717130910599032 0.18124868533272667 
0.170020618262099 0.17919065459215136 
0.170020618262099 0.17919065459215136 
0.14492347266671013 0.17941244500080517 
0.12871220147168377 0.17609065735515195 
0.11544366928827413 0.1743526783386913 
0.1158333753586917 0.1762135454893467 
0.09525448341993004 0.18025419657653263 
0.08981089560030066 0.18511676481478628 
0.07432744615385548 0.18730197109447366 
0.07432744615385548 0.18730197109447366 
0.07660061227401041 0.1868386853405392 
0.0819772843923252 0.1771636170819957 
0.0819772843923252 0.1771636170819957 
0.08940615794580851 0.1869986394830645 
0.10856295995473222 0.17774892368264847 
0.10856295995473222 0.17774892368264847 
0.1108013821081913 0.17938400975086752 
0.10885305692482829 0.17764299667783298 
0.10786756488099138 0.17782331207568405 
0.10960899557439724 0.17784720763783884 
0.11751189401165238 0.17859316424157912 
0.1192510023878166 0.1836930106828923 
0.1192510023878166 0.1836930106828923 
0.12267488841561039 0.1848757610413356 
0.13141542925547145 0.18601247975054827 
0.1156390863023797 0.18089030422081773 
0.10690316969253602 0.18144618712558294 
0.10091980939701514 0.18429188342070965 
0.12514327892346916 0.19227702513476846 
0.13373315157356133 0.18884223144091253 
0.13373315157356133 0.18884223144091253 
0.14355443385077726 0.19080773591864336 
0.14464927593319815 0.19072371555750958 
0.1458590775473495 0.18484951617450743 
0.14376170834190544 0.1866737890222275 
0.13983479435383783 0.18573566577805423 
0.12887304388905707 0.17699714553047263 
