0.09328707939230185 0.10251005059476254 
0.09328707939230185 0.10251005059476254 
0.0947540292070071 0.10288562057735814 
0.12520481881473933 0.1576596833986113 
0.10183481303636988 0.16170481610613208 
0.09304508557305918 0.163049560237281 
0.09304508557305918 0.163049560237281 
0.09304508557305918 0.163049560237281 
0.09304508557305918 0.163049560237281 
0.08816355643287113 0.1622218599159109 
0.08829702769521426 0.16346677205398477 
0.08829702769521426 0.16346677205398477 
0.08889641681029296 0.16217001655553362 
0.08889641681029296 0.16217001655553362 
0.07939838630318627 0.15573785461263673 
0.07939838630318627 0.15573785461263673 
0.07939838630318627 0.15573785461263673 
0.07939838630318627 0.15573785461263673 
0.07833259191429794 0.15544624382506744 
0.0921362410913451 0.15824183421340554 
0.11148633218228096 0.16268372925314348 
0.11148633218228096 0.16268372925314348 
0.11573819646019118 0.17283262364378996 
0.1287543787182132 0.17656111136260036 
0.12886816523974087 0.17986410659683189 
0.17748086669925228 0.17837330070445412 
0.17748086669925228 0.17837330070445412 
0.17771082965877444 0.17882216881696 
0.17833971936788473 0.17914220074752069 
0.17833971936788473 0.17914220074752069 
0.17833971936788473 0.17914220074752069 
0.17833971936788473 0.17914220074752069 
0.17833971936788473 0.17914220074752069 
0.18079236899193935 0.17865117307050332 
0.18079236899193935 0.17865117307050332 
0.15130809994990962 0.17318380002894554 
0.15130809994990962 0.17318380002894554 
0.15729901239729574 0.1774030988610581 
0.15729901239729574 0.1774030988610581 
0.15729901239729574 0.1774030988610581 
0.16861810201613625 0.1742858416684253 
0.16861810201613625 0.1742858416684253 
0.16861810201613625 0.1742858416684253 
0.16662267817916962 0.17419673821328074 
0.1659722878507754 0.17395295249620576 
0.1659722878507754 0.17395295249620576 
0.1659722878507754 0.17395295249620576 
0.1659722878507754 0.17395295249620576 
0.18147816920536156 0.17561896818463715 
0.18147816920536156 0.17561896818463715 
0.18147816920536156 0.17561896818463715 
0.18147816920536156 0.17561896818463715 
0.18147816920536156 0.17561896818463715 
0.126311372832559 0.17172742282111003 
0.12644192028421333 0.1717068186024452 
0.12469868279319754 0.1730145979681349 
0.12469868279319754 0.1730145979681349 
0.17743414842399172 0.1703905279290876 
0.1508091427358067 0.17015607302062416 
0.14986605608740355 0.17000377980201153 
0.14986605608740355 0.17000377980201153 
0.14268644712778777 0.1628463633880472 
0.15543861868361863 0.16899762271221164 
0.1412943634227428 0.16848892793863185 
0.14547164814535032 0.16548415944783 
0.14410483283172362 0.16824967972767974 
0.1472267540577858 0.17239237651980188 
0.1472267540577858 0.17239237651980188 
0.1472267540577858 0.17239237651980188 
0.1679400242565206 0.1680657568101259 
0.1679400242565206 0.1680657568101259 
0.1679400242565206 0.1680657568101259 
0.17257624976085367 0.16414204091191145 
0.17257624976085367 0.16414204091191145 
0.17257624976085367 0.16414204091191145 
0.16972395734632023 0.16086794181318861 
0.16559841564496514 0.15803715431498186 
0.16335214559878852 0.158806755225057 
0.15375195639050657 0.1638598349605492 
0.1285285984157804 0.16901097948036228 
0.1285285984157804 0.16901097948036228 
0.13318096956444542 0.16848841009852975 
0.11870348621487647 0.17555259900278147 
0.11802379230795815 0.17500990049819118 
0.12732068569085406 0.18138381890165586 
0.11475165987325425 0.18379547984781966 
0.1311718315158859 0.17978274869116645 
0.11874027360566496 0.17838572523772514 
0.11016942933448753 0.17967439453911693 
0.09740957159957117 0.1853829656365661 
0.10033356868581728 0.18391662981327217 
0.10601790291249424 0.1842218275338707 
0.06691865812174747 0.17869899191571825 
0.0777736191428349 0.1788296895302531 
0.07659092499189515 0.17839880042226816 
0.07659092499189515 0.17839880042226816 
0.07565978579371413 0.1803763049608975 
0.06861398698744024 0.17976193905792504 
0.07334288129431023 0.18422381097333038 
0.07334288129431023 0.18422381097333038 
0.07738890135354273 0.178707407838923 
0.07738890135354273 0.178707407838923 
0.07309132303142378 0.17889997117287468 
0.07309132303142378 0.17889997117287468 
0.07309132303142378 0.17889997117287468 
0.09442024076318963 0.17567668174999684 
0.07079403359209446 0.17281973989905947 
0.07079403359209446 0.17281973989905947 
0.07651100899881158 0.17311186169380052 
0.07651100899881158 0.17311186169380052 
0.0738270863475545 0.17377166596333046 
0.08841684653376718 0.17893573787094186 
0.08841684653376718 0.17893573787094186 
0.08841684653376718 0.17893573787094186 
0.0865908245256816 0.1765506045336319 
0.06349487459493924 0.16188258018259108 
0.06349487459493924 0.16188258018259108 
0.06349487459493924 0.16188258018259108 
0.06349487459493924 0.16188258018259108 
0.06349487459493924 0.16188258018259108 
0.07422956271471842 0.16552688543652144 
0.07422956271471842 0.16552688543652144 
0.07422956271471842 0.16552688543652144 
0.07716327369307466 0.16567463801168356 
0.08159648062698421 0.16814911960493298 
0.11706720235436849 0.17392876167185523 
0.08021138665892642 0.17820693250146122 
0.08120722194165127 0.1777906418477922 
0.08980819024744383 0.16962241083892982 
0.09469354302334021 0.17053472559374516 
0.09706385125966546 0.17695754591118298 
0.09676163253664165 0.17798018837790444 
0.08404108832442116 0.18291840663342893 
0.081320576340461 0.1806349061895897 
0.1158226317966119 0.18369722288864998 
0.1040907190466796 0.1775616702800261 
0.10502811585561658 0.17652982696119804 
0.10502811585561658 0.17652982696119804 
0.1087537349852927 0.16881709311822363 
0.09927025827462412 0.16813147346726837 
0.07248831669994604 0.16984957260540007 
0.07248831669994604 0.16984957260540007 
0.07248831669994604 0.16984957260540007 
0.07248831669994604 0.16984957260540007 
0.09383792145235086 0.17115087978489807 
0.09383792145235086 0.17115087978489807 
0.09383792145235086 0.17115087978489807 
0.08225006710805599 0.16984248431047316 
0.09207247369706847 0.1775554270268506 
0.11142329997709809 0.18478362429892084 
0.11114599457865448 0.18629344586661584 
0.11114599457865448 0.18629344586661584 
0.11632193834406729 0.19015899230558558 
0.1288288703646896 0.18823676742874892 
0.1288288703646896 0.18823676742874892 
0.13541472004170596 0.18907718920171138 
0.11831025637517843 0.19621253979035988 
0.0802891017517407 0.19916181994872634 
0.07725518428278601 0.20117248291770928 
0.07725518428278601 0.20117248291770928 
0.07725518428278601 0.20117248291770928 
0.07883869211386461 0.1987758329443202 
0.06395361497699191 0.20423980954520526 
0.06395361497699191 0.20423980954520526 
0.06395361497699191 0.20423980954520526 
0.06395361497699191 0.20423980954520526 
0.06395361497699191 0.20423980954520526 
0.06398653315627675 0.20101194319205112 
0.0638568342286006 0.20107044207898103 
0.0638568342286006 0.20107044207898103 
0.06939252119085619 0.18422524177686245 
0.06939252119085619 0.18422524177686245 
0.06939252119085619 0.18422524177686245 
0.07067816074401409 0.18301541105306077 
0.07067816074401409 0.18301541105306077 
0.06094994111549262 0.1861403906661255 
0.06094994111549262 0.1861403906661255 
0.06094994111549262 0.1861403906661255 
0.06094994111549262 0.1861403906661255 
0.06094994111549262 0.1861403906661255 
0.06094994111549262 0.1861403906661255 
0.06094994111549262 0.1861403906661255 
0.06094994111549262 0.1861403906661255 
0.06094994111549262 0.1861403906661255 
0.06094994111549262 0.1861403906661255 
0.07725840365398425 0.1844536333155424 
0.07725840365398425 0.1844536333155424 
0.07103420675210223 0.17695022718780276 
0.07103420675210223 0.17695022718780276 
0.07103420675210223 0.17695022718780276 
0.10229893247061367 0.17991463909464214 
0.09440539408582665 0.18069816210863165 
0.09156547868649495 0.1810877483117073 
0.09107353844827022 0.18085679562182763 
0.09617777498489799 0.18044632789575152 
0.09128193030944963 0.17904568423210754 
0.1059308725305244 0.17872084272293726 
0.0901072413567181 0.17962964673156917 
0.08113959929740176 0.18066616710971545 
0.08032297917758478 0.18010568394960175 
0.08032297917758478 0.18010568394960175 
0.08032297917758478 0.18010568394960175 
0.08032297917758478 0.18010568394960175 
0.08032297917758478 0.18010568394960175 
0.08032297917758478 0.18010568394960175 
0.10236761757939822 0.1788302873679895 
0.1018530976378574 0.18447105015769621 
0.09198069839512941 0.174625088147516 
0.10569363531655646 0.17559551279303512 
0.10569363531655646 0.17559551279303512 
0.11569306149484357 0.18037563542256713 
0.11995875211539685 0.17491559442319218 
0.11920166290284576 0.17441844931085515 
0.11900967534482788 0.1702623628976989 
0.12623564355867592 0.17182254911249825 
0.1333219016542319 0.17561106530011705 
0.1394830012122386 0.1744490643962692 
0.13929138870569627 0.17421027408291984 
0.13835023863720095 0.1743956102183601 
0.1421724230945807 0.17432955687063384 
0.15487591373444842 0.1675285711737984 
0.1589335363687573 0.16493011779872138 
0.1589335363687573 0.16493011779872138 
0.1405750614289486 0.17062339291270048 
0.14127089544865712 0.1668009771519819 
0.14318889249742534 0.16663047310195753 
0.12642144972853245 0.16608333553262203 
0.10922683000663003 0.17497962350638402 
0.10840095676821339 0.17470749289893434 
0.10321595324375177 0.17308343021136738 
0.0733678965091734 0.17689328981955518 
0.0733678965091734 0.17689328981955518 
0.09681802182595804 0.17762092662196993 
0.0986091417138958 0.18119133086661507 
0.09357814145020217 0.18865244003367732 
0.09738720939119151 0.19307001939630522 
0.11118197306311664 0.18586555226120952 
0.09365680191043937 0.1835030072052381 
0.10397073819149227 0.18684350962763988 
0.10397073819149227 0.18684350962763988 
0.10397073819149227 0.18684350962763988 
0.1049933875151442 0.187761980301893 
0.0948564336991518 0.1915398694894391 
0.09720269948228484 0.19296458979570977 
0.11968450308390027 0.1862516847837677 
0.1386700918361592 0.17434340189272066 
0.13068807764025847 0.17451669449776921 
0.12266542983975222 0.17469086927403696 
0.1704510404375703 0.1750402316890726 
0.13089349429342834 0.17471592631316127 
0.13089349429342834 0.17471592631316127 
0.16215906140060937 0.1740228910868749 
0.16480018929789184 0.17133070974760184 
0.16480018929789184 0.17133070974760184 
0.16107410329331184 0.17271016849765192 
0.15435392362508468 0.17272554235086257 
0.1726994596966966 0.17093149461460466 
0.17453853524400362 0.17118569787522797 
0.1493102354692801 0.1708818505860493 
0.1463151345478378 0.17210607060643293 
0.1463151345478378 0.17210607060643293 
0.17130409084934772 0.17227674376953186 
0.16659964677958997 0.1703275149293265 
0.16229576471013696 0.17024574467350403 
0.16229576471013696 0.17024574467350403 
0.16229576471013696 0.17024574467350403 
0.16365982649715521 0.16983557542879588 
0.16365982649715521 0.16983557542879588 
0.16365982649715521 0.16983557542879588 
0.17038674528693043 0.1652035525551464 
0.17038674528693043 0.1652035525551464 
0.12875552091317505 0.17322101269500656 
0.12877179735052272 0.17349475051400007 
0.1290063897566807 0.1732883343741816 
0.0900592142589494 0.17630119241670078 
0.09052807602942303 0.1761106404349989 
0.09052807602942303 0.1761106404349989 
0.09376462064693712 0.17478557071671783 
0.06561747698500854 0.1774179154402821 
0.08536991980851233 0.1770465592041752 
0.11096945601988663 0.17322577757925206 
0.1234572358543534 0.17534044291921824 
0.16462941864242825 0.18302874007992148 
0.16037683290709293 0.18183604764401748 
0.16037683290709293 0.18183604764401748 
0.15756188234498691 0.1720522278322549 
0.15756188234498691 0.1720522278322549 
0.1688226830417029 0.17123968330256734 
0.1339995287293096 0.17677471002267872 
0.0912571132472035 0.1747062874323619 
0.0912571132472035 0.1747062874323619 
0.07823703143518022 0.17502365269590048 
0.10980561476518555 0.1697458836047211 
0.10980561476518555 0.1697458836047211 
0.111553758774466 0.17050358493431012 
0.10810954372573589 0.16837231384889334 
0.10810954372573589 0.16837231384889334 
0.10810954372573589 0.16837231384889334 
0.11065310645967798 0.16752669797558306 
0.11441633220507158 0.16575734731710717 
0.10005196590862246 0.16484200671597365 
0.10005196590862246 0.16484200671597365 
0.10005196590862246 0.16484200671597365 
0.11149910126174774 0.1677543221462634 
0.11819693164438104 0.1666785589790706 
0.12487484402884752 0.17107087538611582 
0.11169037297148043 0.16635839086299375 
0.11636360225920224 0.17453941875134044 
0.12282597688043231 0.17672011814241326 
0.15157867689097987 0.17893306790672103 
0.18088448292747733 0.17826991557235372 
0.17852404909470337 0.1776860051343014 
0.17852404909470337 0.1776860051343014 
0.17852404909470337 0.1776860051343014 
0.17852404909470337 0.1776860051343014 
0.17852404909470337 0.1776860051343014 
0.17852404909470337 0.1776860051343014 
0.17156427443642264 0.17623842711448623 
0.17156427443642264 0.17623842711448623 
0.17156427443642264 0.17623842711448623 
0.1556714062913261 0.17705450461866912 
0.1556714062913261 0.17705450461866912 
0.1556714062913261 0.17705450461866912 
0.1583488795207879 0.17761889306399697 
0.1583488795207879 0.17761889306399697 
0.15852114967938796 0.1765128906500139 
0.14627935142505682 0.17372341497259813 
0.14443380928026142 0.17028705773063824 
0.140151674243651 0.1681832644166334 
0.11527714674668196 0.17052321795116077 
0.10963241476740382 0.1703910984319867 
0.13667883167391504 0.17159110606600847 
0.1307922264760694 0.17201797674240082 
0.1307922264760694 0.17201797674240082 
0.13327064828882965 0.17182742048283867 
0.13327064828882965 0.17182742048283867 
0.14914225640115047 0.16755690518814167 
0.1443610507214028 0.16237211226825005 
0.13360127505696245 0.16384143072428745 
0.11892582211397584 0.1616986145922363 
0.11892582211397584 0.1616986145922363 
0.12423826001541274 0.15453636144893948 
0.12423826001541274 0.15453636144893948 
0.12423826001541274 0.15453636144893948 
0.12629581259163447 0.15270414215077868 
0.12629581259163447 0.15270414215077868 
0.12629581259163447 0.15270414215077868 
0.1212610733150882 0.16143251312529766 
0.1212610733150882 0.16143251312529766 
0.12077327688149803 0.16129102721096827 
0.12077327688149803 0.16129102721096827 
0.12328894991061755 0.16257624851763208 
0.12328894991061755 0.16257624851763208 
0.12328894991061755 0.16257624851763208 
0.12549951662431957 0.16233261457774878 
0.12839145479307823 0.16830848016575772 
0.11553101694512256 0.16812639203231866 
0.1134982771003354 0.1680402622219211 
0.12359830889677878 0.1660336734252971 
0.11622538899543523 0.16732447982840254 
0.11585069192509853 0.1723913145854548 
0.11585069192509853 0.1723913145854548 
0.06568488971170844 0.16793086101623822 
0.0659515942079347 0.16841989670036064 
0.0659515942079347 0.16841989670036064 
0.0659515942079347 0.16841989670036064 
0.0659515942079347 0.16841989670036064 
0.08587541398962598 0.17258901453580502 
0.06155020127584 0.17292596341866864 
0.06155020127584 0.17292596341866864 
0.06155020127584 0.17292596341866864 
0.06155020127584 0.17292596341866864 
0.06155020127584 0.17292596341866864 
0.06155020127584 0.17292596341866864 
0.07408030051212683 0.1708096139328938 
0.06123866805574641 0.1790309624432789 
0.07180360488896986 0.17900967839732315 
0.08064386375633478 0.17571644744146028 
0.08064386375633478 0.17571644744146028 
0.08064386375633478 0.17571644744146028 
0.0822777097820024 0.17998160958505932 
0.0822777097820024 0.17998160958505932 
0.08879155119977916 0.17706538965176621 
0.08080603152108748 0.17924974660124077 
0.08080603152108748 0.17924974660124077 
0.07405604855265494 0.1794058106301003 
0.07405604855265494 0.1794058106301003 
0.07652012962291496 0.17927889079422696 
0.08105918231164036 0.17720191599953156 
0.06596463118630358 0.17527289313303668 
0.06596463118630358 0.17527289313303668 
0.06596463118630358 0.17527289313303668 
0.06956331793356564 0.172770592987477 
0.06956331793356564 0.172770592987477 
0.07521050100170672 0.17210188370512922 
0.07521050100170672 0.17210188370512922 
0.08062406508404303 0.17219625361555477 
0.08062406508404303 0.17219625361555477 
0.08062406508404303 0.17219625361555477 
0.08784541886916149 0.1707217943320428 
0.07089961443171794 0.1649053023832059 
0.06408952995526787 0.16534121231857238 
0.0813175495011456 0.16530796586488247 
0.08532641559176046 0.17219587858967614 
0.07697637554857464 0.17110589829691447 
0.07790804155898184 0.16686827990131647 
0.07790804155898184 0.16686827990131647 
0.07790804155898184 0.16686827990131647 
0.07790804155898184 0.16686827990131647 
0.07790804155898184 0.16686827990131647 
0.07790804155898184 0.16686827990131647 
0.08252134513985922 0.16635138476749503 
0.07100159086321078 0.1640018029699209 
0.07100159086321078 0.1640018029699209 
0.10149013693693364 0.167277483134184 
0.11277238304224317 0.16661581769503633 
0.11813901385168599 0.16553170137717463 
0.12072489376080787 0.16043460673645402 
0.1235245825221843 0.1654968264789512 
0.1235245825221843 0.1654968264789512 
0.1235245825221843 0.1654968264789512 
0.10857549267126541 0.15956453674825294 
0.09273851313104232 0.16883970926770137 
0.09273851313104232 0.16883970926770137 
0.09434661650171296 0.1652593645651607 
0.0964075039550446 0.16041282861486542 
0.0964075039550446 0.16041282861486542 
0.09777802362823446 0.16085404501759204 
0.09777802362823446 0.16085404501759204 
0.09777802362823446 0.16085404501759204 
0.11335043230480724 0.1633407131670429 
0.11264118822503047 0.16080772998121926 
0.11484159014713145 0.15906781780072593 
0.11484159014713145 0.15906781780072593 
0.11484159014713145 0.15906781780072593 
0.12367638795079838 0.16210601816078424 
0.1453875755741913 0.1618201276703645 
0.1453875755741913 0.1618201276703645 
0.14303464241108726 0.16274377581029892 
0.13630566357192145 0.16461606856296335 
0.16184723114264996 0.1620108796625434 
0.17402241464629398 0.16257709064686446 
0.17438457478328526 0.16255638339834536 
0.17438457478328526 0.16255638339834536 
0.17438457478328526 0.16255638339834536 
0.17438457478328526 0.16255638339834536 
0.17438457478328526 0.16255638339834536 
0.17438457478328526 0.16255638339834536 
0.17438457478328526 0.16255638339834536 
0.17438457478328526 0.16255638339834536 
0.17438457478328526 0.16255638339834536 
0.17438457478328526 0.16255638339834536 
0.17492606317764753 0.16250624655675083 
0.17528778242075216 0.1599000435484727 
0.17528778242075216 0.1599000435484727 
0.1756329346752815 0.15971611968229646 
0.1756329346752815 0.15971611968229646 
0.1756329346752815 0.15971611968229646 
0.15856095866667502 0.16545561218545232 
0.15856095866667502 0.16545561218545232 
0.15857052549337708 0.16546149840623584 
0.1475698395785839 0.1670701336413899 
0.14916683912148626 0.16727224244649497 
0.16316182307871757 0.16295290475087096 
0.14482149882624215 0.1674383742016351 
0.14246891930509062 0.1604792944018002 
0.17743574426261288 0.15960573611705894 
0.1491034952155224 0.16257251169525574 
0.1491034952155224 0.16257251169525574 
0.1491034952155224 0.16257251169525574 
0.1491034952155224 0.16257251169525574 
0.15282427806658666 0.162033714488606 
0.14139192678198303 0.16182872140792032 
0.14139192678198303 0.16182872140792032 
0.13757899835010592 0.16579507625485418 
0.14054204205298895 0.16720121228325704 
0.14642582520261818 0.16602076977443175 
0.14649165742972298 0.16577027498901875 
0.15892445066015615 0.1586673813299042 
0.15892445066015615 0.1586673813299042 
0.16397471538007607 0.16438659767240765 
0.16467074250391103 0.16040782392323097 
0.16467074250391103 0.16040782392323097 
0.16064608743175593 0.1655769349258593 
0.17592238578110891 0.1661496498508082 
0.17592238578110891 0.1661496498508082 
0.17592238578110891 0.1661496498508082 
0.14494751751377202 0.17139726791650514 
0.1424479367599352 0.17225043878300766 
0.13863640665032934 0.17587801065760073 
0.1493164496472569 0.17689324843741364 
0.1440901583222845 0.18503602879878167 
0.13606200472780294 0.18046714777071804 
0.13572060987810808 0.18045092576724142 
0.13455155417004644 0.18041765079834987 
0.15339017925739967 0.1825721195317495 
0.14702878560913243 0.18221754774596943 
0.15763102880565322 0.18079508339293265 
0.13932399680216082 0.18125321395731014 
0.13375760665121056 0.18586762148517463 
0.13375760665121056 0.18586762148517463 
0.15995645553313673 0.1837859977940358 
0.15995645553313673 0.1837859977940358 
0.15995645553313673 0.1837859977940358 
0.15995645553313673 0.1837859977940358 
0.15995645553313673 0.1837859977940358 
0.1587344891789404 0.18237433310323678 
0.18113327499237558 0.18699181815409732 
0.1546315499024863 0.182446736526163 
0.172523374154051 0.18777753571878048 
0.17157943317501156 0.18781926469118912 
0.16049252200120132 0.18273216680554266 
0.14521357579322142 0.17838336733687604 
0.1321915899022918 0.17495137356871332 
0.1309744070714404 0.1699861216776188 
0.13076148448954825 0.1697978000615485 
0.1368100839736643 0.1700634881080086 
0.16913302539176583 0.16520124342749598 
0.16995829586343214 0.16499141153600766 
0.17143276722110476 0.16488746299454624 
0.17082475140683556 0.1650571157720514 
0.17082475140683556 0.1650571157720514 
0.17082475140683556 0.1650571157720514 
0.17082475140683556 0.1650571157720514 
0.18047005313400827 0.16461259199898204 
0.18047005313400827 0.16461259199898204 
0.14130996522650316 0.17311923395414175 
0.13623093489775887 0.17180550000967254 
0.14691566909476741 0.17241939862835026 
0.1469894170825312 0.17246760226149008 
0.1469894170825312 0.17246760226149008 
0.1522677228314062 0.17252521137379356 
0.13593537810509299 0.17896064706505463 
0.13543888244443475 0.17851165588238627 
0.13572013241291397 0.17873775754503043 
0.13931076258359118 0.1786862773061273 
0.11880226004453409 0.1775495743281293 
0.13547293941283622 0.1796159622343421 
0.12964829113287368 0.17956788019007155 
0.15666279423265728 0.1731759793656936 
0.15666279423265728 0.1731759793656936 
0.13086715300030274 0.17008663411085323 
0.12264399939485199 0.17365165258525905 
0.12364661094903645 0.17677432973468354 
0.12364661094903645 0.17677432973468354 
0.12111842399950742 0.17604899853607006 
0.12412236765039836 0.17415616796087854 
0.08793577252776241 0.1735483253071854 
0.087338110958477 0.17306289330285615 
0.087338110958477 0.17306289330285615 
0.08715212020328901 0.1731985337197577 
0.08715212020328901 0.1731985337197577 
0.08715212020328901 0.1731985337197577 
0.08558039992725412 0.17330536029959248 
0.09031380609437728 0.17703530813156107 
0.09426816873720223 0.17754068549894625 
0.09426816873720223 0.17754068549894625 
0.09426816873720223 0.17754068549894625 
0.07133992643107204 0.17273493055948763 
0.06726093462632547 0.17248798245890096 
0.06726093462632547 0.17248798245890096 
0.06726093462632547 0.17248798245890096 
0.06726093462632547 0.17248798245890096 
0.06726093462632547 0.17248798245890096 
0.06726093462632547 0.17248798245890096 
0.06726093462632547 0.17248798245890096 
0.06726093462632547 0.17248798245890096 
0.08195999046014282 0.16943634487912593 
0.0871396331971935 0.1743012514456242 
0.08529324847134208 0.1730725516361375 
0.08529324847134208 0.1730725516361375 
0.08783423191653342 0.17305140961827087 
0.08783423191653342 0.17305140961827087 
0.08783423191653342 0.17305140961827087 
0.08545058369552848 0.17750181803761347 
0.07349261112542081 0.17775946884300423 
0.07349261112542081 0.17775946884300423 
0.07883718827089146 0.17573652778618554 
0.08346416438028742 0.17477299120187564 
0.09231073910947443 0.17738103552699305 
0.10959680729110746 0.18613506282219391 
0.1128550131615167 0.18649448427178641 
0.11484316331823005 0.1834826453040721 
0.13971878449444447 0.1740168465714823 
0.14114142608664246 0.17090655132684043 
0.12733285484738793 0.17412329640985053 
0.12835448151102488 0.1761560344702332 
0.12835448151102488 0.1761560344702332 
0.1308048406200521 0.1790094993913418 
0.16938203818587336 0.1678342531021057 
0.1696984198391495 0.16788564350370502 
0.1696984198391495 0.16788564350370502 
0.1495286816327741 0.1670811721199147 
0.15040845895827493 0.16709282026071579 
0.1369449987203258 0.1651621940584062 
0.16601733961602128 0.1658836004509932 
0.16601733961602128 0.1658836004509932 
0.16601733961602128 0.1658836004509932 
0.1469737846163871 0.168569923975876 
0.1469830190118683 0.16852580371698714 
0.14858828665875395 0.16767471763096906 
0.14858828665875395 0.16767471763096906 
0.14858828665875395 0.16767471763096906 
0.14858828665875395 0.16767471763096906 
0.14858828665875395 0.16767471763096906 
0.14892730568946141 0.16995366159132316 
0.16763535643065702 0.16165988767779152 
0.17175649720729988 0.1749956923496985 
0.15079729008122303 0.17637890131989134 
0.15079729008122303 0.17637890131989134 
0.15079729008122303 0.17637890131989134 
0.1415990697137246 0.17457987253565074 
0.141585162233102 0.17456551433968565 
0.1480955069484528 0.17302946148062506 
0.1570028396981642 0.1743468214744892 
0.1570028396981642 0.1743468214744892 
0.1570028396981642 0.1743468214744892 
0.1570028396981642 0.1743468214744892 
0.1570028396981642 0.1743468214744892 
0.1570028396981642 0.1743468214744892 
0.13487714294925623 0.18123529696615537 
0.13269510099735862 0.17646404602424576 
0.13562182215718707 0.18476316255595873 
0.13121448626044793 0.18422993190108997 
0.13121448626044793 0.18422993190108997 
0.13121448626044793 0.18422993190108997 
0.13444657592449938 0.18369887861453432 
0.1473026314161463 0.1873803555252693 
0.1549933855661939 0.18657414361929203 
0.15153717579866707 0.1855210617609719 
0.11671286703888928 0.17310642205428664 
0.11543371243673854 0.1717994195327262 
0.11076920143669136 0.1705234254669716 
0.11076920143669136 0.1705234254669716 
0.1068707375884076 0.16601683095902178 
0.1068707375884076 0.16601683095902178 
0.1123050024859695 0.1727793221654043 
0.1387560033360563 0.17377243591411815 
0.14716068453041228 0.16802111884374216 
0.16694506704199813 0.16563493003967136 
0.1672234088378322 0.16516437510937176 
0.1672234088378322 0.16516437510937176 
0.1672234088378322 0.16516437510937176 
0.16383776193749477 0.16842890893562676 
0.1644374784419339 0.1684317829837896 
0.1644374784419339 0.1684317829837896 
0.1644374784419339 0.1684317829837896 
0.13227338289357987 0.16863458446889792 
0.174378497207743 0.1604324521270932 
0.174378497207743 0.1604324521270932 
0.174378497207743 0.1604324521270932 
0.174378497207743 0.1604324521270932 
0.174378497207743 0.1604324521270932 
0.15957763717984944 0.16256632049840333 
0.1548456005856858 0.1659037289992882 
0.1379594758585394 0.16962821949859552 
0.17104060835108248 0.1690769520664173 
0.171161867833006 0.16985994369576818 
0.171161867833006 0.16985994369576818 
0.171161867833006 0.16985994369576818 
0.171161867833006 0.16985994369576818 
0.16494523652210324 0.17351472466338752 
0.16412684768354352 0.17396144148907383 
0.16412684768354352 0.17396144148907383 
0.14736332005508274 0.17419145057799404 
0.14736332005508274 0.17419145057799404 
0.13588174251962315 0.17716423030698167 
0.10399770052931877 0.1712175275809742 
0.0850192934592322 0.16995139218702324 
0.08346153176619421 0.16840652192852806 
0.08277017644768617 0.1700440972654113 
0.08383983123737285 0.1691027330841068 
0.08383983123737285 0.1691027330841068 
0.0824033819182641 0.16943189720375376 
0.08131217512031914 0.16940944166317706 
0.0767783243756805 0.1722270778745882 
0.0767783243756805 0.1722270778745882 
0.0767783243756805 0.1722270778745882 
0.0767783243756805 0.1722270778745882 
0.0767783243756805 0.1722270778745882 
0.06769154666416158 0.17328182179361548 
0.06769154666416158 0.17328182179361548 
0.06769154666416158 0.17328182179361548 
0.06519191697594923 0.16864128555242633 
0.06519191697594923 0.16864128555242633 
0.07346312945055092 0.17338297820774518 
0.06398555504530534 0.17584027633932972 
0.06398555504530534 0.17584027633932972 
0.06398555504530534 0.17584027633932972 
0.07872463959289916 0.1741799327980091 
0.06608750236013876 0.17529485052726357 
0.06608750236013876 0.17529485052726357 
0.06584398664450306 0.1724849835726287 
0.06549941078636648 0.17286451021846097 
0.06291475447325573 0.1671518227061307 
0.06291475447325573 0.1671518227061307 
0.08891201214127667 0.17763129395689142 
0.0978106112699707 0.17274316491473418 
0.0978106112699707 0.17274316491473418 
0.0978106112699707 0.17274316491473418 
0.09925796411350793 0.17281582351279787 
0.13517996980528588 0.17616973815712866 
0.1271250013122335 0.17627863140029842 
0.1280676039901194 0.1762053273000733 
0.12310238590262933 0.17199488876212915 
0.12310238590262933 0.17199488876212915 
0.09511899434320847 0.1694679112535569 
0.10617457204847305 0.16817104178075878 
0.1071576013460766 0.16865132843114525 
0.10815200026605161 0.16643892192208076 
0.10359413938005521 0.16320763931796783 
0.06867119073442315 0.16147173194772446 
0.06867119073442315 0.16147173194772446 
0.06867119073442315 0.16147173194772446 
0.06867119073442315 0.16147173194772446 
0.06865333158283801 0.16259544456331984 
0.06865333158283801 0.16259544456331984 
0.08662995874041715 0.1680537777929602 
0.08956655899381538 0.16725339858552604 
0.10007431715950323 0.17037984246745308 
0.09345600215863083 0.1720015804723687 
0.09345600215863083 0.1720015804723687 
0.09267673868325776 0.17225239742457182 
0.10339444797816952 0.17322338462135387 
0.086958736445109 0.17282952619987282 
0.08739036782693539 0.1672713328543021 
0.08779364587019846 0.16562073576539044 
0.08778180378381367 0.16561422799514192 
0.08778180378381367 0.16561422799514192 
0.08778180378381367 0.16561422799514192 
0.0755823599486769 0.1702353790389389 
0.0755823599486769 0.1702353790389389 
0.08912682372175436 0.17109498705324308 
0.08557407601922064 0.17037962648404312 
0.08557407601922064 0.17037962648404312 
0.08941954775538175 0.16936759425456804 
0.0723774001322405 0.1610578977492431 
0.0723774001322405 0.1610578977492431 
0.11969839501483534 0.16978065400897932 
0.14252294040236868 0.1807346038544015 
0.14252294040236868 0.1807346038544015 
0.14252294040236868 0.1807346038544015 
0.12950143151734822 0.1790152370199543 
0.12809855009975046 0.1798352084676153 
0.08768171648054439 0.16720584729820756 
0.08830689925323336 0.1632795545373372 
0.09064424641350143 0.16698444753677827 
0.09918819294703843 0.16535005126453803 
0.09875710147781237 0.16538669683111276 
0.08823488667648643 0.16374183733774533 
0.09814987724094554 0.1713823526506022 
0.09414242408814467 0.1682586653854762 
0.10462925761382154 0.16824153838871603 
0.09789744920151612 0.176844356779486 
0.09789744920151612 0.176844356779486 
0.09445846197603619 0.17693648058424602 
0.1165174272325067 0.1794567164890723 
0.11906068243757113 0.1779030832609294 
0.11161680207153418 0.17616752146340728 
0.10634900844148602 0.1777066473716751 
0.1014905615754615 0.1770316037093052 
0.12495874988913601 0.17565495930189493 
0.13082254019731118 0.17193980731258726 
0.13657934620067202 0.1707384883789478 
0.15038127725882894 0.16725601423263223 
0.1593441203769085 0.17160714410365296 
0.1593441203769085 0.17160714410365296 
0.1495998522498369 0.17508737202709504 
0.1495998522498369 0.17508737202709504 
0.17869534218631933 0.1656093938907967 
0.17869534218631933 0.1656093938907967 
0.16346279422583487 0.16903607978597632 
0.18006658980128817 0.16561266992003648 
0.18006658980128817 0.16561266992003648 
0.18006658980128817 0.16561266992003648 
0.1627615259993131 0.16841797232141537 
0.15241980605374914 0.16685677221862769 
0.16034840137511572 0.16352553587631868 
0.16029263974358304 0.1632845502128052 
0.16029263974358304 0.1632845502128052 
0.16029263974358304 0.1632845502128052 
0.16029263974358304 0.1632845502128052 
0.14274292505444608 0.16456188017179008 
0.16216436704346135 0.15755934237958494 
0.16807472035301546 0.16274942237382017 
0.12877824133178564 0.16991012315673767 
0.1758950591281467 0.16345807937556786 
0.1758950591281467 0.16345807937556786 
0.18089739344236105 0.16325523667936007 
0.18089739344236105 0.16325523667936007 
0.18089739344236105 0.16325523667936007 
0.18089739344236105 0.16325523667936007 
0.17332518553997944 0.16287973790780963 
0.15017508266987334 0.1702429639172549 
0.15492335281009886 0.1689045828117412 
0.15492335281009886 0.1689045828117412 
0.1363984069915356 0.17680070084303187 
0.1363984069915356 0.17680070084303187 
0.12916089362428687 0.18011173809867861 
0.1624131030642737 0.17596825649718545 
0.11594371241534812 0.1769071537382131 
0.08037596515151055 0.1759836218319985 
0.10121364971223579 0.17643358992560085 
0.09901047443274122 0.17617438535228067 
0.11927153895696657 0.1629285740878338 
0.11728989894345636 0.16344429741992192 
0.10558722166245416 0.1639631101346303 
0.12741025411058698 0.17294725792226823 
0.1659633692138141 0.17858401497682896 
0.16462032884811578 0.17719842267057884 
0.16462032884811578 0.17719842267057884 
0.1549372022686284 0.177184568060124 
0.1543423470638825 0.1780991880798848 
0.12854268657425805 0.16904758692735636 
0.1140542336928369 0.16533392071206618 
0.11772263405922885 0.16735016261071287 
0.13265778446360438 0.1743268309521951 
0.13265778446360438 0.1743268309521951 
0.13265778446360438 0.1743268309521951 
0.14589451166364414 0.17343160851021572 
0.16428631972132268 0.17290770762841112 
0.16338414068863022 0.17250494524003657 
0.1662926895022218 0.17703921423563926 
0.16178101194473726 0.1700057549478106 
0.1725710119660851 0.17156700428912688 
0.17654961038843953 0.17085059474880798 
0.17654961038843953 0.17085059474880798 
0.15603344146234968 0.1771369197340629 
0.15603344146234968 0.1771369197340629 
0.15598881774045092 0.17727373413951025 
0.14554667201610452 0.1784416252094 
0.13981786686847458 0.17734921073545767 
0.14489646744660703 0.17683457082281662 
0.14892246989391822 0.18219782399503157 
0.14892246989391822 0.18219782399503157 
0.14495842160591588 0.18659125989706507 
0.14193795564280604 0.1856756865473893 
0.14193795564280604 0.1856756865473893 
0.14193795564280604 0.1856756865473893 
0.12770409816349731 0.1979165578376258 
0.12770409816349731 0.1979165578376258 
0.12770409816349731 0.1979165578376258 
0.11823429188308301 0.2029282624809038 
0.09501716393171476 0.19017006239345513 
0.09485704830928787 0.19022450451948658 
0.12465740409358045 0.19943191206284022 
0.11912769470085334 0.19459340275193815 
0.11428633873218927 0.1912831671774279 
0.10658523231693108 0.18425933791122315 
0.12054093835051921 0.1823774348737016 
0.12185361670017299 0.18187287059993534 
0.12427555439225756 0.1782509313328574 
0.12427555439225756 0.1782509313328574 
0.11297477038191105 0.17932397780495804 
0.11868019878826941 0.19460778483799518 
0.1209273638578454 0.20510143426946037 
0.12888933824245447 0.2124585810539596 
0.12888933824245447 0.2124585810539596 
0.12888933824245447 0.2124585810539596 
0.12888933824245447 0.2124585810539596 
0.10987045759774053 0.19557472240843876 
0.10987045759774053 0.19557472240843876 
0.07435910405449166 0.21675672843826624 
0.07069893689776618 0.20859324956453335 
0.07069893689776618 0.20859324956453335 
0.0848418442578172 0.2041344327006914 
0.0848418442578172 0.2041344327006914 
0.0848418442578172 0.2041344327006914 
0.0848418442578172 0.2041344327006914 
0.0848418442578172 0.2041344327006914 
0.08963400862959278 0.2121341460624284 
0.08963400862959278 0.2121341460624284 
0.08963400862959278 0.2121341460624284 
0.08804687616604735 0.2079117925595496 
0.08804687616604735 0.2079117925595496 
0.10364366228627306 0.19693611318503718 
0.10364366228627306 0.19693611318503718 
0.06853001241366047 0.21946146514181053 
0.06853001241366047 0.21946146514181053 
0.06853001241366047 0.21946146514181053 
0.07675760637864229 0.2040557597397691 
0.11225729502705334 0.18924022775971538 
0.11184739895233343 0.1896264854133092 
0.11184739895233343 0.1896264854133092 
0.11184739895233343 0.1896264854133092 
0.11320748436358177 0.17991800838590222 
0.11943651937946928 0.179155731096469 
0.11943651937946928 0.179155731096469 
0.11943651937946928 0.179155731096469 
0.12428824433823266 0.18131870871042266 
0.124949466751502 0.18274587198899786 
0.12468033582620137 0.183047703404157 
0.1298333077384802 0.18226082698572124 
0.13246370567409707 0.18499367733430572 
0.1304139396141567 0.18763187663021672 
0.15121494621743325 0.1966464084858646 
0.12373489519985095 0.22635070245220618 
0.12373489519985095 0.22635070245220618 
0.12373489519985095 0.22635070245220618 
0.12373489519985095 0.22635070245220618 
0.13308217206793166 0.21507064962755876 
0.1352916622305343 0.20990972676775616 
0.13235155683496452 0.2081391648655244 
0.13235155683496452 0.2081391648655244 
0.13235155683496452 0.2081391648655244 
0.1233335790631588 0.20636220677282419 
0.1233335790631588 0.20636220677282419 
0.1233335790631588 0.20636220677282419 
0.1233335790631588 0.20636220677282419 
0.14461885251744358 0.1994900990900677 
0.15616853013746831 0.21270620202615886 
0.15004384969146303 0.22978372663328112 
0.15004384969146303 0.22978372663328112 
0.13665174407780445 0.20543499599829143 
0.1228996212830208 0.18658089801498706 
0.12236683139905308 0.18648776855365207 
0.12276460013296936 0.1858134459117292 
0.10854478230259793 0.18027188917012185 
0.08832052970726174 0.17461903246581598 
0.09555887419829319 0.1717846977582822 
0.09555887419829319 0.1717846977582822 
0.09458357302147577 0.1717562485515721 
0.07960764425336411 0.16479408542712615 
0.07960764425336411 0.16479408542712615 
0.07960764425336411 0.16479408542712615 
0.07936701807506816 0.164830389480075 
0.07936701807506816 0.164830389480075 
0.07936701807506816 0.164830389480075 
0.07819414978938466 0.16475669331703474 
0.07819414978938466 0.16475669331703474 
0.07819414978938466 0.16475669331703474 
0.09484094398111456 0.1710410950729722 
0.09207184123906552 0.17293428203668973 
0.0899447184886456 0.1724453851042827 
0.0899447184886456 0.1724453851042827 
0.09130895749148504 0.17217578731580585 
0.0941247931053711 0.17184598538636547 
0.09186764678300448 0.17191005121289438 
0.08737388347549115 0.17216542458777573 
0.09903574297486942 0.1680484026947714 
0.08137985655880035 0.16334146226360455 
0.10156577348365145 0.16649999307195842 
0.10085466343241785 0.1657254100174331 
0.10085466343241785 0.1657254100174331 
0.11197161364166155 0.1620863596602185 
0.1154545415832548 0.14946121420480563 
0.1154545415832548 0.14946121420480563 
0.1154545415832548 0.14946121420480563 
0.1154545415832548 0.14946121420480563 
0.1154545415832548 0.14946121420480563 
0.1154545415832548 0.14946121420480563 
0.11579792256942081 0.15075130247947913 
0.09582429531819053 0.15536454649822315 
0.09582429531819053 0.15536454649822315 
0.10238243260174076 0.15721093961563723 
0.09155447763231384 0.1565868341932019 
0.09001075909283361 0.15502992015508987 
0.09001075909283361 0.15502992015508987 
0.09001075909283361 0.15502992015508987 
0.12490169682472868 0.16153501642975254 
0.1274845747774715 0.16486539743673284 
0.1075706293604818 0.16098628665168283 
0.10525844331907315 0.1657996205854899 
0.10780901669582073 0.16698570187219924 
0.11586583859008928 0.1699004823866748 
0.14265347848411453 0.16926378724791089 
0.14265347848411453 0.16926378724791089 
0.14271799129419432 0.17051532415620874 
0.14278094906687872 0.17326010658391636 
0.12851940732533002 0.1755629068015561 
0.13928158302647797 0.1759266682219029 
0.14613505492202508 0.17134412785091865 
0.1524835665708864 0.17410068626072872 
0.14943606461069855 0.17389489364112215 
0.15296900028874622 0.17352078070743635 
0.1703764748848642 0.18000636321686686 
0.16939080753953437 0.17525496798872836 
0.16939080753953437 0.17525496798872836 
0.1684380672466025 0.17469174482908797 
0.16787765099646926 0.17549629007265757 
0.1645297467124534 0.17639944487847087 
0.1645297467124534 0.17639944487847087 
0.1645297467124534 0.17639944487847087 
0.18131320144754315 0.17399028955053691 
0.18131320144754315 0.17399028955053691 
0.18131320144754315 0.17399028955053691 
0.17526241446573645 0.17819543870813498 
0.1454001779278002 0.17444887364229808 
0.1272753964314218 0.17939436545390433 
0.13689335271875497 0.1749475602764741 
0.14509220870054063 0.17533335535906486 
0.13615324862319989 0.1781612317904798 
0.1353700502882954 0.1765968445889728 
0.11178843070282642 0.16964729372356036 
0.11695493959416828 0.17090479564935768 
0.11695493959416828 0.17090479564935768 
0.11719006389229186 0.16647452943709143 
0.11585410414794477 0.16582272087997763 
0.11585410414794477 0.16582272087997763 
0.11585410414794477 0.16582272087997763 
0.11754207449397591 0.1646244499226879 
0.1402926615675783 0.15641894912276427 
0.1402926615675783 0.15641894912276427 
0.12724228665360862 0.15248236225668263 
0.12724228665360862 0.15248236225668263 
0.12724228665360862 0.15248236225668263 
0.12724228665360862 0.15248236225668263 
0.12724228665360862 0.15248236225668263 
0.12724228665360862 0.15248236225668263 
0.13871801456483787 0.1496900831793114 
0.13871801456483787 0.1496900831793114 
0.13871801456483787 0.1496900831793114 
0.13871801456483787 0.1496900831793114 
0.13871801456483787 0.1496900831793114 
0.13871801456483787 0.1496900831793114 
0.13871801456483787 0.1496900831793114 
0.13871801456483787 0.1496900831793114 
0.13871801456483787 0.1496900831793114 
0.1289214148742692 0.15238176073566936 
0.12741731276860901 0.15104229563603436 
0.12741731276860901 0.15104229563603436 
0.12248494875920599 0.14660231630747877 
0.12530129428276188 0.14437461776332647 
0.11523793687332758 0.1599571867143098 
0.11523793687332758 0.1599571867143098 
0.11727266841273537 0.1579226749216669 
0.11705734111156431 0.1576863969563818 
0.11723031908755892 0.15747638049937102 
0.13077467985436325 0.16013235247590205 
0.13077467985436325 0.16013235247590205 
0.1053367216286207 0.16581664244512156 
0.1053367216286207 0.16581664244512156 
0.12420603747799738 0.16559454200514948 
0.14457612004697729 0.16739585494907339 
0.1470921390514509 0.17107313052697992 
0.14629708054122367 0.16857901663566052 
0.15351814656217327 0.16258555135697716 
0.1293501510942997 0.1683868288333806 
0.11939854103130934 0.16937222551949294 
0.14836421979710956 0.16888207805286734 
0.15067819089077747 0.16871502309228945 
0.14507893831862184 0.1646301379059456 
0.14507893831862184 0.1646301379059456 
0.14507893831862184 0.1646301379059456 
0.13354275300054547 0.16263442702563097 
0.14110777930885476 0.1608318012160972 
0.1349511942437197 0.1540768549579043 
0.15231928725862307 0.16615691597592475 
0.15231928725862307 0.16615691597592475 
0.14325822824854867 0.1784041561620467 
0.15825686616098664 0.17572148394436066 
0.14917921541401186 0.17316694191596105 
0.16178968714620545 0.18018295913084592 
0.16178968714620545 0.18018295913084592 
0.16178968714620545 0.18018295913084592 
0.17353938565717364 0.18265371210486306 
0.14752090161200457 0.18013772427496447 
0.14752090161200457 0.18013772427496447 
0.15712096808129025 0.178711356307054 
0.16548442887489961 0.1824102541170388 
0.1652293296936556 0.18147511927623708 
0.1652293296936556 0.18147511927623708 
0.1652293296936556 0.18147511927623708 
0.1652293296936556 0.18147511927623708 
0.1652293296936556 0.18147511927623708 
0.1652293296936556 0.18147511927623708 
0.15768981775667013 0.17312075361030238 
0.1581413201908646 0.1702771485137916 
0.1598629399857125 0.16902809046725803 
0.15589304625904188 0.16800655342073278 
0.15768310344455402 0.1686098062195798 
0.16594323800320693 0.1709625238972176 
0.16594323800320693 0.1709625238972176 
0.16594323800320693 0.1709625238972176 
0.1599517083969929 0.175056639925604 
0.1599517083969929 0.175056639925604 
0.1599517083969929 0.175056639925604 
0.17537078502637424 0.16446254780905453 
0.17340644252457457 0.1663645957266028 
0.1526202623417848 0.16982304242691154 
0.1526202623417848 0.16982304242691154 
0.1526202623417848 0.16982304242691154 
0.1526202623417848 0.16982304242691154 
0.17326395948597634 0.16336708666834832 
0.17326395948597634 0.16336708666834832 
0.12087679296128051 0.1719214254485279 
0.12452360674121458 0.1695923753498368 
0.12219495020211173 0.16800567858894927 
0.11878433508889187 0.17181074282414183 
0.1174221449780813 0.17054391350353862 
0.11779063168085499 0.1654031679229209 
0.11701061835203701 0.1697344806334056 
0.13923287278258414 0.1702122385361607 
0.1458116309724485 0.16952963745099833 
0.1670877620808589 0.1743917610478769 
0.16492098678744105 0.1756160436009364 
0.16492098678744105 0.1756160436009364 
0.16253317915205873 0.17522636815809628 
0.16684179179258024 0.17525870969275567 
0.1338706418761089 0.16672847447229563 
0.1321175048160685 0.16721988549968203 
0.16217576829720237 0.16961488093933627 
0.15323873913853192 0.17045553130648644 
0.1743428624832649 0.16952497577425177 
0.1769710585490241 0.16900855946612797 
0.1769710585490241 0.16900855946612797 
0.17044891759811084 0.17171870586295013 
0.17044891759811084 0.17171870586295013 
0.141583962680639 0.17383698950086754 
0.1399067377585931 0.17383490614104302 
0.15877817604464145 0.1755836118592461 
0.16132769047720966 0.1783023163269014 
0.1753823087033032 0.18473415222374606 
0.17746098010310402 0.1818859940199818 
0.17746098010310402 0.1818859940199818 
0.17746098010310402 0.1818859940199818 
0.17746098010310402 0.1818859940199818 
0.16044214398809184 0.18173787087741558 
0.15724496195256363 0.1811189069242257 
0.15617644056024088 0.18113264967812487 
0.15964838870101652 0.18380859327786725 
0.1501175647552742 0.18487325613171746 
0.1501175647552742 0.18487325613171746 
0.1501175647552742 0.18487325613171746 
0.15188649657064637 0.1851304588929127 
0.11574066512843195 0.17698749216961457 
0.10540075935370602 0.17270681078283684 
0.10895633300860896 0.17162409860637898 
0.12997266062089996 0.17124995250514616 
0.12997266062089996 0.17124995250514616 
0.12664721218764916 0.17559887106969346 
0.13384662930637733 0.1743519544169829 
0.13530861946143516 0.1755075415282398 
0.09506182592688651 0.17216997807832768 
0.09506182592688651 0.17216997807832768 
0.09409405038380558 0.17300552074800962 
0.07841398332957067 0.16860878368571836 
0.07451863311933618 0.16741769428056386 
0.0990988191668321 0.16744897730443037 
0.11092192840457488 0.16898687134214035 
0.11078865048708028 0.16888920614987918 
0.11078865048708028 0.16888920614987918 
0.11078865048708028 0.16888920614987918 
0.138165267231239 0.17263761410061157 
0.15403800052806205 0.1703496523419906 
0.15293553537140006 0.1717176963887789 
0.15015015902237533 0.17582503063737664 
0.1481066860943148 0.17776999324029136 
0.1481066860943148 0.17776999324029136 
0.14874124447355574 0.17675704398437178 
0.13288726124571154 0.17950765541067215 
0.13387326401304442 0.18093405681391045 
0.13603896909367466 0.18370911283078226 
0.13685519044281647 0.18590112008780907 
0.13685519044281647 0.18590112008780907 
0.1363133931433372 0.18614529237421998 
0.1363133931433372 0.18614529237421998 
0.1363133931433372 0.18614529237421998 
0.12260554861501416 0.19459618978077847 
0.09870214864533161 0.18521856814198587 
0.10032603345547692 0.19219089462121428 
0.09344850846441012 0.1949527593609034 
0.10712759993164606 0.18943103513391837 
0.11084179860799741 0.20226004462011113 
0.11046517216388829 0.20321454547279927 
0.1141533360205867 0.19386747066927762 
0.11238835550306375 0.18901530197833954 
0.11238835550306375 0.18901530197833954 
0.11479828350625657 0.18714844727468413 
0.12619499752918045 0.18482610042134248 
0.12523125475135014 0.18422795114055965 
0.12421894248002564 0.18719871988447243 
0.12421894248002564 0.18719871988447243 
0.1339738858861796 0.1880041467933624 
0.15477719352867736 0.1756605484876996 
0.14584739759941023 0.17604959149688726 
0.14584739759941023 0.17604959149688726 
0.1223797380008781 0.17833867796029496 
0.1223797380008781 0.17833867796029496 
0.13244725899310808 0.17575353958189205 
0.1662664958894038 0.1692156789128328 
0.1662664958894038 0.1692156789128328 
0.16908733349147426 0.16785340339157287 
0.16908733349147426 0.16785340339157287 
0.16718307734336407 0.17316539263887254 
0.15407050482043438 0.17718944364132916 
0.15407050482043438 0.17718944364132916 
0.14600353974332608 0.17278241636563627 
0.14600353974332608 0.17278241636563627 
0.16087473586564788 0.18289249369193658 
0.16087473586564788 0.18289249369193658 
0.14427152458850973 0.1805058817691247 
0.16011047645813953 0.17827502187996536 
0.16011047645813953 0.17827502187996536 
0.16011047645813953 0.17827502187996536 
0.16011047645813953 0.17827502187996536 
0.16011047645813953 0.17827502187996536 
0.16230703186857026 0.17958067173495146 
0.12785594653308935 0.17987863850240457 
0.12785594653308935 0.17987863850240457 
0.12997585416674673 0.18066040982964462 
0.12997585416674673 0.18066040982964462 
0.14779157057992903 0.16530020207031537 
0.12585368221202028 0.1719119639287076 
0.12473385461645865 0.17818618572679717 
0.11295422464892403 0.18074926342702555 
0.11725487381187806 0.18216438493157017 
0.10599013998688747 0.17903806003392966 
0.10562613515085287 0.17904912504070816 
0.07247236693269532 0.16666426592549352 
0.06532219532808142 0.16623835196782022 
0.06532219532808142 0.16623835196782022 
0.10240900032878954 0.1720457282154958 
0.11844665947156806 0.171430631801098 
0.10213672391424777 0.17029160940297067 
0.10434282880301696 0.17084553944712189 
0.10985078122505608 0.17027778287057652 
0.10539533083716089 0.16782350193426165 
0.10539533083716089 0.16782350193426165 
0.10540701770747687 0.16782167276592477 
0.10338319781236202 0.17157984188074438 
0.1014531136944093 0.17219203767806984 
0.13111647303371232 0.16046140354536612 
0.13111647303371232 0.16046140354536612 
0.11215176579578846 0.17525935204065718 
0.1376852106914888 0.17551952443077212 
0.14322783187555935 0.17722199334043867 
0.14322783187555935 0.17722199334043867 
0.12951726697318916 0.17842452952211305 
0.14446873100653068 0.1770577179740711 
0.14446873100653068 0.1770577179740711 
0.14446873100653068 0.1770577179740711 
0.14817486504514682 0.17539694512563359 
0.1497248272317376 0.1748285599027763 
0.14944594383566545 0.17444272233862748 
0.14944594383566545 0.17444272233862748 
0.1424450563953763 0.1743163137809973 
0.1442478811917199 0.16950380801575257 
0.1442478811917199 0.16950380801575257 
0.1442478811917199 0.16950380801575257 
0.14131585267623853 0.16701140671436923 
0.14131585267623853 0.16701140671436923 
0.12284398340656177 0.17265949510095255 
0.1219652082802934 0.17417655502486123 
0.1158970885176989 0.17520795753542825 
0.11532077242576318 0.17560115575288243 
0.11688959750126998 0.17200464031926366 
0.11688959750126998 0.17200464031926366 
0.11688959750126998 0.17200464031926366 
0.10708339071486847 0.17785134615633147 
0.11796229272514458 0.1775146685417445 
0.11643858720341768 0.17772024970040834 
0.08683735774472527 0.17774703112793655 
0.08683735774472527 0.17774703112793655 
0.08683735774472527 0.17774703112793655 
0.07168295236722094 0.1831555900590081 
0.08798815341563779 0.17884530952800057 
0.10839564995109512 0.1764265317903417 
0.10497792139553673 0.17275318992875527 
0.07060647418295993 0.1758888232498642 
0.0714575361186061 0.17579172863278866 
0.09240673302995338 0.17262790155873853 
0.11021928185360585 0.1712359687143155 
0.13799542558722822 0.17929098455323603 
0.14960194569642962 0.1822118544728621 
0.13701722679921702 0.17957665119991534 
0.13188172470539827 0.1793713870530537 
0.11711768081219827 0.17895675741656833 
0.1583317903171698 0.18836811691487962 
0.1583317903171698 0.18836811691487962 
0.16279607799306325 0.1877735396427639 
0.1498039488772962 0.17693536186904565 
0.1498039488772962 0.17693536186904565 
0.16985832983294855 0.18252232996404083 
0.16368892216997263 0.1786628630721544 
0.16368892216997263 0.1786628630721544 
0.11659352425621938 0.1784897958235112 
0.11659352425621938 0.1784897958235112 
0.11967883216824131 0.1785729147632188 
0.11967883216824131 0.1785729147632188 
0.11308790768111958 0.1788008731828581 
0.11382876670291833 0.1816399595181271 
0.11382876670291833 0.1816399595181271 
0.09807095864214882 0.17963515586612466 
0.11084729991005175 0.18743768892820734 
0.10822167202893833 0.1868681026123697 
0.1342554602864044 0.18332778082357337 
0.1207778140520245 0.17727344908322512 
0.1207778140520245 0.17727344908322512 
0.13488137438486197 0.18229322647262136 
0.17014909015874763 0.19394049596047325 
0.17014909015874763 0.19394049596047325 
0.17192757668059444 0.1942367648936739 
0.17192757668059444 0.1942367648936739 
0.17192757668059444 0.1942367648936739 
0.17192757668059444 0.1942367648936739 
0.17192757668059444 0.1942367648936739 
0.17192757668059444 0.1942367648936739 
0.17192757668059444 0.1942367648936739 
0.17192757668059444 0.1942367648936739 
0.17192757668059444 0.1942367648936739 
0.1290660256856705 0.18021180595931674 
0.12067644507933183 0.18102259605916668 
0.1167456128145234 0.1806780587438604 
0.12810619134582826 0.18957080141574903 
0.12627043684771336 0.1919544308934594 
0.12627043684771336 0.1919544308934594 
0.13881317208631594 0.19471832335779682 
0.14407272449443378 0.19093367399719297 
0.14870136623896213 0.19031148255028685 
0.14870136623896213 0.19031148255028685 
0.14870136623896213 0.19031148255028685 
0.14863954978051522 0.18859780622729788 
0.14863954978051522 0.18859780622729788 
0.15133052952294382 0.18490925848137274 
0.15124069357530823 0.18553871578956016 
0.1378084250114276 0.18248652218819106 
0.1378084250114276 0.18248652218819106 
0.14990939377018198 0.1795338620606755 
0.148133413047697 0.1813078611950217 
0.15183616227867022 0.18234270808917236 
0.1611169442662892 0.18048369574308512 
0.16095015965464454 0.18039633878451317 
0.16331695025006865 0.1803539507948249 
0.15058272740671477 0.1801651685063522 
0.13892653901640203 0.1884153435987795 
0.11729855370386379 0.18176877830313237 
0.11139613328785974 0.17893737776040655 
0.09266312906164625 0.1738493009776015 
0.09266312906164625 0.1738493009776015 
0.09264444386881199 0.17386403731361721 
0.09198176644751216 0.17375856640981843 
0.09198176644751216 0.17375856640981843 
0.0778960785088158 0.1752673803928765 
0.0778960785088158 0.1752673803928765 
0.07979235094328409 0.1752777661827225 
0.07580878334744579 0.1771284823895698 
0.07823907120705756 0.17603013759804287 
0.1037605761997425 0.17790452285693165 
0.10366557171524418 0.17770090976960123 
0.10366557171524418 0.17770090976960123 
0.10366557171524418 0.17770090976960123 
0.10366557171524418 0.17770090976960123 
0.0999919811272707 0.17551010005867854 
0.09032710277235148 0.17433578137189645 
0.07378300221796319 0.17199176186931714 
0.07378300221796319 0.17199176186931714 
0.07378300221796319 0.17199176186931714 
0.06476525194182861 0.16495310350701478 
0.06476525194182861 0.16495310350701478 
0.06476525194182861 0.16495310350701478 
0.1046567884113721 0.16790510550184695 
0.1122238857596014 0.17056109259148403 
0.13430385358571728 0.17961193397647512 
0.1537661469789633 0.18246010114279998 
0.1348599210441513 0.18423919002158468 
0.1587016071563187 0.18011481431786777 
0.12658478086773176 0.17741231145127198 
0.15309904398144408 0.18342868567642096 
0.15273852736174473 0.18542297642912306 
0.15273852736174473 0.18542297642912306 
0.1494891077440077 0.184641283127692 
0.14811618112769326 0.18429491972927245 
0.15696139015257782 0.18443751644800835 
0.15906396621652788 0.17617230426798375 
0.15906396621652788 0.17617230426798375 
0.15906396621652788 0.17617230426798375 
0.17801760218935903 0.17327051035527796 
0.1778651979556553 0.17404320703614 
0.13993268439267506 0.17292928300790456 
0.14131729277194396 0.1705556189303476 
0.1668186111022948 0.16411747586484815 
0.15518726263199484 0.16582045088906558 
0.14478904931891165 0.16769564414913474 
0.14478904931891165 0.16769564414913474 
0.14583312579143687 0.1670336880733936 
0.12616079100479252 0.1713937042618084 
0.14739302695101764 0.1671122035264234 
0.14739302695101764 0.1671122035264234 
0.11397347230399724 0.17535625495984947 
0.10838564219623233 0.17027969570093252 
0.10096567925113654 0.17021811305571308 
0.07486290211877311 0.15653349534509195 
0.07486290211877311 0.15653349534509195 
0.0742977244645215 0.15345628109614523 
0.0742977244645215 0.15345628109614523 
0.0742977244645215 0.15345628109614523 
0.0742977244645215 0.15345628109614523 
0.07153353336982361 0.15174156385164822 
0.07005250661076419 0.15079387267990604 
0.0729981778356909 0.15207561817239143 
0.09551495841991225 0.1579806344811388 
0.1019081816670742 0.1699027445355167 
0.1019081816670742 0.1699027445355167 
0.1188044376714064 0.1764359693409341 
0.1205977989336875 0.16255764684372273 
0.12616676228970589 0.16037464599010917 
0.12616676228970589 0.16037464599010917 
0.12408380778752162 0.16189725960655277 
0.08765442381267749 0.15795742467836918 
0.09642480605731908 0.16412501903324783 
0.08647237149757543 0.17175088096555197 
0.07823601131583206 0.16799509654201236 
0.0709071678418893 0.16740145643078083 
0.06293993099809557 0.1569642389218484 
0.06293993099809557 0.1569642389218484 
0.06293993099809557 0.1569642389218484 
0.06293993099809557 0.1569642389218484 
0.06757949766459183 0.15889621638999213 
0.06757949766459183 0.15889621638999213 
0.07164628508264874 0.16573083427528854 
0.07164628508264874 0.16573083427528854 
0.07275183977036927 0.16784350710956236 
0.07275183977036927 0.16784350710956236 
0.07856271753006588 0.1686471417266295 
0.07856271753006588 0.1686471417266295 
0.07885705813767495 0.16569646260043724 
0.07885705813767495 0.16569646260043724 
0.0818891240298463 0.16634082172215037 
0.0818891240298463 0.16634082172215037 
0.08436421155980096 0.1646493891914039 
0.12107725632710456 0.17375019519274587 
0.11321052538553907 0.17519126887579572 
0.11574899685137437 0.17351861811436559 
0.09463095626231403 0.16828012500599673 
0.09463095626231403 0.16828012500599673 
0.10108134070959549 0.1682265401527333 
0.10108134070959549 0.1682265401527333 
0.08085416113157648 0.16441511330531172 
0.08052847591052442 0.1648650115926642 
0.08383607589613355 0.16531904670909264 
0.07804278388032143 0.16347544988778895 
0.07804278388032143 0.16347544988778895 
0.07804278388032143 0.16347544988778895 
0.07804278388032143 0.16347544988778895 
0.07804278388032143 0.16347544988778895 
0.07804278388032143 0.16347544988778895 
0.10866912125745627 0.1656027830670933 
0.14205469607383847 0.17324907050232333 
0.14545883672254717 0.17330913468767706 
0.14545883672254717 0.17330913468767706 
0.14549015732225812 0.17373284504606734 
0.14549015732225812 0.17373284504606734 
0.15662048411273663 0.17054532324284377 
0.15695572711463746 0.17064636635602562 
0.11885229157949247 0.17585271567169705 
0.11277992639482252 0.1750471236172926 
0.10325906796724847 0.17365000130431243 
0.10325906796724847 0.17365000130431243 
0.09963847801722767 0.1702172795916824 
0.1003279153225847 0.17037225068496772 
0.10784534567962248 0.17275853290199186 
0.10442397520509711 0.17311604742724354 
0.10544702253958095 0.17316958620155565 
0.09918965770665092 0.16995349946253432 
0.09857994400617724 0.169914469871969 
0.08085783188783226 0.16882091871501775 
0.08085783188783226 0.16882091871501775 
0.07924962295252261 0.16613858085496605 
0.08908303941199017 0.16792766056844027 
0.06861812130728105 0.1618008549164096 
0.07156570529481524 0.16295712674497612 
0.07151371805837067 0.16457714378222943 
0.07151371805837067 0.16457714378222943 
0.07186210232699396 0.16517483590201906 
0.06987032410647744 0.1645570192598072 
0.09447373760680862 0.17498440007572513 
0.08411443851180045 0.17473676310961345 
0.08411443851180045 0.17473676310961345 
0.07409104804112318 0.17268896162732988 
0.0895009872380236 0.1798150559062473 
0.0639099588329905 0.17977452479366188 
0.09829265144328561 0.17931791311609263 
0.07121991741788841 0.18589076869498075 
0.06719522012737461 0.18662230304036384 
0.06719522012737461 0.18662230304036384 
0.06719522012737461 0.18662230304036384 
0.06686409456428319 0.18670509409036312 
0.06686409456428319 0.18670509409036312 
0.06686409456428319 0.18670509409036312 
0.08390754699035334 0.18326163321450875 
0.10976732748450549 0.17503090655408157 
0.06633862347428499 0.1752006531439889 
0.07327305511554422 0.17990923476480422 
0.07327305511554422 0.17990923476480422 
0.07141696896669815 0.18119219092304004 
0.07141696896669815 0.18119219092304004 
0.07141696896669815 0.18119219092304004 
0.07039038907511867 0.18483586663043416 
0.0693554419563897 0.18487275507303122 
0.0693554419563897 0.18487275507303122 
0.11236568987872453 0.18039140696790215 
0.09286089147500029 0.18337129725058507 
0.09286089147500029 0.18337129725058507 
0.09286089147500029 0.18337129725058507 
0.09891315528215235 0.1837005722330006 
0.09891315528215235 0.1837005722330006 
0.09673507395017973 0.1803201919365866 
0.09634717521115717 0.1804038357511029 
0.09175479596263653 0.1808067724467241 
0.09120516536374591 0.1831080131535496 
0.098647494875376 0.182098126102353 
0.09513233295017876 0.1921202422311008 
0.09679214548459894 0.19204545847916218 
0.097771708903492 0.1975852465293257 
0.097771708903492 0.1975852465293257 
0.10717896833147628 0.1994538111574997 
0.10717896833147628 0.1994538111574997 
0.09864393410043103 0.1971977219056797 
0.09864393410043103 0.1971977219056797 
0.09672189097238207 0.19765941081605157 
0.09544975149050369 0.19919790411899707 
0.09563402727897703 0.19940491406674896 
0.09396290082040401 0.2005343540081229 
0.06744845166125904 0.204834624019998 
0.06744845166125904 0.204834624019998 
0.06744845166125904 0.204834624019998 
0.07794397045390417 0.20129556996023693 
0.10440406827063803 0.19583112869509414 
0.10622283160903417 0.1979678768627385 
0.11132907801463196 0.20524026798554723 
0.11132907801463196 0.20524026798554723 
0.11660373774939164 0.22194456260796702 
0.12636461294775175 0.2091651912015025 
0.12636461294775175 0.2091651912015025 
0.1269491834927022 0.20878184986751694 
0.1269491834927022 0.20878184986751694 
0.14092019021956412 0.20076875063272723 
0.1422987172260912 0.20107664235132494 
0.12431593124428666 0.19419093196171658 
0.13622762705702052 0.18781713080067386 
0.12387845001548853 0.18299865017324668 
0.12387845001548853 0.18299865017324668 
0.141780389950795 0.17759445474193616 
0.1363979061261727 0.17810961423029917 
0.13640786727987958 0.17811995804000424 
0.13643694394197914 0.17812203866772958 
0.13643694394197914 0.17812203866772958 
0.13533276436520308 0.1810419696128769 
0.14335460356814816 0.17411671768236697 
0.1509432892675855 0.1712931727457869 
0.15763014849428145 0.17052731692333994 
0.15763014849428145 0.17052731692333994 
0.15763014849428145 0.17052731692333994 
0.15763014849428145 0.17052731692333994 
0.15667465898620472 0.15784604585129905 
0.15779266532744518 0.16049824732747997 
0.15779266532744518 0.16049824732747997 
0.17750585975083005 0.15573679022463535 
0.13951647576856419 0.16540148480434783 
0.13638034806130722 0.1769416367323301 
0.13638034806130722 0.1769416367323301 
0.11235492436522562 0.16908287158607874 
0.11621694652973048 0.16868866418288977 
0.13006061354337728 0.1702310760967894 
0.13006061354337728 0.1702310760967894 
0.12566335637307532 0.1707621400650915 
0.1243780615054469 0.17036408918887477 
0.125136478366103 0.17096254239454095 
0.12586973243338648 0.17102046705408616 
0.14486349792935038 0.16340104897028399 
0.1446085985891451 0.16554325870356137 
0.1446085985891451 0.16554325870356137 
0.12874829095006082 0.1711981475530723 
0.1305587473229376 0.17122467782310125 
0.1351212431741996 0.17230624132109656 
0.16653850980594367 0.17384983094100184 
0.16653850980594367 0.17384983094100184 
0.17554823291291188 0.17200640678039442 
0.17554823291291188 0.17200640678039442 
0.17554823291291188 0.17200640678039442 
0.17554823291291188 0.17200640678039442 
0.17554823291291188 0.17200640678039442 
0.17538789105855138 0.17844980282520082 
0.1778017814642405 0.1892311778930275 
0.1778017814642405 0.1892311778930275 
0.1778017814642405 0.1892311778930275 
0.1714524069342237 0.1886146371029024 
0.1714524069342237 0.1886146371029024 
0.1714524069342237 0.1886146371029024 
0.1603570871150681 0.18097724433872175 
0.17033052309071617 0.18429510161710558 
0.17033052309071617 0.18429510161710558 
0.17033052309071617 0.18429510161710558 
0.17008656826971633 0.1842838017597624 
0.17008656826971633 0.1842838017597624 
0.1693131253484797 0.18986155471688482 
0.1693131253484797 0.18986155471688482 
0.16611268978423085 0.18892616614900123 
0.1680761589121922 0.18338844031530502 
0.1680761589121922 0.18338844031530502 
0.1680761589121922 0.18338844031530502 
0.1680761589121922 0.18338844031530502 
0.14271466503670518 0.1818565760044144 
0.10989192437995868 0.17466847329031707 
0.12719460747492095 0.1687212083457025 
0.10852929730651872 0.16768144564566714 
0.10970947370490429 0.16743159142275676 
0.1201036217899344 0.16174293762668918 
0.1201036217899344 0.16174293762668918 
0.1201036217899344 0.16174293762668918 
0.1201036217899344 0.16174293762668918 
0.11992994630634501 0.16894174011873858 
0.08027467958285528 0.17136528403773313 
0.07910922847930472 0.17223107747040087 
0.11568900460198871 0.17117832190560195 
0.11963755045509421 0.1695799324222636 
0.145633020230379 0.17064004956202003 
0.145633020230379 0.17064004956202003 
0.145633020230379 0.17064004956202003 
0.12969436545181323 0.17006518514953253 
0.14026362073820145 0.1708193501815646 
0.14297610597949817 0.1705252960003576 
0.15075176507658516 0.16859463225636265 
0.1572008380640793 0.1714981852161869 
0.1559856649390402 0.17173444002379273 
0.13520436529905763 0.17095457355700985 
0.13520436529905763 0.17095457355700985 
0.13520436529905763 0.17095457355700985 
0.12088275121516301 0.17393951190056678 
0.12989734169036898 0.17146461581959585 
0.15620032494977767 0.16499683295820539 
0.1562000393440059 0.16498596060803297 
0.15617501510735035 0.16621596640602465 
0.15604122132484435 0.16252446593729533 
0.15604122132484435 0.16252446593729533 
0.15223833791143837 0.16528116188559616 
0.1523125926534407 0.1652969596352604 
0.14206053372563518 0.1656040635821364 
0.1402879153380384 0.16814629348000454 
0.1166259273949089 0.1731632074958438 
0.12583311936336825 0.1708025921161733 
0.10666990975874482 0.1699224266880824 
0.08246836976986524 0.16088131337890188 
0.0949164374052716 0.16903709678190373 
0.08492032137038485 0.16738151166362142 
0.06916059042653719 0.16405789059995027 
0.06916059042653719 0.16405789059995027 
0.06908087763716009 0.1644479573286492 
0.06723554765812875 0.16479971158939413 
0.08371381581292453 0.1669557912516916 
0.08371381581292453 0.1669557912516916 
0.11616762532694729 0.17710083779891328 
0.1139593748358738 0.1769631502514807 
0.14190227505254993 0.17524418948572265 
0.14467201717136063 0.1777181832666006 
0.12046647405710376 0.17516672115364848 
0.11422997600183886 0.1750150565990861 
0.110823841692381 0.1787669740099118 
0.10785184172567946 0.17770518264679405 
0.14601190200365788 0.1672303023968129 
0.13968927225672453 0.16605969437710788 
0.13968927225672453 0.16605969437710788 
0.13968927225672453 0.16605969437710788 
0.1402184824487695 0.16737326539814004 
0.16916129897934892 0.16978132094142198 
0.16916129897934892 0.16978132094142198 
0.16688096681143783 0.17034147814624248 
0.16692850991808908 0.17035597135324193 
0.17257891752775728 0.1494818000199187 
0.17257891752775728 0.1494818000199187 
0.17257891752775728 0.1494818000199187 
0.17257891752775728 0.1494818000199187 
0.17568494684813848 0.14854597449410556 
0.17568494684813848 0.14854597449410556 
0.17568494684813848 0.14854597449410556 
0.17145298512500434 0.15135433281685265 
0.15862133138126155 0.1575950550397288 
0.15862133138126155 0.1575950550397288 
0.15448645269607675 0.16208183755484226 
0.15448645269607675 0.16208183755484226 
0.1558927388110313 0.16404027633388668 
0.1558927388110313 0.16404027633388668 
0.13770960623382092 0.1642073919368184 
0.10906659208265004 0.16841745109296985 
0.10686155709961986 0.16833099118768893 
0.128760852514752 0.17495569382002282 
0.1673939420279346 0.16684714545572585 
0.1673939420279346 0.16684714545572585 
0.1673939420279346 0.16684714545572585 
0.1664159614147254 0.16689996243218708 
0.15458343899192167 0.1690818197856752 
0.15458343899192167 0.1690818197856752 
0.1492464384835548 0.16839384226814305 
0.1492464384835548 0.16839384226814305 
0.1492464384835548 0.16839384226814305 
0.16371071116249222 0.16877924039102438 
0.16371071116249222 0.16877924039102438 
0.1719314353145727 0.16155013859493256 
0.1719314353145727 0.16155013859493256 
0.17692759118349477 0.16045487031489858 
0.17692759118349477 0.16045487031489858 
0.1795970686803261 0.16029634382381933 
0.1795970686803261 0.16029634382381933 
0.1795970686803261 0.16029634382381933 
0.1795970686803261 0.16029634382381933 
0.1795970686803261 0.16029634382381933 
0.1795970686803261 0.16029634382381933 
0.1781029846204526 0.1641013160929445 
0.1781029846204526 0.1641013160929445 
0.1781029846204526 0.1641013160929445 
0.1521431385673906 0.16574820416863856 
0.17180564515708488 0.16013828183279302 
0.14594620762857796 0.1711846812281219 
0.14618691732048394 0.1754080837552331 
0.17351034171285679 0.1741943348522348 
0.1683700860027758 0.1773219394669978 
0.1683700860027758 0.1773219394669978 
0.17211089641486593 0.1774788478299836 
0.12755941805688112 0.18034635802816695 
0.14677431932089463 0.1827578514644065 
0.14743926132186555 0.18356274870121222 
0.14743926132186555 0.18356274870121222 
0.17979530859059242 0.1850216411904306 
0.17979530859059242 0.1850216411904306 
0.17979530859059242 0.1850216411904306 
0.16872758107745786 0.18349042563167794 
0.16872758107745786 0.18349042563167794 
0.16525987590192573 0.17981002277083982 
0.16525987590192573 0.17981002277083982 
0.15709347079287866 0.17210401711270717 
0.15709347079287866 0.17210401711270717 
0.15709347079287866 0.17210401711270717 
0.15709347079287866 0.17210401711270717 
0.15709347079287866 0.17210401711270717 
0.15709347079287866 0.17210401711270717 
0.16278220009368094 0.18693577468762274 
0.16072800419331018 0.18857387953417007 
0.16072800419331018 0.18857387953417007 
0.16162000309769037 0.1764730064279072 
0.16248359552715752 0.1771665394377012 
0.1776122748139647 0.16672517226131453 
0.1776122748139647 0.16672517226131453 
0.1776122748139647 0.16672517226131453 
0.1776122748139647 0.16672517226131453 
0.17515576944162137 0.1676393787879431 
0.17515576944162137 0.1676393787879431 
0.17515576944162137 0.1676393787879431 
0.16782772388261608 0.1704719252539083 
0.16782772388261608 0.1704719252539083 
0.16761888737829767 0.16900199823469272 
0.16761888737829767 0.16900199823469272 
0.17692953223421928 0.1699012811002792 
0.16512449870916956 0.1709664661092552 
0.16512449870916956 0.1709664661092552 
0.14981182825787942 0.1742258680379819 
0.14981182825787942 0.1742258680379819 
0.1380016878693831 0.17255424700255823 
0.1380016878693831 0.17255424700255823 
0.13807986858531496 0.17255697959777325 
0.15733740996034598 0.16702232660755223 
0.15733740996034598 0.16702232660755223 
0.13877336588677872 0.1734298313023195 
0.13895416633879065 0.17343892808671033 
0.16195557360964613 0.16760630349408678 
0.17120748708322261 0.16737464025090118 
0.17558457580386466 0.1668117569874784 
0.17347298101141176 0.16626633181820585 
0.14287380922262805 0.17324032391329147 
0.14287380922262805 0.17324032391329147 
0.1387460517576856 0.1710217212582034 
0.1349750368468728 0.17256509073347337 
0.1349750368468728 0.17256509073347337 
0.13555261877470975 0.17257679099191592 
0.1355323741500111 0.17259662465949432 
0.1430692547952554 0.173161296496079 
0.1430692547952554 0.173161296496079 
0.1430692547952554 0.173161296496079 
0.11678782261971155 0.1759859398051147 
0.1131154349759531 0.17568249419194687 
0.1131154349759531 0.17568249419194687 
0.11863360406996737 0.17573810170552268 
0.14414832409877715 0.17349995759257908 
0.12268362798942407 0.17249715686110237 
0.12738253616166334 0.17027534577135617 
0.11900968837659417 0.1691779465729275 
0.11671173807211434 0.16963388589525022 
0.11671173807211434 0.16963388589525022 
0.13179995369151262 0.17052980584374355 
0.13179995369151262 0.17052980584374355 
0.1496226860624941 0.17005803023464255 
0.1496226860624941 0.17005803023464255 
0.17402705288485298 0.1692696910542383 
0.1698834091971474 0.17074086034563352 
0.1698834091971474 0.17074086034563352 
0.1698834091971474 0.17074086034563352 
0.1698834091971474 0.17074086034563352 
0.16909958922604226 0.17072990088516865 
0.1726535159977867 0.16901273398401384 
0.16020333010908816 0.16855528538843517 
0.1407673275450691 0.17721581264414324 
0.13825435660464613 0.17665109517461142 
0.1239675457325795 0.17841196208713378 
0.14523233125921042 0.18151156357876927 
0.13769214568814203 0.18033223013170405 
0.12221211311102695 0.17164574917467168 
0.1279079753705192 0.1716923497400999 
0.11185571116392634 0.16641069373910666 
0.10863345614458668 0.16844927933986206 
0.10863345614458668 0.16844927933986206 
0.10892850122795464 0.16815299943904993 
0.09484650253881304 0.16834912745791988 
0.0944677252456503 0.17572696134005886 
0.09843332229612073 0.18032619306621994 
0.10228256723630638 0.1795020604272787 
0.09367700175938051 0.17637462683925142 
0.09541896490801619 0.17455573184847106 
0.08900545082988223 0.1732569928869011 
0.08671019361317436 0.17328886459953208 
0.10851877237567023 0.1771312054735794 
0.09510375532883356 0.1738457024496168 
0.12370927997296194 0.17187086545902427 
0.11672917167842009 0.16312602320665093 
0.11196270922595629 0.17153070705918946 
0.11908973871020868 0.17221339807469668 
0.12863984903894973 0.17166583652313822 
0.15181243202705608 0.16599830498792217 
0.14673644833314797 0.16740542247649967 
0.14673644833314797 0.16740542247649967 
0.158908281805528 0.1670343192325397 
0.16055879776673118 0.17008506188386674 
0.16449723930497037 0.17164790060003254 
0.16043685242075106 0.17175187182491358 
0.16043685242075106 0.17175187182491358 
0.16043685242075106 0.17175187182491358 
0.16247247016955763 0.17511863590804078 
0.1486900716273004 0.17588067184810882 
0.1407474400442864 0.17513968143088163 
0.13174431181026183 0.17811280280582148 
0.1698354930345543 0.1808492933140969 
0.1698354930345543 0.1808492933140969 
0.1698354930345543 0.1808492933140969 
0.15470722895719435 0.17783279022573806 
0.15470722895719435 0.17783279022573806 
0.16225740181861262 0.1784781018574688 
0.15596121473371588 0.17120572016586252 
0.15596121473371588 0.17120572016586252 
0.15596121473371588 0.17120572016586252 
0.15334177283447845 0.1708012295691187 
0.15277044382103705 0.17087772377792743 
0.15003259517989462 0.173596066794012 
0.15575377707077362 0.1736725496468187 
0.16196675924863327 0.16691870544690268 
0.14654983703234423 0.16980493181273854 
0.14531050536612625 0.16959010368353117 
0.12875700138780866 0.17319051991478457 
0.15148222852472826 0.17349524737876948 
0.1524917738631731 0.17514658545499412 
0.1524917738631731 0.17514658545499412 
0.148608500016096 0.17612903324868082 
0.148608500016096 0.17612903324868082 
0.1450398836820301 0.17654636048206923 
0.1450398836820301 0.17654636048206923 
0.15985643819818923 0.17265848942681197 
0.15010753396519788 0.17562172877169044 
0.15005997889708997 0.17708123120986483 
0.15005997889708997 0.17708123120986483 
0.15005997889708997 0.17708123120986483 
0.17789015562635344 0.17778143384755707 
0.17789015562635344 0.17778143384755707 
0.17959451349047784 0.17805984773803094 
0.17627395668668724 0.1772228730816644 
0.17627395668668724 0.1772228730816644 
0.17627395668668724 0.1772228730816644 
0.17071991433851597 0.17711602958530737 
0.17089390165522372 0.1746207962043028 
0.17110509192824574 0.17472498483461085 
0.17110509192824574 0.17472498483461085 
0.17110509192824574 0.17472498483461085 
0.17110509192824574 0.17472498483461085 
0.13541022787845444 0.175259025553488 
0.15485600940934974 0.17470558907806774 
0.16458707831426264 0.17361353939269525 
0.13967310595345442 0.17607904140480818 
0.14537231680525547 0.1762082661623355 
0.14338848202625334 0.17508130191439933 
0.13549801699148423 0.1734497841761138 
0.13829262947286744 0.175471741098726 
0.13830637714692148 0.17547598666077124 
0.11750005129541517 0.1608405655784531 
0.13730736485607634 0.16060604528517272 
0.13957035818002808 0.158902357875997 
0.13999038178316428 0.1544016452738389 
0.140291018895006 0.16366372032913284 
0.141078387917154 0.16600743412578692 
0.1386313477131768 0.1667844274488988 
0.13664334900186492 0.16044020415014867 
0.13664334900186492 0.16044020415014867 
0.13664334900186492 0.16044020415014867 
0.13664334900186492 0.16044020415014867 
0.11661272636298575 0.15639828625264635 
0.11404069932902096 0.15772496416357729 
0.10707651632385781 0.1501219347890847 
0.11737865523251298 0.1568298297274926 
0.11737865523251298 0.1568298297274926 
0.1249056978487344 0.15506130626622672 
0.1249056978487344 0.15506130626622672 
0.12647376096192064 0.15684471883204182 
0.1286813313874476 0.15825374850597876 
0.1286813313874476 0.15825374850597876 
0.1320853179344364 0.16244174975158027 
0.17797667254800484 0.15603843689318572 
0.17762944847836762 0.1613697939879269 
0.17762944847836762 0.1613697939879269 
0.17762944847836762 0.1613697939879269 
0.17762944847836762 0.1613697939879269 
0.17762944847836762 0.1613697939879269 
0.170929000491292 0.16395079180519695 
0.170929000491292 0.16395079180519695 
0.170929000491292 0.16395079180519695 
0.170929000491292 0.16395079180519695 
0.170929000491292 0.16395079180519695 
0.16486571705726735 0.16594970284728708 
0.16486571705726735 0.16594970284728708 
0.16505307544158657 0.1660361080567382 
0.15780890975512102 0.16999542852619434 
0.15780890975512102 0.16999542852619434 
0.15780890975512102 0.16999542852619434 
0.16605989666044013 0.16917606320554684 
0.16393801037752453 0.1708636213723417 
0.16225718642603754 0.16721851293423637 
0.16431393404138334 0.1611745966737592 
0.16431393404138334 0.1611745966737592 
0.16431393404138334 0.1611745966737592 
0.16742156192262264 0.16061212610716957 
0.16742156192262264 0.16061212610716957 
0.16578452826114914 0.16126510808990413 
0.1771741325557008 0.16236260536353714 
0.1771741325557008 0.16236260536353714 
0.1617906864856009 0.16390870734655782 
0.13903445227339825 0.16690854163833072 
0.14493287503525173 0.16966803731555544 
0.14493287503525173 0.16966803731555544 
0.1378151466399378 0.17634672263283072 
0.16379839438036636 0.17568615655559652 
0.16379839438036636 0.17568615655559652 
0.1469946043214746 0.16428487012882495 
0.1469946043214746 0.16428487012882495 
0.14893280813275458 0.16307081055514253 
0.12110960892434439 0.16856760271293467 
0.12110960892434439 0.16856760271293467 
0.11854566863879074 0.1689933820190257 
0.07548065167054373 0.1609253921336588 
0.1101940694814353 0.16786869736296026 
0.11290144111184384 0.1661874158000469 
0.08723715297544603 0.16046278956821242 
0.09454477100989342 0.16554810623034416 
0.09454477100989342 0.16554810623034416 
0.09190088500709861 0.16505268119096214 
0.0957828607710921 0.16500886419771266 
0.0957828607710921 0.16500886419771266 
0.08948569777379321 0.1681630557282201 
0.0906261519286041 0.1633026349997621 
0.0906261519286041 0.1633026349997621 
0.09540603141823523 0.16430045367978588 
0.09540603141823523 0.16430045367978588 
0.09540603141823523 0.16430045367978588 
0.10587603419690127 0.16590000195009094 
0.101690832066443 0.1653697405883362 
0.10112038195329048 0.16595337594550064 
0.09792686938877554 0.17727219662554095 
0.09792686938877554 0.17727219662554095 
0.11765216837645487 0.17854401430953024 
0.10751267172979714 0.1774966191930976 
0.11342171398944062 0.17689098510828866 
0.08052630218053905 0.17995551112817845 
0.08052630218053905 0.17995551112817845 
0.0792180111888757 0.1805310296854915 
0.07940526130286668 0.17821265424207255 
0.07940526130286668 0.17821265424207255 
0.08949872561461765 0.18588526657120363 
0.09448367901276454 0.18411904909075152 
0.12666950778421524 0.18065077155705467 
0.15647893506603316 0.19361876700909564 
0.15647893506603316 0.19361876700909564 
0.15647893506603316 0.19361876700909564 
0.1258965065765709 0.18459643590707525 
0.1253935979408951 0.18468198865617347 
0.11395531799038944 0.18481745273226224 
0.11395531799038944 0.18481745273226224 
0.10787787376699946 0.18201019046402217 
0.10787787376699946 0.18201019046402217 
0.11117957023754732 0.18161952831149694 
0.11117154855971356 0.18063968793439905 
0.09368189918743179 0.17484573170923312 
0.0941992009820531 0.1745723373565767 
0.11635957066176919 0.17635840405708733 
0.14214830366435913 0.18796627084865683 
0.14198330824830183 0.17738978499778363 
0.12814369475044896 0.1758388089686905 
0.15081510906830944 0.17480859721360373 
0.15080677123855193 0.1748244351811358 
0.1408257188483353 0.1737568435872116 
0.1408257188483353 0.1737568435872116 
0.15328446355592393 0.17529795075177085 
0.15637869719333664 0.173704959273862 
0.16109405096933063 0.1752236008852547 
0.16109405096933063 0.1752236008852547 
0.17059196104113766 0.17409952543452833 
0.1388888552245231 0.170699822464012 
