0.12095166948896734 0.19485847816830232 
0.12095166948896734 0.19485847816830232 
0.12513530622959196 0.1581586423700118 
0.14296194251389088 0.17597705252436086 
0.15600287385445927 0.18229400161941478 
0.15600287385445927 0.18229400161941478 
0.14783675415686715 0.18588912727356346 
0.1462024498076652 0.18332936639905434 
0.14651738439711123 0.18308449466912669 
0.13785276021889836 0.18279930854775422 
0.13785276021889836 0.18279930854775422 
0.13785276021889836 0.18279930854775422 
0.13785276021889836 0.18279930854775422 
0.12784917011167 0.17932729088986407 
0.12784917011167 0.17932729088986407 
0.12599102207123372 0.18371167816604175 
0.13334410124539536 0.1799422841679803 
0.13334410124539536 0.1799422841679803 
0.1406008154975519 0.17181138229465337 
0.16913912746887938 0.18009868189699194 
0.1672954480929006 0.1771780296113493 
0.1672954480929006 0.1771780296113493 
0.1672954480929006 0.1771780296113493 
0.1672954480929006 0.1771780296113493 
0.1407673154210004 0.18144605943877778 
0.1562806669117067 0.17624512633762643 
0.15487526243872635 0.1763427008231499 
0.1361401669084132 0.1712210495773489 
0.1361401669084132 0.1712210495773489 
0.1361401669084132 0.1712210495773489 
0.1323635793990817 0.17270896359178006 
0.1536891060187892 0.1733536733851361 
0.1536891060187892 0.1733536733851361 
0.14914247631826402 0.17206918796458667 
0.14987821255652817 0.17078341990599896 
0.13553047800365403 0.17393217776889683 
0.12773417442313134 0.16992017084419261 
0.1413663601227916 0.16823204702522743 
0.13639041182648207 0.16654835397461132 
0.13639041182648207 0.16654835397461132 
0.12262324630221993 0.16579370603693505 
0.13867251208253273 0.16074070749577973 
0.13762085816397338 0.1573342249827167 
0.13975950353879046 0.1589244898063918 
0.13975950353879046 0.1589244898063918 
0.12852066577679752 0.16480443642071346 
0.13179636353199495 0.1631930576173318 
0.13179636353199495 0.1631930576173318 
0.13171248219076148 0.16442051511065053 
0.11167110457837003 0.16450111162360742 
0.11176691759872526 0.16727721606175164 
0.11063591020526133 0.16772579820507336 
0.1158555030367852 0.17701241723180244 
0.16000407621164217 0.1777938935216829 
0.1810215422056498 0.1804304847501367 
0.1810215422056498 0.1804304847501367 
0.1810215422056498 0.1804304847501367 
0.1810215422056498 0.1804304847501367 
0.1810215422056498 0.1804304847501367 
0.1810215422056498 0.1804304847501367 
0.1498190998732245 0.17403478110411014 
0.13853925582919843 0.1660819466048409 
0.12284574224875908 0.17198372437347773 
0.12859880683285377 0.17153445819706778 
0.12353444152506457 0.17216741252977727 
0.14112810885338242 0.16890504419347038 
0.12047675262046605 0.17358157647248448 
0.11559952224436848 0.17304546326356068 
0.12813484508930156 0.17595682387926115 
0.12813484508930156 0.17595682387926115 
0.12813484508930156 0.17595682387926115 
0.1733094895687834 0.18857633543404445 
0.17380344474363693 0.18869151786856964 
0.17463948480072025 0.18713873323938723 
0.17464099431320326 0.18713907970141508 
0.15547308920000383 0.18631696409986323 
0.17355952295211452 0.19202278791529062 
0.17355952295211452 0.19202278791529062 
0.17355952295211452 0.19202278791529062 
0.1749017788384104 0.19464226036914534 
0.1749017788384104 0.19464226036914534 
0.14674048852003968 0.19095849740329984 
0.14468444185670082 0.18975926217518235 
0.14468444185670082 0.18975926217518235 
0.14382038545189207 0.18993007366159476 
0.1432664615626979 0.18550148019633084 
0.14577936723169246 0.18617894359291962 
0.14256797631104232 0.18570493315943148 
0.15006406395874639 0.1827455707545169 
0.14446854719844063 0.18512486908892506 
0.1442611963572687 0.1849096985607788 
0.14658653347759643 0.18529704381674275 
0.14292308511212728 0.18412088334142343 
0.14255367571816316 0.18405628778751154 
0.1592678072773896 0.18490990038514837 
0.1725306592284721 0.18193042750085534 
0.1725306592284721 0.18193042750085534 
0.1725306592284721 0.18193042750085534 
0.17571414519314701 0.1912843621865444 
0.14527544542579723 0.18520993563193572 
0.15794208322898617 0.18635394708832045 
0.16586600791750744 0.18496853721402173 
0.16586600791750744 0.18496853721402173 
0.1600198620785306 0.177042917219833 
0.16851171212941757 0.17478224305079462 
0.14980656022297412 0.17564788754516905 
0.1481269156311428 0.1689111608543272 
0.15541107895091544 0.17038684613080807 
0.15541107895091544 0.17038684613080807 
0.15541107895091544 0.17038684613080807 
0.15333497343388464 0.16993682441889432 
0.15333497343388464 0.16993682441889432 
0.15466197270167698 0.16292814988522958 
0.15607515136508562 0.14604906996609024 
0.15607515136508562 0.14604906996609024 
0.15607515136508562 0.14604906996609024 
0.15607515136508562 0.14604906996609024 
0.15607515136508562 0.14604906996609024 
0.15607515136508562 0.14604906996609024 
0.156599848439605 0.1467287152102151 
0.15555622119452464 0.14517619822069056 
0.13252967019224945 0.15703655548307272 
0.13252967019224945 0.15703655548307272 
0.13635326787000462 0.16250016555281205 
0.14849226845502683 0.1624214405562195 
0.14964182371284773 0.1657345084518118 
0.14964182371284773 0.1657345084518118 
0.14164009662258473 0.16519076758251183 
0.13924059125767932 0.1662856562834368 
0.13924059125767932 0.1662856562834368 
0.14676889412658672 0.16526988668987477 
0.14676889412658672 0.16526988668987477 
0.13656323518288183 0.16617376942247625 
0.11060102190601892 0.16290970480696337 
0.11678648178758497 0.16606876912497223 
0.11678648178758497 0.16606876912497223 
0.1456782992346077 0.1716820278134784 
0.15108088307961612 0.17491086570389802 
0.15943301171305926 0.16212393488328453 
0.15943301171305926 0.16212393488328453 
0.16261738648186727 0.17854161860906045 
0.17740313545201813 0.17937102573345312 
0.17588855902434858 0.17919062862446372 
0.17438058470698264 0.17891571485282443 
0.17438058470698264 0.17891571485282443 
0.17438058470698264 0.17891571485282443 
0.17536168893361742 0.17915700261295622 
0.1788931676856175 0.17883908796569312 
0.1788931676856175 0.17883908796569312 
0.1788931676856175 0.17883908796569312 
0.1788931676856175 0.17883908796569312 
0.17106328110974636 0.17637649849762146 
0.15880746410379448 0.17571228270579878 
0.1446110807116242 0.17570928735782723 
0.12982326773819583 0.18360525413291667 
0.13824103866775697 0.19112974998950083 
0.14053154856132616 0.1922442464521113 
0.14356041959635862 0.19284714612338036 
0.1294506717378225 0.19171211048084155 
0.13542991710875296 0.18757819464956887 
0.13542991710875296 0.18757819464956887 
0.169963269620862 0.19712700289540688 
0.1660355256960994 0.19183877541549416 
0.1266229431680048 0.17875569218404558 
0.12756435664482904 0.1786164022853008 
0.13365923580772945 0.16513314642921292 
0.1437605578038504 0.1517842709843387 
0.1437605578038504 0.1517842709843387 
0.13719370575209933 0.16008558257756444 
0.12961334278877545 0.1617190694096472 
0.12433090349347015 0.16068288655988408 
0.10468500956836377 0.1648036070655985 
0.1006847424291563 0.16953105297594123 
0.1111039437296914 0.17184156142641835 
0.06689673642393973 0.1748029724107855 
0.06724373444048605 0.17337475315429585 
0.06724373444048605 0.17337475315429585 
0.06724373444048605 0.17337475315429585 
0.06393851897623214 0.1732679460625364 
0.06393851897623214 0.1732679460625364 
0.06393851897623214 0.1732679460625364 
0.06393851897623214 0.1732679460625364 
0.07411517540497081 0.17404137236979397 
0.0732220496357285 0.1735174101449163 
0.06244386015814134 0.17267116025152357 
0.06756464571869107 0.17207689070145735 
0.06756464571869107 0.17207689070145735 
0.06824725922649903 0.17263357081880545 
0.06819806716725135 0.17262514806618648 
0.06819806716725135 0.17262514806618648 
0.10722907765081013 0.17140589244991808 
0.10722907765081013 0.17140589244991808 
0.10388049704421709 0.17117957370568349 
0.06556462169953434 0.16910910476741492 
0.06556462169953434 0.16910910476741492 
0.07396467241170152 0.17147949491801248 
0.07822347370939109 0.17352658727544945 
0.07268314308035125 0.1776954576193518 
0.07268314308035125 0.1776954576193518 
0.07268314308035125 0.1776954576193518 
0.06776228666788321 0.18102087963251262 
0.06776228666788321 0.18102087963251262 
0.06776228666788321 0.18102087963251262 
0.06697206581675763 0.17531368625759108 
0.0706176330612311 0.17484231766239253 
0.09786685341950281 0.1786576208985837 
0.09119754845252148 0.18000255565686663 
0.0866990531989166 0.17724475575438073 
0.07480083504672863 0.17612880425739205 
0.07423019006889492 0.176029387288112 
0.08707584200434551 0.17547061846985745 
0.09724204368915314 0.1649658521721108 
0.09781323946391404 0.1649279094618247 
0.11948373574283551 0.16910017210727388 
0.12814350696806667 0.1766547991214783 
0.12634985813744848 0.18875716084361424 
0.16564784560008144 0.1921159083103745 
0.16156630486464915 0.191739458374256 
0.16156630486464915 0.191739458374256 
0.13935595189823902 0.1824495501928063 
0.13935595189823902 0.1824495501928063 
0.13935595189823902 0.1824495501928063 
0.16005775748373233 0.1779785730303795 
0.1743432933476447 0.18488927242001815 
0.17733123331269438 0.18535109130835006 
0.17733123331269438 0.18535109130835006 
0.17733123331269438 0.18535109130835006 
0.17733123331269438 0.18535109130835006 
0.17733123331269438 0.18535109130835006 
0.17733123331269438 0.18535109130835006 
0.17733123331269438 0.18535109130835006 
0.17733123331269438 0.18535109130835006 
0.17733123331269438 0.18535109130835006 
0.17733123331269438 0.18535109130835006 
0.17885682379720771 0.18469272931062358 
0.17885682379720771 0.18469272931062358 
0.17555755047459282 0.1842043240980723 
0.17555755047459282 0.1842043240980723 
0.17555755047459282 0.1842043240980723 
0.15779218962608982 0.18175779526210292 
0.15779218962608982 0.18175779526210292 
0.15126738524396355 0.1801175740123545 
0.1535844318841177 0.17765490909611825 
0.1535844318841177 0.17765490909611825 
0.15325200274630504 0.17871765813422208 
0.1445639954424252 0.17512504532052686 
0.14421507419094523 0.17519732262862928 
0.12691086293876117 0.1758933763881392 
0.12555776504007304 0.17569233122429176 
0.12102966583379174 0.17701270026144736 
0.11633563509630884 0.17168366916624017 
0.12301519467147548 0.17133636281247241 
0.12694946155926914 0.17385240905315638 
0.1687292947276443 0.17477311981381638 
0.1687292947276443 0.17477311981381638 
0.16953115546113742 0.1748113227436239 
0.16953115546113742 0.1748113227436239 
0.15545966931159236 0.1784418307931797 
0.15545966931159236 0.1784418307931797 
0.15545966931159236 0.1784418307931797 
0.15545966931159236 0.1784418307931797 
0.15545966931159236 0.1784418307931797 
0.1532091292870557 0.18042134543114366 
0.1653421593098113 0.17835449574899429 
0.15969088746990426 0.1749319892699534 
0.1684233710241211 0.17519017145150675 
0.1684233710241211 0.17519017145150675 
0.1481665053716506 0.17096338639125444 
0.16039085027190086 0.16610985015940596 
0.16730574287547653 0.16439966230871336 
0.16730574287547653 0.16439966230871336 
0.1552232503517175 0.16737018921229477 
0.1552232503517175 0.16737018921229477 
0.17079796888911636 0.16198219410177073 
0.16279898046789643 0.1664031737301085 
0.16279898046789643 0.1664031737301085 
0.16955257086098324 0.1757652098338883 
0.16955257086098324 0.1757652098338883 
0.1707384430701217 0.17551369570460762 
0.17594717303127066 0.17726749233173672 
0.16422557555563774 0.17725175802099527 
0.17202247666831974 0.1775184988577189 
0.18142481252601722 0.1757220467344812 
0.1663486269219377 0.17439683909309897 
0.16825136505478405 0.1779733838302046 
0.16464778205127606 0.17791338498998865 
0.1612977918141596 0.17811091882562982 
0.1612977918141596 0.17811091882562982 
0.16204526783690654 0.17663942393414964 
0.16204526783690654 0.17663942393414964 
0.16206664337399757 0.17628679284068532 
0.16206664337399757 0.17628679284068532 
0.15399619366687234 0.17476812483992887 
0.1523079159036703 0.17417625934153994 
0.14994186056298114 0.16877419253756273 
0.14994186056298114 0.16877419253756273 
0.15435036710721833 0.17346464216604957 
0.15435036710721833 0.17346464216604957 
0.166631362016174 0.16795985432136504 
0.14570577891378786 0.16945420292206734 
0.14062436938816045 0.1626127781767744 
0.14038876776257372 0.16288694973179385 
0.16060874116720775 0.1605308385208835 
0.16060874116720775 0.1605308385208835 
0.181357515848855 0.15757141672100253 
0.1685119203888237 0.16389761759867333 
0.13474914132760102 0.16803244992247432 
0.13474914132760102 0.16803244992247432 
0.1409787974875435 0.1659056038208542 
0.17105151518112813 0.15855996655500412 
0.17105151518112813 0.15855996655500412 
0.17105151518112813 0.15855996655500412 
0.17105151518112813 0.15855996655500412 
0.17105151518112813 0.15855996655500412 
0.17105151518112813 0.15855996655500412 
0.16125097529587268 0.15862194704583016 
0.16896061325243292 0.153620277509699 
0.16896061325243292 0.153620277509699 
0.16896061325243292 0.153620277509699 
0.17285157515208616 0.16061828865367517 
0.17285157515208616 0.16061828865367517 
0.1693427490808245 0.1651664896708459 
0.14859931784364522 0.16506129911563272 
0.1567853822151556 0.16521568608242806 
0.1567853822151556 0.16521568608242806 
0.1487629780231963 0.1654912945735077 
0.1487629780231963 0.1654912945735077 
0.15265469694629646 0.16434631137031208 
0.16564688122292326 0.1468813088370296 
0.16564688122292326 0.1468813088370296 
0.16564688122292326 0.1468813088370296 
0.16564688122292326 0.1468813088370296 
0.16564688122292326 0.1468813088370296 
0.16564688122292326 0.1468813088370296 
0.14968961999169758 0.15605675348580964 
0.13872376071263745 0.15977887598095247 
0.14626344476340974 0.16064257187568495 
0.14626344476340974 0.16064257187568495 
0.13222851060628107 0.15952556629488773 
0.1333391757296 0.15990398725693364 
0.1333391757296 0.15990398725693364 
0.1333391757296 0.15990398725693364 
0.14776294506325266 0.16442543764737066 
0.14776294506325266 0.16442543764737066 
0.1475043842502352 0.16534746421249855 
0.1475495400331231 0.16529082593010885 
0.1475495400331231 0.16529082593010885 
0.1475495400331231 0.16529082593010885 
0.1495361533272921 0.16653654794251505 
0.15056027895352136 0.18305838229905935 
0.15056027895352136 0.18305838229905935 
0.154874907543749 0.1816877873227102 
0.12634761811469278 0.17973535918678382 
0.1193164310450886 0.18148759245938556 
0.12488814026701307 0.17587474208139245 
0.11837840375017888 0.17586996747747455 
0.07093675057368738 0.1754064679647128 
0.07093675057368738 0.1754064679647128 
0.08200546263025511 0.17499440679220976 
0.08653905957548487 0.17970898272609853 
0.08653905957548487 0.17970898272609853 
0.09341284699955822 0.1779276870598774 
0.07095471994302083 0.1773286514071647 
0.0821483125161177 0.18231732896048014 
0.07870810214278409 0.18238722800470922 
0.07870810214278409 0.18238722800470922 
0.073382701510818 0.1833583077667569 
0.07370803814260365 0.17698698612264524 
0.07370803814260365 0.17698698612264524 
0.07370803814260365 0.17698698612264524 
0.06516947371562112 0.18531587975191888 
0.06529861193936667 0.17788912215433042 
0.06529861193936667 0.17788912215433042 
0.07719137296399257 0.17352114971275356 
0.09260032659353855 0.17244840290487262 
0.11769283248863283 0.17717863364413675 
0.1400283556899352 0.1794499096692648 
0.1360662352436969 0.17605779574989708 
0.13393531509562898 0.17608823627442263 
0.10924976350808902 0.1672541996887183 
0.11219140111860092 0.16624741785133917 
0.10951088015181652 0.16576170048340585 
0.13776732387877882 0.1564704544108653 
0.13957753297543246 0.16055376559874582 
0.17547463573313443 0.1565517052484928 
0.1706065773803515 0.1628190851072392 
0.1706065773803515 0.1628190851072392 
0.1706065773803515 0.1628190851072392 
0.1706065773803515 0.1628190851072392 
0.1706065773803515 0.1628190851072392 
0.16997097166719746 0.1650574789862818 
0.17052227825705207 0.16557233017588768 
0.1577591788761272 0.16734678280039622 
0.17567229485550961 0.16432115102142245 
0.1729259973991502 0.16634781157679945 
0.1729259973991502 0.16634781157679945 
0.15482126767317528 0.17065941114711972 
0.15226050849959055 0.16286259873651537 
0.15226050849959055 0.16286259873651537 
0.15226050849959055 0.16286259873651537 
0.14310669032772172 0.17425943572565422 
0.1403418104114144 0.1732232409150638 
0.13090979788497395 0.17367341817738718 
0.13495538167339882 0.17339420740996286 
0.13458020693392206 0.17299308350142717 
0.1084505418025503 0.16526289644039077 
0.1057189345378848 0.16658622607577706 
0.10949933795046077 0.16709443951243622 
0.12561122463334318 0.17064736925284052 
0.12196840608432549 0.17279068517415852 
0.12508272102094545 0.1735489518099637 
0.12508272102094545 0.1735489518099637 
0.12128574933830522 0.17190842782363455 
0.13821470217716675 0.17435438095987188 
0.13838782366886626 0.1742919555077594 
0.1555398253368989 0.17566961744429543 
0.15269260228181278 0.17427606844825322 
0.15269260228181278 0.17427606844825322 
0.15166960338620417 0.17400124148039026 
0.15402172307190518 0.16847714527017416 
0.16878965898994128 0.1728515456795192 
0.17323483679673196 0.17314296230547088 
0.17323483679673196 0.17314296230547088 
0.15654174508531182 0.17478988289878986 
0.15654174508531182 0.17478988289878986 
0.15654174508531182 0.17478988289878986 
0.15233546748348986 0.17639435856264596 
0.17672414667252978 0.1683551720346761 
0.16626224712743107 0.170014733250477 
0.16020111610527504 0.16633233256577723 
0.161323410708455 0.1591327324209943 
0.161323410708455 0.1591327324209943 
0.161323410708455 0.1591327324209943 
0.1537339772689853 0.15934780415157024 
0.14839486800270402 0.16906841725820076 
0.14669422280736263 0.16593120386823498 
0.13870545491713843 0.16862050182670218 
0.15990379292002532 0.17236689528097215 
0.16856169377553842 0.17375047523910828 
0.16856169377553842 0.17375047523910828 
0.1766430480150159 0.17089363228787124 
0.1784232843744452 0.17114719100693818 
0.15941003529275227 0.17148216905789154 
0.1576910720850095 0.16987909767672385 
0.1576910720850095 0.16987909767672385 
0.1576910720850095 0.16987909767672385 
0.15224808431974352 0.1657037342684906 
0.13968953180756516 0.1684383402878935 
0.14865559551321858 0.16640436621284857 
0.14356357270805842 0.16926247149782342 
0.14356357270805842 0.16926247149782342 
0.14356357270805842 0.16926247149782342 
0.13284683602762132 0.17616668032344898 
0.13284683602762132 0.17616668032344898 
0.13324795229388536 0.1755460875162558 
0.12204521941823354 0.1829809781312488 
0.12692015449216365 0.18053599238145426 
0.12692015449216365 0.18053599238145426 
0.12729208083557303 0.18080815388354332 
0.13136301884345897 0.18040203025858362 
0.12369418479578576 0.17313717476908416 
0.14701318043923203 0.1771973835539935 
0.14715806139087614 0.17535135061232612 
0.14715806139087614 0.17535135061232612 
0.14665422117945362 0.1742091413161086 
0.14994646648231974 0.17394328031376272 
0.1600629745299763 0.17508558711732106 
0.1600629745299763 0.17508558711732106 
0.16617631065167904 0.17490958863359177 
0.1780486636025645 0.17677042033862791 
0.1780486636025645 0.17677042033862791 
0.1780486636025645 0.17677042033862791 
0.1780486636025645 0.17677042033862791 
0.1780486636025645 0.17677042033862791 
0.1780486636025645 0.17677042033862791 
0.1752110082582014 0.17745108247030317 
0.1752110082582014 0.17745108247030317 
0.1752110082582014 0.17745108247030317 
0.1752110082582014 0.17745108247030317 
0.1750185547719164 0.1768932899423522 
0.1750185547719164 0.1768932899423522 
0.1750185547719164 0.1768932899423522 
0.1750185547719164 0.1768932899423522 
0.1750185547719164 0.1768932899423522 
0.1621932586268368 0.175269861702784 
0.1513940721368397 0.18441397920337796 
0.1513940721368397 0.18441397920337796 
0.17496663136258905 0.1904448702060021 
0.17496663136258905 0.1904448702060021 
0.17496663136258905 0.1904448702060021 
0.14067174161772544 0.18508839710105804 
0.13848235543899098 0.1854060256645713 
0.13848235543899098 0.1854060256645713 
0.13848235543899098 0.1854060256645713 
0.13220338075397978 0.18764550617477893 
0.12946921504502712 0.18550494276962834 
0.13988112198735042 0.18530079793350832 
0.13988112198735042 0.18530079793350832 
0.13988112198735042 0.18530079793350832 
0.13822770079338326 0.18366826155146193 
0.13530046291956632 0.18488301794291187 
0.13557289989972834 0.1847560251370926 
0.12079098441151029 0.18127006647849575 
0.13024050773207563 0.1801067584513964 
0.1276847809626983 0.1808178015170855 
0.1276847809626983 0.1808178015170855 
0.13702509586407963 0.18216019917875423 
0.13426932335710076 0.18122057820900073 
0.13477220026659237 0.18542256199213686 
0.14662547253191255 0.18520782047317158 
0.1303295458265915 0.18540594735428595 
0.13613984612812957 0.18077356291975466 
0.13613984612812957 0.18077356291975466 
0.15415630293509144 0.18707452810251188 
0.1461431631409029 0.1836903914772731 
0.1461431631409029 0.1836903914772731 
0.15208846921068586 0.18159808813180722 
0.15208846921068586 0.18159808813180722 
0.1546705125831908 0.18109954303062728 
0.17780875565297108 0.1836616707740672 
0.17780875565297108 0.1836616707740672 
0.17780875565297108 0.1836616707740672 
0.17780875565297108 0.1836616707740672 
0.17780875565297108 0.1836616707740672 
0.17780875565297108 0.1836616707740672 
0.1767009692451716 0.18276116615947427 
0.1767009692451716 0.18276116615947427 
0.1767009692451716 0.18276116615947427 
0.1767009692451716 0.18276116615947427 
0.17727476108575027 0.18737397290096738 
0.17727476108575027 0.18737397290096738 
0.1506284863113091 0.17714118684033572 
0.1506284863113091 0.17714118684033572 
0.14168529903298022 0.17777398382559784 
0.11297830171724613 0.17435780758767347 
0.11108064545412677 0.17440996952701673 
0.11108064545412677 0.17440996952701673 
0.11269640268714798 0.17417705926019864 
0.09341758868766183 0.16870576537348692 
0.08499441514485453 0.16401242666361218 
0.08499441514485453 0.16401242666361218 
0.09119028048876744 0.15684555626665841 
0.08805170695383438 0.15528778674611268 
0.08805170695383438 0.15528778674611268 
0.08805170695383438 0.15528778674611268 
0.08805170695383438 0.15528778674611268 
0.08823295160847125 0.15509674159953724 
0.08823295160847125 0.15509674159953724 
0.08823295160847125 0.15509674159953724 
0.13149239447039363 0.18530305041522302 
0.13512696536173227 0.18566438877872657 
0.1314211578241143 0.1819300360339018 
0.15496275382202723 0.1982006268742923 
0.16378073953974265 0.18870696730497438 
0.15226144044265152 0.18973616298537527 
0.14079295835299946 0.18243526611285255 
0.15849311855402642 0.1849361497980199 
0.15103221301865188 0.18943841767339595 
0.15103221301865188 0.18943841767339595 
0.15103221301865188 0.18943841767339595 
0.1457374257954866 0.18725644912450332 
0.15909204762564627 0.18955882949414726 
0.15705067783975502 0.19216749795863033 
0.15705067783975502 0.19216749795863033 
0.15396856437179998 0.1945249193575182 
0.1409662522173368 0.18955170217185674 
0.1443788114812538 0.1795244600552821 
0.12824584355382018 0.18679784901651553 
0.1292196148321861 0.18693761676524098 
0.12310276079754136 0.18602337952401754 
0.12310276079754136 0.18602337952401754 
0.12310276079754136 0.18602337952401754 
0.14649988116256402 0.17683395317171097 
0.1491800226107014 0.17743565280509124 
0.13780159493416244 0.17064432708718574 
0.14349171825754697 0.17056790363063795 
0.11277274190054482 0.17372390848240737 
0.11192244961363598 0.1736878540129607 
0.09781722869305716 0.1813178218978921 
0.10180085949637947 0.18174318139408513 
0.10569277220452351 0.1795560370088746 
0.12109810062291086 0.1840521493101192 
0.11800777994038952 0.18214727589320648 
0.10899064381046389 0.1796305483706085 
0.07042998814034046 0.17799777509896314 
0.07042998814034046 0.17799777509896314 
0.07029193410847387 0.1864426760480721 
0.07029193410847387 0.1864426760480721 
0.07029193410847387 0.1864426760480721 
0.07029193410847387 0.1864426760480721 
0.06945765070610331 0.1822475798609352 
0.06945765070610331 0.1822475798609352 
0.06354138078167368 0.182735714404566 
0.06354138078167368 0.182735714404566 
0.06354138078167368 0.182735714404566 
0.09247754774335401 0.17955655256316383 
0.09247754774335401 0.17955655256316383 
0.09354458471264432 0.1792498159589718 
0.09354458471264432 0.1792498159589718 
0.09298542230422746 0.1779405132108903 
0.11426178677085272 0.16905960257298602 
0.12822344746876851 0.16721548665613942 
0.13360432894844823 0.16865383061070507 
0.1264628442791303 0.1681931898904302 
0.137596800443908 0.16268215422000556 
0.13339574910083732 0.17273596751056322 
0.13794959338865215 0.17256822205426783 
0.13822704508380304 0.1708933531244132 
0.13531646238177206 0.17235648411890334 
0.13531646238177206 0.17235648411890334 
0.13531646238177206 0.17235648411890334 
0.12689406957254315 0.17453011326071097 
0.12689406957254315 0.17453011326071097 
0.1353281536808044 0.17405056821471102 
0.13820500591730422 0.1725012492681536 
0.15687994681972167 0.16594016482690002 
0.15687994681972167 0.16594016482690002 
0.16236266470312177 0.17040494869559095 
0.16547995223775092 0.16938198561098194 
0.16547995223775092 0.16938198561098194 
0.16547995223775092 0.16938198561098194 
0.16547995223775092 0.16938198561098194 
0.16544840259921004 0.16914555179890983 
0.16544840259921004 0.16914555179890983 
0.17624258137000426 0.1736859895208378 
0.16039814722783885 0.17416370903605222 
0.16039814722783885 0.17416370903605222 
0.16039814722783885 0.17416370903605222 
0.16039814722783885 0.17416370903605222 
0.13012378214161652 0.1698187985774517 
0.13012378214161652 0.1698187985774517 
0.12857443061851426 0.1716904445204252 
0.14886056596792885 0.16762885980165887 
0.14889358912726405 0.16759196241779306 
0.1300307993287318 0.17125840586189725 
0.1300307993287318 0.17125840586189725 
0.11960409039245538 0.17092622686010336 
0.12125432236624864 0.17153313481116964 
0.09897433175617885 0.17114923426915601 
0.09753541789468358 0.17110692514435166 
0.09342930129236211 0.17046879248392696 
0.0971063391414158 0.1729844391377724 
0.0971063391414158 0.1729844391377724 
0.0971063391414158 0.1729844391377724 
0.09627344272896766 0.17311020452822565 
0.060657856649278724 0.17518177387180053 
0.06973300949344369 0.1715406627172063 
0.07984854609916187 0.17147352658544363 
0.0986353461974667 0.17154470537904576 
0.0986353461974667 0.17154470537904576 
0.06212104705522105 0.17593358985310872 
0.06212104705522105 0.17593358985310872 
0.06212104705522105 0.17593358985310872 
0.06212104705522105 0.17593358985310872 
0.06212104705522105 0.17593358985310872 
0.0723950861462364 0.1710156079231623 
0.0723950861462364 0.1710156079231623 
0.07028310721700215 0.17041425993821105 
0.07491386545889236 0.1715292634660102 
0.07023203614846922 0.17208941379295156 
0.07023203614846922 0.17208941379295156 
0.07023203614846922 0.17208941379295156 
0.06830521228141098 0.17222059460941191 
0.07386026829493429 0.17570810574727794 
0.07386026829493429 0.17570810574727794 
0.07386026829493429 0.17570810574727794 
0.07386026829493429 0.17570810574727794 
0.06969568662229042 0.16578810272724878 
0.06882723179003312 0.17263448736616374 
0.06882723179003312 0.17263448736616374 
0.06882723179003312 0.17263448736616374 
0.06125403611632273 0.17234198259171113 
0.06125403611632273 0.17234198259171113 
0.06125403611632273 0.17234198259171113 
0.06125403611632273 0.17234198259171113 
0.06125403611632273 0.17234198259171113 
0.06125403611632273 0.17234198259171113 
0.06125403611632273 0.17234198259171113 
0.06125403611632273 0.17234198259171113 
0.06125403611632273 0.17234198259171113 
0.06125403611632273 0.17234198259171113 
0.06125403611632273 0.17234198259171113 
0.06125403611632273 0.17234198259171113 
0.08878692703289999 0.16886886535954615 
0.07919385481696022 0.16910447518172222 
0.08530942571922412 0.16728900148102038 
0.09381067109139543 0.17070471597070008 
0.08947460973263582 0.17261834402779536 
0.06825654902448007 0.16937804529545505 
0.06825654902448007 0.16937804529545505 
0.06825654902448007 0.16937804529545505 
0.06825654902448007 0.16937804529545505 
0.07281560274147841 0.16391421959415342 
0.07281560274147841 0.16391421959415342 
0.09441944704155479 0.16841313231277705 
0.09441944704155479 0.16841313231277705 
0.1367924985204118 0.17931339089329418 
0.12941990588465144 0.18342891444438603 
0.13511715898878168 0.19652656157601806 
0.1330181998244999 0.1908176677221498 
0.13362052688690287 0.18683548051184845 
0.13378393215602896 0.18680790069618478 
0.14081659088192622 0.18940805618680878 
0.15075810705112094 0.19157204884283935 
0.15075810705112094 0.19157204884283935 
0.15205417000692067 0.18489825872759827 
0.15003185492274707 0.18653884367467893 
0.1554227628112879 0.1840614084963673 
0.1668379511729301 0.1851218032573615 
0.17007042296547256 0.18135000807452653 
0.1317280947400096 0.17817645297317386 
0.14688666995357935 0.18015386022421548 
0.13196917842852018 0.1744687331921153 
0.13045408368762285 0.17547927798208324 
0.1497692588880334 0.18070411698577582 
0.15033829120573336 0.18092057397056172 
0.14650180493561485 0.1807337159785177 
0.15985681431359006 0.17942770136811506 
0.15985681431359006 0.17942770136811506 
0.14821430322484158 0.17897784042730763 
0.1408288758238316 0.1733785852630541 
0.16835085641887615 0.1741785768235485 
0.1559654339129452 0.17818358542178242 
0.1559654339129452 0.17818358542178242 
0.15218868348484826 0.18015328646945375 
0.17040038300289856 0.17985216361533096 
0.17040038300289856 0.17985216361533096 
0.1686444865720475 0.1928843815247922 
0.1714029424164435 0.19901615005506446 
0.1714029424164435 0.19901615005506446 
0.1714029424164435 0.19901615005506446 
0.1714029424164435 0.19901615005506446 
0.1714029424164435 0.19901615005506446 
0.16196738223600884 0.18911642143405324 
0.16707509553748726 0.19010817415840867 
0.16707509553748726 0.19010817415840867 
0.16707509553748726 0.19010817415840867 
0.16707509553748726 0.19010817415840867 
0.16707509553748726 0.19010817415840867 
0.165063916715593 0.18786808693345056 
0.165063916715593 0.18786808693345056 
0.16740317265796262 0.18861186423277684 
0.1805622074286872 0.19268356629792696 
0.1805622074286872 0.19268356629792696 
0.16888502048492432 0.18942998270529793 
0.1687932216193122 0.18556099501995899 
0.1687932216193122 0.18556099501995899 
0.1729575562668852 0.18684566696114502 
0.1550856931882303 0.18720192953905446 
0.1550856931882303 0.18720192953905446 
0.14322797322393888 0.18441958873794234 
0.14322797322393888 0.18441958873794234 
0.14322704957784063 0.1844153988326671 
0.14164780446202452 0.18742040875428417 
0.14164780446202452 0.18742040875428417 
0.14118265945269548 0.18752968834766062 
0.14558478188185212 0.1806003454570357 
0.1733098568244944 0.18118167117998865 
0.1733098568244944 0.18118167117998865 
0.1733098568244944 0.18118167117998865 
0.1733098568244944 0.18118167117998865 
0.17361637747213407 0.1791496368896282 
0.1765795670906474 0.1796545824443905 
0.1765795670906474 0.1796545824443905 
0.1765795670906474 0.1796545824443905 
0.14677296759043854 0.18318232363476228 
0.14677296759043854 0.18318232363476228 
0.148328110351785 0.17857679105858326 
0.17170558835230273 0.1822685124785769 
0.12190041530140729 0.18500677421995193 
0.12475320012765281 0.19076601813107016 
0.14522185138731886 0.18723908692624458 
0.14611507750600408 0.19179944450566788 
0.14611507750600408 0.19179944450566788 
0.14611507750600408 0.19179944450566788 
0.1405025116765685 0.19243813326926493 
0.1311947418980115 0.18649798762237038 
0.11859550504662461 0.19007207549731323 
0.11859550504662461 0.19007207549731323 
0.12694588110764912 0.1878686837852228 
0.14074948257099693 0.18801319916396056 
0.16029452215091639 0.18599639005541188 
0.15870618148708276 0.18541556866476783 
0.15870618148708276 0.18541556866476783 
0.12813912918094317 0.1762671093451666 
0.1303965178906253 0.1712027650954971 
0.1336712144062537 0.17521831476046887 
0.15036557212186918 0.17036567577030687 
0.14251277470552026 0.1706468192709198 
0.13675646265476007 0.17325925608282805 
0.15851601985604208 0.17273870174418768 
0.15851601985604208 0.17273870174418768 
0.12341802852636315 0.1763754256396927 
0.10450007155821808 0.17634144211024588 
0.10961090044989875 0.17741961268850057 
0.11668219245528334 0.16571681023334794 
0.10508949209237994 0.16628369031700432 
0.09697614410083841 0.16227465905964866 
0.09810958643830493 0.16282980973214536 
0.09810958643830493 0.16282980973214536 
0.09810958643830493 0.16282980973214536 
0.09810958643830493 0.16282980973214536 
0.09246414002297815 0.15975019409290264 
0.09246414002297815 0.15975019409290264 
0.10305507276409494 0.16676763534224667 
0.0855994766154122 0.16338087343673127 
0.0842865618870393 0.1599063345776755 
0.0963580426618795 0.16416097412654074 
0.0963580426618795 0.16416097412654074 
0.0963580426618795 0.16416097412654074 
0.0963580426618795 0.16416097412654074 
0.10309026351712511 0.16125818342912523 
0.07734663984712216 0.15437486078015267 
0.07734663984712216 0.15437486078015267 
0.07081988989124359 0.16206466429123462 
0.07081988989124359 0.16206466429123462 
0.09576321942852825 0.1703186986934379 
0.09854266620200246 0.16843208854918312 
0.08896520341075505 0.16676766677373359 
0.08896520341075505 0.16676766677373359 
0.08563745186046508 0.1583992464771807 
0.10524724666342052 0.1610752271019734 
0.10519153451063994 0.16694676107152223 
0.08171241851324894 0.17007152167084894 
0.07099918914353728 0.16864933885527333 
0.07099918914353728 0.16864933885527333 
0.08232966054718387 0.17236038872072854 
0.08232966054718387 0.17236038872072854 
0.08232966054718387 0.17236038872072854 
0.0829704993572847 0.172425993528921 
0.08449068988487654 0.17469987510480237 
0.08449068988487654 0.17469987510480237 
0.06101540842062923 0.17502532667259013 
0.08526682784122316 0.17542308453849437 
0.08526682784122316 0.17542308453849437 
0.08328790023366092 0.17600908913914995 
0.08328790023366092 0.17600908913914995 
0.08328790023366092 0.17600908913914995 
0.09043626618005396 0.17698197042157915 
0.09101918190010352 0.17708027148583513 
0.09101918190010352 0.17708027148583513 
0.07290612302232262 0.17774480330011427 
0.07155581140780343 0.17918606713426619 
0.07155581140780343 0.17918606713426619 
0.06699367096168544 0.1806924638081764 
0.06699367096168544 0.1806924638081764 
0.06699367096168544 0.1806924638081764 
0.0855517952503086 0.17854567316109574 
0.06236042049232404 0.17447922623602463 
0.06236042049232404 0.17447922623602463 
0.06236042049232404 0.17447922623602463 
0.06236042049232404 0.17447922623602463 
0.06236042049232404 0.17447922623602463 
0.06236042049232404 0.17447922623602463 
0.06603530670801838 0.1744090243183415 
0.06478150920710145 0.1808991459398543 
0.06478150920710145 0.1808991459398543 
0.06478150920710145 0.1808991459398543 
0.06444035776920118 0.18097306345553082 
0.06444035776920118 0.18097306345553082 
0.06317468734185594 0.18147056204963094 
0.06317468734185594 0.18147056204963094 
0.06302206980925652 0.1810314602504153 
0.06302206980925652 0.1810314602504153 
0.06283118931196746 0.18147074510652406 
0.06283118931196746 0.18147074510652406 
0.06283118931196746 0.18147074510652406 
0.06856341466722053 0.17946153574868287 
0.09636872310975556 0.1737737405008513 
0.08734975290706999 0.1702492677619324 
0.08734975290706999 0.1702492677619324 
0.09329187823366704 0.17137405960738783 
0.09423010377296215 0.17162493316039612 
0.12766116890786794 0.16815083114213925 
0.12766116890786794 0.16815083114213925 
0.10964271243809032 0.17401893596270435 
0.10991779614254205 0.17152099040104984 
0.13043448542995945 0.16869304326824752 
0.12347818291461063 0.16909661613441584 
0.12347818291461063 0.16909661613441584 
0.12083387063041699 0.16797350287958787 
0.13350081060108876 0.16037636869989605 
0.15136214568640935 0.15934910619736276 
0.14324056083296022 0.16183947877000016 
0.14324056083296022 0.16183947877000016 
0.14324056083296022 0.16183947877000016 
0.14324056083296022 0.16183947877000016 
0.14324056083296022 0.16183947877000016 
0.1469317027792151 0.16519646228280196 
0.1469317027792151 0.16519646228280196 
0.1471547531974136 0.15980186774577795 
0.15094788809098436 0.16401235654390137 
0.1516529696503046 0.16421241151344396 
0.1516529696503046 0.16421241151344396 
0.1701199447695776 0.1664728059992545 
0.1701199447695776 0.1664728059992545 
0.1701199447695776 0.1664728059992545 
0.1701199447695776 0.1664728059992545 
0.1701199447695776 0.1664728059992545 
0.1701199447695776 0.1664728059992545 
0.1701199447695776 0.1664728059992545 
0.1701199447695776 0.1664728059992545 
0.1701199447695776 0.1664728059992545 
0.17864667004271342 0.16420449786552233 
0.1684747520039204 0.1676593443793234 
0.1606056995975111 0.16805083400168427 
0.16464470856743055 0.16389920602736646 
0.16464470856743055 0.16389920602736646 
0.17833643857024511 0.16226882001322787 
0.17721456809176606 0.16622989076268677 
0.17476996441966122 0.1670427887296987 
0.1522031703800693 0.17513988668525748 
0.15231056141811647 0.17500035118539747 
0.1308464820446213 0.1762541932119546 
0.11594297117003693 0.17860171499103075 
0.11724290788486905 0.17846262365446314 
0.12343254744490183 0.17800702690361916 
0.10487883538342056 0.18186501171070707 
0.12040372634461441 0.18517806859794914 
0.12065245038901351 0.187378989867842 
0.13207502024766862 0.20012920961759076 
0.13287916860993682 0.20163231400004805 
0.1275239208937811 0.19972763915873326 
0.11033264617684761 0.18679142543058436 
0.11105139998224768 0.19214930052841 
0.10902669248386365 0.19304946301508022 
0.10503113256685812 0.1900435633476122 
0.10503113256685812 0.1900435633476122 
0.12183338357103878 0.1827639112839827 
0.10482912511591702 0.18167463962747246 
0.10501431114269848 0.18201642656962708 
0.08918015762116269 0.17979439486132948 
0.07975791838529911 0.18135309505686814 
0.07975791838529911 0.18135309505686814 
0.08266858490047682 0.18042614784145883 
0.07938730437510799 0.1884969470443977 
0.08522948150582463 0.18809545362371274 
0.06620587234940273 0.19868274616154652 
0.0640822976759075 0.19993566785318095 
0.0640822976759075 0.19993566785318095 
0.0715177221876865 0.19617901791778755 
0.0715177221876865 0.19617901791778755 
0.0676980224721144 0.19662473736167976 
0.07853642739528274 0.19480308746995753 
0.07395145861803962 0.18861149471255856 
0.07395145861803962 0.18861149471255856 
0.07885346150098475 0.204337538522095 
0.07885346150098475 0.204337538522095 
0.11102577059620689 0.19301972585266602 
0.1100908643867633 0.18986037531035185 
0.11177129063908867 0.1881710942878004 
0.11973062630586503 0.18946732839909852 
0.11973062630586503 0.18946732839909852 
0.12113323708428339 0.1904618150704748 
0.12113323708428339 0.1904618150704748 
0.13288063070577144 0.19088112548672825 
0.13288063070577144 0.19088112548672825 
0.13288063070577144 0.19088112548672825 
0.14316236748866012 0.19491492840419677 
0.13971562865353848 0.1943948776704751 
0.13971562865353848 0.1943948776704751 
0.11054652033079357 0.1848410501355348 
0.09358360002899144 0.18706135086941286 
0.11459355703783933 0.1839466897869652 
0.12250506954737818 0.1884081161887571 
0.10678016899180313 0.18074871056704417 
0.10857658237613597 0.17940249710094963 
0.0973913182569829 0.18218655034557077 
0.09645617832368006 0.18671114821145696 
0.11272931269405259 0.1828613997332501 
0.07984289669414854 0.19462568775946937 
0.080414930721659 0.19449743243045856 
0.08451382672999515 0.2062425564794376 
0.08666386768081363 0.21240336115132744 
0.08664896617683318 0.2123726852880706 
0.08664896617683318 0.2123726852880706 
0.082024646831375 0.20532474050031524 
0.09427693534252514 0.20162342026725302 
0.09433584010025525 0.20357017861092372 
0.09232069673526697 0.1986583323302015 
0.09719440211562964 0.2063992766667432 
0.08215576491538863 0.21071092509754916 
0.08215576491538863 0.21071092509754916 
0.08483659034933558 0.2097809803094967 
0.0921403534143567 0.1897831306036519 
0.09319752312594612 0.1855544126590819 
0.09319752312594612 0.1855544126590819 
0.09544183818950414 0.18685483076874138 
0.09519974717344845 0.18673748398117523 
0.09523704311780745 0.18672655134317526 
0.08740694322184431 0.18839509111343086 
0.11386129083950117 0.182652517318104 
0.11974525921161469 0.1838184472719625 
0.1324773679932358 0.17772370281038719 
0.1570696248810421 0.16534716748694964 
0.1570696248810421 0.16534716748694964 
0.11197591098527125 0.16585596266437574 
0.11104537468825584 0.16283125222791897 
0.11104537468825584 0.16283125222791897 
0.1393945247406318 0.15927739517023223 
0.13966059533134137 0.16203271116617213 
0.14121589136689627 0.1659182639369156 
0.14422843776131972 0.16662920818273774 
0.14153053023987672 0.17072902242421675 
0.1409626247011656 0.1706680886172361 
0.12898239045723567 0.1682133785342722 
0.11506460193058307 0.17092757175614398 
0.1228374023420289 0.1739753250244483 
0.12415830920466409 0.1724239213892134 
0.14110492288768556 0.1677678216335315 
0.15705177624451808 0.16744142503784823 
0.1558251618130978 0.16730796633948636 
0.13690363751841836 0.17086229943175513 
0.12689715427850215 0.17716561818504087 
0.12232152999989496 0.18330317911671554 
0.13402603156687443 0.1817164055817383 
0.14307380193177255 0.17981663602707026 
0.12122575349971461 0.17643714498595778 
0.1212208087081996 0.17815583460546433 
0.09767923512641134 0.17744305676778138 
0.09936258477900156 0.177317170611832 
0.10005402764162089 0.17721003173816408 
0.10005402764162089 0.17721003173816408 
0.12288256995704669 0.18410117024494085 
0.11498520684268496 0.1843693160165004 
0.11336921510121337 0.1851263040532949 
0.11576556787471597 0.18986522620530583 
0.11576556787471597 0.18986522620530583 
0.11576556787471597 0.18986522620530583 
0.10896516001149681 0.1924969227797564 
0.10261374849304018 0.18975831128863482 
0.10261374849304018 0.18975831128863482 
0.1022814402579515 0.1932690873829363 
0.11991054383061342 0.18210109622961684 
0.1277997073674971 0.17497787534251538 
0.15088461019141405 0.18297018568824916 
0.1559869128402927 0.18313780790876286 
0.16071780820182874 0.17646217921712984 
0.15863771302879823 0.17836432137712224 
0.1661125712864043 0.1811549429019993 
0.1661125712864043 0.1811549429019993 
0.1661125712864043 0.1811549429019993 
0.13472209650771894 0.18012920650664407 
0.13555006893693958 0.18029407702259576 
0.13555006893693958 0.18029407702259576 
0.13549044199364368 0.17968959412853566 
0.13549044199364368 0.17968959412853566 
0.13504164874749444 0.17991511947789574 
0.12720599019377102 0.1832549845380194 
0.08514090900223313 0.1822245316680158 
0.08433022431579425 0.18136876444559355 
0.11183666850054376 0.1770113837606365 
0.10527899815167802 0.17690931136519902 
0.10587989718569943 0.17562422866046626 
0.10555041116796886 0.17426300559057478 
0.09282102934374846 0.17688172851417155 
0.1102216819562668 0.18817696896108532 
0.12200422750935397 0.18392896537772938 
0.14428103320681 0.18462175549614887 
0.15008354811296493 0.18230997349571929 
0.1682769529588895 0.18334303934193483 
0.1631301033610103 0.18007574555130018 
0.1631301033610103 0.18007574555130018 
0.1631301033610103 0.18007574555130018 
0.16257439548414265 0.18005363244765302 
0.160472375429388 0.18207849369718793 
0.160472375429388 0.18207849369718793 
0.15768243014988226 0.17977639936270298 
0.15377615964322947 0.18073324684600617 
0.1139183957973079 0.179580102516613 
0.10887250171030209 0.1766011661978617 
0.0786035671275876 0.1776313513649205 
0.08796969597565626 0.1769647805930729 
0.08387803361656493 0.17783527004381425 
0.08494793761625645 0.17837774680954344 
0.08592083678880556 0.17615247085362598 
0.10263916358307823 0.17589465702975612 
0.10263916358307823 0.17589465702975612 
0.101508470325098 0.17688435439362785 
0.10869242438460999 0.18169670026382043 
0.11918806866208673 0.17885588454556695 
0.1385323260471295 0.1816300924833675 
0.13408999311409853 0.1798367355548447 
0.11683792003325216 0.18101334507803574 
0.1139075639483897 0.1736736247059681 
0.1139075639483897 0.1736736247059681 
0.1139075639483897 0.1736736247059681 
0.07813707040336443 0.16301924239973445 
0.0653376558522108 0.16887356393667818 
0.0653376558522108 0.16887356393667818 
0.0653376558522108 0.16887356393667818 
0.06350413469322003 0.16921822970689993 
0.06345210845547693 0.16922779764623186 
0.06345210845547693 0.16922779764623186 
0.06345210845547693 0.16922779764623186 
0.06345210845547693 0.16922779764623186 
0.06345210845547693 0.16922779764623186 
0.06345210845547693 0.16922779764623186 
0.06345210845547693 0.16922779764623186 
0.09786305294078539 0.1739341159288981 
0.08019895982517641 0.17008305891346773 
0.09032693011755079 0.16983772334884512 
0.09032693011755079 0.16983772334884512 
0.08605634150133071 0.16775038172677925 
0.08462043560220511 0.16781130605362327 
0.08462043560220511 0.16781130605362327 
0.0859987320280418 0.1694829517044861 
0.09373148276402837 0.17671405079240254 
0.101536749838392 0.17330495459688616 
0.09623075129580343 0.1717916269187015 
0.09623075129580343 0.1717916269187015 
0.0940269545025446 0.17080340728238366 
0.08242584616285534 0.1724887826914104 
0.08952296278056161 0.17197770658682335 
0.08952296278056161 0.17197770658682335 
0.08952296278056161 0.17197770658682335 
0.08952296278056161 0.17197770658682335 
0.09453290779605211 0.17088729144679632 
0.09453290779605211 0.17088729144679632 
0.09409703346561714 0.17054299308625767 
0.09520451617131984 0.16894956450218268 
0.09827824181112435 0.17011193547089076 
0.10550343151064379 0.1701108009158795 
0.10550343151064379 0.1701108009158795 
0.10550343151064379 0.1701108009158795 
0.08306281813284054 0.16782561593874212 
0.07641063494150355 0.16657158867784647 
0.07937048785769535 0.16558242912008345 
0.06766439544282112 0.15594373085154875 
0.06766439544282112 0.15594373085154875 
0.06766439544282112 0.15594373085154875 
0.06631321571475918 0.1542246378320013 
0.07256823386494862 0.1552775654486766 
0.07256823386494862 0.1552775654486766 
0.06914429288049256 0.15481814631798274 
0.06914429288049256 0.15481814631798274 
0.06914429288049256 0.15481814631798274 
0.064362328633195 0.15355383943685233 
0.06462561082136944 0.1543358393301147 
0.06462561082136944 0.1543358393301147 
0.10660746534491025 0.1603832414071772 
0.13109098562260038 0.16183150859432457 
0.13239648851057514 0.1700074633324954 
0.13178389725339096 0.16978724244425014 
0.14196429686986267 0.17080940825694288 
0.14196429686986267 0.17080940825694288 
0.14196429686986267 0.17080940825694288 
0.14036673986216852 0.17140072695314482 
0.15337285887490948 0.1704949889550716 
0.15337285887490948 0.1704949889550716 
0.15610565309584698 0.1681354721027107 
0.16083030243286642 0.1741837386563133 
0.16083030243286642 0.1741837386563133 
0.13339956466095088 0.17534153555837273 
0.1290083456386153 0.1743669911312495 
0.1302703848049932 0.17438163408374052 
0.1343537331381494 0.17511330139148862 
0.1343537331381494 0.17511330139148862 
0.13020400090232065 0.18120004246544616 
0.11357269732705115 0.18210113364999048 
0.12710963375247092 0.18474145388362778 
0.1340576695473868 0.18150179229338656 
0.1278372357976732 0.18444469116922513 
0.12409586058256905 0.1826895193411975 
0.16768841864436365 0.1914494393480051 
0.16768841864436365 0.1914494393480051 
0.16768841864436365 0.1914494393480051 
0.17197155478240572 0.19337114647154202 
0.17197155478240572 0.19337114647154202 
0.17197155478240572 0.19337114647154202 
0.17197155478240572 0.19337114647154202 
0.17205317030511166 0.20858191002146906 
0.17231730504882956 0.20594188926856818 
0.17231730504882956 0.20594188926856818 
0.1729387575559247 0.20608457607487446 
0.17052128719711504 0.20034403648941113 
0.1724588383622999 0.2017691553140803 
0.1724588383622999 0.2017691553140803 
0.1546521972599558 0.1975745909802181 
0.1546521972599558 0.1975745909802181 
0.14827360312962698 0.19524261242116206 
0.14827360312962698 0.19524261242116206 
0.14375198517424173 0.1944129098254073 
0.1466472307025215 0.19628537714461566 
0.14599665606286702 0.19757194459594882 
0.14573466810927302 0.1980551704992333 
0.14573466810927302 0.1980551704992333 
0.15495053853255414 0.19791997425838145 
0.15495053853255414 0.19791997425838145 
0.15495053853255414 0.19791997425838145 
0.15141456551973081 0.19431523244903096 
0.15273903233964145 0.18799441010229648 
0.15273903233964145 0.18799441010229648 
0.12417992094719929 0.17614995877829823 
0.1507671698847696 0.1755075249582436 
0.1507671698847696 0.1755075249582436 
0.1340958134303824 0.17899673671046937 
0.13395191585813945 0.17905462084710752 
0.1263661227574628 0.1772217776094394 
0.1263661227574628 0.1772217776094394 
0.12454377753699795 0.17611522040629796 
0.13190195325271215 0.16191990939632278 
0.13282762916779112 0.1623477306501581 
0.1334630112686418 0.16239891977706794 
0.1334630112686418 0.16239891977706794 
0.1334630112686418 0.16239891977706794 
0.1334630112686418 0.16239891977706794 
0.1334630112686418 0.16239891977706794 
0.1334630112686418 0.16239891977706794 
0.13797218270678527 0.15759356988138407 
0.15422931961073474 0.16028420019701653 
0.1576354354631561 0.15991209640761206 
0.1476414000964337 0.16210785546973042 
0.14852896510812244 0.16050885448781194 
0.13788647912171526 0.16736177067921792 
0.1256398860302145 0.1704962590790071 
0.13233296236520262 0.16200779526767964 
0.17475850306109358 0.15964686995047322 
0.17486783726361982 0.15961605836327222 
0.17486783726361982 0.15961605836327222 
0.17486783726361982 0.15961605836327222 
0.17486783726361982 0.15961605836327222 
0.17486783726361982 0.15961605836327222 
0.16839032986076097 0.16134141210809552 
0.16839032986076097 0.16134141210809552 
0.12260426558043064 0.16566817765682018 
0.12260426558043064 0.16566817765682018 
0.15860423318674782 0.16652503407566852 
0.1591617379183607 0.16585278554414803 
0.1591617379183607 0.16585278554414803 
0.1552317116056218 0.16939306826795725 
0.1552317116056218 0.16939306826795725 
0.13098309659407062 0.171505650858776 
0.16617481094800168 0.18249242714918917 
0.16617481094800168 0.18249242714918917 
0.16404288409792395 0.1810017299475751 
0.16366024809143076 0.18112815306402283 
0.15072979247355361 0.1849954258773102 
0.1550748935254703 0.19114304037872748 
0.13523939883474215 0.18325397834689383 
0.13850838179800462 0.1823996547302949 
0.13850838179800462 0.1823996547302949 
0.10957673694818273 0.19123050981526882 
0.11335604681802627 0.19097374621439475 
0.11335604681802627 0.19097374621439475 
0.11335604681802627 0.19097374621439475 
0.13483776751694385 0.2102343169876021 
0.13483776751694385 0.2102343169876021 
0.15226817958581843 0.1984099151652483 
0.13950070968156303 0.20874471272635486 
0.13950070968156303 0.20874471272635486 
0.13950070968156303 0.20874471272635486 
0.13950070968156303 0.20874471272635486 
0.1381357626413046 0.21095478578713422 
0.13401559741099836 0.20906259328424442 
0.13401559741099836 0.20906259328424442 
0.13401559741099836 0.20906259328424442 
0.13401559741099836 0.20906259328424442 
0.13401559741099836 0.20906259328424442 
0.13401559741099836 0.20906259328424442 
0.13401559741099836 0.20906259328424442 
0.13527879205493032 0.20761015458219967 
0.1356499047625222 0.20851280583758408 
0.13666428251619403 0.1908545004331837 
0.13666428251619403 0.1908545004331837 
0.1124013473455652 0.2040885370384707 
0.13018755606469312 0.199093349428767 
0.13018755606469312 0.199093349428767 
0.1396590012938032 0.1987079022814176 
0.1396590012938032 0.1987079022814176 
0.1396590012938032 0.1987079022814176 
0.1396590012938032 0.1987079022814176 
0.1357372297692892 0.2026742467394953 
0.1357372297692892 0.2026742467394953 
0.1365846115006129 0.20268324027811083 
0.1365846115006129 0.20268324027811083 
0.13406203132850297 0.20042589796823115 
0.13406203132850297 0.20042589796823115 
0.12618165772337603 0.19798776166695814 
0.12618165772337603 0.19798776166695814 
0.12618165772337603 0.19798776166695814 
0.11692302823511329 0.19607040682150317 
0.11692302823511329 0.19607040682150317 
0.11692302823511329 0.19607040682150317 
0.11692302823511329 0.19607040682150317 
0.10899715514223456 0.18412731237847837 
0.11288042324971344 0.18222294353304322 
0.13244305679106347 0.18149627611073227 
0.13244305679106347 0.18149627611073227 
0.15228349829203291 0.18700228363018384 
0.15228349829203291 0.18700228363018384 
0.15110043723121191 0.18708956788311168 
0.15038458886597802 0.1794844697364989 
0.11176833171112571 0.17280133641724746 
0.11176833171112571 0.17280133641724746 
0.10234302550142955 0.17847287651673968 
0.10234302550142955 0.17847287651673968 
0.09759304733453214 0.17999038890986827 
0.09759304733453214 0.17999038890986827 
0.13012764153767037 0.17497615496315522 
0.15858715390693495 0.16933484085268471 
0.1783072698242027 0.16734252432089758 
0.1783072698242027 0.16734252432089758 
0.1763984679459471 0.16723316612051453 
0.1763984679459471 0.16723316612051453 
0.1763984679459471 0.16723316612051453 
0.1413425659109166 0.17733384631293161 
0.14148297065608412 0.1802713816775879 
0.15220621542747084 0.17818539040108083 
0.16040375623937167 0.18290852750059952 
0.15145101794078855 0.18203373606901463 
0.15145101794078855 0.18203373606901463 
0.13959496216201123 0.1757782468928149 
0.14057785078541252 0.17610841913426487 
0.13384872365650624 0.18001085105513662 
0.13436038042488851 0.17756965598523425 
0.15599567843198375 0.18713838472606015 
0.15599567843198375 0.18713838472606015 
0.15599567843198375 0.18713838472606015 
0.15026567547771666 0.18093608495665883 
0.15598848371199636 0.17250892442090793 
0.15598848371199636 0.17250892442090793 
0.13739823392080597 0.172819619508499 
0.13739823392080597 0.172819619508499 
0.15961646112872058 0.17544274674146204 
0.15961646112872058 0.17544274674146204 
0.15368354234662276 0.17732386016737783 
0.15469495056102017 0.17727384486997938 
0.14862432530656522 0.1769508611879676 
0.12991132938159008 0.17443575279046764 
0.11898190125985716 0.18205072814444814 
0.11901351422208917 0.1831037711474781 
0.09426024098311314 0.18673088192547485 
0.09426024098311314 0.18673088192547485 
0.09528606725714044 0.1823811416784754 
0.09533365731743018 0.18389675956262397 
0.09306310655817134 0.18767645891899065 
0.09306310655817134 0.18767645891899065 
0.10242730663331932 0.18039323658070872 
0.06521220133420934 0.19471861724556289 
0.09129601574702523 0.19169919604218846 
0.09129601574702523 0.19169919604218846 
0.07023191776132359 0.19187800522312193 
0.07023191776132359 0.19187800522312193 
0.07060353964336044 0.19410645439969754 
0.07060353964336044 0.19410645439969754 
0.08016995442475344 0.1912224568198891 
0.11081974297093351 0.18655849782136322 
0.1107703619549054 0.1866037887195238 
0.1107703619549054 0.1866037887195238 
0.1107703619549054 0.1866037887195238 
0.1107703619549054 0.1866037887195238 
0.07302640144897006 0.1781758963013897 
0.07374978301437858 0.1779824525828919 
0.07374978301437858 0.1779824525828919 
0.071394147025267 0.17372238683347463 
0.071394147025267 0.17372238683347463 
0.06118330823640279 0.17524234301500088 
0.07112334705481083 0.17487560410589495 
0.09929082063896696 0.17625282912424117 
0.11195695303120329 0.18372036132588046 
0.10861466945876973 0.18617188041306001 
0.10206027959712498 0.19097943533843062 
0.11278101117016406 0.1858719500707732 
0.11278101117016406 0.1858719500707732 
0.09657362470656462 0.17971304237393418 
0.09657362470656462 0.17971304237393418 
0.09657362470656462 0.17971304237393418 
0.09710818229430367 0.18040425532225735 
0.07020810132766143 0.17917638060449734 
0.07020810132766143 0.17917638060449734 
0.07020391571118231 0.17917600730009878 
0.07020391571118231 0.17917600730009878 
0.07020391571118231 0.17917600730009878 
0.06325527977008866 0.18181161536162124 
0.06325527977008866 0.18181161536162124 
0.06325527977008866 0.18181161536162124 
0.06325527977008866 0.18181161536162124 
0.06325527977008866 0.18181161536162124 
0.06325527977008866 0.18181161536162124 
0.06325527977008866 0.18181161536162124 
0.06325527977008866 0.18181161536162124 
0.06357735871491926 0.1817491820025626 
0.0740063215345861 0.18061238056142337 
0.0740063215345861 0.18061238056142337 
0.06135181125272467 0.1808279770635715 
0.06135181125272467 0.1808279770635715 
0.06135181125272467 0.1808279770635715 
0.06760061620349125 0.1787041721104509 
0.06806404934810245 0.1876657494014444 
0.06806404934810245 0.1876657494014444 
0.06806404934810245 0.1876657494014444 
0.06806404934810245 0.1876657494014444 
0.06806404934810245 0.1876657494014444 
0.07758514456775216 0.1852707783487085 
0.07758514456775216 0.1852707783487085 
0.07758514456775216 0.1852707783487085 
0.07585540377538902 0.17805853532443452 
0.07585540377538902 0.17805853532443452 
0.0757249036393581 0.1804294994410144 
0.06805047843360051 0.17858373859398863 
0.08100436656335824 0.1812688578432438 
0.10034538146940661 0.1790783763848763 
0.1261566713374958 0.18075008710877258 
0.13482189641463063 0.17410856027891433 
0.1362491191376531 0.17444024189931243 
0.14788339715125784 0.17891783526566674 
0.159487473337119 0.17483523862923114 
0.14709358051633192 0.17076264201853006 
0.12609821799220755 0.1692353433059935 
0.15353482071746916 0.17332567539259142 
0.15353482071746916 0.17332567539259142 
0.17858133865374837 0.1738916393283106 
0.17858133865374837 0.1738916393283106 
0.17858133865374837 0.1738916393283106 
0.17858133865374837 0.1738916393283106 
0.17858133865374837 0.1738916393283106 
0.17858133865374837 0.1738916393283106 
0.17858133865374837 0.1738916393283106 
0.17817251589750926 0.17528218335840223 
0.17817251589750926 0.17528218335840223 
0.18115803523364657 0.16673107896001732 
0.18115803523364657 0.16673107896001732 
0.1764512346784971 0.16542751427437843 
0.17798347691331168 0.16552761486570275 
0.17798347691331168 0.16552761486570275 
0.17798347691331168 0.16552761486570275 
0.17798347691331168 0.16552761486570275 
0.17980534425681072 0.16472371592210353 
0.17980534425681072 0.16472371592210353 
0.17870655003987676 0.1720553076920236 
0.15341425856562368 0.17566567514465525 
0.15341425856562368 0.17566567514465525 
0.1672954194083638 0.18179964658254785 
0.15861179230688086 0.18081746332859616 
0.15861179230688086 0.18081746332859616 
0.15150992003547645 0.17954106146790563 
0.1498613472037102 0.175258420436155 
0.1498613472037102 0.175258420436155 
0.1498613472037102 0.175258420436155 
0.13087403470946024 0.17010122499804226 
0.13087403470946024 0.17010122499804226 
0.13781673661449925 0.17108396474631296 
0.1508740813479937 0.17258524337227377 
0.1508740813479937 0.17258524337227377 
0.14843198700982105 0.17204144641913588 
0.12901765626233352 0.17309343457880796 
0.13281299602304528 0.18599079209799388 
0.13281299602304528 0.18599079209799388 
0.13866759012079652 0.1835262867854882 
0.14683497111861316 0.18003313061122392 
0.14452629278565027 0.1798532800799891 
0.14205778831792612 0.18290335362941487 
0.13125327852183338 0.18278484183417026 
0.13125327852183338 0.18278484183417026 
0.1267614658748758 0.18341611014184972 
0.13315050918095916 0.18538122019046913 
0.1341197454428404 0.19304451426542382 
0.1269055806467265 0.19965406630619123 
0.1269055806467265 0.19965406630619123 
0.11644858276685356 0.21863230743997913 
0.11644858276685356 0.21863230743997913 
0.11633745764909445 0.21885700548501963 
0.11633745764909445 0.21885700548501963 
0.11633745764909445 0.21885700548501963 
0.11633745764909445 0.21885700548501963 
0.11490831456608866 0.2119119907618101 
0.11960448182511049 0.20594734232826079 
0.1009855231282417 0.1862115883572864 
0.10033281054010021 0.18675700804390558 
0.08506635729477807 0.19293267611776146 
0.06410314760961511 0.2119093314595185 
0.0744544869837258 0.19970115447756948 
0.0761687730982946 0.18536151053716501 
0.08974875384679999 0.18310483155036955 
0.09139961365240071 0.1847735744223004 
0.08783953569541202 0.18496046767932053 
0.07299243824810721 0.18879413639182033 
0.07389073250476984 0.18969805772195455 
0.07389073250476984 0.18969805772195455 
0.07389073250476984 0.18969805772195455 
0.07389073250476984 0.18969805772195455 
0.07389073250476984 0.18969805772195455 
0.07389073250476984 0.18969805772195455 
0.07389073250476984 0.18969805772195455 
0.09548272309493103 0.1895075099724466 
0.09744087233555235 0.18919901799817912 
0.08374129285201296 0.19621580082456452 
0.12285686304975206 0.17357958823833805 
0.12285686304975206 0.17357958823833805 
0.12285686304975206 0.17357958823833805 
0.13275988981122125 0.17619715303496344 
0.11440855253083555 0.1707525612764247 
0.10641711604362908 0.17077171893431212 
0.10740849010923674 0.170605119770171 
0.1022718461015298 0.17759935254581585 
0.1022718461015298 0.17759935254581585 
0.10434528120190448 0.17746112658449945 
0.09706962968928791 0.1758436390300159 
0.09645026118982754 0.17625911883792478 
0.09795348942714079 0.17599774445226507 
0.09795348942714079 0.17599774445226507 
0.08633226979644681 0.17959843648959703 
0.09895845558210166 0.1778283049524911 
0.09895845558210166 0.1778283049524911 
0.09329528260263766 0.17924231276826463 
0.08722316884866708 0.17951152493721845 
0.09670213394859545 0.18481492020626805 
0.0638349005441946 0.18565711806991136 
0.0638349005441946 0.18565711806991136 
0.0634070584561996 0.1870143534734982 
0.0634070584561996 0.1870143534734982 
0.060580270983946506 0.18677115770001168 
0.060580270983946506 0.18677115770001168 
0.060580270983946506 0.18677115770001168 
0.060580270983946506 0.18677115770001168 
0.060580270983946506 0.18677115770001168 
0.060580270983946506 0.18677115770001168 
0.060580270983946506 0.18677115770001168 
0.060580270983946506 0.18677115770001168 
0.08008114592849545 0.1816671534478943 
0.06821674294286506 0.18494225258668728 
0.06821674294286506 0.18494225258668728 
0.06821674294286506 0.18494225258668728 
0.06821674294286506 0.18494225258668728 
0.07123606907294192 0.18307688775856162 
0.08360947470728439 0.17660722314440583 
0.08360947470728439 0.17660722314440583 
0.0648101167888924 0.17942767785896696 
0.06614076742669336 0.17739389271973757 
0.06513846382467406 0.18541579842131725 
0.06513846382467406 0.18541579842131725 
0.06513846382467406 0.18541579842131725 
0.06666529421025291 0.18308650091650705 
0.06822580886316565 0.19099915802176887 
0.06822580886316565 0.19099915802176887 
0.06822580886316565 0.19099915802176887 
0.06822580886316565 0.19099915802176887 
0.06822580886316565 0.19099915802176887 
0.06822580886316565 0.19099915802176887 
0.06822580886316565 0.19099915802176887 
0.10569680801433681 0.18429300489336123 
0.10327799819627247 0.18319911706889036 
0.09537056353584236 0.17475548172641348 
0.09605775664301701 0.17478049316763786 
0.10686614308049908 0.1750452158928158 
0.10503990602978165 0.17502585665438097 
0.11642845393565752 0.1814077775216352 
0.1168410376290785 0.18148904534740634 
0.12684468400497506 0.18165287716477996 
0.12775980865572628 0.18265314988073864 
0.12775980865572628 0.18265314988073864 
0.12775980865572628 0.18265314988073864 
0.12987986009390554 0.18219315711243872 
0.12894630959140863 0.18170835534711874 
0.12894630959140863 0.18170835534711874 
0.12945067192110715 0.18188922441250321 
0.131575985302719 0.1786322460649524 
0.12587404686753004 0.17843981338033232 
0.12451717186686714 0.17633900833511268 
0.12631509049248807 0.17716147531876691 
0.1273328536472988 0.1763596125313896 
0.1264063983141392 0.17627634368547118 
0.14526985003027573 0.17760318326190153 
0.14965499664523002 0.17787533896303104 
0.16327620981925622 0.18221081890926483 
0.13256237673123406 0.1770169757539981 
0.13256237673123406 0.1770169757539981 
0.16223540390481597 0.16692248526425987 
0.14825563936876168 0.16804395252280566 
0.16007912675719269 0.159427039602265 
0.16406799645992023 0.16374103410575894 
0.16406799645992023 0.16374103410575894 
0.16199137021659307 0.16570792384092342 
0.16030262546793583 0.16587445660092845 
0.1509134458155505 0.17521608689299026 
0.15585426701253596 0.17466503006888787 
0.13174160399395374 0.17705831249952605 
0.10495107771887716 0.17716596587176328 
0.11676402979711474 0.17205235666070964 
0.11244378306014607 0.16305003196486462 
0.11492588903362065 0.16229981833685442 
0.12771967705306947 0.17047689008318134 
0.17021095567446748 0.16248051271916847 
0.17021095567446748 0.16248051271916847 
0.16921589535769602 0.16286131638496731 
0.16800763846050665 0.16349307612624195 
0.1789743286744513 0.17537912360946736 
0.17860259453146068 0.1746484656667596 
0.17860259453146068 0.1746484656667596 
0.17860259453146068 0.1746484656667596 
0.17860259453146068 0.1746484656667596 
0.17860259453146068 0.1746484656667596 
0.17860259453146068 0.1746484656667596 
0.17854337584719954 0.17579461860015042 
0.17764917581909462 0.1762424082551019 
0.17764917581909462 0.1762424082551019 
0.17829321378296575 0.17626331817129187 
0.17829321378296575 0.17626331817129187 
0.1780402362915737 0.1783567889529473 
0.17689703704482043 0.17798333559350843 
0.18093491361839337 0.19609254988509073 
0.17157130448671926 0.19340668418960097 
0.17803406242178027 0.19868876286130271 
0.1762889383873259 0.19654389587184162 
0.1762889383873259 0.19654389587184162 
0.1762889383873259 0.19654389587184162 
0.1762889383873259 0.19654389587184162 
0.1762889383873259 0.19654389587184162 
0.1762889383873259 0.19654389587184162 
0.14463173590826675 0.18983230426873715 
0.14278947486361945 0.18955045844766674 
0.11391507699361139 0.2082865384744063 
0.11391507699361139 0.2082865384744063 
0.1181074176014798 0.20488777681342116 
0.1181074176014798 0.20488777681342116 
0.09576540745297192 0.19163466569075643 
0.09576540745297192 0.19163466569075643 
0.1009942873559241 0.19014471481601322 
0.11317114250331611 0.18336227125838755 
0.11745998650866318 0.1819021360562124 
0.10544571023373864 0.18103682202391494 
0.10060698337687851 0.17987057533069117 
0.095666889599928 0.17795942949012347 
0.0915797734646999 0.17310250135107982 
0.08029252808340509 0.17044747083185424 
0.08029252808340509 0.17044747083185424 
0.07680679661174677 0.16933463698513543 
0.07680679661174677 0.16933463698513543 
0.08506383205640111 0.17387813753139353 
0.08506383205640111 0.17387813753139353 
0.08506383205640111 0.17387813753139353 
0.08506383205640111 0.17387813753139353 
0.09051020547856586 0.17677684713692862 
0.09445127828974502 0.17586829060034653 
0.0644900520731017 0.18509456553772036 
0.07116988994005945 0.1868834451604418 
0.08794488546226173 0.18432975758614706 
0.07907100893323907 0.1805310697624515 
0.07907100893323907 0.1805310697624515 
0.07700357621252393 0.17790222895417976 
0.07879854931074654 0.1769537921334231 
0.0854399519729584 0.18391377273985932 
0.1172579714958227 0.18260360126126784 
0.13678178698136653 0.17746546733010982 
0.13465609948610396 0.1768252075287849 
0.14290027880063327 0.17816641349559603 
0.14553070244303246 0.17840458951779306 
0.11224646278950276 0.17495261623756828 
0.09020690809540452 0.181439549404591 
0.10672098574446788 0.1778131957562773 
0.1050002410296923 0.17554843563764908 
0.10958680453159576 0.17345883565814205 
0.09913741430604033 0.17660319713920286 
0.09775633324529726 0.17631364976977984 
0.10518314668953169 0.17604971839266031 
0.10051284203351807 0.1748260921212276 
0.08940339495296759 0.17059511757886642 
0.09045670129875515 0.1705895070351923 
0.09045670129875515 0.1705895070351923 
0.09045670129875515 0.1705895070351923 
0.1112325737872285 0.1589604785752024 
0.12563915520033 0.15474876553043723 
0.13906010551367937 0.16635773923953545 
0.139356987612039 0.170505066394718 
0.13506244733814263 0.16515387320168626 
0.11069792142276685 0.16290567978117385 
0.11659075881524057 0.16302756550741213 
0.14561917870796104 0.16372003463550702 
0.14561917870796104 0.16372003463550702 
0.14609277106821322 0.1620501433282594 
0.14609277106821322 0.1620501433282594 
0.14485207315969004 0.161798188023654 
0.1368150939020353 0.16656260644459212 
0.1368150939020353 0.16656260644459212 
0.14088708934943572 0.16724010690568927 
0.14069482641253822 0.1686374167205892 
0.1436285191646133 0.1706838725493275 
0.15668167514833103 0.16635624875952335 
0.17544379331165308 0.1658601634946598 
0.17729439316854487 0.16435783626400738 
0.18084026001992068 0.1620236401000228 
0.18009347778826768 0.16305979999401632 
0.18009347778826768 0.16305979999401632 
0.17888268572882332 0.1686732261527967 
0.17888268572882332 0.1686732261527967 
0.17972378245939666 0.16386732639581525 
0.17972378245939666 0.16386732639581525 
0.17972378245939666 0.16386732639581525 
0.17972378245939666 0.16386732639581525 
0.17972378245939666 0.16386732639581525 
0.17349339112964976 0.1654757337904323 
0.17349339112964976 0.1654757337904323 
0.17800825349430044 0.1692292419976961 
0.17800825349430044 0.1692292419976961 
0.14577667604998706 0.1756431825501623 
0.14577667604998706 0.1756431825501623 
0.16220161802484376 0.1795915791942841 
0.16106730282384527 0.1817680579712276 
0.16106730282384527 0.1817680579712276 
0.15875054043923356 0.18387181893012383 
0.15875054043923356 0.18387181893012383 
0.11404190991895322 0.17495894345018484 
0.10419171510024876 0.17632354086345478 
0.10419171510024876 0.17632354086345478 
0.10747656057852346 0.18148780918096907 
0.10747656057852346 0.18148780918096907 
0.10747656057852346 0.18148780918096907 
0.1413346098734726 0.17447885344134692 
0.15599879633349806 0.17438215686337333 
0.13872123059965927 0.1732898266592153 
0.1308163423616032 0.1685816042334425 
0.13247824917272533 0.1632909909562163 
0.15089339359791676 0.15812889522787746 
0.15216965029844973 0.1639921722306638 
0.1363819283243517 0.16924844952595391 
0.1363819283243517 0.16924844952595391 
0.1322738464330651 0.17048040216475868 
0.13078268482637906 0.171595563980544 
0.13340804820206092 0.1689425328699797 
0.13340804820206092 0.1689425328699797 
0.12351467083650747 0.17170377677072596 
0.1268348780468907 0.17717699421135105 
0.12692336592235928 0.17715453963784913 
0.12503462631342382 0.17683316812704192 
0.12503462631342382 0.17683316812704192 
0.1286578294208729 0.17699479992270228 
0.1286578294208729 0.17699479992270228 
0.12318795754693064 0.17849573264779262 
0.12318795754693064 0.17849573264779262 
0.12704189203759425 0.17116457695037385 
0.12289260150734133 0.1702315403740064 
0.12073380017382272 0.1697279782219896 
0.09325096822955596 0.16549275446472622 
0.10578747878263817 0.1643499829442561 
0.12779395405000907 0.15958068274084658 
0.12779395405000907 0.15958068274084658 
0.127932158677454 0.15957117673295812 
0.11096410277511454 0.1613619568925404 
0.09379427405671412 0.16022171702093946 
0.09379427405671412 0.16022171702093946 
0.09379427405671412 0.16022171702093946 
0.09666223664576769 0.16630526401400267 
0.09039523346424419 0.1634112405166736 
0.08585038803300044 0.17019046085350983 
0.10310900415237449 0.17010033492726667 
0.10741517916323917 0.16286505280209607 
0.10741517916323917 0.16286505280209607 
0.10889780461488643 0.16296410722006185 
0.10303458901640597 0.1689894934454993 
0.07259137299251511 0.16001561352874702 
0.07924154424946296 0.16335406710657308 
0.07924154424946296 0.16335406710657308 
0.07924154424946296 0.16335406710657308 
0.07924154424946296 0.16335406710657308 
0.07343755207834825 0.16956307906760656 
0.07302249289305446 0.16850154830825492 
0.07302249289305446 0.16850154830825492 
0.08969640988024409 0.17144575539369286 
0.09801485046697068 0.17671182161291063 
0.10837287646277322 0.17286183727771565 
0.10837287646277322 0.17286183727771565 
0.14914200584834109 0.17468460849239545 
0.1725099539138404 0.17940259044173584 
0.1725099539138404 0.17940259044173584 
0.1725099539138404 0.17940259044173584 
0.1725099539138404 0.17940259044173584 
0.1728917348477343 0.17954063878817494 
0.16326523200095294 0.17929840876655578 
0.16326523200095294 0.17929840876655578 
0.15539785935015887 0.17892170348862496 
0.14665949180704416 0.17844526147579076 
0.14665949180704416 0.17844526147579076 
0.1700767484630479 0.17998941925856954 
0.1700767484630479 0.17998941925856954 
0.1700767484630479 0.17998941925856954 
0.1700767484630479 0.17998941925856954 
0.165409803055314 0.18350094908479261 
0.165409803055314 0.18350094908479261 
0.16437371798671965 0.18345461119287088 
0.16628617151846084 0.17788726171927038 
0.16628617151846084 0.17788726171927038 
0.16628617151846084 0.17788726171927038 
0.1665531055169148 0.177521661280682 
0.1499449901036473 0.17599350011427756 
0.1762841993907442 0.1658548165665156 
0.1762841993907442 0.1658548165665156 
0.16200921167982502 0.1680126664817204 
0.12953227047866694 0.18200998482622247 
0.13650445432765235 0.18112009263226198 
0.11694966194728461 0.17861219326548536 
0.11694966194728461 0.17861219326548536 
0.11495911738246668 0.17796182465441637 
0.11495911738246668 0.17796182465441637 
0.07536759653453534 0.18882869045080752 
0.0705223402821728 0.1911143891940525 
0.0705223402821728 0.1911143891940525 
0.0763914081877283 0.1896909100295158 
0.07679707492306802 0.1906527918703047 
0.10134641893429353 0.18762463469077453 
0.10134641893429353 0.18762463469077453 
0.1102400733705379 0.193244855453828 
0.1220720328067384 0.18917134187676504 
0.0996614235895589 0.1966880700003365 
0.09968736195995861 0.19664123171507591 
0.0854287525101804 0.20195893786462019 
0.0854287525101804 0.20195893786462019 
0.0854287525101804 0.20195893786462019 
0.0854287525101804 0.20195893786462019 
0.0854287525101804 0.20195893786462019 
0.07903671379602462 0.20767716335417846 
0.07903671379602462 0.20767716335417846 
0.07886842611341437 0.20898536850080457 
0.08033386250649625 0.20283143359909078 
0.09433429491167526 0.1894872875886283 
0.09433429491167526 0.1894872875886283 
0.09082401446972987 0.18991947584799035 
0.09082401446972987 0.18991947584799035 
0.08597736822844629 0.19317514095246482 
0.0895299053573676 0.18759082455769932 
0.0895299053573676 0.18759082455769932 
0.09284568629780912 0.1773115048494156 
0.11321746908458993 0.1728480592915502 
0.11321746908458993 0.1728480592915502 
0.11446992329623715 0.17201392903392124 
0.10986523930800182 0.1696067818948234 
0.10986523930800182 0.1696067818948234 
0.1011593013822034 0.16457037931009197 
0.12756342560980788 0.16125430384710757 
0.11437000765124239 0.16109709593807525 
0.09536615474576492 0.16407802329952503 
0.09805933333814158 0.1637414424185559 
0.10262400491628389 0.1670463632093631 
0.11174239462069142 0.16229583860507912 
0.11174239462069142 0.16229583860507912 
0.11174239462069142 0.16229583860507912 
0.12600184735469708 0.15904792335353246 
0.12026107398330899 0.1652328603976509 
0.1445668121324427 0.1630479571064689 
0.14018445714798428 0.1587319078261134 
0.14018445714798428 0.1587319078261134 
0.11060422511310858 0.16545927520831902 
0.11565865264044327 0.1684726695661686 
0.1116203103875525 0.16823943609699352 
0.1116203103875525 0.16823943609699352 
0.12332268965582958 0.16117007493833563 
0.12568493234088418 0.16656900243513487 
0.13072109186310946 0.17800978322125088 
0.13654368444093423 0.1777147703506374 
0.12340156883598324 0.19008899425724743 
0.10699729423298553 0.19087632771656957 
0.10699729423298553 0.19087632771656957 
0.10618786200247952 0.19315884868939945 
0.1244011691862651 0.18136923117408696 
0.10128233445162708 0.18187594143150995 
0.10128233445162708 0.18187594143150995 
0.10592295985670452 0.17504639788043327 
0.10840618751760261 0.1778560237146175 
0.10840618751760261 0.1778560237146175 
0.13912041880293086 0.18602082464440772 
0.12791547975850112 0.17710244847856457 
0.10148420256683208 0.17055263511061194 
0.12197006934278978 0.1634815510173689 
0.12467589114610252 0.16090846823533372 
0.12467589114610252 0.16090846823533372 
0.13642022052315067 0.15653553290545555 
0.1370674738461702 0.15842093805893853 
0.16139987562154656 0.1470369411254411 
0.11755225046099421 0.1744577146234698 
0.09635909879198934 0.1654482477849441 
0.09635909879198934 0.1654482477849441 
0.09635909879198934 0.1654482477849441 
0.09400908189627358 0.16722663901113424 
0.10117255159285779 0.17173179231993177 
0.11134306202608843 0.17134587724611477 
0.12171288233399671 0.17068911045001064 
0.12171288233399671 0.17068911045001064 
0.1045731929160929 0.1598784523191071 
0.10355602138483556 0.15929769884754624 
0.10474516731180898 0.16292084568730206 
0.10474516731180898 0.16292084568730206 
0.10474516731180898 0.16292084568730206 
0.11090658605090445 0.16575197374910355 
0.12020655423361046 0.16317668448033587 
0.12020655423361046 0.16317668448033587 
0.11946040577126257 0.16600783224077892 
0.11782203726599162 0.17236417175009106 
0.11055595264659818 0.1760703220813024 
0.11883904459302094 0.17951012477168626 
0.13042966245519388 0.17452871874663634 
0.13810080346552236 0.17370092896785447 
0.14099532497691292 0.1753051691214066 
0.14099532497691292 0.1753051691214066 
0.1427673023668453 0.17541161812377076 
0.1427673023668453 0.17541161812377076 
0.1427673023668453 0.17541161812377076 
0.17438704247885484 0.17113681793484178 
0.17438704247885484 0.17113681793484178 
0.17438704247885484 0.17113681793484178 
0.17438704247885484 0.17113681793484178 
0.17438704247885484 0.17113681793484178 
0.17438704247885484 0.17113681793484178 
0.1743847536306066 0.17113742515570407 
0.1743847536306066 0.17113742515570407 
0.1743847536306066 0.17113742515570407 
0.17105818764575148 0.17132845700571875 
0.15945685505224955 0.17068867668252546 
0.15945685505224955 0.17068867668252546 
0.15945685505224955 0.17068867668252546 
0.15945685505224955 0.17068867668252546 
0.16172302692362098 0.1732487855332544 
0.16304373649300208 0.17135839996152308 
0.16961230524077486 0.16914629759272418 
0.1722440647113012 0.1688736792075843 
0.17113350364524924 0.16884025623723795 
0.17113350364524924 0.16884025623723795 
0.15975857092575996 0.16710075887438466 
0.15975857092575996 0.16710075887438466 
0.16079881839432206 0.16762920122756322 
0.17949098019588064 0.16217559266822393 
0.17949098019588064 0.16217559266822393 
0.17487396249883694 0.16477366988645806 
0.17488319356727794 0.16521097742177873 
0.1313674282368789 0.17036876862601325 
0.1313674282368789 0.17036876862601325 
0.1296951152331768 0.17078395250787137 
0.12202842368400943 0.1712865549543996 
0.11248844535741234 0.17086037462576192 
0.10709167311324275 0.1707885499271478 
0.10709167311324275 0.1707885499271478 
0.10709167311324275 0.1707885499271478 
0.09484775077593774 0.16818982170920976 
0.0978508984595428 0.17149818811188514 
0.09735759080504726 0.17050394172482536 
0.09271783377695335 0.1744609415956725 
0.08953332320575765 0.17464426790332543 
0.1255124983159514 0.1696832669816171 
0.1188555557885475 0.1785413749696848 
0.1188555557885475 0.1785413749696848 
0.16222313017175954 0.19769552828546721 
0.14685019408373984 0.18838743797756408 
0.14685019408373984 0.18838743797756408 
0.13987447984964538 0.1870649485912493 
0.13987447984964538 0.1870649485912493 
0.13987447984964538 0.1870649485912493 
0.13976109083465998 0.18820022765644012 
0.13658478157608273 0.18698788871406363 
0.13658478157608273 0.18698788871406363 
0.14042232958664208 0.18926159769240972 
0.13082909112388513 0.18775486221209736 
0.12269000638606167 0.1893221742952108 
0.11118354874513024 0.18758470407536648 
0.1451617205856433 0.17448968989046043 
0.14365701858453925 0.17742597228274656 
0.13297823015226024 0.1782354349336495 
0.13137513135563542 0.17714125207921166 
0.13137513135563542 0.17714125207921166 
0.1312182680070139 0.17708676852711414 
0.15462058692873765 0.16967136922020176 
0.1505433244191532 0.1678054935838811 
0.16044157596823025 0.1698723638158884 
0.16044157596823025 0.1698723638158884 
0.1609371402102433 0.17101968012819468 
0.16170145843069206 0.17073318818292066 
0.16170145843069206 0.17073318818292066 
0.16174374866850225 0.171004482801214 
0.15983949825646626 0.17110973743696306 
0.1673767249862088 0.1712731800034191 
0.17506970870608551 0.16642459250732822 
0.17506970870608551 0.16642459250732822 
0.17506970870608551 0.16642459250732822 
0.16888357812893293 0.16706654077009434 
0.16888357812893293 0.16706654077009434 
0.16617979141658126 0.1677917499008672 
0.16617979141658126 0.1677917499008672 
0.16868734528984153 0.16568888731228984 
0.16868734528984153 0.16568888731228984 
0.1648566895872102 0.16718910151104424 
0.1608071451987481 0.16252277665641535 
0.16419561089913098 0.16886836407089434 
0.1624113309373682 0.1667888337535359 
0.17253913067545018 0.16380278218913263 
0.17253913067545018 0.16380278218913263 
0.15864449569906564 0.16803977745540233 
0.16228235541373162 0.17112835584303285 
0.16276083526523982 0.17108457443159686 
0.17818727190347286 0.16715474134400363 
0.17818727190347286 0.16715474134400363 
0.17013657672390034 0.1687932556749306 
0.17304182899319287 0.1705175867090458 
0.17304182899319287 0.1705175867090458 
0.14150262538904612 0.17080083125548132 
0.13258154058435795 0.17206506013584413 
0.1283638441836563 0.17306622424020762 
0.12910494485263985 0.17222080371928067 
0.13046484149519985 0.1654158768215821 
0.11918789526069717 0.16152963470224793 
0.11918789526069717 0.16152963470224793 
0.11258253486400555 0.15754995218775772 
0.11258253486400555 0.15754995218775772 
