0.13834454350606684 0.09392179637516723 
0.13834454350606684 0.09392179637516723 
0.13834454350606684 0.09392179637516723 
0.13834454350606684 0.09392179637516723 
0.13534541859358626 0.10671116129146256 
0.13534541859358626 0.10671116129146256 
0.1288232252235005 0.14130122852498864 
0.1723775033412994 0.15620764855451866 
0.1723775033412994 0.15620764855451866 
0.1611021828557711 0.15272204256881475 
0.16185658269773284 0.15275173589806906 
0.16185658269773284 0.15275173589806906 
0.16185658269773284 0.15275173589806906 
0.15505051237995188 0.15597498404664306 
0.15505051237995188 0.15597498404664306 
0.15734859538699186 0.15530481588825734 
0.1524428849588741 0.16044616033535303 
0.1524428849588741 0.16044616033535303 
0.1524428849588741 0.16044616033535303 
0.1524428849588741 0.16044616033535303 
0.15170333617943565 0.16008481565791358 
0.16695886685555167 0.1597886747900049 
0.16695886685555167 0.1597886747900049 
0.1416760737573969 0.16592805632649643 
0.1604986671568469 0.16139036839584914 
0.1600896979288213 0.16419781497614974 
0.16773059941003465 0.16414061003819877 
0.1654427599956938 0.16430948538155407 
0.13697760167496498 0.169272945996817 
0.13612515591780416 0.16926844001351407 
0.133194867676329 0.1700737460722927 
0.1331224392943985 0.17003783387196283 
0.12748864230415333 0.17065921514867588 
0.11397194721631777 0.1713588784532174 
0.1330317458047366 0.16725420026801738 
0.12692659023878772 0.16428382777846856 
0.12707970475622232 0.1642423954180857 
0.12707970475622232 0.1642423954180857 
0.12450063041706652 0.15717365109404885 
0.12450063041706652 0.15717365109404885 
0.1285253398896686 0.1663724778921631 
0.12940758100893424 0.16610015465877698 
0.12336764711948651 0.16285866853161798 
0.16652753067625045 0.15742844260249114 
0.15592105779765328 0.15951656073297765 
0.12655359564510427 0.1643763332312325 
0.1293816858386708 0.17189793902494607 
0.12604901421928177 0.17192403494626993 
0.1265169518728607 0.1717859083612882 
0.1265169518728607 0.1717859083612882 
0.1457711813451842 0.1722398740810282 
0.1672055430057388 0.1702583742300707 
0.1672055430057388 0.1702583742300707 
0.1672055430057388 0.1702583742300707 
0.17171164538968972 0.17033514513623993 
0.17171164538968972 0.17033514513623993 
0.17171164538968972 0.17033514513623993 
0.17171164538968972 0.17033514513623993 
0.17171164538968972 0.17033514513623993 
0.17171164538968972 0.17033514513623993 
0.16613196386718107 0.17170145552540445 
0.16713688781462066 0.17179290246303597 
0.16713688781462066 0.17179290246303597 
0.16382862243880467 0.17219130864096274 
0.16460144415784056 0.17214961093726558 
0.1621122717620038 0.16380656341047095 
0.1621122717620038 0.16380656341047095 
0.1621122717620038 0.16380656341047095 
0.1621122717620038 0.16380656341047095 
0.13794543563426712 0.16442796844459126 
0.13503515454841145 0.16114382159022617 
0.13503515454841145 0.16114382159022617 
0.13503515454841145 0.16114382159022617 
0.11675740943131022 0.1719280684454378 
0.10887916747533191 0.17072643063113901 
0.10069428926105936 0.1673416925234072 
0.08868838715780371 0.16411277201928062 
0.08868838715780371 0.16411277201928062 
0.10011643237190854 0.15663903297400372 
0.10011643237190854 0.15663903297400372 
0.10069970220735391 0.15676010555204198 
0.10069970220735391 0.15676010555204198 
0.10069970220735391 0.15676010555204198 
0.10069970220735391 0.15676010555204198 
0.10079716993964882 0.1550195094041731 
0.09452712007504922 0.16195242866278678 
0.09452712007504922 0.16195242866278678 
0.10497437994885209 0.1643802282645012 
0.10846040616344393 0.16596364912792033 
0.10846040616344393 0.16596364912792033 
0.10641750339833195 0.16511171383299725 
0.0893223006825999 0.1621751346480182 
0.10212664273036443 0.1636894598898201 
0.09563319749480208 0.17606233053698386 
0.1121088463847234 0.1690945082056312 
0.11103435497717312 0.1692546550701004 
0.11103435497717312 0.1692546550701004 
0.11103435497717312 0.1692546550701004 
0.11103435497717312 0.1692546550701004 
0.11224857302132274 0.17069432367129317 
0.11224857302132274 0.17069432367129317 
0.10841816600356399 0.17197899873271885 
0.10841816600356399 0.17197899873271885 
0.10148817039185427 0.16981838766083293 
0.11384311973553142 0.16988579468565373 
0.11384311973553142 0.16988579468565373 
0.10773245269692526 0.16908151005359726 
0.10266869836650772 0.17346591622234947 
0.10266869836650772 0.17346591622234947 
0.12704173368033972 0.1727658344457909 
0.16514156159017856 0.17410355034415334 
0.17847363641446248 0.1720126920976258 
0.17847363641446248 0.1720126920976258 
0.16982102492511697 0.17009351900051534 
0.17128276908871082 0.16989824939252213 
0.17041999868386307 0.16809680402495522 
0.17041999868386307 0.16809680402495522 
0.15975282208710953 0.17393596722283458 
0.16062501788960798 0.17312347498359623 
0.15175140086077316 0.17393872540817207 
0.15056446677556828 0.17422560843044393 
0.16972985936492996 0.16928326633598495 
0.16888191059474275 0.16990501335917962 
0.17828761118835063 0.17322862163243055 
0.17828761118835063 0.17322862163243055 
0.17828761118835063 0.17322862163243055 
0.17828761118835063 0.17322862163243055 
0.17828761118835063 0.17322862163243055 
0.17828761118835063 0.17322862163243055 
0.17828761118835063 0.17322862163243055 
0.1545880592964388 0.17748742936521586 
0.1523360157399378 0.17177890976332247 
0.15302866212245284 0.17139388989974635 
0.13016372496098683 0.17338013648193504 
0.12569361456489064 0.174825278741262 
0.1287914898717894 0.17884751640409782 
0.13036471615065337 0.17822522455319245 
0.13220038904050177 0.1777594213176007 
0.13349096457338167 0.1761225889494069 
0.12805882932980797 0.17314759883101402 
0.12805882932980797 0.17314759883101402 
0.11857601892454844 0.17059130924924482 
0.11935087724893242 0.17099069107285286 
0.15089280114928777 0.16990292644661475 
0.1611650132539737 0.16724424972716914 
0.1611650132539737 0.16724424972716914 
0.17013595170036566 0.16472628050937638 
0.16348508903602169 0.16226333549700153 
0.16348508903602169 0.16226333549700153 
0.141761770556141 0.1721987395033676 
0.14193976732480051 0.17490839906110783 
0.13780977071918632 0.1760072749352019 
0.13226328025082512 0.17577710996205775 
0.13226328025082512 0.17577710996205775 
0.13059640876411122 0.18083449324339299 
0.12897839440569342 0.17774859082534533 
0.13087960531349663 0.17779137370373357 
0.12976208569687778 0.1775123036461971 
0.13179456917072765 0.18360349565335718 
0.13179456917072765 0.18360349565335718 
0.13686295876088628 0.18911189503244188 
0.135627076138957 0.17057030092040343 
0.1371013560081957 0.16999706743651252 
0.16787850409983146 0.16478222468058096 
0.16787850409983146 0.16478222468058096 
0.16787850409983146 0.16478222468058096 
0.1667429165459402 0.16627223832868213 
0.16674554245154588 0.16548603354004116 
0.16941133810873715 0.16742847140931444 
0.17089391824953284 0.16719259505656114 
0.17089391824953284 0.16719259505656114 
0.17089391824953284 0.16719259505656114 
0.17089391824953284 0.16719259505656114 
0.16836743430594223 0.1698259395307822 
0.16836743430594223 0.1698259395307822 
0.17212309819412208 0.16966013648467346 
0.17212309819412208 0.16966013648467346 
0.17212309819412208 0.16966013648467346 
0.17212309819412208 0.16966013648467346 
0.1720206881150365 0.16976139769313423 
0.1720206881150365 0.16976139769313423 
0.1720206881150365 0.16976139769313423 
0.11986996329126555 0.1774517786305061 
0.1068059865731148 0.17811818558139395 
0.10587889936208858 0.17628369551850748 
0.10587889936208858 0.17628369551850748 
0.10587889936208858 0.17628369551850748 
0.10587889936208858 0.17628369551850748 
0.12756356386060433 0.1752337810467659 
0.1376357723157944 0.17656482391576958 
0.12441808924345432 0.18091605471374755 
0.12441808924345432 0.18091605471374755 
0.12264130985425141 0.18137701471199452 
0.12400940551542568 0.18086918209576605 
0.12456355087903447 0.18108238530756948 
0.08168523389635722 0.18582517445271113 
0.08168523389635722 0.18582517445271113 
0.06194117045873877 0.18514100162737648 
0.06141869705696327 0.1852263074158239 
0.06141869705696327 0.1852263074158239 
0.06283099494926789 0.1812145389449215 
0.0658538233929773 0.18058879447293516 
0.0658538233929773 0.18058879447293516 
0.0658538233929773 0.18058879447293516 
0.07030670189852342 0.1788424797653997 
0.07030670189852342 0.1788424797653997 
0.07765107755029417 0.17904748129895268 
0.07765107755029417 0.17904748129895268 
0.08452083514648523 0.1662990647992146 
0.07728825320994616 0.162943238391039 
0.08093384152129758 0.16407364096856314 
0.08093384152129758 0.16407364096856314 
0.08093384152129758 0.16407364096856314 
0.09962502000254594 0.1674873997024991 
0.0858737285428167 0.16608197677328856 
0.07928876937975338 0.15919933699681205 
0.07928876937975338 0.15919933699681205 
0.07135322095214536 0.1697643400063727 
0.07135322095214536 0.1697643400063727 
0.07135322095214536 0.1697643400063727 
0.0720365616365123 0.1696300099287421 
0.0720365616365123 0.1696300099287421 
0.0720365616365123 0.1696300099287421 
0.07232243287494745 0.17186469493041365 
0.08499988557663832 0.16831344662333086 
0.08499988557663832 0.16831344662333086 
0.08285926300718613 0.167890233498449 
0.10027272841557441 0.16716981259803723 
0.1011693405169656 0.16758248032772932 
0.10779528684948561 0.16940101350013353 
0.10009530366653695 0.16584678460748836 
0.1066905685193145 0.16859509407313655 
0.10801976951329069 0.16895618214124228 
0.13638479754294752 0.16758791436833897 
0.11522015058803867 0.1683605255663103 
0.11327334399989278 0.16890536328608968 
0.1153186840799498 0.16961998112716664 
0.1153186840799498 0.16961998112716664 
0.09253793037963028 0.16662734611201616 
0.07629546932883478 0.16783739497364455 
0.07592026599003725 0.16970458292125967 
0.07592026599003725 0.16970458292125967 
0.07592026599003725 0.16970458292125967 
0.08602136381406986 0.17455338112033203 
0.08702515057684997 0.17428637452112958 
0.09270349188513204 0.17849859483189112 
0.09270349188513204 0.17849859483189112 
0.07205827566310741 0.17329559680764495 
0.07205827566310741 0.17329559680764495 
0.07205827566310741 0.17329559680764495 
0.07205827566310741 0.17329559680764495 
0.07205827566310741 0.17329559680764495 
0.07038929797776283 0.16876747704518433 
0.07038929797776283 0.16876747704518433 
0.08153156393426667 0.170344160154237 
0.08153156393426667 0.170344160154237 
0.10640684566942549 0.17218208788916897 
0.1163573393900906 0.17573182585509592 
0.10728528895627842 0.17868679221137024 
0.10414206996596245 0.1784852250150384 
0.07905560038705745 0.18053359033817745 
0.07905560038705745 0.18053359033817745 
0.07900408029348072 0.18064534241895958 
0.08235701123794983 0.1748369863630049 
0.07283137706599503 0.17801628129757288 
0.0701942647744795 0.17425041596991572 
0.0701942647744795 0.17425041596991572 
0.0679357708113439 0.17329437342777276 
0.06500648741269044 0.17436442082130788 
0.06500648741269044 0.17436442082130788 
0.06500648741269044 0.17436442082130788 
0.06500648741269044 0.17436442082130788 
0.06500648741269044 0.17436442082130788 
0.06500648741269044 0.17436442082130788 
0.06500648741269044 0.17436442082130788 
0.06588199879260269 0.17412433415823517 
0.06588199879260269 0.17412433415823517 
0.06588199879260269 0.17412433415823517 
0.06588199879260269 0.17412433415823517 
0.06556835534595401 0.17394608381979773 
0.07736731291025492 0.17466894640209482 
0.08920084751883159 0.17202395508328808 
0.06666520727869325 0.17234774944322515 
0.06666520727869325 0.17234774944322515 
0.09299120553417993 0.16974140502267987 
0.08961621533103278 0.16828003435615296 
0.09059907186231902 0.165782541453537 
0.06941462648355493 0.1676795779054697 
0.08478095883031393 0.17317468742537506 
0.08478095883031393 0.17317468742537506 
0.08478095883031393 0.17317468742537506 
0.10133259643223066 0.1575617362157403 
0.10418479121262371 0.16317056986059253 
0.10418479121262371 0.16317056986059253 
0.11330585761498708 0.15786307480944278 
0.11330585761498708 0.15786307480944278 
0.11615292023638549 0.16363971865836696 
0.13113307341796543 0.1598170769407047 
0.12895491629770522 0.15787639893106487 
0.1319051437857836 0.1583716874293302 
0.1319051437857836 0.1583716874293302 
0.13281469125266648 0.15875360413374773 
0.13281469125266648 0.15875360413374773 
0.1311760314472294 0.1592627854553383 
0.1311760314472294 0.1592627854553383 
0.12700917202709203 0.17174120253332645 
0.12479280601737214 0.17174186670136163 
0.13629120761243038 0.16640538284443107 
0.1324261682928936 0.16471088388796695 
0.13605215788338987 0.1646756686243349 
0.13763799866440332 0.1645564009713185 
0.11818359358098493 0.1663263967433308 
0.11818359358098493 0.1663263967433308 
0.12049032781813523 0.16863379671194667 
0.10843371818619013 0.16055173403011364 
0.06865272622778351 0.15943727958334666 
0.10610925402163762 0.1619920756356644 
0.11077359014800726 0.16049531172452927 
0.10693961617648781 0.16239455455815255 
0.10693961617648781 0.16239455455815255 
0.10693961617648781 0.16239455455815255 
0.09418141950520681 0.16661711491912146 
0.10369419575462147 0.17024816698894582 
0.11137473281153186 0.16567702419466465 
0.09978307895360025 0.16226828892394354 
0.11744155933865612 0.1638005096617096 
0.12366428745747096 0.16413058482603465 
0.1140720151765064 0.16286969617659192 
0.09508250565904892 0.16715106877346636 
0.10464747579538144 0.16931088879089234 
0.10315125473224611 0.1689866656807042 
0.10315125473224611 0.1689866656807042 
0.10367879125608605 0.16877307518702642 
0.10169092055133575 0.17018013535094856 
0.09855823652477252 0.16896025060901046 
0.10060829598321222 0.1686180743451577 
0.09598786059248704 0.16584142703898028 
0.09598786059248704 0.16584142703898028 
0.09774127256413323 0.16630917004570753 
0.09770953972044577 0.16632591612563022 
0.11261932864513907 0.1707087928903268 
0.10170584826802052 0.1735721717415804 
0.10350467088207782 0.1725220660072502 
0.10299649422161614 0.17410953318424963 
0.10373309475162644 0.1738934712543312 
0.11306887889693579 0.17222033860715336 
0.1433283145135685 0.17945768100482026 
0.13569839464941752 0.1769549201036274 
0.15737815691153662 0.16539749045872526 
0.15737815691153662 0.16539749045872526 
0.15737815691153662 0.16539749045872526 
0.14081652317209392 0.16918936804906143 
0.14081652317209392 0.16918936804906143 
0.140096829184253 0.16911383000453462 
0.140096829184253 0.16911383000453462 
0.15354393198143032 0.17225801563825927 
0.15478195380931378 0.1719939032596497 
0.16834856828580988 0.1739440690307558 
0.16834856828580988 0.1739440690307558 
0.16203947293592913 0.17405774484624928 
0.16203947293592913 0.17405774484624928 
0.15334549979436501 0.17401601586307008 
0.15334549979436501 0.17401601586307008 
0.15541311754936685 0.17409281106177252 
0.15541311754936685 0.17409281106177252 
0.15051267961337345 0.1694582217475407 
0.1514276952567144 0.16975995064587612 
0.1377147736695799 0.17101585285664372 
0.13596875196409552 0.1702372149954775 
0.13596875196409552 0.1702372149954775 
0.13623533984760897 0.17035122675040826 
0.12510387253229038 0.1728291106151175 
0.13155443307916842 0.17946963607187666 
0.12863457355440894 0.17779779749055935 
0.12863457355440894 0.17779779749055935 
0.1515371762780276 0.18539042397469482 
0.11196279978159773 0.17938479462379656 
0.11196279978159773 0.17938479462379656 
0.11230178115004724 0.1793199337426844 
0.10589766930520983 0.17995946820004308 
0.07726532683100644 0.175216035031805 
0.07726532683100644 0.175216035031805 
0.06371626624555979 0.17706235804920195 
0.08537190083944823 0.17718158557999228 
0.07524254445715627 0.17309986056248913 
0.06968922622375176 0.1731145704722462 
0.06911530727004629 0.17285851871336716 
0.06911530727004629 0.17285851871336716 
0.06675088780721058 0.17250352263863492 
0.06675088780721058 0.17250352263863492 
0.07109527888134105 0.17215460355952347 
0.0895790619615647 0.17418252451282143 
0.09033843493396511 0.1712722388803682 
0.09688124605638129 0.170525189228642 
0.08068916443868224 0.16868378307312099 
0.08055719797405927 0.1658671087494335 
0.08005651122944892 0.16875332495312667 
0.09768159646207958 0.17349823600919181 
0.09768159646207958 0.17349823600919181 
0.09292480717430437 0.17337134742382254 
0.09568342530375393 0.17304334835417887 
0.08640503443887351 0.17116380259998296 
0.08612860742745185 0.17116635347821169 
0.09560314818566482 0.17298949540118927 
0.09560314818566482 0.17298949540118927 
0.0989470178964852 0.17517336792240823 
0.09740226304818528 0.17696178760176354 
0.09740226304818528 0.17696178760176354 
0.09713975292783969 0.17723236089552208 
0.08176506552922912 0.17979702875194722 
0.0808746356942228 0.17825703114138902 
0.08008387325471157 0.17859754180407353 
0.0824762548365503 0.17815855060267763 
0.09272161902034176 0.18520278254571756 
0.09848595053045936 0.18248127789620963 
0.09848595053045936 0.18248127789620963 
0.10144088951080038 0.179921825164381 
0.10144088951080038 0.179921825164381 
0.09596201576342936 0.17548860874749528 
0.09728950899303868 0.1752398600242683 
0.09091661036783082 0.17471890514144472 
0.09091661036783082 0.17471890514144472 
0.09091661036783082 0.17471890514144472 
0.09257180057049835 0.17453687289820058 
0.09257180057049835 0.17453687289820058 
0.09798979259361468 0.17704377052370512 
0.10874334896254988 0.1711512879529081 
0.1017167094703434 0.17047724732053102 
0.11184850919862965 0.17040016210222197 
0.10515891136164698 0.16578065715485504 
0.1261592313003393 0.16988989956241465 
0.10885172657298836 0.16867813461649436 
0.06974934048820809 0.16282330393206457 
0.07105453303800796 0.15690270959202693 
0.06437416009941965 0.15220286948953884 
0.06437416009941965 0.15220286948953884 
0.06437416009941965 0.15220286948953884 
0.06437416009941965 0.15220286948953884 
0.06437416009941965 0.15220286948953884 
0.06437416009941965 0.15220286948953884 
0.06294417142232409 0.15126828756916125 
0.06294417142232409 0.15126828756916125 
0.06294417142232409 0.15126828756916125 
0.06294417142232409 0.15126828756916125 
0.06294417142232409 0.15126828756916125 
0.06294417142232409 0.15126828756916125 
0.06738987032222399 0.16102891462135982 
0.06738987032222399 0.16102891462135982 
0.0824598178113009 0.16618799455534466 
0.0824598178113009 0.16618799455534466 
0.08257446285234613 0.16617342222621584 
0.09507966470625084 0.16799994213549566 
0.06173662693715541 0.1604676888903132 
0.06173662693715541 0.1604676888903132 
0.06173662693715541 0.1604676888903132 
0.06173662693715541 0.1604676888903132 
0.06173662693715541 0.1604676888903132 
0.070698010783668 0.16051091553422406 
0.070698010783668 0.16051091553422406 
0.070698010783668 0.16051091553422406 
0.070698010783668 0.16051091553422406 
0.070698010783668 0.16051091553422406 
0.070698010783668 0.16051091553422406 
0.07288481094074833 0.17082451121357276 
0.06405411556333984 0.17007422193876284 
0.06405411556333984 0.17007422193876284 
0.06405411556333984 0.17007422193876284 
0.06405411556333984 0.17007422193876284 
0.06405411556333984 0.17007422193876284 
0.06405411556333984 0.17007422193876284 
0.10441573150420343 0.17313480151253585 
0.1160060248599046 0.17528886143546055 
0.08567843020541935 0.1714499444247606 
0.08567843020541935 0.1714499444247606 
0.09653143506429433 0.16711126925469788 
0.08902287771637746 0.16407523901481075 
0.10689431297799395 0.16593402243602792 
0.11153200349794772 0.1664598245896575 
0.15408756477568544 0.16741422504553088 
0.1463570444010735 0.16993903110565575 
0.12683255152079947 0.1691987672506597 
0.13200442712628357 0.16958647924861656 
0.14602999898966967 0.16970907675184901 
0.17067264820102027 0.16758692231112352 
0.13894202567059744 0.16944645934115557 
0.14450276869523737 0.16447115405849183 
0.14296340876407296 0.16417096189067526 
0.14296340876407296 0.16417096189067526 
0.11092211835664284 0.16851874473621772 
0.11092211835664284 0.16851874473621772 
0.12935115753309856 0.16268180819128125 
0.11879757468733723 0.16374551544602553 
0.11879757468733723 0.16374551544602553 
0.11042935796930595 0.160795194380916 
0.106049382052642 0.1652243120895301 
0.1182772240942076 0.16193887123653347 
0.1182772240942076 0.16193887123653347 
0.11973162970214589 0.16311737435561835 
0.1237050009955501 0.16601704977292675 
0.12242730348349568 0.16601245249082724 
0.15003813968075894 0.1624253039243052 
0.13974074875420808 0.1628675452202225 
0.13974074875420808 0.1628675452202225 
0.12746387673959186 0.16751350377285223 
0.14227113252626772 0.1620640963506564 
0.1324768610368297 0.1641072342119269 
0.13036062267294451 0.16297326612510593 
0.12981493748703232 0.17256186387526928 
0.12981493748703232 0.17256186387526928 
0.13243248005607422 0.17310905111769817 
0.13243248005607422 0.17310905111769817 
0.10256857697470084 0.17488102617030762 
0.10256857697470084 0.17488102617030762 
0.10256857697470084 0.17488102617030762 
0.09950024844005559 0.17391182262264068 
0.10179732345372998 0.17652414758212673 
0.06832119108938546 0.17911212767409476 
0.07160285152941721 0.1835142637846627 
0.09441702919002418 0.17637662625322126 
0.09140238564575742 0.17732080209937046 
0.0950040576278253 0.16929525747926272 
0.09500804353411925 0.1692856244303387 
0.09500804353411925 0.1692856244303387 
0.0910565074471056 0.1821466225247179 
0.0910565074471056 0.1821466225247179 
0.09824883446827891 0.18132474772431287 
0.09502774709028428 0.18168192830604313 
0.10499989516220579 0.19038114786095317 
0.10499989516220579 0.19038114786095317 
0.10499989516220579 0.19038114786095317 
0.10787711385231845 0.1920566688105713 
0.1167382785028904 0.19241422466949362 
0.11756923939834676 0.18999772429187098 
0.09191565792848826 0.19594170335346595 
0.11583872073307708 0.1910596007411345 
0.14193146342228197 0.1853769761345505 
0.14024305924411076 0.1814930388140949 
0.13642042829375337 0.18497084199279365 
0.13642042829375337 0.18497084199279365 
0.14319866047392352 0.18568074113250793 
0.10866178063775565 0.1959999574554614 
0.11083233027407167 0.19619366718224648 
0.10466497299549597 0.19657399233454667 
0.10483031737974303 0.19551955205946278 
0.07361532014275393 0.1984618221859654 
0.08369703317819668 0.19624266499508344 
0.081870854134321 0.18721381264614706 
0.07988929328553425 0.18899873212908067 
0.07553575341826692 0.18707311807694635 
0.07553575341826692 0.18707311807694635 
0.07553575341826692 0.18707311807694635 
0.0720193163995205 0.1857779149097391 
0.0720193163995205 0.1857779149097391 
0.0720193163995205 0.1857779149097391 
0.08189244207475717 0.17902868983833103 
0.08189244207475717 0.17902868983833103 
0.09323210185122192 0.18363570307220786 
0.10211650744223559 0.18014252608204523 
0.10101773858440646 0.1790489288731097 
0.103273343512192 0.1793206321134623 
0.09447003676451018 0.1840310969631822 
0.09901515806664096 0.18257318625731192 
0.1165612516762588 0.18534934164861563 
0.12255829239527873 0.18338815288883353 
0.12497853836231329 0.1819507325738921 
0.12497853836231329 0.1819507325738921 
0.10582914691058336 0.18605574144162146 
0.10743608934936502 0.19154519396233838 
0.11471131890191025 0.19783455853138399 
0.11703794021447832 0.19273005397126128 
0.11097948481218362 0.18536663639403111 
0.13286276328430666 0.18803722550523594 
0.1780793151987697 0.1913405651679542 
0.1780793151987697 0.1913405651679542 
0.1780793151987697 0.1913405651679542 
0.1780793151987697 0.1913405651679542 
0.1780793151987697 0.1913405651679542 
0.1762141455628915 0.1910102663911954 
0.1762141455628915 0.1910102663911954 
0.1814835270131035 0.19142191263120356 
0.14105879038998181 0.18627607126540016 
0.13966906908058774 0.19712704235836628 
0.17166051969166068 0.1967768514798313 
0.15679898719925522 0.18387229043410472 
0.15679898719925522 0.18387229043410472 
0.15679898719925522 0.18387229043410472 
0.15679898719925522 0.18387229043410472 
0.12874140828666694 0.1759899630108686 
0.12874140828666694 0.1759899630108686 
0.12874140828666694 0.1759899630108686 
0.17165014128269662 0.16818195054397075 
0.17867087056707678 0.17052742530342607 
0.17867087056707678 0.17052742530342607 
0.17867087056707678 0.17052742530342607 
0.17867087056707678 0.17052742530342607 
0.17881262444927698 0.17047816058247092 
0.17881262444927698 0.17047816058247092 
0.17881262444927698 0.17047816058247092 
0.17881262444927698 0.17047816058247092 
0.17881262444927698 0.17047816058247092 
0.17881262444927698 0.17047816058247092 
0.17881262444927698 0.17047816058247092 
0.17881262444927698 0.17047816058247092 
0.17881262444927698 0.17047816058247092 
0.15001443766297068 0.1762359816392031 
0.12550869702133105 0.17548057379178808 
0.12686426267319947 0.17400504798512884 
0.12686426267319947 0.17400504798512884 
0.11280310105132439 0.17873946146712016 
0.12568987284747218 0.18320499510453453 
0.12568987284747218 0.18320499510453453 
0.09019051518728124 0.18421292007677065 
0.09696899147344641 0.18387807203289094 
0.09185058330238505 0.1852257182074249 
0.09185939664817369 0.1852260117111967 
0.08850878561604186 0.1836510023604503 
0.08064114430231788 0.17802459483493524 
0.06602186805425816 0.17746901482081714 
0.08391615958927642 0.17438112871286648 
0.08391615958927642 0.17438112871286648 
0.061096048128311854 0.17071537328891948 
0.061096048128311854 0.17071537328891948 
0.061096048128311854 0.17071537328891948 
0.061096048128311854 0.17071537328891948 
0.0630490731717771 0.1703875075569229 
0.07485270090092946 0.172788384930686 
0.07485270090092946 0.172788384930686 
0.07694790898567472 0.17248510967534225 
0.10493808269134165 0.18400797029332044 
0.12365484619463475 0.17763339554914548 
0.12365484619463475 0.17763339554914548 
0.13855586851921706 0.18086058636168767 
0.14186524316530363 0.18218337011360308 
0.13302678081631114 0.17789826305988607 
0.1407172630748844 0.17291987334010575 
0.1138494253993377 0.1652591704774427 
0.10713576216719783 0.16747062321887898 
0.10713576216719783 0.16747062321887898 
0.10713576216719783 0.16747062321887898 
0.09045500077578358 0.17434780116676998 
0.09198512056282018 0.1773096529138793 
0.10815183932929211 0.17991242009803593 
0.07385931345623889 0.18151857314823064 
0.07385931345623889 0.18151857314823064 
0.10468648224926394 0.18284154223281526 
0.12585247716789835 0.17580637600715035 
0.12555134258285516 0.17574997045372792 
0.12835760730013632 0.17725067932734836 
0.09490216568653666 0.16825541381250708 
0.09654874157639279 0.1694873868061061 
0.09654874157639279 0.1694873868061061 
0.08826361269664748 0.16498071691170485 
0.08546098478335938 0.1696833244793747 
0.08546098478335938 0.1696833244793747 
0.08132550943502338 0.17057197380481215 
0.08132550943502338 0.17057197380481215 
0.06423621523298284 0.16969780043028015 
0.06284821624985379 0.16679274194648913 
0.06284821624985379 0.16679274194648913 
0.06284821624985379 0.16679274194648913 
0.06284821624985379 0.16679274194648913 
0.06581209800272683 0.16741990760622907 
0.06581209800272683 0.16741990760622907 
0.07743730689335174 0.16872346108106398 
0.07743730689335174 0.16872346108106398 
0.07565401454169696 0.1722055771023438 
0.07672869643427843 0.17247654751335725 
0.06840135911349679 0.17472170102335985 
0.08540873491182084 0.17055990696248868 
0.08683507113664789 0.169843313047514 
0.09158677592050316 0.17351354498059166 
0.09158677592050316 0.17351354498059166 
0.09158677592050316 0.17351354498059166 
0.08703663013700857 0.17149631909246685 
0.08947944571146761 0.1721296942883539 
0.08663479291189954 0.17051338444535233 
0.08408489828585192 0.1698598682518227 
0.08408489828585192 0.1698598682518227 
0.08422180912698136 0.17304204608280538 
0.08355969363407274 0.17348680377886905 
0.126416833258247 0.17567870167281072 
0.1507102344544964 0.1826119567258513 
0.1754745416027384 0.196074894156384 
0.17097916447577943 0.20350838814873703 
0.14596178178749755 0.19734019146578327 
0.14596178178749755 0.19734019146578327 
0.14420252449257762 0.20036552273534902 
0.142847930087498 0.1982777236222011 
0.142847930087498 0.1982777236222011 
0.1775878320529943 0.20754581466474584 
0.1775878320529943 0.20754581466474584 
0.17999823146788177 0.2085083832733895 
0.17999823146788177 0.2085083832733895 
0.17999823146788177 0.2085083832733895 
0.1679928920233753 0.20455011504779186 
0.16038391480430814 0.2005007822898718 
0.16604468233881778 0.1938284131531601 
0.1727872326218424 0.19807396440152533 
0.13257721443031853 0.1901271692854183 
0.14122486985957267 0.19294416958919552 
0.14122486985957267 0.19294416958919552 
0.14121816887891292 0.18464784216983876 
0.13619364458341926 0.18561784370020545 
0.14278368064979968 0.17363807726632488 
0.14278368064979968 0.17363807726632488 
0.14278368064979968 0.17363807726632488 
0.1476735015654378 0.16843137854820586 
0.15034918156309707 0.16318130079675863 
0.128378665207452 0.1649256773000045 
0.14297750561850875 0.16759982752908859 
0.1368858673869362 0.16948500862091012 
0.1335140867062395 0.16702423395387217 
0.1197601011491454 0.1545977288074493 
0.11990397795770945 0.1556789225954479 
0.11990397795770945 0.1556789225954479 
0.11990397795770945 0.1556789225954479 
0.11990397795770945 0.1556789225954479 
0.12161792345749678 0.1567436737053685 
0.12075395979724299 0.15754342578973082 
0.13103725802232574 0.16279274848135916 
0.13103725802232574 0.16279274848135916 
0.14535159053802327 0.15873126666157766 
0.14535159053802327 0.15873126666157766 
0.14535159053802327 0.15873126666157766 
0.14532969527875036 0.15880140312225122 
0.11350957667838396 0.1605399754238722 
0.10830357669507401 0.1687961494877946 
0.10830357669507401 0.1687961494877946 
0.10144059247802373 0.16683589968634793 
0.10686250082032325 0.1675310312697848 
0.07137263769439872 0.16792269215103778 
0.07137263769439872 0.16792269215103778 
0.07137263769439872 0.16792269215103778 
0.07137263769439872 0.16792269215103778 
0.07137263769439872 0.16792269215103778 
0.07137263769439872 0.16792269215103778 
0.08623496772899601 0.16725300989005337 
0.0902102353564455 0.17085610860529224 
0.09123121575640587 0.16866551558497195 
0.10723578941893272 0.1661998288644695 
0.11777687284531013 0.1647189843096936 
0.13261079853196384 0.16434247909596636 
0.13796477002461935 0.16175402139838535 
0.13801034078069968 0.16130061600442067 
0.13862013738502427 0.16125375262707387 
0.13159508764833766 0.16195022355031716 
0.13159508764833766 0.16195022355031716 
0.13159508764833766 0.16195022355031716 
0.1308520500172884 0.1626584183626767 
0.1308520500172884 0.1626584183626767 
0.11413893373152356 0.15956463885256345 
0.10858436224197848 0.15738568256713598 
0.10858436224197848 0.15738568256713598 
0.10916700854327697 0.16031444318515906 
0.1253548677421699 0.1672952804929253 
0.17926954461486455 0.15725700833977618 
0.17054669263374672 0.17200626673534308 
0.17054669263374672 0.17200626673534308 
0.17689980055016236 0.17319656781562714 
0.14844899910743697 0.17542100751549577 
0.14844899910743697 0.17542100751549577 
0.14844899910743697 0.17542100751549577 
0.16605261800327975 0.17944997796955822 
0.16955117091956395 0.1692397759747877 
0.16955117091956395 0.1692397759747877 
0.17010317946029202 0.16912360893835524 
0.17010317946029202 0.16912360893835524 
0.17041415351549805 0.16796090311244496 
0.158324802430987 0.1632574590797889 
0.1614859098350305 0.17122882231083478 
0.1614859098350305 0.17122882231083478 
0.1614859098350305 0.17122882231083478 
0.16532502925564785 0.1711464588460546 
0.13967772696867992 0.1702923396111023 
0.1411577227171633 0.169200945946605 
0.15465259669610587 0.16830898626941831 
0.170654269562934 0.168816965909416 
0.16239051770448443 0.16604590499697605 
0.15579140658670956 0.1684994612684161 
0.15579140658670956 0.1684994612684161 
0.13601131363235483 0.1709623558964526 
0.13458586414661042 0.17743758352545955 
0.13458586414661042 0.17743758352545955 
0.13458586414661042 0.17743758352545955 
0.1344335260753501 0.17644083431795535 
0.12316974969004463 0.17741763798779714 
0.10733368482523845 0.18181426017507693 
0.11748323687495198 0.17874264901689083 
0.11748323687495198 0.17874264901689083 
0.09620070259189983 0.17220436626680688 
0.0756634686939685 0.1785556626159177 
0.0756634686939685 0.1785556626159177 
0.07597106880908869 0.17843367013702707 
0.07597106880908869 0.17843367013702707 
0.07597106880908869 0.17843367013702707 
0.08304688716526903 0.1783234132711346 
0.08596475867209569 0.17914248366387056 
0.09404446917381118 0.1823844339738643 
0.09727248179553105 0.1821705279365833 
0.11586111590045794 0.18158617036974464 
0.11586111590045794 0.18158617036974464 
0.1236433451947241 0.18395725645028657 
0.1236433451947241 0.18395725645028657 
0.12105705947494183 0.1852360786388118 
0.10768394272914272 0.18655209087687566 
0.10808441658228937 0.1875037266266917 
0.10808441658228937 0.1875037266266917 
0.10980338540262669 0.18766620046394197 
0.12478286856433338 0.19622711314824168 
0.12834623301468912 0.19328669772969198 
0.12292198280154291 0.19561632612772178 
0.14378636541280584 0.187424188250824 
0.13417943674834004 0.19032977818247912 
0.14924944422229802 0.18653811996541605 
0.14902076512640075 0.1926102017690507 
0.13696928802281583 0.18594008063241407 
0.1541732695589712 0.1942866393989237 
0.15658615961330374 0.18948918308563423 
0.15658615961330374 0.18948918308563423 
0.15645513634119237 0.19000979682920247 
0.16160679541935863 0.19185888061275808 
0.16160679541935863 0.19185888061275808 
0.15585818542580268 0.1841523337808585 
0.15585818542580268 0.1841523337808585 
0.15362900481257488 0.17477395675716495 
0.1525072466436227 0.17511198722875657 
0.17534279977309386 0.16853060462860367 
0.17478621429820212 0.16979728482520048 
0.1657214512571495 0.1703623621097259 
0.17974881245352775 0.16769101093759958 
0.17974881245352775 0.16769101093759958 
0.17974881245352775 0.16769101093759958 
0.17974881245352775 0.16769101093759958 
0.17494814171959455 0.17225066598191788 
0.17273734657471407 0.17063702559647567 
0.17273734657471407 0.17063702559647567 
0.17273734657471407 0.17063702559647567 
0.17259263106096406 0.17022497236891684 
0.17259263106096406 0.17022497236891684 
0.1686718632969293 0.17058380117615804 
0.16877802900534705 0.17062344169774724 
0.14899877069534134 0.1730026513866818 
0.1457474324477232 0.176004451709441 
0.1457474324477232 0.176004451709441 
0.15883360807694707 0.1750792110229763 
0.15235168715987588 0.18082915989494946 
0.1523062338450206 0.18094343465132073 
0.1572349680622461 0.1766463435430263 
0.15942582479503004 0.1817142525483056 
0.1780034757434112 0.18955260345878114 
0.1780034757434112 0.18955260345878114 
0.1780034757434112 0.18955260345878114 
0.17086129251506277 0.1829759700107226 
0.17086129251506277 0.1829759700107226 
0.1336341586519689 0.17504487211513006 
0.12995315433752758 0.17074560568325725 
0.13917574293544874 0.16510856270764918 
0.13914682361179184 0.1651060290681092 
0.12852799609680507 0.1664668769596038 
0.13007669948930706 0.1716976795103445 
0.13357216749194364 0.17157127108501274 
0.13357216749194364 0.17157127108501274 
0.15171446065431188 0.17510303879506556 
0.15259111055991353 0.17500726272962536 
0.16762558239267406 0.17469857397931493 
0.16762558239267406 0.17469857397931493 
0.17332110583723329 0.17457763289271144 
0.1454033599033445 0.1757137837931031 
0.1454033599033445 0.1757137837931031 
0.16995242261896257 0.1649439909957936 
0.17113542856771488 0.16418070065012835 
0.17361704903011868 0.16346986331072602 
0.17361704903011868 0.16346986331072602 
0.16659566659677333 0.17128516975400532 
0.17006640135091655 0.17113396898763586 
0.17006640135091655 0.17113396898763586 
0.16905786227707395 0.17111767529118918 
0.1644164269069805 0.1667149722985637 
0.1644164269069805 0.1667149722985637 
0.16428319697678562 0.16380131592026043 
0.17590757048586952 0.16445744936591458 
0.18080821610244185 0.1627420757281473 
0.18080821610244185 0.1627420757281473 
0.18080821610244185 0.1627420757281473 
0.18080821610244185 0.1627420757281473 
0.18080821610244185 0.1627420757281473 
0.18080821610244185 0.1627420757281473 
0.18080821610244185 0.1627420757281473 
0.18080821610244185 0.1627420757281473 
0.16986079797816492 0.1672859111940817 
0.16986079797816492 0.1672859111940817 
0.17065351149279842 0.16706340322937008 
0.17065351149279842 0.16706340322937008 
0.17065351149279842 0.16706340322937008 
0.17065351149279842 0.16706340322937008 
0.17065351149279842 0.16706340322937008 
0.17626981934727712 0.1715044542548572 
0.17626981934727712 0.1715044542548572 
0.17322510176576628 0.17143012396750434 
0.17316744239012286 0.16674296669150596 
0.1432256915640085 0.16884620238259038 
0.13680581470000513 0.16746307379040942 
0.13680581470000513 0.16746307379040942 
0.13897782679781914 0.16950233954032268 
0.12893782760997222 0.1688628770438457 
0.11179010245890122 0.1658778496256328 
0.06258470722284157 0.16778149341158888 
0.06258470722284157 0.16778149341158888 
0.06258470722284157 0.16778149341158888 
0.06258470722284157 0.16778149341158888 
0.06258470722284157 0.16778149341158888 
0.06258470722284157 0.16778149341158888 
0.06258470722284157 0.16778149341158888 
0.06258470722284157 0.16778149341158888 
0.06258470722284157 0.16778149341158888 
0.06258470722284157 0.16778149341158888 
0.08233422715693342 0.17202536974024346 
0.08578781493161852 0.17227519056692248 
0.08578781493161852 0.17227519056692248 
0.08574917517684634 0.17231388303780815 
0.0829759303246711 0.17732170689079896 
0.06296381973951921 0.17634806575999162 
0.06296381973951921 0.17634806575999162 
0.08512029304193514 0.1837344630164797 
0.09412038348948024 0.18167455691537965 
0.09412038348948024 0.18167455691537965 
0.09692986874743989 0.18192071455016812 
0.09692986874743989 0.18192071455016812 
0.09804497789089825 0.18124462741386552 
0.09804497789089825 0.18124462741386552 
0.0886980379645003 0.17894565793414083 
0.0886980379645003 0.17894565793414083 
0.08173230422173261 0.19313016011340414 
0.09931703615670848 0.1883944166419185 
0.09931703615670848 0.1883944166419185 
0.09931703615670848 0.1883944166419185 
0.09903788562292175 0.18704136182500383 
0.1293212657868039 0.1911725120862174 
0.13316925439897997 0.1871611876182971 
0.1346527275885703 0.1848696347178483 
0.13416944779436982 0.18482625756221036 
0.14300191158412212 0.18149249361560435 
0.14008950962458155 0.1811953443462056 
0.1526127207991053 0.18394917481279807 
0.16458867289218498 0.18919978222184725 
0.16455554355913515 0.189263130540455 
0.1599496823896042 0.18722534662497436 
0.1599496823896042 0.18722534662497436 
0.1281575261284397 0.17027502882947534 
0.1281575261284397 0.17027502882947534 
0.1439937698784493 0.1678517470047186 
0.1439937698784493 0.1678517470047186 
0.12406365365737337 0.16132268577432965 
0.14046045543559896 0.17537040627268813 
0.16482896196030897 0.19202148636239005 
0.16482896196030897 0.19202148636239005 
0.17628152825742832 0.19376954260301665 
0.17628152825742832 0.19376954260301665 
0.1714046899623718 0.1929474562382311 
0.16530095008880386 0.19016474059618227 
0.16530095008880386 0.19016474059618227 
0.16530095008880386 0.19016474059618227 
0.16530095008880386 0.19016474059618227 
0.16530095008880386 0.19016474059618227 
0.16530095008880386 0.19016474059618227 
0.1618945136622232 0.19079523835925577 
0.14860008145309045 0.1873070268519822 
0.1434367251207723 0.1982798847028508 
0.13077988385229963 0.1926149936291125 
0.1376744143306991 0.19077632458985364 
0.1376744143306991 0.19077632458985364 
0.1376744143306991 0.19077632458985364 
0.17988074817918231 0.19033377999042886 
0.17988074817918231 0.19033377999042886 
0.1788361624836729 0.18933921955097768 
0.1492616240894651 0.17241417341790313 
0.1492616240894651 0.17241417341790313 
0.1303522695047235 0.1697649355182354 
0.13918603382920874 0.1696693947476563 
0.1622902430277681 0.16108082088149356 
0.17353941101997866 0.1616678775012179 
0.17353941101997866 0.1616678775012179 
0.17353941101997866 0.1616678775012179 
0.17400350202459217 0.16166056356951508 
0.1736197649060807 0.1607243306848535 
0.1809392212895177 0.1596883873710827 
0.1809392212895177 0.1596883873710827 
0.1809392212895177 0.1596883873710827 
0.1809392212895177 0.1596883873710827 
0.1809392212895177 0.1596883873710827 
0.15991737562263725 0.163101297589788 
0.15536993546746242 0.16256434639953565 
0.1455323698430776 0.162121186708649 
0.13537151011306858 0.16908533337303533 
0.13330614520155226 0.17142577550199783 
0.13286333371072126 0.17168696580288506 
0.13907279620250307 0.17313966960437865 
0.13907279620250307 0.17313966960437865 
0.11993060360204508 0.17888272597456348 
0.11079427461850758 0.18605150219579225 
0.1140864430186693 0.18608164828849258 
0.1140864430186693 0.18608164828849258 
0.1140864430186693 0.18608164828849258 
0.1220915659768983 0.19310441013786722 
0.11967634154653115 0.19421183348335597 
0.12051424003813964 0.19452976853341156 
0.13335923100099353 0.1982227930063507 
0.1333270396990999 0.19798202223292494 
0.13320243499391196 0.19852296518071505 
0.13303018571488975 0.18370598408540975 
0.15834935385587892 0.18422603855954758 
0.15834935385587892 0.18422603855954758 
0.16771547764276099 0.1887239842603533 
0.16771547764276099 0.1887239842603533 
0.16750266973378258 0.18870910509557587 
0.16750266973378258 0.18870910509557587 
0.16750266973378258 0.18870910509557587 
0.16750266973378258 0.18870910509557587 
0.16750266973378258 0.18870910509557587 
0.16694246208669805 0.1890489970357341 
0.16655057967844666 0.18060533979685806 
0.16655057967844666 0.18060533979685806 
0.15647448002651726 0.179082466710479 
0.15272652633407202 0.18011408209984972 
0.1664896083667211 0.1842693734510028 
0.16206995751074138 0.17718099390251554 
0.17200440819527318 0.17547782154528105 
0.17200440819527318 0.17547782154528105 
0.17222126623950124 0.17535013341736844 
0.17222126623950124 0.17535013341736844 
0.132527363523438 0.17203861957661426 
0.1347191215251891 0.17017918773671742 
0.1347191215251891 0.17017918773671742 
0.13522325213166236 0.1705859617195158 
0.15874692860696238 0.170643758514688 
0.15874692860696238 0.170643758514688 
0.1588365242471995 0.17069568087037296 
0.1679301818776825 0.17068989698853532 
0.16391539044162087 0.16941284872676154 
0.16391539044162087 0.16941284872676154 
0.16888513800419064 0.16908570212909763 
0.16660046348914911 0.16941064730571334 
0.16660046348914911 0.16941064730571334 
0.16491556023093665 0.17470251318857163 
0.1665950196774595 0.1740420311307128 
0.16869193831917972 0.17275247263677782 
0.16869193831917972 0.17275247263677782 
0.17044787362288794 0.17830197348335577 
0.1684744314064364 0.17621411690118374 
0.14092207501480863 0.1772200047988635 
0.11476028873324867 0.17692389953320056 
0.10987153820371155 0.1780583902083021 
0.10983542477523303 0.17810906232226423 
0.11107077663769427 0.18033552224056837 
0.11107077663769427 0.18033552224056837 
0.10743185637468103 0.17396655560761662 
0.0978308385322684 0.17580860215982316 
0.08274611929613901 0.1736270963318816 
0.07911636232571304 0.1728131839640278 
0.0869785111751735 0.17212289938357425 
0.09718328168762976 0.17182254055407167 
0.12519272060590841 0.16849209908117566 
0.13303813354381946 0.17159006367455887 
0.1448921705228285 0.16899929430636337 
0.1448921705228285 0.16899929430636337 
0.13697519101750322 0.16992229506885334 
0.13650788704259534 0.16939124366590197 
0.13650788704259534 0.16939124366590197 
0.15191640819668245 0.16657596313423412 
0.15821282704926692 0.16867361961569682 
0.1780870879787641 0.16676373859668128 
0.1780870879787641 0.16676373859668128 
0.17777188869793997 0.16807146323913044 
0.14587067617809354 0.16809203142502394 
0.14587067617809354 0.16809203142502394 
0.14587067617809354 0.16809203142502394 
0.1696943098964287 0.1719450338682713 
0.1582340846520267 0.1731219077366026 
0.15539438007303366 0.17441686705268683 
0.1692443821169266 0.17221617489160454 
0.18036088504996145 0.1768895102361258 
0.14707733627567937 0.17209996515332504 
0.13374562165524115 0.1702349272508493 
0.13407188872616543 0.17037321224761473 
0.13459613490666683 0.17014373901889573 
0.14756687207018476 0.16348824828604422 
0.1410391943704174 0.16518487626669648 
0.1410391943704174 0.16518487626669648 
0.14312078421572855 0.16688944829258187 
0.15112546535942112 0.16611927792686634 
0.14102383827217352 0.1654480507557063 
0.14299571008935724 0.173603114790373 
0.14299571008935724 0.173603114790373 
0.14299571008935724 0.173603114790373 
0.14299571008935724 0.173603114790373 
0.14518260870073002 0.1732507662152107 
0.14518260870073002 0.1732507662152107 
0.14556905772434797 0.17165053962305085 
0.14556905772434797 0.17165053962305085 
0.14556905772434797 0.17165053962305085 
0.15291240062908598 0.17281243776680213 
0.15291240062908598 0.17281243776680213 
0.1635839923614681 0.16727187538678434 
0.16051421153474904 0.17116236035908633 
0.16068618298818632 0.1681364357364843 
0.16068618298818632 0.1681364357364843 
0.16068618298818632 0.1681364357364843 
0.14311534787038627 0.1718888754406521 
0.14311534787038627 0.1718888754406521 
0.11815919461481006 0.15935834048550054 
0.11815919461481006 0.15935834048550054 
0.11815919461481006 0.15935834048550054 
0.14232164122141097 0.16925159733934741 
0.14232164122141097 0.16925159733934741 
0.15995097957903504 0.16564833885184935 
0.1529403920260303 0.16993528818413037 
0.14678504089571737 0.16663610433801535 
0.1466625448248469 0.16664451551381915 
0.15188869045146908 0.16637839053323644 
0.13027163478654044 0.16157902488166911 
0.11375606234585187 0.16846137579109477 
0.1167970185682626 0.16930748740503532 
0.12591045958694533 0.16989117974451654 
0.09678978506611727 0.16781460323534958 
0.09690931373506279 0.1678552265536779 
0.09690931373506279 0.1678552265536779 
0.09496244429174379 0.16838538832807104 
0.08995583064885229 0.16974876437864544 
0.06394723841313732 0.1663536447022273 
0.10955693622462997 0.1691310836836146 
0.09161917111124585 0.16821658847160423 
0.06603362882205233 0.16374941034911936 
0.0669048105508772 0.16389337722789274 
0.07448906838799153 0.16375113950918854 
0.07448906838799153 0.16375113950918854 
0.09931856727919572 0.16884159026012105 
0.11244068522006995 0.1676654965045727 
0.09894103499545978 0.16462058115317937 
0.09894103499545978 0.16462058115317937 
0.10613331121204246 0.16838137092935113 
0.110633555032037 0.16849341204301013 
0.110633555032037 0.16849341204301013 
0.09611250672961315 0.1675701449211008 
0.10844531726983224 0.16408610914964084 
0.12632172404339612 0.17371235716004693 
0.12321716002842668 0.1741157310240455 
0.1238383623576291 0.17363126051281172 
0.16909316689741904 0.1749193103376671 
0.17008817729761383 0.17751696891075772 
0.17607174271208154 0.17720714415365404 
0.17607174271208154 0.17720714415365404 
0.17759521107981735 0.17792916143474305 
0.17759521107981735 0.17792916143474305 
0.1761321287492229 0.17642456399516462 
0.16721413106292313 0.1748970683826428 
0.17318377868183482 0.17667567227482653 
0.17344396046610147 0.17734535787591146 
0.15975835373792185 0.1755456875055843 
0.15340287144879072 0.17630289213273542 
0.15217771102478977 0.1768856054835538 
0.1457273235502835 0.16613925134254945 
0.1457273235502835 0.16613925134254945 
0.15054889239305752 0.17485491786523968 
0.15054889239305752 0.17485491786523968 
0.1794090342994085 0.16075921642107055 
0.1794090342994085 0.16075921642107055 
0.18051413547981995 0.16004064801516493 
0.17286733463613022 0.16331325681278036 
0.15869823793006368 0.1637055537895797 
0.15794165897282483 0.16415810089826882 
0.17102059255106963 0.16683190065478706 
0.17102059255106963 0.16683190065478706 
0.16372517766895595 0.17076988822807307 
0.15383394675374004 0.1726912317952425 
0.15461894157047495 0.17246767906293617 
0.15461894157047495 0.17246767906293617 
0.15061645177090593 0.17162261242407206 
0.1486171233716675 0.17204236819452018 
0.1486127488179884 0.1720340204261183 
0.1345419983614186 0.1757500138381411 
0.13676858097846722 0.17537522095777028 
0.1495966588748239 0.17382104501734932 
0.13522274796338452 0.17938565645906734 
0.12768053493914477 0.17623586142034317 
0.12768053493914477 0.17623586142034317 
0.14767314504610715 0.1781945986935458 
0.16845456728054303 0.17764341305618245 
0.17137451338022783 0.17990696108174623 
0.17137451338022783 0.17990696108174623 
0.17137451338022783 0.17990696108174623 
0.1739799415516465 0.18051100208638415 
0.17210507551068005 0.1789178374828986 
0.17210507551068005 0.1789178374828986 
0.17216287831352897 0.17907823648873214 
0.17216287831352897 0.17907823648873214 
0.17216287831352897 0.17907823648873214 
0.17216287831352897 0.17907823648873214 
0.16959387429713368 0.1787267208511581 
0.16959387429713368 0.1787267208511581 
0.1705666797898163 0.1787328134596199 
0.1646592577284342 0.1770594099977541 
0.1646592577284342 0.1770594099977541 
0.16719404341522287 0.17616194556363773 
0.1534015743708115 0.18893223962999317 
0.1534015743708115 0.18893223962999317 
0.15430535012347366 0.18805224599688253 
0.15430535012347366 0.18805224599688253 
0.14686446993409125 0.18784164984504179 
0.14686446993409125 0.18784164984504179 
0.1466951179087891 0.1949614291075331 
0.1466951179087891 0.1949614291075331 
0.1466951179087891 0.1949614291075331 
0.14186243948511823 0.1851673908103472 
0.14186582169987194 0.18518967540314749 
0.14186582169987194 0.18518967540314749 
0.14720873505839077 0.18662006485888813 
0.11003630403690856 0.18371337925858477 
0.12547211222229077 0.17292085481996322 
0.12410999959481948 0.1720413403841126 
0.1103498365631955 0.17239340127526812 
0.1103498365631955 0.17239340127526812 
0.12521054120434416 0.16535683357039194 
0.12521054120434416 0.16535683357039194 
0.12289667828858154 0.16280068191605465 
0.1198161428705854 0.16989430022795768 
0.10519185726897079 0.17027031690787933 
0.13613478568761803 0.16405448818113974 
0.13205333218265775 0.16016110158213726 
0.12396013905207975 0.1681240379072394 
0.13035694650125967 0.17015584982490822 
0.1299571152615162 0.1700700835832826 
0.1299571152615162 0.1700700835832826 
0.1299571152615162 0.1700700835832826 
0.13051828349696273 0.16981346387166646 
0.13051828349696273 0.16981346387166646 
0.13051828349696273 0.16981346387166646 
0.13051828349696273 0.16981346387166646 
0.13051828349696273 0.16981346387166646 
0.09917485423517469 0.17962889488326422 
0.0968594862860038 0.17712853015138338 
0.12857550532722598 0.1739302857189453 
0.12944538221028332 0.17359775924923035 
0.12944538221028332 0.17359775924923035 
0.12877634659478246 0.1740923117295683 
0.13138734571544086 0.17933219341161521 
0.1232422415464452 0.18075700482290183 
0.1450012545612473 0.17825354039734828 
0.1583315410055356 0.1793549291727311 
0.16088895463929065 0.18654808848037216 
0.16982719908308652 0.18822050180456762 
0.16560770471401265 0.17981936205869528 
0.167416697327807 0.18347180289648032 
0.17136385679563226 0.18466489431078859 
0.17136385679563226 0.18466489431078859 
0.17136385679563226 0.18466489431078859 
0.14829955414002544 0.18343101297267428 
0.14698589431142137 0.1835028960581892 
0.12900948371783189 0.18002665623642866 
0.15454953358176343 0.18646863357193041 
0.15454953358176343 0.18646863357193041 
0.1812739812720019 0.18907488886529694 
0.1812739812720019 0.18907488886529694 
0.1812739812720019 0.18907488886529694 
0.16009528668208928 0.18326694001804889 
0.15185007801319605 0.18112716593573072 
0.14104885964749264 0.16874116709423506 
0.15436601143878192 0.16813330740952798 
0.1482921006389738 0.17203930683311142 
0.12659649033539788 0.17443512590294866 
0.12659649033539788 0.17443512590294866 
0.1281015198676043 0.18094188986711415 
0.12971564643810585 0.18223897941157827 
0.1559429182945897 0.18710484516644985 
0.15376608411355697 0.1860309090278765 
0.15376608411355697 0.1860309090278765 
0.15376608411355697 0.1860309090278765 
0.15376608411355697 0.1860309090278765 
0.15954437010027706 0.1883027575449206 
0.16032309385841187 0.1881606318428755 
0.16032309385841187 0.1881606318428755 
0.15494006243279868 0.18770368489719816 
0.1569827484849252 0.18827634582115566 
0.14277745050690013 0.1845060255604726 
0.13975076083510182 0.1897343885992704 
0.13975076083510182 0.1897343885992704 
0.1371132708081068 0.18587824979397696 
0.11186587518278737 0.17556968165213319 
0.11209078770334374 0.17548458094717806 
0.11249120471841113 0.17595935055725395 
0.09654879652187003 0.17153510327404542 
0.10810101948415397 0.17195390904262145 
0.113472052818093 0.17384449576269312 
0.11508510734239916 0.17421588401287158 
0.11427622555584845 0.17690638017457044 
0.11608197658465294 0.1774244173555217 
0.11520263068682139 0.17788854211134505 
0.14783872534253956 0.17869444531773965 
0.1460335092888176 0.17983445207327758 
0.1460335092888176 0.17983445207327758 
0.16712194995139001 0.1788095650214578 
0.16712194995139001 0.1788095650214578 
0.169538833599945 0.176898408510897 
0.17123341247032986 0.1790837965036187 
0.1652573620077599 0.17507544662264177 
0.16542568183503245 0.17525662766064387 
0.16501387217326685 0.17540574450644728 
0.16633463078765987 0.17323366618436098 
0.15742050401638188 0.17250407593837486 
0.15754675198563045 0.17631859854779686 
0.15754675198563045 0.17631859854779686 
0.16735387392630444 0.17750059546987088 
0.1617101987019323 0.1761874581189164 
0.16928314026984548 0.17559698465642082 
0.17051875969424926 0.17470160996733597 
0.17364149504945398 0.1743518483620601 
0.17364149504945398 0.1743518483620601 
0.16334430064695454 0.17515955367585506 
0.15615887585896945 0.18086689526893626 
0.1636117528976213 0.18099862871006056 
0.1627968755534561 0.18123846249677675 
0.15534272642807478 0.1780797811565562 
0.15032982631011713 0.177850104332204 
0.13446502716160338 0.18159609959031847 
0.165200874666232 0.1903838320144584 
0.165200874666232 0.1903838320144584 
0.16559788410585563 0.1909700761761324 
0.16559788410585563 0.1909700761761324 
0.15195768859906852 0.18746056627901564 
0.14335473236604274 0.18633307604097998 
0.14335473236604274 0.18633307604097998 
0.14335473236604274 0.18633307604097998 
0.1441293252571677 0.18612923027254927 
0.1467773716620633 0.18940901459100304 
0.1467773716620633 0.18940901459100304 
0.1467773716620633 0.18940901459100304 
0.16480286863039165 0.20089768319517012 
0.16480286863039165 0.20089768319517012 
0.16292253352897162 0.1985477828511356 
0.16292253352897162 0.1985477828511356 
0.1629297936008125 0.19758337328472386 
0.1629297936008125 0.19758337328472386 
0.16163149931749093 0.19736559274176702 
0.1592652183294416 0.18282749691893235 
0.14387896037460687 0.17984984160776296 
0.15463556311654544 0.19025595641863124 
0.14487874644934562 0.18631476785445264 
0.14832774704037424 0.18785760855220818 
0.16277778961448558 0.19756616964167847 
0.16277778961448558 0.19756616964167847 
0.16525902123698938 0.198391784128576 
0.16525902123698938 0.198391784128576 
0.17857054607113862 0.20372868603088604 
0.1506856550741123 0.19950488039266975 
0.14880426226782176 0.20237215832203542 
0.14880426226782176 0.20237215832203542 
0.15389110248878818 0.19470483653681675 
0.15208549203751578 0.1991149582983668 
0.139717726380396 0.194830685853911 
0.181402648740635 0.2210639223998218 
0.15044558028734636 0.20206563166751562 
0.15044558028734636 0.20206563166751562 
0.15044558028734636 0.20206563166751562 
0.15044558028734636 0.20206563166751562 
0.15044558028734636 0.20206563166751562 
0.1251466450816846 0.1951556439000357 
0.11546651563669696 0.19809109093169072 
0.11546651563669696 0.19809109093169072 
0.10788349574029275 0.1926739818022357 
0.10788349574029275 0.1926739818022357 
0.10181711698696498 0.1929298802683282 
0.10103111863419688 0.1915840694577448 
0.11776400122924036 0.18759994828717083 
0.11776400122924036 0.18759994828717083 
0.11777151320331418 0.1876180604317126 
0.0857332227843072 0.19504363556576237 
0.08773614260829647 0.1883981505618327 
0.08773614260829647 0.1883981505618327 
0.08195784999638997 0.17149994715903435 
0.07421464985662238 0.16575260806721936 
0.07421464985662238 0.16575260806721936 
0.0974861883399194 0.17097540512757856 
0.10857457739637733 0.17193078442918552 
0.13345863308478662 0.16239447562961834 
0.13899820681837208 0.16341301952583515 
0.1351248874485641 0.16413304283076435 
0.1351248874485641 0.16413304283076435 
0.13370850534921833 0.16251977937901455 
0.13370850534921833 0.16251977937901455 
0.13370850534921833 0.16251977937901455 
0.12413202302806156 0.16034217304130652 
0.12002829026761214 0.1626568598122102 
0.11984524542283766 0.16214400762391562 
0.11867190727389113 0.1625853527417005 
0.11383210975342645 0.1646979317405824 
0.10594328587850563 0.16343567416462573 
0.10951681707959152 0.1689469105618619 
0.10891492142704552 0.1729016550710351 
0.0953562121722032 0.17415593139663943 
0.0777866694594331 0.17361413693420072 
0.07845088924490998 0.1736884443633531 
0.07845088924490998 0.1736884443633531 
0.07301447750833548 0.1711061733820832 
0.07301447750833548 0.1711061733820832 
0.06925639720452124 0.17005664950014232 
0.06511533769724666 0.15725931893542394 
0.10420200440818111 0.16431873983670156 
0.10051332334143007 0.16473291353029496 
0.10051332334143007 0.16473291353029496 
0.10051332334143007 0.16473291353029496 
0.10051332334143007 0.16473291353029496 
0.09232531676653247 0.16653670107260407 
0.09148818046807963 0.16712185071199678 
0.09148818046807963 0.16712185071199678 
0.08419557736156644 0.16719500940835133 
0.08419557736156644 0.16719500940835133 
0.0792892771363666 0.16746062145887627 
0.0792892771363666 0.16746062145887627 
0.0792892771363666 0.16746062145887627 
0.0792892771363666 0.16746062145887627 
0.0792892771363666 0.16746062145887627 
0.07856692871252087 0.16947306601470621 
0.07856692871252087 0.16947306601470621 
0.07856692871252087 0.16947306601470621 
0.07856692871252087 0.16947306601470621 
0.08017025724147799 0.16989054788348315 
0.08820141030900894 0.17098416591330312 
0.09794151634951195 0.17402429466941702 
0.10182815456559005 0.1770294344633705 
0.0928548137498004 0.17595947465067166 
0.08328166251509514 0.17464562843644071 
0.105255681837301 0.17369216245342764 
0.09333717526517746 0.17491511207232374 
0.09333717526517746 0.17491511207232374 
0.09866473738218817 0.17605578326309088 
0.09035197130735485 0.17600754723840942 
0.08212545424660707 0.17526420846092114 
0.08212545424660707 0.17526420846092114 
0.08212545424660707 0.17526420846092114 
0.09035478082772234 0.1726020370170922 
0.09004692366524364 0.1741798334453097 
0.09104317545877427 0.1680786631240769 
0.09076412585114345 0.16799292110355896 
0.09193510880229398 0.16597692484953952 
0.09529980152774493 0.16548631946471007 
0.11621205255405202 0.1715430136123593 
0.1281386923110705 0.17384653696529062 
0.10669027517076247 0.16814547480377548 
0.10639782399896007 0.16845920974518103 
0.10831165337206193 0.16710812197208552 
0.1161183702378834 0.16085189562598717 
0.1110495490843132 0.1687902211122672 
0.13089971744493645 0.17053521293022939 
0.16462418823211458 0.16945731060359215 
0.15881570047240415 0.16927474840070902 
0.15881570047240415 0.16927474840070902 
0.15978553604271267 0.1691089525202226 
0.15361281371553753 0.16973947905451786 
0.14986439723113365 0.16470160220391908 
0.14986439723113365 0.16470160220391908 
0.1416810121803741 0.16176473342723133 
0.11492443980048957 0.1649097880152604 
0.12049655829389821 0.17212502463072396 
0.1055770819029805 0.1706732412258868 
0.1055770819029805 0.1706732412258868 
0.10969560243845816 0.17043143517328466 
0.11244595047748614 0.17324727580200477 
0.11538539426577685 0.1736834145044402 
0.08511998575900152 0.18466935724468725 
0.08437418157612905 0.18434585084005392 
0.11096361903747451 0.17810741496530982 
0.11096361903747451 0.17810741496530982 
0.11096361903747451 0.17810741496530982 
0.07988957462475532 0.18132620295840066 
0.07721140438876696 0.17769051399978605 
0.07721140438876696 0.17769051399978605 
0.07721140438876696 0.17769051399978605 
0.07721140438876696 0.17769051399978605 
0.07721140438876696 0.17769051399978605 
0.07721140438876696 0.17769051399978605 
0.07721140438876696 0.17769051399978605 
0.07941092200865107 0.17900325809639958 
0.08145589633394212 0.178947474103657 
0.10471647912427622 0.17569151279124956 
0.10666434124709524 0.18008178365054378 
0.10841698689790838 0.18243563621974812 
0.10092704146085736 0.18126307888447027 
0.10942664058132825 0.1856955339065317 
0.1309173767288257 0.17492694464028433 
0.1309173767288257 0.17492694464028433 
0.1294583393503396 0.16899661741920724 
0.15532169528230333 0.1665030667836343 
0.15823440429466035 0.15987413937284722 
0.15823440429466035 0.15987413937284722 
0.15823440429466035 0.15987413937284722 
0.15459781739437412 0.15377578091991517 
0.15258818476687347 0.154689448188793 
0.13839918530649717 0.16537616573352734 
0.13781457364891367 0.16504182624139954 
0.13214146040903982 0.16238313743898825 
0.13214146040903982 0.16238313743898825 
0.13214146040903982 0.16238313743898825 
0.13214146040903982 0.16238313743898825 
0.12772593483682637 0.15766834903963106 
0.14114082911024717 0.15198352324922526 
0.14114082911024717 0.15198352324922526 
0.148429138106844 0.15975578560773848 
0.13358037747449122 0.15288453917196482 
0.13358037747449122 0.15288453917196482 
0.14259172366706305 0.16214315673418794 
0.14011254490507044 0.15735987157947495 
0.14011254490507044 0.15735987157947495 
0.14011254490507044 0.15735987157947495 
0.14778044823658343 0.15931062010332628 
0.14778044823658343 0.15931062010332628 
0.14761435270382645 0.16122736321042283 
0.14761435270382645 0.16122736321042283 
0.14560230856533604 0.1611341590776852 
0.14560230856533604 0.1611341590776852 
0.14098686568360375 0.16277092620662392 
0.14098686568360375 0.16277092620662392 
0.13369950835322844 0.1635355781186503 
0.114873192859302 0.16638933474758077 
0.12393269256964412 0.1694492023129953 
0.12873206078750604 0.16174619860359638 
0.12873206078750604 0.16174619860359638 
0.12504967521675178 0.1661238693400919 
0.12504967521675178 0.1661238693400919 
0.13282463517305043 0.16413929286276502 
0.17244550475682624 0.16282043983232408 
0.17172585580922706 0.16280510178108443 
0.17172585580922706 0.16280510178108443 
0.17172585580922706 0.16280510178108443 
0.17172585580922706 0.16280510178108443 
0.14525429184233007 0.17127161746742395 
0.14945186448409628 0.1678429083182509 
0.15282925226897265 0.1674740595948154 
0.1593425950884237 0.1648892936701501 
0.16882311098272001 0.16043133992236103 
0.15381014506993465 0.166050931586451 
0.15031625041795046 0.16756577504057849 
0.16657231754195015 0.16419803215075826 
0.148851325022765 0.16911373130864388 
0.148851325022765 0.16911373130864388 
0.14460260025540633 0.16671288505270357 
0.14974192047454704 0.16682863449640428 
0.14974192047454704 0.16682863449640428 
0.11928422524995283 0.17356161204532355 
0.12140392476993371 0.17508220787670517 
0.12140392476993371 0.17508220787670517 
0.11492033083496932 0.16657017459394272 
0.11858096580266744 0.16732446757125247 
0.11353480938979257 0.16653009545590353 
0.12051214842907423 0.16507642068024003 
0.12051214842907423 0.16507642068024003 
0.11705849985801023 0.17152846115193204 
0.13593274914708048 0.16718539215507133 
0.13664790912347102 0.1735660721821439 
0.13664790912347102 0.1735660721821439 
0.13664790912347102 0.1735660721821439 
0.13791449983076406 0.17361548398077659 
0.13791449983076406 0.17361548398077659 
0.09961432642149257 0.1726462925298362 
0.09961432642149257 0.1726462925298362 
0.0983571774572997 0.1771807406419854 
0.0983571774572997 0.1771807406419854 
0.0998754914209079 0.17642353246897607 
0.11482492329988772 0.17560760322684033 
0.11839258661115122 0.1764811070133059 
0.1553222675358169 0.1724888783904865 
0.1553222675358169 0.1724888783904865 
0.1553222675358169 0.1724888783904865 
0.15223691418591256 0.173300910402305 
0.13686991327653455 0.1765645524313348 
0.13325366778108644 0.18535402915542223 
0.13325366778108644 0.18535402915542223 
0.15471072780964795 0.18023448539567657 
0.1591926533002566 0.18548184954609187 
0.15682143750937902 0.1843963983470146 
0.14732056712689012 0.1832346167160277 
0.1346987770662578 0.18337742751311467 
0.13439055310773185 0.18347996426225738 
0.12942814548482312 0.18258415998940564 
0.12672629834767357 0.18604221659773024 
0.08791071344025607 0.19659468469798766 
0.08605623327130928 0.2042391147473457 
0.08224404020625775 0.18713368804876865 
0.08919132724936527 0.19058494019994365 
0.08919132724936527 0.19058494019994365 
0.08919132724936527 0.19058494019994365 
0.08757160129130745 0.19481204983435135 
0.0849871813744789 0.19876870211777603 
0.07607037868376787 0.2014513611669776 
0.07607037868376787 0.2014513611669776 
0.09748714037776018 0.19235215196597194 
0.08170347926875214 0.20797984315113124 
0.10227819535872826 0.20100793000661166 
0.11847161268908893 0.1924697124360792 
0.12878534219993054 0.18446371055302008 
0.11785373608415345 0.18471937781186218 
0.10212393868887344 0.18070628732278424 
0.10333184149253283 0.18083074922938117 
0.10180923418162492 0.18248896070575762 
0.08937734141589618 0.18308012929384532 
0.08937734141589618 0.18308012929384532 
0.09722143714606538 0.1808989118368561 
0.09722143714606538 0.1808989118368561 
0.1013243815691669 0.17873928576033654 
0.09683398082787034 0.1759163852972548 
0.1070566949800898 0.17472647981222225 
0.12702446297825287 0.17126844934382612 
0.10489229999890465 0.16716849953997076 
0.10155627378693567 0.17016960865641717 
0.11693929944282344 0.16930411343491938 
0.10762675490286717 0.173060777900463 
0.09146242742833892 0.17349458237281332 
0.0979077877112191 0.17536155063576184 
0.10130417358585911 0.17474766017783258 
0.07096113503264606 0.18597026551721063 
0.07096113503264606 0.18597026551721063 
0.07096113503264606 0.18597026551721063 
0.07118330292766582 0.1852589122871054 
0.07302280505736128 0.1851902913317405 
0.0609453994717961 0.18778742625863207 
0.08199050061915952 0.1842664980517329 
0.08240825404561658 0.1827149118286273 
0.08240825404561658 0.1827149118286273 
0.09977692688976625 0.1802959001214396 
0.10452062603010824 0.1760962732988301 
0.07810720531165563 0.17584096728709636 
0.07810720531165563 0.17584096728709636 
0.08188768871038128 0.17556743396521696 
0.09065309111075624 0.16749574159000308 
0.09278423339873385 0.16790953774060405 
0.10259782100484732 0.17239256403847372 
0.09669041002295434 0.17443563360849304 
0.07575798260834253 0.17424550094436023 
0.0724860000077298 0.17309085810976843 
0.11971260560788569 0.16882597634108681 
0.1148820184814959 0.17131845715578795 
0.1148820184814959 0.17131845715578795 
0.11295810878325405 0.17235529434503424 
0.09579108691560762 0.17231011758772466 
0.09579108691560762 0.17231011758772466 
0.10828330630310101 0.17366703047803728 
0.10559353054046802 0.17096734217255471 
0.07848285841218443 0.17175029022591728 
0.07848285841218443 0.17175029022591728 
0.07848285841218443 0.17175029022591728 
0.07848285841218443 0.17175029022591728 
0.08169235136104186 0.176006390656193 
0.08169235136104186 0.176006390656193 
0.08169235136104186 0.176006390656193 
0.0731034057692059 0.17593173583709432 
0.0731034057692059 0.17593173583709432 
0.0731034057692059 0.17593173583709432 
0.0731034057692059 0.17593173583709432 
0.10095826049116832 0.17754354610695947 
0.08708795999777375 0.18066383974583186 
0.08928747739934578 0.1794024580311468 
0.08690729929370522 0.17676763899541686 
0.08690729929370522 0.17676763899541686 
0.08680616889114229 0.17673558320110477 
0.08680616889114229 0.17673558320110477 
0.09003524254198582 0.17458831614744758 
0.08513106266217561 0.17573867582104016 
0.06849894853531155 0.1787940019430987 
0.06691816271262335 0.17895066955908415 
0.06649216339370635 0.1790129698934203 
0.06649216339370635 0.1790129698934203 
0.06649216339370635 0.1790129698934203 
0.06649216339370635 0.1790129698934203 
0.06649216339370635 0.1790129698934203 
0.07359494169621014 0.1781638066826322 
0.08888735477500154 0.1755877741006795 
0.08970108125179735 0.17589818005217617 
0.08031415461857423 0.17318021542705478 
0.08031415461857423 0.17318021542705478 
0.08967548066155945 0.1730594515237714 
0.0873904140215351 0.17280924176900433 
0.08737651852534126 0.172817365378259 
0.08737651852534126 0.172817365378259 
0.09847116357295085 0.17112039858760336 
0.09130012546270745 0.17134350220568828 
0.09506723906169912 0.17242062789175816 
0.11414862184329036 0.17206046990010898 
0.12057854254892855 0.17287437008230996 
0.12057854254892855 0.17287437008230996 
0.11970143773038064 0.1767165702996186 
0.12629739991373462 0.18142891148945578 
0.13142891143077695 0.1815368298334541 
0.13142891143077695 0.1815368298334541 
0.1313250288569012 0.18135058497111942 
0.1313250288569012 0.18135058497111942 
0.1313250288569012 0.18135058497111942 
0.15513403579769136 0.18221420962756316 
0.15513403579769136 0.18221420962756316 
0.11486070584459063 0.17426372695463008 
0.0816101885308227 0.1724495720037511 
0.08058297263513538 0.1728895137936866 
0.07368696954187462 0.1687896857497398 
0.08615215013027636 0.17072757057179458 
0.08454583902057725 0.15915960223598422 
0.08025224372669947 0.15802261643301838 
0.08025224372669947 0.15802261643301838 
0.08025224372669947 0.15802261643301838 
0.08018241251838054 0.15817228791113014 
0.09603784341148866 0.16454303026644626 
0.10736594883849053 0.1637304072033021 
0.10736594883849053 0.1637304072033021 
0.13298562103286968 0.17291909598340893 
0.13615515113221233 0.17406348644703734 
0.13615515113221233 0.17406348644703734 
0.1351342081542938 0.17353437987620154 
0.13162259741528726 0.1749637463073501 
0.13041841585062455 0.1756874075420214 
0.12731239309049897 0.1816529723520555 
0.139606798846355 0.18553182088852302 
0.13345476557959882 0.1769388405519872 
0.13345476557959882 0.1769388405519872 
0.13345476557959882 0.1769388405519872 
0.13857808850303985 0.17806568252052096 
0.1549349638629373 0.18110191318034158 
0.16800474850702782 0.1786529778633213 
0.1758413207707193 0.1768483189326011 
0.1758413207707193 0.1768483189326011 
0.13704591081924514 0.172651944747744 
0.13922122594373756 0.17138155770072153 
0.14031008859490315 0.172795437657103 
0.15960743951201467 0.17089301526657902 
0.15929605335783328 0.17213877079248635 
0.15337111194910752 0.17640352434989293 
0.1461040091169986 0.1854603450077402 
0.15971667442662146 0.17573540844230595 
0.14275636029818053 0.18142862015275485 
0.1482675674104229 0.17959949061674252 
0.13642303321516344 0.17575982740439008 
0.13825336079535194 0.17468385075331594 
0.13708711049782013 0.17522225021333304 
0.13577158566481398 0.17633075971230897 
0.1560135988900036 0.17262116465432698 
0.16910631382584826 0.16568649099419674 
0.15954983712048948 0.1675890650051271 
0.1484196072607279 0.17278534953761143 
0.1484196072607279 0.17278534953761143 
0.1612322977562921 0.16966059128241795 
0.16235842338837936 0.17060106386248206 
0.16235842338837936 0.17060106386248206 
0.16119707087597956 0.17031343059751178 
0.16631785805346475 0.17158170075609985 
0.1705863245805051 0.17157292245395844 
0.1705863245805051 0.17157292245395844 
0.1705863245805051 0.17157292245395844 
0.17185163862867525 0.17272799684326592 
0.16311561890438095 0.17534208253498382 
0.16311561890438095 0.17534208253498382 
0.1564286178341148 0.17537726680882446 
0.16556552969793498 0.1695420164706457 
0.16361677559645585 0.17020641720286506 
0.16361677559645585 0.17020641720286506 
0.17478050558625546 0.16512487680606536 
0.1582418799521671 0.16482082608897503 
0.1382980877658496 0.16341835762881368 
0.15157551974746244 0.16611841618731674 
0.1743818792703241 0.16234451392632157 
0.16370011986673205 0.16920005224698803 
0.16270100013747668 0.16814518171794335 
0.16270100013747668 0.16814518171794335 
0.15209349839661013 0.17788694231443725 
0.15346041938076804 0.17754100873036271 
0.15768554740068413 0.17611789093214436 
0.15771197086119285 0.17632707619055416 
0.17010588503557908 0.1684883639371007 
0.17527368561754247 0.16832835519088726 
0.1414819029880871 0.17478108240096338 
0.141524573300191 0.17517434595139497 
0.17878794334387416 0.18156981804461675 
0.17878794334387416 0.18156981804461675 
0.17878794334387416 0.18156981804461675 
0.17878794334387416 0.18156981804461675 
0.17878794334387416 0.18156981804461675 
0.16866413088423737 0.17967070859153583 
0.16866413088423737 0.17967070859153583 
0.15511797005026054 0.17841712751036515 
0.15511797005026054 0.17841712751036515 
0.15511797005026054 0.17841712751036515 
0.15732027799818046 0.17899719228903066 
0.14683817995201814 0.1721398054097993 
0.14683817995201814 0.1721398054097993 
0.14683817995201814 0.1721398054097993 
0.1453525444290701 0.17181970856200157 
0.1694476168905759 0.1650434536124822 
0.1552507260145793 0.16661708434737205 
0.1552507260145793 0.16661708434737205 
0.16048716661220402 0.16369222866661198 
0.12162512878685522 0.18012282773812263 
0.11421094321250988 0.17545016006607547 
0.11603370436238347 0.1751784594996915 
0.11688858916340934 0.1738923739873755 
0.09937489755747606 0.1855321409140157 
0.0999346926099164 0.18676521896500567 
0.10335266806731547 0.18933794355723157 
0.0750177686054464 0.18216209032457195 
0.06146897331821174 0.19160036342961975 
0.06146897331821174 0.19160036342961975 
0.06338688939540253 0.19086478743739557 
0.06338688939540253 0.19086478743739557 
0.06338688939540253 0.19086478743739557 
0.0755492501576223 0.18625728818336512 
0.0755492501576223 0.18625728818336512 
0.0755492501576223 0.18625728818336512 
0.0630448475074652 0.18448388869650703 
0.0630448475074652 0.18448388869650703 
0.0630448475074652 0.18448388869650703 
0.0630448475074652 0.18448388869650703 
0.0630448475074652 0.18448388869650703 
0.06636243955503258 0.1795870801925936 
0.060958685116065114 0.18458474145724843 
0.060958685116065114 0.18458474145724843 
0.060958685116065114 0.18458474145724843 
0.060958685116065114 0.18458474145724843 
0.0855436052209751 0.18436525339681886 
0.08576799575279431 0.18227322716660171 
0.0826484927060834 0.18194209287506935 
0.0840284770171989 0.181340368800748 
0.0798073971266054 0.18173027415032256 
0.09101064842496404 0.18299888735226438 
0.10434085929264028 0.18439106801952782 
0.13341729970187854 0.19472337013601093 
0.13341729970187854 0.19472337013601093 
0.12661511126969313 0.19307554262261756 
0.12646948536007938 0.19511412446416598 
0.12526554757384203 0.20017942885821197 
0.12246262382323536 0.19816289934183065 
0.1252988098164685 0.19625162902485616 
0.12673173549895278 0.19725788176119732 
0.12673173549895278 0.19725788176119732 
0.14210800920640249 0.1954646355456943 
0.14267760446883213 0.1910163112044989 
0.13049372875973278 0.18665880272718458 
0.13049372875973278 0.18665880272718458 
0.13051183431817817 0.17733015954219633 
0.13051183431817817 0.17733015954219633 
0.1303686505831528 0.17726188928912423 
0.16967066525401375 0.17863720225004398 
0.16967066525401375 0.17863720225004398 
0.16967066525401375 0.17863720225004398 
0.15720127634111558 0.17784024555099742 
0.15720127634111558 0.17784024555099742 
0.12392236334236585 0.1841529922885332 
0.12489275983467983 0.18133899491947275 
0.13984437844426437 0.17795867340037536 
0.13709536559724078 0.17851162418127553 
0.13709536559724078 0.17851162418127553 
0.12998948780623448 0.17830354215659674 
0.1572423920197634 0.16993481009745443 
0.15105167010444556 0.17927470640284845 
0.14942734009353734 0.17931035813112361 
0.1482391888093414 0.18299491647575133 
0.1482391888093414 0.18299491647575133 
0.1482391888093414 0.18299491647575133 
0.1465155615780316 0.17682922363719178 
0.1646102158068199 0.17877550020204172 
0.17105036545048452 0.16505682288279344 
0.17105036545048452 0.16505682288279344 
0.17105036545048452 0.16505682288279344 
0.177744786053241 0.15802324366618672 
0.177744786053241 0.15802324366618672 
0.14636354398942336 0.16253602151355928 
0.14636354398942336 0.16253602151355928 
0.11677140032845672 0.1675036355996105 
0.12475423399746774 0.1673627868267807 
0.13016242113055923 0.16963220016331385 
0.12986478669880502 0.17583309375927617 
0.12986478669880502 0.17583309375927617 
0.12986478669880502 0.17583309375927617 
0.11880874020676538 0.17537730499392262 
0.1390985624933076 0.17023483362756747 
0.13612429351898325 0.17074692533079824 
0.14876273560584846 0.17150724256928562 
0.15971487755194907 0.1714257671663136 
0.1603051948535394 0.17144433581388854 
0.16125906982192723 0.17127611097863552 
0.16125906982192723 0.17127611097863552 
0.16125906982192723 0.17127611097863552 
0.16125906982192723 0.17127611097863552 
0.16125906982192723 0.17127611097863552 
0.16071762878990617 0.16699062287212063 
0.14693885003602414 0.16695342322527376 
0.14693885003602414 0.16695342322527376 
0.14015507141051836 0.16743920716896674 
0.14243534546427014 0.16685001109009873 
0.14138828547854215 0.16735642575047527 
0.14057535114613945 0.16693283228720163 
0.1358193142709947 0.16749496883643708 
0.13987699758382247 0.16843284193414285 
0.13503714730151295 0.17052022977087358 
0.1393156394833812 0.16944485378247864 
0.12188311409351393 0.1689804575399554 
0.12188311409351393 0.1689804575399554 
0.10989769981761575 0.16968431519706162 
0.1079657722656738 0.17033222812266413 
0.10773508911903242 0.17045425468378406 
0.11124472434857134 0.16588380893401022 
0.1136266466571852 0.16474023323706866 
0.11313206085193306 0.16119057667802164 
0.11313206085193306 0.16119057667802164 
0.1178496641324472 0.16263317286044848 
0.112099480779044 0.16157111435106353 
0.12363689801691624 0.17405245378627482 
0.12855012740493316 0.1750595947172454 
0.12855012740493316 0.1750595947172454 
0.10134537510332337 0.16879579472388628 
0.10134537510332337 0.16879579472388628 
0.10211844474726713 0.16446660046906525 
0.11603501291924367 0.1699582048629304 
0.12063960001908963 0.16779858193204492 
0.11467717793300986 0.1690835422761382 
0.12811843327707764 0.17566502346737645 
0.14894287061358225 0.18566382001621073 
0.15081215475040938 0.193440876825554 
0.15815060146244359 0.18923557501189242 
0.15279456655944348 0.18736793136375007 
0.1695612146294628 0.19012741637731434 
0.15361442005470738 0.18775200737820694 
0.17547226734253527 0.18708017493457546 
0.1716036118173303 0.1783726408075673 
0.15378443763556987 0.1754550488165933 
0.155644036985236 0.1745372603397372 
0.155644036985236 0.1745372603397372 
0.16066360017315237 0.1814951015413436 
0.16066360017315237 0.1814951015413436 
0.16066360017315237 0.1814951015413436 
0.16066360017315237 0.1814951015413436 
0.17043389139310222 0.1870610885079328 
0.17043389139310222 0.1870610885079328 
0.17043389139310222 0.1870610885079328 
0.17148788597548584 0.18691350010251104 
0.17657901602670822 0.1867682089599008 
0.17657901602670822 0.1867682089599008 
0.17626725956858538 0.1820274779495927 
0.18132716426969386 0.1821221306225696 
0.18081478118780842 0.18210162677843889 
0.17972559604866187 0.18059180788316503 
0.17972559604866187 0.18059180788316503 
0.17929310854838026 0.1846768335922231 
0.17929310854838026 0.1846768335922231 
0.17929310854838026 0.1846768335922231 
0.17929310854838026 0.1846768335922231 
0.16739384131258395 0.17877264407507376 
0.16739384131258395 0.17877264407507376 
0.16739384131258395 0.17877264407507376 
0.16546038986259748 0.1766692922200969 
0.16552450815194775 0.1766840302254751 
0.1633084742796592 0.17725920796964936 
0.16329668930037258 0.1771527813931788 
0.15043298217055384 0.17483696225261028 
0.15043298217055384 0.17483696225261028 
0.15309525914874714 0.17599534563932517 
0.1416447905784043 0.17650713917927258 
0.15603069238543152 0.16966302765857977 
0.13443269068632172 0.17453444933577583 
0.16216632171211864 0.16835754734993516 
0.16063803354572462 0.16849288544354024 
0.1578458315402484 0.16904418224204365 
0.1578458315402484 0.16904418224204365 
0.1578458315402484 0.16904418224204365 
0.1578458315402484 0.16904418224204365 
0.16746933877564135 0.16929593382919758 
0.1645267381627454 0.16969316218773978 
0.16507277844606255 0.16929432670217356 
0.17233621646198458 0.1654868178823739 
0.17233621646198458 0.1654868178823739 
0.17078855756897415 0.1710635371530865 
0.17027911483733574 0.17153952512492487 
0.15592169761672953 0.17147461114585966 
0.15592169761672953 0.17147461114585966 
0.15552787867468987 0.16900603769581235 
0.15552787867468987 0.16900603769581235 
0.15342551455467418 0.17212903752607897 
0.141561560606691 0.16899678387878186 
0.18117827022670951 0.16440965837464577 
0.18117827022670951 0.16440965837464577 
0.16224674734401273 0.1657010299163875 
0.16224674734401273 0.1657010299163875 
0.14302506985158453 0.16895573090194985 
0.13980531072314456 0.16867877090155456 
0.14029225764425707 0.17120248670302324 
0.1353792245446682 0.17246374929111058 
0.10951311528970972 0.17635122643594034 
0.11431512702639576 0.17541551410833855 
0.13366014589824965 0.16273847410874553 
0.15139462314084365 0.16500900912678088 
0.13551052501650043 0.1715661268239244 
0.12681991095788522 0.1685505142888924 
0.1258911659358056 0.17195540205875495 
0.125017329004504 0.17108325032932958 
0.10069728043039958 0.172307957927148 
0.10069728043039958 0.172307957927148 
0.10069728043039958 0.172307957927148 
0.09616317410211325 0.17364154909320131 
