0.12083955535013542 0.19785946495137952 
0.12083955535013542 0.19785946495137952 
0.12083955535013542 0.19785946495137952 
0.12591560330891616 0.16771990783103144 
0.12591560330891616 0.16771990783103144 
0.12591560330891616 0.16771990783103144 
0.12633897856894838 0.16756457137830383 
0.12270122340488676 0.16939374196601467 
0.13350456662765953 0.17390231178438323 
0.13350456662765953 0.17390231178438323 
0.1292453033214836 0.1729878856184782 
0.10939324186007213 0.18032583309755668 
0.10365051354208613 0.1761799739691541 
0.09960239864700851 0.17453658634148186 
0.09452519045604887 0.17513843626158873 
0.09039581474006274 0.17560043706279543 
0.09705745105906319 0.17547348276980157 
0.09832901984659102 0.1772548308781133 
0.09849544629082879 0.1773516786155587 
0.0902506272240472 0.17067509308238984 
0.07947138739431311 0.17192242882275557 
0.0810250237051778 0.17199729548069834 
0.08282302892947535 0.17213928737406503 
0.09560787259471491 0.1711872352325168 
0.111708093812341 0.17516149643247247 
0.12022297282307726 0.17500119639366774 
0.10116709670355412 0.17697334718793373 
0.09108057253888366 0.18322650674697408 
0.09108057253888366 0.18322650674697408 
0.07166658838829212 0.19122569882221513 
0.07166658838829212 0.19122569882221513 
0.07166658838829212 0.19122569882221513 
0.07006833905262067 0.1925721084990281 
0.08270802835804517 0.19773781919051908 
0.08284310620129422 0.19833040877325947 
0.0836445624055801 0.1980146564166232 
0.0836445624055801 0.1980146564166232 
0.08256186164961984 0.2039485977945388 
0.08883219184735566 0.1957192079134843 
0.09585270892280309 0.19352243164727112 
0.06114778165922212 0.19747195860585984 
0.06114778165922212 0.19747195860585984 
0.06114778165922212 0.19747195860585984 
0.06114778165922212 0.19747195860585984 
0.06114778165922212 0.19747195860585984 
0.08743577358700458 0.19179318009060667 
0.08743577358700458 0.19179318009060667 
0.08678302771253549 0.1908705099724763 
0.08678302771253549 0.1908705099724763 
0.0899001055119963 0.1860295602601081 
0.08902289263387961 0.1883009442612275 
0.06330780662300194 0.18799536020401567 
0.08700966830892043 0.18586193355526384 
0.09985718609084943 0.1916507258437749 
0.09985718609084943 0.1916507258437749 
0.11254522580376913 0.20992322081514025 
0.11156204207164908 0.20868086908657496 
0.12176708800307744 0.19750221405647705 
0.12104074421908802 0.19812816888051268 
0.11900323740198179 0.19752980345990268 
0.11447622837475215 0.18478253650372958 
0.11741910197670308 0.1832835442381027 
0.11029883733214761 0.1753417833550222 
0.11296394961349528 0.17491385891140931 
0.10976417046548381 0.18266995776301792 
0.09875620010427572 0.18338851771642686 
0.09875620010427572 0.18338851771642686 
0.09307123418644714 0.18345931077608135 
0.09307123418644714 0.18345931077608135 
0.09752699236363484 0.1792413686851659 
0.09756959977319922 0.178071342861462 
0.12684990448806083 0.17635148524021865 
0.11491021789363556 0.17416886630818937 
0.11668213285018848 0.1791015606805832 
0.11668213285018848 0.1791015606805832 
0.133105705586704 0.1752546739029803 
0.11915392119630158 0.17593167648319416 
0.09732174486742472 0.18362270376323533 
0.09732174486742472 0.18362270376323533 
0.08448896853566504 0.18028818935123078 
0.08448896853566504 0.18028818935123078 
0.08836739450770137 0.18034053991916207 
0.09110278555346792 0.18178692957180886 
0.09150339418055106 0.18694799189429168 
0.09150339418055106 0.18694799189429168 
0.09150339418055106 0.18694799189429168 
0.0942790934596434 0.18934096535316078 
0.0715094009946583 0.19370711122089818 
0.06783106395524138 0.1932877305038467 
0.06783106395524138 0.1932877305038467 
0.06783106395524138 0.1932877305038467 
0.08869725370781587 0.18899527678016592 
0.08869725370781587 0.18899527678016592 
0.08663687055625437 0.18979471937488293 
0.09626809979249715 0.1883043842532378 
0.0994100453336833 0.183630784916784 
0.09362826699390334 0.18308661446920507 
0.09362826699390334 0.18308661446920507 
0.06955543634620946 0.18719527892429574 
0.0750466198592519 0.18279823047265312 
0.07478718704890965 0.18242089745119497 
0.06879164931557438 0.18452604461249447 
0.06786673524975516 0.18488653532564023 
0.06786673524975516 0.18488653532564023 
0.06786673524975516 0.18488653532564023 
0.06786673524975516 0.18488653532564023 
0.0755185093480286 0.182647982222139 
0.07369816448994622 0.1807947433545969 
0.08469748293693233 0.18052114437396913 
0.0836385866875526 0.17887999605056495 
0.10189212755688014 0.17916092759455066 
0.10252695927945926 0.17941616878879774 
0.10233667344636294 0.17954181768947888 
0.10233667344636294 0.17954181768947888 
0.10070419562042394 0.17909443062394173 
0.10192092798543732 0.1838944835708863 
0.1025301036408646 0.18362054335270261 
0.1025301036408646 0.18362054335270261 
0.11743821645533489 0.1800784576656538 
0.14633529869725415 0.18663440336567788 
0.12753228554689786 0.17629827877208626 
0.12859819638122033 0.17785224762306878 
0.16239477477194852 0.18163482473503256 
0.16239477477194852 0.18163482473503256 
0.15743995907607267 0.1777135855664973 
0.14172061282711101 0.17552282956243617 
0.11914768334740483 0.17643536345258864 
0.11562979466983625 0.18144133938561774 
0.11562979466983625 0.18144133938561774 
0.11562979466983625 0.18144133938561774 
0.1506017264469348 0.18839887226270047 
0.16553336055468792 0.1923112968477826 
0.14681109691700828 0.1866487975776913 
0.14673314101170054 0.186683153624498 
0.14673314101170054 0.186683153624498 
0.1770257715806822 0.18547820775710586 
0.1770257715806822 0.18547820775710586 
0.1770257715806822 0.18547820775710586 
0.1770257715806822 0.18547820775710586 
0.1770257715806822 0.18547820775710586 
0.14201555092422818 0.18210968584202056 
0.1384581165764966 0.18139326186733407 
0.1384581165764966 0.18139326186733407 
0.12896854815646103 0.18621503151624946 
0.1214704988549715 0.19038884633766 
0.12006143572630833 0.18762881962964187 
0.11985430276661158 0.18758812809351846 
0.11985430276661158 0.18758812809351846 
0.12424397007808624 0.18600453347432191 
0.12424397007808624 0.18600453347432191 
0.1189447478294685 0.1821382853771729 
0.1189447478294685 0.1821382853771729 
0.1319173495771223 0.18404281083172977 
0.0907153434466878 0.17151284423415583 
0.0907153434466878 0.17151284423415583 
0.10738336144026782 0.16023995055446447 
0.10738336144026782 0.16023995055446447 
0.11341662094129014 0.16565180440495542 
0.09502470462107801 0.16629864609936215 
0.06301964949370849 0.16870380870204 
0.08149862468585105 0.17451098752856012 
0.07524354311568945 0.18049461746900722 
0.07524354311568945 0.18049461746900722 
0.1060516580037093 0.18166316445417965 
0.1060516580037093 0.18166316445417965 
0.10810477992311542 0.18160723887892266 
0.08193866200252096 0.18663206899208568 
0.08955471510750716 0.18395292655846524 
0.08898054549055771 0.18417918429216665 
0.08771834445809981 0.18439984074928634 
0.07707226888516053 0.18502012975657775 
0.07707226888516053 0.18502012975657775 
0.08657291820331134 0.18196583551567497 
0.08657291820331134 0.18196583551567497 
0.1072088353526329 0.18050256816933016 
0.10234321964732838 0.18372558204945297 
0.10279095015899627 0.1837565665719972 
0.10103374268375995 0.1829531055721037 
0.1028105129564759 0.18461287657010617 
0.1028105129564759 0.18461287657010617 
0.10164434137813554 0.1842294845828389 
0.0980451876307861 0.18508483453902455 
0.09533138317556249 0.18648809802678257 
0.0888368573687962 0.18267801180104806 
0.08612649088539912 0.18296063416237165 
0.08612649088539912 0.18296063416237165 
0.08612649088539912 0.18296063416237165 
0.0881018956900494 0.18411794675408974 
0.10552076933233981 0.1817245302355038 
0.10242575783109072 0.1797184285574056 
0.10242575783109072 0.1797184285574056 
0.0837165886262409 0.19330360624013498 
0.08790835348756965 0.187324679297512 
0.08790835348756965 0.187324679297512 
0.09716660423078538 0.1837052298697874 
0.0886938127196509 0.18634550937032043 
0.09063697760716471 0.1856036629370875 
0.09042407785670599 0.18561551578837063 
0.09122326010771553 0.17989963449135035 
0.09648489316440259 0.17905334959021513 
0.11829976262621794 0.17854370519317278 
0.11370949186360879 0.17873250226249673 
0.11437796888097625 0.18406273371867932 
0.1185385786443921 0.18738048904360657 
0.11088489438858293 0.18363282773002348 
0.11088489438858293 0.18363282773002348 
0.11088489438858293 0.18363282773002348 
0.11713976257353839 0.18718112535298712 
0.10440585082704402 0.1838505874050878 
0.09670080356182124 0.18459582974438077 
0.08161084545175656 0.19157741745711174 
0.08779658558064783 0.1901065977652188 
0.08779658558064783 0.1901065977652188 
0.09813939828477981 0.20104203151650113 
0.09813939828477981 0.20104203151650113 
0.1053668011007998 0.19469228675872924 
0.1053668011007998 0.19469228675872924 
0.10682684539881648 0.193920708100861 
0.10720996863281099 0.1937081672229496 
0.0629402499232901 0.2004090135748885 
0.06549160651754905 0.19896514598944579 
0.06549160651754905 0.19896514598944579 
0.06549160651754905 0.19896514598944579 
0.08506145171974908 0.19214651542630973 
0.08562261503627866 0.1912982735346928 
0.10003778016047546 0.18760733712264457 
0.10378698590300522 0.18625223998649162 
0.1041884926431932 0.18600173140710743 
0.10813567362975215 0.18360892207721 
0.06275845624582108 0.1863166622604794 
0.06275845624582108 0.1863166622604794 
0.06275845624582108 0.1863166622604794 
0.06831704095943986 0.18530065200399523 
0.06831704095943986 0.18530065200399523 
0.06761776399239654 0.18822774690962854 
0.06608035894379755 0.19031673758090503 
0.07017742858140924 0.18537087486801265 
0.07017742858140924 0.18537087486801265 
0.06921315174843272 0.1804023326835453 
0.08642207057357391 0.18069129846659843 
0.08841174341207826 0.18089699710463422 
0.1028553126921423 0.18398533530287722 
0.10233263538022713 0.17918164889549443 
0.10044639309529049 0.1786528704649827 
0.08628011732200672 0.18862170514229287 
0.09572233737732154 0.1838189579322763 
0.09572233737732154 0.1838189579322763 
0.10022809544033073 0.18390926570700428 
0.10022809544033073 0.18390926570700428 
0.11728358601306677 0.1804973966240894 
0.1188867636691246 0.19421193740607007 
0.1196673982289511 0.18515203724265505 
0.1196673982289511 0.18515203724265505 
0.14362719722081094 0.195099641529079 
0.14362719722081094 0.195099641529079 
0.14362719722081094 0.195099641529079 
0.14362719722081094 0.195099641529079 
0.13178687574386336 0.19211773806670662 
0.13178687574386336 0.19211773806670662 
0.12774288958858665 0.19202806016649185 
0.14901578400597315 0.20252981762512287 
0.13520770507309343 0.19589384250650269 
0.11554966471802866 0.19169155673388075 
0.10054650182266767 0.1860712060735974 
0.10580492741264641 0.18778320344173005 
0.10593304155218679 0.18751299412275363 
0.11257253688351856 0.18426742687355102 
0.10818610746589732 0.1908814003446819 
0.11754824185916449 0.18798522896291292 
0.11912526363614041 0.18802165184720077 
0.11939493105795213 0.1877932494038159 
0.11837063541545828 0.18838453426801413 
0.12367525337544971 0.19333795248526808 
0.12367525337544971 0.19333795248526808 
0.1239538097345133 0.19276097729995226 
0.1239538097345133 0.19276097729995226 
0.12156273707840694 0.1926436861653567 
0.12156273707840694 0.1926436861653567 
0.125682102803327 0.1981363117629374 
0.13051404352356338 0.19272553914180113 
0.12480255123879347 0.1955479389149079 
0.12480255123879347 0.1955479389149079 
0.1268232423875943 0.19239667210834355 
0.121484322765883 0.18752709470990286 
0.1164129498050133 0.18859227082203933 
0.11203703002879078 0.18478890468249703 
0.09999010534168361 0.17917160082784958 
0.08332365907012132 0.17736196697958095 
0.09444926858965666 0.18113042183147204 
0.08934033822737492 0.17743867215713124 
0.09434404367686815 0.17626707632781802 
0.09434404367686815 0.17626707632781802 
0.10662419697046041 0.17602043287518224 
0.08524936720584018 0.1766614430440119 
0.08524936720584018 0.1766614430440119 
0.08993217929958314 0.17691816182294656 
0.07094193164143911 0.1797962218050401 
0.07094193164143911 0.1797962218050401 
0.07234535683992535 0.17952999760771934 
0.07234535683992535 0.17952999760771934 
0.07234535683992535 0.17952999760771934 
0.1006018823794877 0.17469282200784925 
0.10319387587729352 0.17001183837486722 
0.10502703916063505 0.16973997250292266 
0.11044314296015284 0.1724181496498659 
0.11522759602867153 0.17296772517865325 
0.11554011393223833 0.17393534758167434 
0.11719624640467613 0.17404410399938655 
0.1334114828814001 0.17130993678301845 
0.1688725627248009 0.17362210605705083 
0.1688725627248009 0.17362210605705083 
0.16411723366078843 0.1699594066331958 
0.17503945362775175 0.16965099108191972 
0.17503945362775175 0.16965099108191972 
0.15373021388329844 0.16921641844734892 
0.16179524185876293 0.16537826588682086 
0.12792223346744397 0.1723993290647005 
0.14119366084709778 0.17575517609438168 
0.10281693802093382 0.168937393643063 
0.10281693802093382 0.168937393643063 
0.1049625176351428 0.16538710380576727 
0.1049625176351428 0.16538710380576727 
0.1049625176351428 0.16538710380576727 
0.09493448579334297 0.16106373473407776 
0.09493448579334297 0.16106373473407776 
0.11672234131585942 0.16769097197187227 
0.08720756787261151 0.16308777459013343 
0.07506138835607451 0.1514313885012053 
0.07506138835607451 0.1514313885012053 
0.07333744075932944 0.15293280374643917 
0.07333744075932944 0.15293280374643917 
0.07333744075932944 0.15293280374643917 
0.0924899732141756 0.16054124099559525 
0.0924899732141756 0.16054124099559525 
0.07679872866512683 0.16182828644792513 
0.08454057794822638 0.16541104947753518 
0.08454057794822638 0.16541104947753518 
0.08676721298650832 0.15485038495202472 
0.10895580760359454 0.1584283926100684 
0.10353974072390533 0.1600293641112316 
0.10353974072390533 0.1600293641112316 
0.1326572853138031 0.1645828883682364 
0.13130543250116575 0.16430161706934193 
0.1297076604746819 0.16383804745385622 
0.13028687367883102 0.16406236689260859 
0.1720601709936778 0.15496639638811083 
0.1720601709936778 0.15496639638811083 
0.15828703819241097 0.15872704668345644 
0.14780152057368293 0.16245469191835177 
0.17250104573274722 0.15907994291106795 
0.174808347105571 0.1576464609483542 
0.17605843471514604 0.15777496923531673 
0.17605843471514604 0.15777496923531673 
0.17605843471514604 0.15777496923531673 
0.16153575138340875 0.16324195683224152 
0.16190375623484782 0.16313475773640684 
0.14959460153241266 0.17462763520673075 
0.14316148065942766 0.17295181234302057 
0.17717233654435938 0.1714515760230936 
0.1776947709588743 0.17047472570530048 
0.17628391420588155 0.17055052171440116 
0.17628391420588155 0.17055052171440116 
0.17628391420588155 0.17055052171440116 
0.17628391420588155 0.17055052171440116 
0.17628391420588155 0.17055052171440116 
0.17628391420588155 0.17055052171440116 
0.17628391420588155 0.17055052171440116 
0.17628391420588155 0.17055052171440116 
0.17415364135389708 0.16892019188784202 
0.17415364135389708 0.16892019188784202 
0.1758137298960767 0.16906500294131765 
0.17905777540752588 0.16393942170307066 
0.17548004564073116 0.16751286452849828 
0.17548004564073116 0.16751286452849828 
0.16711253175545795 0.16983551738971145 
0.1680592466047096 0.16785652425012054 
0.1680592466047096 0.16785652425012054 
0.1680592466047096 0.16785652425012054 
0.17172134861229937 0.1648976994527666 
0.17172134861229937 0.1648976994527666 
0.17172134861229937 0.1648976994527666 
0.14306719421399416 0.17549087607428676 
0.138905138006582 0.1754703884924454 
0.13305948768458614 0.1673554986896614 
0.12713326442360162 0.1673887919754702 
0.1189860383767532 0.16292225153594886 
0.1189860383767532 0.16292225153594886 
0.10789075636718061 0.16144748070942058 
0.1408867082925021 0.1673549358586288 
0.12052395911160589 0.16947320122153867 
0.12316665319440671 0.17178986526327783 
0.12316665319440671 0.17178986526327783 
0.12867329510763847 0.17059694452964935 
0.1190892097054479 0.1708935690548855 
0.1190892097054479 0.1708935690548855 
0.11110559388096491 0.16907961239341443 
0.09851598439543377 0.17262035582675136 
0.08010700678263197 0.1676388927836146 
0.09031774680794984 0.16988949457066216 
0.08986161955378554 0.17002888056093135 
0.08989101126197309 0.17002124015475917 
0.11131775479415136 0.17324187629077833 
0.11706800143080426 0.1701548282803414 
0.11706800143080426 0.1701548282803414 
0.11706800143080426 0.1701548282803414 
0.11706800143080426 0.1701548282803414 
0.11507230854172971 0.16649857517314515 
0.13054814840989803 0.16392741388508128 
0.1459649905400008 0.1628158976871439 
0.14898239600790375 0.16658897406930676 
0.14724649204353812 0.1667178552317219 
0.14724649204353812 0.1667178552317219 
0.14724649204353812 0.1667178552317219 
0.13097516930174785 0.1688221941416115 
0.13097516930174785 0.1688221941416115 
0.13063986645477357 0.1693469517948024 
0.13063986645477357 0.1693469517948024 
0.13063986645477357 0.1693469517948024 
0.12602219637190484 0.16239814315473514 
0.1268958197199907 0.1628984549079365 
0.14501355232109642 0.1620814232668771 
0.14390972134808838 0.1631843196690209 
0.14351851017460704 0.1656906260853065 
0.11999387356518987 0.16504964918896692 
0.11999387356518987 0.16504964918896692 
0.10720429836881777 0.16974975005063975 
0.09418543305221774 0.1674395174151295 
0.10681180914895702 0.16756993533991055 
0.10051416888882019 0.1635190972537683 
0.10051416888882019 0.1635190972537683 
0.10634814309776633 0.16342098720542128 
0.07776266427230272 0.1582979150523655 
0.08095101052633062 0.1609484623865645 
0.08606757906146603 0.16157850776798333 
0.07226312080167774 0.16278302231248282 
0.07226312080167774 0.16278302231248282 
0.08435295249566066 0.16509131186244888 
0.0847532200118356 0.1644202154257495 
0.0935046324794063 0.17116742421490824 
0.09209246873395724 0.1717289248953651 
0.09209246873395724 0.1717289248953651 
0.09209246873395724 0.1717289248953651 
0.0907720639558766 0.17345600749697146 
0.06531812823930264 0.16757283142417065 
0.06531812823930264 0.16757283142417065 
0.06531812823930264 0.16757283142417065 
0.06531812823930264 0.16757283142417065 
0.07205598992777543 0.1776757286712309 
0.07205598992777543 0.1776757286712309 
0.07133159960004051 0.1777251272113416 
0.08251032296853215 0.17769212488215577 
0.0878813133091214 0.1790478635827088 
0.10355102411807071 0.1754204304874966 
0.11382925759785147 0.1711795535523095 
0.11382925759785147 0.1711795535523095 
0.1058669437905832 0.18566141022373048 
0.1058669437905832 0.18566141022373048 
0.11418696135941124 0.1848795442058359 
0.10818254636824386 0.18804377760299776 
0.12171703530917691 0.1890272717734144 
0.11857476940099831 0.18822345997713358 
0.1420443376117137 0.19375283277197458 
0.15204886232478892 0.20427266377812825 
0.15191117091469955 0.20279220865938044 
0.15191117091469955 0.20279220865938044 
0.1508022707702599 0.19736253507661763 
0.1508022707702599 0.19736253507661763 
0.14377760245335902 0.20297392801538 
0.15373966388829136 0.208428083029245 
0.15373966388829136 0.208428083029245 
0.15475683596546058 0.19018889211654955 
0.15475683596546058 0.19018889211654955 
0.15475683596546058 0.19018889211654955 
0.15475683596546058 0.19018889211654955 
0.1582691164377463 0.19265621575961306 
0.15735337051152512 0.19153946705279037 
0.15735337051152512 0.19153946705279037 
0.15735337051152512 0.19153946705279037 
0.15205657955764462 0.1893987070112001 
0.153604341860766 0.18967472925537002 
0.153604341860766 0.18967472925537002 
0.14214234095027464 0.1912318535238152 
0.14247818875252602 0.19064789677446212 
0.15721888651551363 0.18442459027507807 
0.1450189839460426 0.18632499123349955 
0.1420919718983663 0.18553766163865454 
0.13183104928874692 0.18708504222634179 
0.1306935097963263 0.18797319901156426 
0.1306935097963263 0.18797319901156426 
0.1359687239771697 0.1806852958879616 
0.14107323622504098 0.18426091647523607 
0.1154931676734744 0.18128687616033212 
0.11848603119016876 0.183102434281192 
0.11758565102470281 0.18317722617067517 
0.11758565102470281 0.18317722617067517 
0.12525107043530345 0.18873851091326854 
0.12442427484440005 0.1900559463157565 
0.12073544242634633 0.18811893297367854 
0.10512997133138968 0.18460327277857172 
0.12335392001671316 0.18496927635188162 
0.12844900717697633 0.18560241977639133 
0.1102591316746718 0.17603562710019335 
0.112260818419675 0.17793551254460932 
0.09622726908606516 0.18117246591319502 
0.11589560244009545 0.16716649347732637 
0.1022082898555861 0.16908032071929924 
0.09221371128748108 0.16959089864067683 
0.10776175519057346 0.17139972724333938 
0.06104708335036972 0.17160785877518292 
0.06104708335036972 0.17160785877518292 
0.06104708335036972 0.17160785877518292 
0.06104708335036972 0.17160785877518292 
0.06104708335036972 0.17160785877518292 
0.06104708335036972 0.17160785877518292 
0.06104708335036972 0.17160785877518292 
0.062392897627285976 0.17210940346649584 
0.062392897627285976 0.17210940346649584 
0.08537317743076217 0.17153167161360383 
0.110134243951725 0.17402460245916343 
0.09774624623445709 0.1742531687556713 
0.1018157868063103 0.17477128887627608 
0.09539640469671005 0.17506621760567992 
0.09132742342125384 0.17432304054057665 
0.11568515097354659 0.1785868945045364 
0.11325009861532295 0.17570079152234952 
0.11169536005016649 0.1762406879963585 
0.11616549149310826 0.17500527514074324 
0.14321292162898797 0.1771545745807391 
0.14321292162898797 0.1771545745807391 
0.14326031273712345 0.17867558478521375 
0.13114897600052533 0.1766657265968985 
0.11451888595475485 0.17466710432748656 
0.10769624916557091 0.176108657828099 
0.12143660651269726 0.16579065872651003 
0.12685138517765318 0.1655674675803414 
0.13516051834885173 0.1686558439339042 
0.13472271009514405 0.16879424882126232 
0.15810111310885466 0.16153559590493008 
0.15810111310885466 0.16153559590493008 
0.1569413330256271 0.16141651649368016 
0.1569413330256271 0.16141651649368016 
0.1569413330256271 0.16141651649368016 
0.17592848442282907 0.16008630112412262 
0.17592848442282907 0.16008630112412262 
0.17592848442282907 0.16008630112412262 
0.16324256474304474 0.17149749741589568 
0.16549169598993768 0.17094530521977158 
0.17021765076982412 0.17129308879206429 
0.17021765076982412 0.17129308879206429 
0.16776914768503395 0.17172170566962358 
0.16776914768503395 0.17172170566962358 
0.16776914768503395 0.17172170566962358 
0.16776914768503395 0.17172170566962358 
0.16776914768503395 0.17172170566962358 
0.16981747881293333 0.17169889775045868 
0.16981747881293333 0.17169889775045868 
0.16981747881293333 0.17169889775045868 
0.18111528876919886 0.16994569306588828 
0.17935147301174462 0.16931577791751373 
0.1680441189030031 0.17202720505688804 
0.1680441189030031 0.17202720505688804 
0.16150208000375726 0.17191337152326408 
0.16150208000375726 0.17191337152326408 
0.16150208000375726 0.17191337152326408 
0.16565622897074178 0.17650502887957997 
0.16565622897074178 0.17650502887957997 
0.15356233947269923 0.1763275455462616 
0.15574335882261492 0.17670341847747453 
0.1572176410048231 0.1750440956353611 
0.13116422121580112 0.17075889482690768 
0.10546879135043455 0.17096457403312124 
0.11405010877359499 0.17293889274121088 
0.11405010877359499 0.17293889274121088 
0.11405010877359499 0.17293889274121088 
0.11405010877359499 0.17293889274121088 
0.10447181785260437 0.17525334117820435 
0.0954484082218057 0.1803885273021099 
0.10386794813317914 0.18098077475905117 
0.10040465854405795 0.18067335010420804 
0.08148879907361128 0.17682700834956674 
0.08148879907361128 0.17682700834956674 
0.08148879907361128 0.17682700834956674 
0.09202956253462416 0.17685609235370123 
0.09202956253462416 0.17685609235370123 
0.10130215886829783 0.1757180088751213 
0.0839065167017857 0.18009444053306348 
0.0839065167017857 0.18009444053306348 
0.07900473919094624 0.17404437359554245 
0.07900473919094624 0.17404437359554245 
0.11777555113880747 0.17764344239905588 
0.07975565747710843 0.1838494609122851 
0.07117154123672004 0.18515071700900987 
0.07117154123672004 0.18515071700900987 
0.0926687893352886 0.18641727563976962 
0.09795017757269142 0.18362860915956256 
0.11437567852020708 0.18938637506655565 
0.11246677648518022 0.19134093324717827 
0.11246677648518022 0.19134093324717827 
0.11246677648518022 0.19134093324717827 
0.12431143664994124 0.2000837298167806 
0.1345104994611741 0.19388341080414662 
0.12727375736009697 0.18560506125901335 
0.12222387504294305 0.19252287529671908 
0.12222387504294305 0.19252287529671908 
0.11767824158062967 0.19234092376436532 
0.11767824158062967 0.19234092376436532 
0.12615128390861421 0.18005087470631959 
0.13057061035536605 0.17210435594640533 
0.13773191495146725 0.17579059155386967 
0.14257133091431964 0.17579950828386995 
0.1416812465303136 0.1757658076838388 
0.12638723635833693 0.17703111976714558 
0.12560042320243248 0.1770667628839121 
0.1316390838437596 0.17453225393555094 
0.12684853341374253 0.17494327355797337 
0.12684853341374253 0.17494327355797337 
0.0961217448841811 0.1840044264760263 
0.09527254359423197 0.18089626707543666 
0.07329139091307184 0.17855895286663087 
0.061358499330161506 0.1891994506306648 
0.09340959188236127 0.18531873102348018 
0.12004144653264867 0.17429976335176342 
0.14456599544711318 0.1717780669172685 
0.1417274483047838 0.17064117677543095 
0.17289250524072294 0.1631918318495681 
0.14717200784469742 0.16873865973277827 
0.1473944365698087 0.16789108509469353 
0.14739659077862202 0.16787323756244774 
0.12712443135925316 0.17011170655461053 
0.11639306180141457 0.16138468654290927 
0.1230535230215793 0.1580571937301055 
0.1230535230215793 0.1580571937301055 
0.11711206597339098 0.15345277182275177 
0.11711206597339098 0.15345277182275177 
0.11711206597339098 0.15345277182275177 
0.12348451382668774 0.16082201755046402 
0.09349322947839975 0.15819344734535282 
0.10448607245800938 0.16207850873156024 
0.10039192456749008 0.16847897570832354 
0.10039192456749008 0.16847897570832354 
0.09843279233628732 0.17160302143246461 
0.06473617839635151 0.1604239515290212 
0.08308797085231195 0.16397235019649195 
0.11626321549693006 0.17155918481646446 
0.0798120703535655 0.1712123516948417 
0.06872116275526201 0.1706574167195523 
0.06872116275526201 0.1706574167195523 
0.06872116275526201 0.1706574167195523 
0.06872116275526201 0.1706574167195523 
0.091105940508077 0.18227268012490436 
0.09799896623437128 0.1773593035386257 
0.07762921411674426 0.1788820327692769 
0.08410647465524028 0.17950068461881774 
0.0877685148310392 0.1819005210406768 
0.09029385634706841 0.18119918666974819 
0.10481493979292526 0.17803181828573564 
0.09540107486068075 0.17590595353138538 
0.08268752079288058 0.18242147493881875 
0.09506271097509505 0.17944225614989912 
0.1086363638175127 0.1782981495940522 
0.12057748830298415 0.1797379006761883 
0.10788741360478261 0.179747791348729 
0.11070546205803498 0.17731667719343552 
0.11322708482175774 0.18550802639737396 
0.1099826939504078 0.1959068013571467 
0.10374555547194514 0.19183903532658697 
0.10724137041212226 0.19349086986971215 
0.10900411930685311 0.2024565709519442 
0.10900411930685311 0.2024565709519442 
0.10900411930685311 0.2024565709519442 
0.10900411930685311 0.2024565709519442 
0.10840507578324257 0.20809672088407558 
0.11260254693230748 0.19641180900300387 
0.11260254693230748 0.19641180900300387 
0.11260254693230748 0.19641180900300387 
0.10993109815375345 0.1997682328624325 
0.11049584845592653 0.2008716397733673 
0.10707496029787333 0.20227970119063385 
0.09240325764316401 0.196011154972311 
0.09240325764316401 0.196011154972311 
0.09413566295755604 0.1953169482518165 
0.09413566295755604 0.1953169482518165 
0.09413566295755604 0.1953169482518165 
0.11011816727287616 0.2055653286634956 
0.11011816727287616 0.2055653286634956 
0.11067781448798737 0.20233086098870917 
0.1022693304229692 0.21221355503833622 
0.11029805086177882 0.23578059399833234 
0.11029805086177882 0.23578059399833234 
0.11029805086177882 0.23578059399833234 
0.10976345824343638 0.22968459880938344 
0.10976345824343638 0.22968459880938344 
0.10884994550537798 0.22097384829884562 
0.10884994550537798 0.22097384829884562 
0.11440246739072565 0.2278466825499486 
0.11960732356660662 0.2200932236153026 
0.11960732356660662 0.2200932236153026 
0.11290227285602392 0.22372500205852852 
0.11290227285602392 0.22372500205852852 
0.13048260989658483 0.21059289204496423 
0.14714731116461405 0.19820119443469847 
0.14714731116461405 0.19820119443469847 
0.14714731116461405 0.19820119443469847 
0.14714731116461405 0.19820119443469847 
0.15325907226515456 0.1995844481749021 
0.15325907226515456 0.1995844481749021 
0.14599844782500576 0.19087416441041594 
0.14599844782500576 0.19087416441041594 
0.17726435789212047 0.18740087557938676 
0.17926711785529975 0.18783865197950944 
0.17926711785529975 0.18783865197950944 
0.17969644879712596 0.185652815427572 
0.15098195954833646 0.1846296162722981 
0.15098195954833646 0.1846296162722981 
0.15098195954833646 0.1846296162722981 
0.1728679561738191 0.18201789262647622 
0.1728679561738191 0.18201789262647622 
0.1728679561738191 0.18201789262647622 
0.1728679561738191 0.18201789262647622 
0.17036442717150832 0.1770634184704873 
0.1775813978946007 0.1771033305096474 
0.1775813978946007 0.1771033305096474 
0.1775813978946007 0.1771033305096474 
0.1753954346365433 0.17870023082231637 
0.1678205948330646 0.17944034085751245 
0.1678205948330646 0.17944034085751245 
0.1678205948330646 0.17944034085751245 
0.14027149134250394 0.17780633071073643 
0.13238803246348257 0.18121927437590438 
0.15593828612172128 0.180553283944933 
0.15593828612172128 0.180553283944933 
0.15593828612172128 0.180553283944933 
0.13589140742654238 0.17937898475836922 
0.14302239083633048 0.1802040142119965 
0.12638699977978868 0.17335407463795846 
0.11630234333691325 0.1734824337863566 
0.1157802681419407 0.1734832385622886 
0.10280398370735741 0.1731860160819373 
0.10514242610356188 0.17311420357406557 
0.10309854177470301 0.17269869779913463 
0.10325421127113864 0.17268350393270002 
0.10138459946575622 0.17928583461462258 
0.09193906319367515 0.1841663697071517 
0.09193906319367515 0.1841663697071517 
0.10538430888384615 0.18188291571336715 
0.09889736710789981 0.18546636038517292 
0.0794180601061446 0.1876986398009336 
0.08520065187619003 0.1812626904935563 
0.08520065187619003 0.1812626904935563 
0.08520065187619003 0.1812626904935563 
0.08519088965541467 0.18094691999228052 
0.06561034721634143 0.18174458295142126 
0.06561034721634143 0.18174458295142126 
0.06561034721634143 0.18174458295142126 
0.0726381663707739 0.18130138717489463 
0.08761790872514869 0.17857299266278742 
0.07625571287765 0.18229509036893235 
0.07625571287765 0.18229509036893235 
0.07625571287765 0.18229509036893235 
0.08357251527270328 0.18904512984589025 
0.08831459290653886 0.19348082022866495 
0.0950074787276943 0.19136140875011284 
0.0991273805220354 0.18859406885447416 
0.09382350905221377 0.18182822342515276 
0.09382350905221377 0.18182822342515276 
0.09576674671450602 0.18146473287212525 
0.0777196346401215 0.17988060790297464 
0.0777196346401215 0.17988060790297464 
0.07765527741823446 0.17990905100164137 
0.1026461368191366 0.18198551781078026 
0.11414583829025299 0.17567021988664813 
0.10084565881735037 0.18036705487697974 
0.1331992360716347 0.19296331319919063 
0.11485852182822524 0.18783593764994977 
0.11382609641980035 0.18748687516871265 
0.12763976694424037 0.19002713284239264 
0.12562532209607236 0.19066572089333428 
0.11352034410497959 0.18364039728341325 
0.11265247444916247 0.1772622657692029 
0.0925496064221435 0.17902675796537196 
0.0925496064221435 0.17902675796537196 
0.0934804515499291 0.17912052846529675 
0.09053556222340729 0.17687699987196503 
0.08446654023363934 0.18284822227514858 
0.08446654023363934 0.18284822227514858 
0.07167875179601345 0.1886654036412391 
0.06674372298703088 0.18974891812087222 
0.06674372298703088 0.18974891812087222 
0.07483926553074832 0.1887857388008425 
0.10161172819637498 0.18290459534564638 
0.08489012126323248 0.1795837938973652 
0.09184194132395554 0.1800157946268181 
0.09237485077743024 0.18311381531292803 
0.1111397558545661 0.18338464204045324 
0.12852824002285537 0.17541541737116093 
0.12555387543465382 0.1765458440110251 
0.11005532811069296 0.17951007397650756 
0.11005532811069296 0.17951007397650756 
0.10115313526911275 0.18032900354989012 
0.1122251318645885 0.1895511689860509 
0.1122251318645885 0.1895511689860509 
0.0982115454412136 0.19300667629812776 
0.0982115454412136 0.19300667629812776 
0.11025775075496198 0.18686393650540925 
0.12026372285799972 0.1935113649353603 
0.11910527460259056 0.1946448527710541 
0.13325716090520856 0.18844702954648918 
0.13325716090520856 0.18844702954648918 
0.14632297862476207 0.18384693924527037 
0.1389752488952633 0.18544895217059248 
0.13498266176914242 0.1821523787543214 
0.12959180372270576 0.17957327967082082 
0.1295599678090362 0.179463561573062 
0.12915244272402224 0.17898224708618313 
0.13997523571999282 0.17901657343610355 
0.14801154264044752 0.18202514183950516 
0.11498379287527138 0.1790715467807734 
0.11660228035451178 0.1803729359639151 
0.11297556539203153 0.17914268356246144 
0.1002815834321571 0.18289866566198393 
0.1002815834321571 0.18289866566198393 
0.09672049023608607 0.18224467651911558 
0.12187189135840903 0.18986202285291734 
0.12187189135840903 0.18986202285291734 
0.12187189135840903 0.18986202285291734 
0.1267728192698444 0.18571394746198802 
0.12802936688068142 0.17922124941772785 
0.10096894468456302 0.18232586641401002 
0.08547879953251841 0.18607860935430964 
0.08547879953251841 0.18607860935430964 
0.0839987155428021 0.18583935339547686 
0.07501996495560452 0.19551540639064247 
0.09650973439105462 0.1866306299946313 
0.07148977023568487 0.18342761810904604 
0.07148977023568487 0.18342761810904604 
0.07148977023568487 0.18342761810904604 
0.07148977023568487 0.18342761810904604 
0.07148977023568487 0.18342761810904604 
0.07282744117634384 0.1829005536474499 
0.07047339433684309 0.18325099226788266 
0.08844067170326368 0.18440564245663774 
0.08217305224958708 0.18657007448734703 
0.08217305224958708 0.18657007448734703 
0.08565576958481953 0.18494352051488352 
0.09366243858201498 0.17800096011389402 
0.07713963357995599 0.1785406713722397 
0.07713963357995599 0.1785406713722397 
0.07717424367370367 0.17857927168855803 
0.0677987136521719 0.1825877415133726 
0.0646268882708285 0.18068912540167056 
0.0646268882708285 0.18068912540167056 
0.061376296818728304 0.18047219690233254 
0.061376296818728304 0.18047219690233254 
0.061376296818728304 0.18047219690233254 
0.061376296818728304 0.18047219690233254 
0.061376296818728304 0.18047219690233254 
0.061376296818728304 0.18047219690233254 
0.061376296818728304 0.18047219690233254 
0.07722658187142542 0.17601480883034085 
0.08247879956676653 0.17660812617363167 
0.08781403244091737 0.17456899684375113 
0.08343640864718928 0.1734162948586184 
0.08886698841203264 0.17367413824276598 
0.08550991858332113 0.17361215340862332 
0.07844760784988133 0.17286940888881377 
0.07844760784988133 0.17286940888881377 
0.07788613819439841 0.17308532913058666 
0.07788613819439841 0.17308532913058666 
0.07788613819439841 0.17308532913058666 
0.061186570973340015 0.16888960732693142 
0.09573911896054652 0.1675893794177843 
0.09004441676247711 0.16421273608759063 
0.10229743249882987 0.1736762379916969 
0.10499887444227886 0.17400956228765468 
0.07471162233168913 0.18371138246672722 
0.07471162233168913 0.18371138246672722 
0.06076120223159982 0.18440717293655728 
0.061029277312661376 0.1846687276004162 
0.061029277312661376 0.1846687276004162 
0.061029277312661376 0.1846687276004162 
0.06797210025475295 0.1848082072478499 
0.06797210025475295 0.1848082072478499 
0.06797210025475295 0.1848082072478499 
0.09329366033851731 0.17890455927733578 
0.09432846510448696 0.18127977516357166 
0.09655038605620794 0.18324912242863678 
0.09027475917499606 0.1823600404703167 
0.10234863932263602 0.18201860115036195 
0.11384236325146774 0.17692179046990608 
0.11076445039571516 0.17917100697061025 
0.11976551196344165 0.17785641930929322 
0.12059319011017626 0.17748336060618422 
0.1165870475755873 0.18373471891885496 
0.0835323473732536 0.18747517213404552 
0.0835323473732536 0.18747517213404552 
0.0835323473732536 0.18747517213404552 
0.07144149005439376 0.19066353276487938 
0.07144149005439376 0.19066353276487938 
0.08265282333039839 0.18743792592995928 
0.11952450940490339 0.18522584107837925 
0.09611718540710916 0.18529009982290884 
0.07396684538030804 0.18443555512485849 
0.07396684538030804 0.18443555512485849 
0.07392626574979547 0.18916224991695768 
0.0718397849572613 0.1835269315197629 
0.07988810361403262 0.1783691069962787 
0.07988810361403262 0.1783691069962787 
0.07988810361403262 0.1783691069962787 
0.0831859573729106 0.1771638453905391 
0.07275855141880715 0.17499837407403243 
0.08557329963439567 0.1778265420259633 
0.07091455475595075 0.18025266548918373 
0.07236755599380193 0.1800359548821257 
0.06842584835523721 0.1804300513168921 
0.06842584835523721 0.1804300513168921 
0.06842584835523721 0.1804300513168921 
0.06842584835523721 0.1804300513168921 
0.06842584835523721 0.1804300513168921 
0.06842584835523721 0.1804300513168921 
0.0899775420085403 0.17845890632246894 
0.09623638337373276 0.16012503355839242 
0.09623638337373276 0.16012503355839242 
0.10515417804972653 0.1555156632596128 
0.08848996465049261 0.16333489279780253 
0.08158526709597533 0.1603168443171769 
0.10137131186853353 0.1636369193714346 
0.10154280682525606 0.16380310543923823 
0.09270276469149395 0.16376232806085683 
0.08771242304316075 0.1651999936245177 
0.10052224460394463 0.16478735165918448 
0.10052224460394463 0.16478735165918448 
0.10413284107029752 0.15918226296640847 
0.10720352467031609 0.16100144042563164 
0.10493692113279134 0.1592734527228389 
0.10406745598202505 0.15902297066036286 
0.10406745598202505 0.15902297066036286 
0.10956610710732423 0.16074802834316954 
0.10969921077439654 0.1606386170822226 
0.1083619918504079 0.1631787355796825 
0.1083619918504079 0.1631787355796825 
0.09025674643140727 0.1579137458918673 
0.09025674643140727 0.1579137458918673 
0.09114543141307632 0.15647407016428017 
0.08259228564345222 0.15465529549177506 
0.08259228564345222 0.15465529549177506 
0.08259228564345222 0.15465529549177506 
0.08259228564345222 0.15465529549177506 
0.081806171671794 0.15539454517515322 
0.07957679971546172 0.16049624907683893 
0.06799890141060012 0.1524268400069801 
0.06799890141060012 0.1524268400069801 
0.06799890141060012 0.1524268400069801 
0.06799890141060012 0.1524268400069801 
0.06799890141060012 0.1524268400069801 
0.06799890141060012 0.1524268400069801 
0.06799890141060012 0.1524268400069801 
0.06799890141060012 0.1524268400069801 
0.06967712414125092 0.1529586142131099 
0.07894803470384149 0.15840061729735805 
0.0897494428593188 0.16070762873507752 
0.09620969793647392 0.16382277407741577 
0.1009529357847026 0.1618405080412433 
0.09604646928401332 0.16368861885011604 
0.08825628038142058 0.17172595229541576 
0.08825628038142058 0.17172595229541576 
0.09354782442116738 0.1732604927138053 
0.09062575004044376 0.1709312814474306 
0.1153249929606901 0.17645558884737145 
0.11951254990558258 0.17755673201729963 
0.11800978322199562 0.17659573172696882 
0.12959907220926992 0.17692283797984842 
0.12125990532007053 0.17902876300145323 
0.10053934049239985 0.18047847196452577 
0.09887762579376917 0.179272411995527 
0.09676311491041364 0.17957128097280423 
0.0925741063122115 0.17669746332116454 
0.07992248528732651 0.1778425044374989 
0.07652576779602355 0.1790842371322636 
0.07405074404373194 0.1786062740897378 
0.07405074404373194 0.1786062740897378 
0.07405074404373194 0.1786062740897378 
0.07405074404373194 0.1786062740897378 
0.07405074404373194 0.1786062740897378 
0.09210769589046477 0.17777114567179442 
0.08041555036755166 0.17849934613769242 
0.08041555036755166 0.17849934613769242 
0.08041555036755166 0.17849934613769242 
0.08041555036755166 0.17849934613769242 
0.08041555036755166 0.17849934613769242 
0.07825576100834405 0.17812086370484903 
0.06848826285604095 0.17589185659262388 
0.07074472446007168 0.17513567549833062 
0.07074320119615524 0.1751355746415808 
0.06924304110467001 0.17510365595184818 
0.06924304110467001 0.17510365595184818 
0.06924304110467001 0.17510365595184818 
0.06924304110467001 0.17510365595184818 
0.06323654319707032 0.17838764327653306 
0.06323654319707032 0.17838764327653306 
0.06323654319707032 0.17838764327653306 
0.09964330910826794 0.17587514627389286 
0.1001502777242011 0.17504822674550502 
0.09934887559352398 0.1750205510131626 
0.11041011486895208 0.1766388537046931 
0.11770195375184259 0.1751506432450967 
0.10807261508591996 0.1747256084153877 
0.10807261508591996 0.1747256084153877 
0.10688829007057336 0.17616220750554185 
0.10035633825127523 0.17381081339357052 
0.08832394087020336 0.17244364952863303 
0.09547073110312657 0.17184267269979153 
0.09566346282270285 0.17224099973727683 
0.10407159264924053 0.16591968207453964 
0.10407159264924053 0.16591968207453964 
0.09905986251948497 0.16324103471516394 
0.09956027458895296 0.16325536615523434 
0.12169107799396922 0.1666019279792045 
0.12072632639431044 0.16851705527307567 
0.10192723152467552 0.16718816856605004 
0.06456765551158265 0.1663070352178282 
0.06456765551158265 0.1663070352178282 
0.08739483569402469 0.1690703710848718 
0.08684275878825722 0.16578474781573582 
0.08684275878825722 0.16578474781573582 
0.08684275878825722 0.16578474781573582 
0.08394560222997266 0.16477117477588166 
0.08907896777697176 0.17419435724062765 
0.08907896777697176 0.17419435724062765 
0.07192514681259715 0.17082095340324283 
0.07364926419751253 0.17209402313400113 
0.07364926419751253 0.17209402313400113 
0.07734378549006479 0.17189254059257245 
0.10376628171989571 0.17777468418385242 
0.11237946825035881 0.17365235237994012 
0.11713757462871306 0.17605785369447668 
0.09572800529163182 0.1795532716727657 
0.09496176694588881 0.17516727382480102 
0.09496176694588881 0.17516727382480102 
0.10134848713375233 0.1742196280010524 
0.08908478468029224 0.17565879150911173 
0.0687728035217348 0.17655394122053522 
0.06861222421899346 0.17658320908560898 
0.06861222421899346 0.17658320908560898 
0.08887107906478423 0.17649576005720616 
0.08261137603322075 0.1767321536065323 
0.08261137603322075 0.1767321536065323 
0.0711022377548722 0.1768205245078405 
0.0711765825956017 0.17869861241795576 
0.0679279794144058 0.18003333509503056 
0.0679279794144058 0.18003333509503056 
0.0675685695350359 0.18021287704489794 
0.10679754633989766 0.17580901965465942 
0.10679754633989766 0.17580901965465942 
0.10597524039029163 0.1758718450497207 
0.09786089897106326 0.17488121885107183 
0.09786089897106326 0.17488121885107183 
0.09786089897106326 0.17488121885107183 
0.09413253285451847 0.17459427144658163 
0.08830131644161457 0.17489513371198134 
0.06651781524807217 0.17483929606990484 
0.08777847874035166 0.17243156290848569 
0.1289544948388776 0.18215642663368625 
0.12477749427157522 0.1862748665504842 
0.1338997627845092 0.183248206514229 
0.13782769244744955 0.18890837372726785 
0.1485220618273848 0.17224353850264992 
0.15207683966599786 0.1755995963702506 
0.15619654974712666 0.17492000272187808 
0.15619654974712666 0.17492000272187808 
0.15619654974712666 0.17492000272187808 
0.16018822474314312 0.17771417908979625 
0.17917122213217468 0.179341866071949 
0.17917122213217468 0.179341866071949 
0.17917122213217468 0.179341866071949 
0.17917122213217468 0.179341866071949 
0.17917122213217468 0.179341866071949 
0.17917122213217468 0.179341866071949 
0.17917122213217468 0.179341866071949 
0.17917122213217468 0.179341866071949 
0.17917122213217468 0.179341866071949 
0.17917122213217468 0.179341866071949 
0.17917122213217468 0.179341866071949 
0.17917122213217468 0.179341866071949 
0.17682200604523357 0.1755402768654709 
0.17946315595958373 0.17334929232780638 
0.17946315595958373 0.17334929232780638 
0.17946315595958373 0.17334929232780638 
0.17946315595958373 0.17334929232780638 
0.17946315595958373 0.17334929232780638 
0.17946315595958373 0.17334929232780638 
0.17946315595958373 0.17334929232780638 
0.17946315595958373 0.17334929232780638 
0.17946315595958373 0.17334929232780638 
0.17946315595958373 0.17334929232780638 
0.1802395106108364 0.17572850171370327 
0.1653152560461736 0.17421578419460018 
0.1396620011888428 0.17576337196120947 
0.11667022152077275 0.17365673406354837 
0.14232943050336833 0.16954895863908565 
0.14232943050336833 0.16954895863908565 
0.14232943050336833 0.16954895863908565 
0.12751384953001593 0.17931585285940893 
0.1705364034274597 0.18155707679655325 
0.1571894149362369 0.17997526547358011 
0.16088530866120634 0.17276972879096048 
0.16151361341591336 0.17225248317586758 
0.16434461266133835 0.1706698766336329 
0.16434461266133835 0.1706698766336329 
0.16434461266133835 0.1706698766336329 
0.17024948559146838 0.17871048580907947 
0.17024948559146838 0.17871048580907947 
0.15217554418307278 0.183661596025297 
0.15217554418307278 0.183661596025297 
0.15271422823114555 0.18444934849810618 
0.15271422823114555 0.18444934849810618 
0.15271422823114555 0.18444934849810618 
0.17137452325185595 0.18385281429005917 
0.17137452325185595 0.18385281429005917 
0.17137452325185595 0.18385281429005917 
0.1639303019165187 0.18508913127046397 
0.1759292578338672 0.18744566845372138 
0.1805503111832835 0.19538542332431713 
0.16622264934296488 0.19037409808752123 
0.15670587855451865 0.19223007245328774 
0.15825972286221537 0.1894922838633795 
0.1568592811683501 0.19014998631439195 
0.14024288601912005 0.18858776162054086 
0.14067540617819405 0.1881802981629833 
0.12847406965035976 0.18808005010544068 
0.14151906307650916 0.19079365552442362 
0.14038919980149936 0.19065004432860808 
0.14899442330171192 0.1917041681107006 
0.14899442330171192 0.1917041681107006 
0.14899442330171192 0.1917041681107006 
0.15063867620652616 0.18938286080406438 
0.15063867620652616 0.18938286080406438 
0.16366260638427488 0.17616945266310508 
0.16366260638427488 0.17616945266310508 
0.1723685490520103 0.1765953605446231 
0.16689107009786072 0.17538412870714176 
0.16687079044449935 0.17536287580868273 
0.17256417866189847 0.17642913024704363 
0.17256417866189847 0.17642913024704363 
0.16836213679919407 0.16258659555535218 
0.1744543782917157 0.15690141677516745 
0.1744543782917157 0.15690141677516745 
0.1744543782917157 0.15690141677516745 
0.1744543782917157 0.15690141677516745 
0.1744543782917157 0.15690141677516745 
0.17447840914458815 0.1562530995792133 
0.17447840914458815 0.1562530995792133 
0.17447840914458815 0.1562530995792133 
0.17447840914458815 0.1562530995792133 
0.14463448693118622 0.16307263568989108 
0.1535893019504813 0.17423804846164526 
0.11055723857664122 0.17757003193842552 
0.11027653736154663 0.16668913126709956 
0.10486163500743928 0.16688292556439113 
0.1052319916834724 0.16954580426907986 
0.1052319916834724 0.16954580426907986 
0.1052319916834724 0.16954580426907986 
0.10130442227856234 0.1718008522846999 
0.10130442227856234 0.1718008522846999 
0.08501891211164413 0.16926193191299035 
0.10505023719154341 0.17300358038505165 
0.10505023719154341 0.17300358038505165 
0.10505023719154341 0.17300358038505165 
0.08523585447095947 0.16966088894461243 
0.08283259972569766 0.17121587583735476 
0.09314360557041987 0.17442622412152609 
0.06524866619512343 0.17443151593136785 
0.06907758226816449 0.17439474352829917 
0.06907758226816449 0.17439474352829917 
0.06100593099240344 0.17662176970344387 
0.06100593099240344 0.17662176970344387 
0.06100593099240344 0.17662176970344387 
0.09966657649478997 0.18095651631999612 
0.09415770166637516 0.18086321537860992 
0.10822881329933788 0.17676727199400236 
0.10210776302525197 0.18354411637516999 
0.10210776302525197 0.18354411637516999 
0.06143744310140074 0.18425392366335264 
0.08624152394010023 0.17949239028042138 
0.09684780680002913 0.17672674627700652 
0.09055003528618319 0.1771505921790972 
0.09055003528618319 0.1771505921790972 
0.09055003528618319 0.1771505921790972 
0.11452097182108417 0.18353973395189357 
0.11395850441593258 0.18416475274040653 
0.08630510469866755 0.18998185979618082 
0.08630510469866755 0.18998185979618082 
0.07888580716203802 0.19248494747030062 
0.08150989717025925 0.18948182632107297 
0.08150989717025925 0.18948182632107297 
0.08150989717025925 0.18948182632107297 
0.06791493324843728 0.19337157117964168 
0.09500938451891822 0.18888934998345747 
0.09486555567066231 0.1888617949142371 
0.08542613160545527 0.1923840641880395 
0.10395133132187782 0.1875971932730131 
0.10395133132187782 0.1875971932730131 
0.1075079310643391 0.20218791217103613 
0.13166677011993946 0.18603203706740715 
0.12769865798758742 0.18767547133629187 
0.12155324962838997 0.18724595313516468 
0.12155324962838997 0.18724595313516468 
0.11181060831089369 0.17993753860288442 
0.11293826468738637 0.17816917544888738 
0.11293826468738637 0.17816917544888738 
0.124036903173528 0.1817878285408509 
0.12870532162618736 0.1810271745548176 
0.12253524070713595 0.18487780411963495 
0.09303744481927805 0.18188295458041198 
0.09167270115927356 0.18239191703084673 
0.09411597690103907 0.17983157875201086 
0.09480978413259426 0.17956305310456777 
0.1204040489213559 0.17934972977818336 
0.11701623253759738 0.17982621469110452 
0.123879149904753 0.18012963429466583 
0.13177825706498802 0.17872078287719262 
0.13177825706498802 0.17872078287719262 
0.14501175939440253 0.1696541275035987 
0.14622347856052859 0.1705682474873239 
0.1658940353820802 0.16376969962131574 
0.16657467493632758 0.16444514017261921 
0.1621405080922167 0.16111605041483068 
0.1621405080922167 0.16111605041483068 
0.1621405080922167 0.16111605041483068 
0.1621405080922167 0.16111605041483068 
0.1621405080922167 0.16111605041483068 
0.16728646666218722 0.1604671841173796 
0.16381573378057465 0.16334990598343221 
0.16381573378057465 0.16334990598343221 
0.16381573378057465 0.16334990598343221 
0.17980397914350077 0.1624039391154013 
0.18082626530224838 0.15851600654609277 
0.18082626530224838 0.15851600654609277 
0.17294342778789118 0.16325395193609094 
0.17294342778789118 0.16325395193609094 
0.17294342778789118 0.16325395193609094 
0.17304222422082546 0.16347346263562643 
0.1670040392079251 0.16436717398720047 
0.1670040392079251 0.16436717398720047 
0.14907879682953948 0.16408149496838603 
0.13015948382405718 0.16630205268873136 
0.1308968928420999 0.16299352369822476 
0.1308968928420999 0.16299352369822476 
0.13145690905960722 0.16298141712398023 
0.1421382779863507 0.16678430794204785 
0.12297548724115485 0.17519520991956944 
0.12297548724115485 0.17519520991956944 
0.15686544092314167 0.17005416456455566 
0.1474915550433225 0.16988677489049955 
0.1422569065221737 0.1655055695712355 
0.1422569065221737 0.1655055695712355 
0.14417049401721643 0.16545413752573793 
0.1452203905959425 0.16510646106255233 
0.16050504909198404 0.16395689770358549 
0.1721404065431662 0.16337463805229696 
0.1721404065431662 0.16337463805229696 
0.17284595160096095 0.16244175354011942 
0.17284595160096095 0.16244175354011942 
0.17284595160096095 0.16244175354011942 
0.17284595160096095 0.16244175354011942 
0.17284595160096095 0.16244175354011942 
0.1370380114298705 0.17095374218652487 
0.10218189209594156 0.18106398452667188 
0.12081897294835725 0.1890526191543866 
0.11030740596825843 0.18776067380382988 
0.11071333852936435 0.19596605298757708 
0.11466539768862755 0.19449397110746516 
0.11166057363068005 0.19638285509110975 
0.11166057363068005 0.19638285509110975 
0.11166057363068005 0.19638285509110975 
0.13579930638381416 0.18338554277566668 
0.1157707951628529 0.19229445739286943 
0.1157707951628529 0.19229445739286943 
0.09983257741326623 0.2077012512666125 
0.09609330346977765 0.2022309342512446 
0.09609330346977765 0.2022309342512446 
0.09609330346977765 0.2022309342512446 
0.10115947317312697 0.1853347946493654 
0.1172338710684146 0.18662430567777227 
0.07927405093553394 0.19976206701512533 
0.07042607806809671 0.2014739316790195 
0.06948082991676681 0.19021308640114926 
0.06948082991676681 0.19021308640114926 
0.06948082991676681 0.19021308640114926 
0.07119913110527432 0.18690363343467678 
0.0661331252338644 0.188503800178513 
0.0661331252338644 0.188503800178513 
0.0659979565308977 0.18912404778917863 
0.0659979565308977 0.18912404778917863 
0.06606243170292156 0.19199890972282094 
0.06664007475995944 0.1919949461645436 
0.06431599800556624 0.1931496882680123 
0.06334566636409333 0.198047571950851 
0.06322563905354875 0.1984812768217171 
0.08431065141428311 0.18021027479435145 
0.06379560308202183 0.1786896568468246 
0.06379560308202183 0.1786896568468246 
0.06379560308202183 0.1786896568468246 
0.06379560308202183 0.1786896568468246 
0.06379560308202183 0.1786896568468246 
0.0988846450250068 0.17623125846112742 
0.08884224722960335 0.1762812086400381 
0.08884224722960335 0.1762812086400381 
0.08884224722960335 0.1762812086400381 
0.08219689556658942 0.17418330218977635 
0.07963903790685276 0.17206616406337621 
0.10765009915842225 0.1728103008643428 
0.10765009915842225 0.1728103008643428 
0.10765009915842225 0.1728103008643428 
0.0792459764378381 0.1724946074711903 
0.07253431605284022 0.17768533612509702 
0.07253431605284022 0.17768533612509702 
0.07253431605284022 0.17768533612509702 
0.10472599417694811 0.1728387973210452 
0.10844072588837958 0.17874196814878235 
0.10944635646341042 0.1800335318341038 
0.1289405377419567 0.18777959338317715 
0.1289405377419567 0.18777959338317715 
0.13883780659687023 0.1833767428222661 
0.1368043413171019 0.1766269457915897 
0.14634782592389592 0.17821741063427451 
0.14827459074285276 0.177370431921033 
0.16338804513847804 0.1764698245477378 
0.16191440610767707 0.17616531507086247 
0.1586003493511637 0.1738905067098624 
0.1676963530261126 0.17422779129883634 
0.1676963530261126 0.17422779129883634 
0.17033683483483114 0.1738293396046245 
0.17033683483483114 0.1738293396046245 
0.17033683483483114 0.1738293396046245 
0.17754959257771777 0.17309496713125527 
0.18028438210474423 0.17364076896363462 
0.18028438210474423 0.17364076896363462 
0.18028438210474423 0.17364076896363462 
0.18028438210474423 0.17364076896363462 
0.18028438210474423 0.17364076896363462 
0.18028438210474423 0.17364076896363462 
0.18028438210474423 0.17364076896363462 
0.18028438210474423 0.17364076896363462 
0.177470843796999 0.17412062781183926 
0.170600489209019 0.17385326751555077 
0.1326893943556363 0.17359280800504345 
0.1360840786472591 0.1722037421908137 
0.1360840786472591 0.1722037421908137 
0.1360840786472591 0.1722037421908137 
0.13990323162964907 0.17270644145449546 
0.15703484369125376 0.17920067544264823 
0.1262840547114421 0.1749478540346345 
0.12377773103108905 0.1712302148864015 
0.13865910569496942 0.1726882113519194 
0.16933588743905287 0.17005291080352872 
0.16933588743905287 0.17005291080352872 
0.15414781223642537 0.17768826978435606 
0.1525793204556225 0.17822575234502416 
0.15572085862606747 0.17795959396639058 
0.14949651175460993 0.17566674669499405 
0.14949651175460993 0.17566674669499405 
0.14949651175460993 0.17566674669499405 
0.14949651175460993 0.17566674669499405 
0.14949651175460993 0.17566674669499405 
0.15742835612526157 0.17575587219484745 
0.16791134764373516 0.1770519797286474 
0.15175012381500966 0.17565760724856702 
0.1701311638437265 0.18495487718146308 
0.1699657426163115 0.18504576551214105 
0.168963994322398 0.1851451885228331 
0.16974839396135305 0.18562408044908027 
0.16916348072650572 0.18281396074768985 
0.15052500565613833 0.17815798692747462 
0.12936832167736176 0.17438745339353168 
0.10455988105641341 0.16486172070563482 
0.10455988105641341 0.16486172070563482 
0.07205993614864609 0.16300614217485254 
0.07205993614864609 0.16300614217485254 
0.07205993614864609 0.16300614217485254 
0.0715018312436652 0.1635089906922362 
0.0715018312436652 0.1635089906922362 
0.08196609521400236 0.16864102813234286 
0.0811741001030848 0.1632410937312547 
0.07919097071139576 0.1633775771814171 
0.07879608993114544 0.1646902393064841 
0.07960392407539438 0.16556076720044335 
0.08451203645919005 0.17118146879478932 
0.08452669102145031 0.1714164433063502 
0.0871252306185664 0.17355609455340937 
0.07202886580101668 0.18137055901174298 
0.07202886580101668 0.18137055901174298 
0.07353297876234502 0.18142784654911426 
0.07031122734820118 0.1803479183584517 
0.07031122734820118 0.1803479183584517 
0.06694161471622488 0.1858030232645201 
0.06694161471622488 0.1858030232645201 
0.11418693249918653 0.180242869281726 
0.11418693249918653 0.180242869281726 
0.10196547624982377 0.18226852413986935 
0.117450940953671 0.1787680626831718 
0.11363822250851582 0.1784143408114614 
0.12271313791769234 0.18594767312578978 
0.12271313791769234 0.18594767312578978 
0.11127607013684901 0.17806866874019256 
0.10792561816666522 0.1788742125398113 
0.11194651256270953 0.17801663156566164 
0.08541243235943664 0.18531330343000227 
0.0854016239041302 0.18523330944852356 
0.09450775284956837 0.1918160539344345 
0.09450775284956837 0.1918160539344345 
0.09450775284956837 0.1918160539344345 
0.11582580693236527 0.19647103568381546 
0.11582580693236527 0.19647103568381546 
0.11582580693236527 0.19647103568381546 
0.12267917794261946 0.18864971309414943 
0.12267917794261946 0.18864971309414943 
0.12267917794261946 0.18864971309414943 
0.12448322231236006 0.18994571755258308 
0.124053130795168 0.1910551830652771 
0.1145681200667435 0.19301006335802734 
0.1145681200667435 0.19301006335802734 
0.11125408161434906 0.19153432129798795 
0.10245310893411888 0.19424477628505507 
0.09514277610247501 0.18712633994752254 
0.11098034392508369 0.18617865577935383 
0.10827912228984263 0.19066477644308072 
0.11355351420128293 0.18994082723188446 
0.11358217262324229 0.18993532983289055 
0.11867515166616108 0.1893689172065173 
0.1454710786866992 0.19228632740772036 
0.14440153096743935 0.19322249359213914 
0.14186919422286995 0.18989952474233168 
0.15059535057888848 0.19298294551837827 
0.15059535057888848 0.19298294551837827 
0.14011259552060087 0.1883730852901693 
0.11729300744505383 0.18625458974500958 
0.14773629859123494 0.20392256520479912 
0.14773629859123494 0.20392256520479912 
0.1671877877242265 0.21513257976970038 
0.1671877877242265 0.21513257976970038 
0.1671877877242265 0.21513257976970038 
0.13761779458836065 0.20073529494154121 
0.13761779458836065 0.20073529494154121 
0.13761779458836065 0.20073529494154121 
0.13062411459831064 0.18832990739822392 
0.14474270646575302 0.17763820183412948 
0.16294175003369538 0.18309730797508245 
0.16294175003369538 0.18309730797508245 
0.13737904346819935 0.17188331534511106 
0.14407525184928383 0.17259903633178403 
0.15610022603881524 0.1764376866341024 
0.15610022603881524 0.1764376866341024 
0.11137557521101002 0.17865927997178874 
0.086086205632286 0.17780656346221277 
0.08244356562536609 0.17240564322991023 
0.08244356562536609 0.17240564322991023 
0.08244356562536609 0.17240564322991023 
0.07223753137811718 0.17329267788200353 
0.07223753137811718 0.17329267788200353 
0.07749884610650998 0.1780058813874559 
0.08260854494008005 0.17949620323971413 
0.08897982612540477 0.17250203097291597 
0.08897982612540477 0.17250203097291597 
0.10521179490125229 0.18204505339337512 
0.11696001883720905 0.18398330084180564 
0.10533916803290422 0.18341446937167924 
0.09167666545947306 0.1906646092377638 
0.10496330788748122 0.1838192138406343 
0.1114180765513813 0.1855930949251515 
0.11714217579890031 0.19449776917270717 
0.1138322019402481 0.19253321576318277 
0.11309482819581465 0.1888252360202975 
0.11684933287532831 0.19040496497180506 
0.11568959350270848 0.1836035191433561 
0.11563472700340761 0.18350130473519144 
0.11563472700340761 0.18350130473519144 
0.09882587055653516 0.17986748385602674 
0.09882587055653516 0.17986748385602674 
0.08479343324123167 0.18900316496165045 
0.08479343324123167 0.18900316496165045 
0.09211358773227574 0.1873461858378449 
0.08859104452918165 0.18425394734404746 
0.08841450836655139 0.18920360075326423 
0.06616559924832988 0.17930159816188793 
0.0646813231162047 0.17971546101793712 
0.0646813231162047 0.17971546101793712 
0.0646813231162047 0.17971546101793712 
0.0752076619520212 0.18091397189291572 
0.07516628939660042 0.18092237806516331 
0.0656394998131497 0.17984376254983966 
0.0656394998131497 0.17984376254983966 
0.0656394998131497 0.17984376254983966 
0.0656394998131497 0.17984376254983966 
0.06786333767366086 0.17898471978306657 
0.06786333767366086 0.17898471978306657 
0.0665467544688982 0.17983365036062887 
0.07092679993645698 0.17979665184610935 
0.06510848869339297 0.17619568390224416 
0.08278865738165901 0.17398652102464923 
0.06469490841941794 0.17297328530980735 
0.06075933158126533 0.17419088774626562 
0.06889996296615174 0.1742862606180916 
0.06889996296615174 0.1742862606180916 
0.06889996296615174 0.1742862606180916 
0.06889996296615174 0.1742862606180916 
0.06889996296615174 0.1742862606180916 
0.06889996296615174 0.1742862606180916 
0.0620459751726997 0.17552634483490864 
0.0620459751726997 0.17552634483490864 
0.06266641977471762 0.17465177704791826 
0.06266641977471762 0.17465177704791826 
0.06266641977471762 0.17465177704791826 
0.062425043952429406 0.17271826258798165 
0.062425043952429406 0.17271826258798165 
0.062425043952429406 0.17271826258798165 
0.062425043952429406 0.17271826258798165 
0.06413643668303637 0.17298939124229815 
0.06413643668303637 0.17298939124229815 
0.06413643668303637 0.17298939124229815 
0.08479540206330054 0.17474662988957584 
0.07823757255460372 0.17507168448284324 
0.07823757255460372 0.17507168448284324 
0.07610403598589986 0.17628058832792345 
0.08225842009064968 0.18103716540680853 
0.08225842009064968 0.18103716540680853 
0.08275438143922477 0.18081394452759866 
0.07351434834983689 0.1770387212144004 
0.06859164090455394 0.17875802774928168 
0.0985313410279002 0.1782292153741244 
0.12193086623845281 0.18350320581783375 
0.1253060950494751 0.17799792123954078 
0.11533343573997126 0.17279216024926058 
0.11533343573997126 0.17279216024926058 
0.11001513727098591 0.16636459741046955 
0.11001513727098591 0.16636459741046955 
0.12995957174901576 0.16627326510047866 
0.12995957174901576 0.16627326510047866 
0.12418310846502818 0.17055543665572562 
0.07957187722097342 0.16233526083217564 
0.07942847220332563 0.1624274317688496 
0.07243525845747445 0.1610062481920982 
0.07035117682945669 0.16287362668832134 
0.08721823035229948 0.16464899664280486 
0.0789565453963253 0.1629406395404804 
0.10267753333758269 0.16780869576349064 
0.10267753333758269 0.16780869576349064 
0.10267753333758269 0.16780869576349064 
0.08972720534826814 0.16681274027894463 
0.11348613375204908 0.18246985326621135 
0.11489005847924405 0.17536539902760298 
0.09535344853019632 0.18141107081620025 
0.08892059215678946 0.18249959057792972 
0.06834049687182597 0.18576614978315764 
0.06834049687182597 0.18576614978315764 
0.08210776006527148 0.18685967889043326 
0.0942520808194399 0.18669571557206077 
0.09597955955460008 0.18668676434022388 
0.08399620352588787 0.1960980521188227 
0.07012770983284197 0.19858023021904705 
0.07012770983284197 0.19858023021904705 
0.11028051202170612 0.18921435027561356 
0.12524596014725184 0.1809967069396652 
0.12297086022486642 0.1797329357220546 
0.14869001079211566 0.18144976681637393 
0.15586597002061298 0.17662161820631894 
0.1482829799840625 0.17649096731486674 
0.1482829799840625 0.17649096731486674 
0.16670866135978563 0.17973577059398232 
0.1655547204701048 0.18398787111838755 
0.1655547204701048 0.18398787111838755 
0.16281613219907928 0.18607793978613296 
0.16281613219907928 0.18607793978613296 
0.16281613219907928 0.18607793978613296 
0.18064015092144758 0.18196016057470463 
0.16872498123989704 0.18223612392451108 
0.17523054085278478 0.18829080044535448 
0.17403693678748988 0.18443233350582192 
0.154803576156275 0.1810112084486927 
0.154803576156275 0.1810112084486927 
0.15104657490822504 0.18078557284813426 
0.15681296099048378 0.1831012120255927 
0.1690449643683331 0.1839315180329935 
0.17083321512826494 0.18413472910289472 
0.1635277777258188 0.18445066663620246 
0.1536968207796111 0.1834108734874145 
0.15263268635104188 0.18953564386438926 
0.1295401063254405 0.18130317824861336 
0.1295401063254405 0.18130317824861336 
0.12797656363686954 0.17948793890795803 
0.13974430648640598 0.18669610052450353 
0.1495687373577078 0.18217857892851302 
0.15487245672754635 0.1837056518180124 
0.15487245672754635 0.1837056518180124 
0.14291643811674007 0.18906723628038713 
0.14291643811674007 0.18906723628038713 
0.15744947117916683 0.19422255696537266 
0.15231105193208797 0.19582682051771486 
0.15231105193208797 0.19582682051771486 
0.15231105193208797 0.19582682051771486 
0.15952738267122735 0.19944160959177304 
0.15766492373767377 0.21739682788956702 
0.15068683669317343 0.21160308557473287 
0.15389191611881262 0.20193706453703936 
0.15389191611881262 0.20193706453703936 
0.15389191611881262 0.20193706453703936 
0.1365759654971546 0.19481834066322956 
0.1360393930204625 0.1947814849697557 
0.13924433516117957 0.1904738407912283 
0.15306928931455077 0.1905475318396934 
0.15306928931455077 0.1905475318396934 
0.13638347717881624 0.1791487826624064 
0.12966935949084352 0.17045235063478464 
0.12966935949084352 0.17045235063478464 
0.12966935949084352 0.17045235063478464 
0.12966935949084352 0.17045235063478464 
0.13327006541618636 0.16877175571270378 
0.13327006541618636 0.16877175571270378 
0.13621431809804377 0.16747479987324232 
0.1435038827919603 0.16771908683587175 
0.14427418446187543 0.1667348499116665 
0.15229157260806775 0.17153977230029754 
0.15004815831486962 0.16905951699332647 
0.15004815831486962 0.16905951699332647 
0.15274987336044243 0.17130594473202254 
0.15274987336044243 0.17130594473202254 
0.16071215042026116 0.1707108734676783 
0.16263443423593293 0.17078532239003336 
0.13860270766857352 0.1716669720669826 
0.13860270766857352 0.1716669720669826 
0.13879549985648063 0.17176296329880653 
0.12083678715737717 0.1745410706847939 
0.11695226470213957 0.1743561622831202 
0.1005866927349023 0.17862524347945186 
0.1005866927349023 0.17862524347945186 
0.0806666935940333 0.18245976134555666 
0.0806666935940333 0.18245976134555666 
0.0806666935940333 0.18245976134555666 
0.09152315233450514 0.1765152844639018 
0.1104762075360751 0.17501794889547595 
0.10581796695796633 0.1753084914583699 
0.11065382511858343 0.175912690584916 
0.10624926992549039 0.1748942133791489 
0.10363436717897101 0.1757858526719457 
0.10363436717897101 0.1757858526719457 
0.08441831339493538 0.17465925815164168 
0.08441831339493538 0.17465925815164168 
0.08351185080682812 0.17515943771417136 
0.07513770896993209 0.17271794785473607 
0.07513770896993209 0.17271794785473607 
0.07577257354228702 0.17291247472943877 
0.07112674769641239 0.17360861263759192 
0.07398076373038777 0.1745911178607802 
0.09840957575836995 0.17142720025677005 
0.09891546979910995 0.17107169374607856 
0.1002809790270451 0.170859282139442 
0.10102381420160784 0.17233881512665344 
0.10102381420160784 0.17233881512665344 
0.10712628510470582 0.17505184537863785 
0.11743645191148622 0.17441690625953912 
0.11156695534606216 0.175109262868149 
0.15093117435681536 0.17053788666448427 
0.1470629399691283 0.171234492896705 
0.14452701581313604 0.16935715383867259 
0.1573127975862589 0.16740603352474193 
0.1657406988798932 0.1682517567685893 
0.1679718224462274 0.16819052742792262 
0.1613027189701605 0.16855603890960064 
0.1434495484460545 0.16984119241742343 
0.16452741629719983 0.17148824239527605 
0.16221458353737891 0.17111534344112128 
0.180226341954972 0.17147840831480496 
0.180226341954972 0.17147840831480496 
0.180226341954972 0.17147840831480496 
0.180226341954972 0.17147840831480496 
0.180226341954972 0.17147840831480496 
0.17067349873330886 0.1806422812050645 
0.17067349873330886 0.1806422812050645 
0.17135848123757905 0.18189242540669423 
0.17135848123757905 0.18189242540669423 
0.1715619633040926 0.18131898563895482 
0.15050410065243647 0.18199352328899024 
0.15050410065243647 0.18199352328899024 
0.15427010975924063 0.17740117339456976 
0.1172159680914198 0.1745896178976764 
0.1286517254058901 0.17642458097350594 
0.1048666926721916 0.18445545866806135 
0.10511667654016875 0.17857593071346148 
0.10511667654016875 0.17857593071346148 
0.11104698559254152 0.17764417876005528 
0.10902744237956086 0.1807855865976997 
0.13523998231303325 0.18813336403144543 
0.1415543001709094 0.19145101171007944 
0.1415543001709094 0.19145101171007944 
0.1458310718264768 0.19651820775109324 
0.1309507734008781 0.19111297977069563 
0.1309507734008781 0.19111297977069563 
0.15271407037399723 0.2055762157877643 
0.15271407037399723 0.2055762157877643 
0.153815667238839 0.19547202482414694 
0.153815667238839 0.19547202482414694 
0.15606933601210882 0.19828237779360136 
0.14239233719150624 0.18670091688056242 
0.14067516593367488 0.18605326215953621 
0.168599359961281 0.2011954186589953 
0.168599359961281 0.2011954186589953 
0.15006232890728405 0.18826069646062754 
0.13106488369832892 0.18483832793045465 
0.1263064210175432 0.1792947798920426 
0.14942250415390954 0.1800653736136249 
0.12431400134927503 0.1698344279478884 
0.12431400134927503 0.1698344279478884 
0.12587409615914794 0.1705770313274814 
0.13020911088716677 0.16967626873075806 
0.13009240346737053 0.16955798734608504 
0.10417977501325043 0.17529401809530798 
0.10308332062458007 0.17448661998490572 
0.10125752805044697 0.1750526121884909 
0.0840811140128383 0.18034670534235533 
0.07880096460475114 0.17592964147139156 
0.10309615795016844 0.17470595730956445 
0.10253339686578927 0.17468782477327144 
0.10253339686578927 0.17468782477327144 
0.10253339686578927 0.17468782477327144 
0.09809789161202828 0.17668665856750682 
0.09650594285070423 0.1661911336968873 
0.09650594285070423 0.1661911336968873 
0.10233397736277397 0.16523650258167633 
0.10323238927651664 0.16550937105351005 
0.10323238927651664 0.16550937105351005 
0.10323238927651664 0.16550937105351005 
0.10697316535922771 0.16672471803737962 
0.11263392520374231 0.16672089076455232 
0.11263392520374231 0.16672089076455232 
0.1276899163475989 0.16376602926487305 
0.12764976657957502 0.16235711580942813 
0.12847462202412144 0.1612476509244857 
0.1280441583636778 0.16171674152611704 
0.10874837692188483 0.16910330149968295 
0.09726525723321124 0.15574898818104796 
0.09771626033159993 0.15583985646761028 
0.1369705899731144 0.16848071516716337 
0.13682050009624167 0.17219554551278746 
0.13230763741716495 0.17270891928140655 
0.13230763741716495 0.17270891928140655 
0.12350964671745873 0.16952793169062622 
0.12327877227049104 0.17032638127649583 
0.15914799733182275 0.16749239103803087 
0.15143908873559822 0.1708023082843367 
0.15143618315472895 0.17080153195876177 
0.17162330381944285 0.1740663418516921 
0.17162330381944285 0.1740663418516921 
0.17162330381944285 0.1740663418516921 
0.17162330381944285 0.1740663418516921 
0.150508488488513 0.17770610964070782 
0.13359602799019474 0.1762191644974363 
0.1082525098473057 0.1780151694123207 
0.1069943126388152 0.1771562139717661 
0.06282165047665379 0.17551992858301524 
0.06282165047665379 0.17551992858301524 
0.08934095070417836 0.17435771458770852 
0.06960285983813967 0.17048267316907156 
0.06656136807641061 0.16997326901251833 
0.09795020433918286 0.16472355910729852 
0.09795020433918286 0.16472355910729852 
0.0852340531990838 0.16310012030849075 
0.08683099238248003 0.16238211523181834 
0.08683099238248003 0.16238211523181834 
0.09200702714516742 0.16576417049416933 
0.09200702714516742 0.16576417049416933 
0.07553451987987662 0.16529071682154461 
0.07553451987987662 0.16529071682154461 
0.07553451987987662 0.16529071682154461 
0.07401171402329504 0.16912374309273784 
0.07401171402329504 0.16912374309273784 
0.06997924249656565 0.16022080941848618 
0.08148812365747565 0.164746202162022 
0.08481005978965331 0.17490436186178224 
0.08580844853046787 0.17498070336280197 
0.06433281912188779 0.17637769809747453 
0.06433281912188779 0.17637769809747453 
0.06223810903312488 0.176494570662338 
0.08325428878614897 0.17309485640235608 
0.08325428878614897 0.17309485640235608 
0.06295880081619983 0.17740408019047907 
0.06295880081619983 0.17740408019047907 
0.06295880081619983 0.17740408019047907 
0.06295880081619983 0.17740408019047907 
0.0620894625844022 0.17733582241670742 
0.0620894625844022 0.17733582241670742 
0.09608262002596751 0.18163339460218736 
0.09604269052471225 0.1821184719983524 
0.09604269052471225 0.1821184719983524 
0.09604269052471225 0.1821184719983524 
0.0923011250855278 0.17990551701938268 
0.10120990206159497 0.18090575163302408 
0.10418376658126799 0.18018242660497566 
0.09970818238320259 0.18025651552643265 
0.10957651034566718 0.17917239284733233 
0.12792199424476294 0.1778733171747659 
0.13004178414502532 0.17780995793144616 
0.12028618576784658 0.18025641197172582 
0.14730569272289123 0.17818627597856562 
0.14730569272289123 0.17818627597856562 
0.14535236062445384 0.1782888779569181 
0.14802887036332857 0.18010925140118575 
0.14528892790916992 0.1815831328493631 
0.14198960741974928 0.18108107092387413 
0.15689801590541397 0.1894508156250515 
0.15689801590541397 0.1894508156250515 
0.12302175491943029 0.18497502199002147 
0.12791014863003622 0.18534874676238222 
0.12128901449867929 0.18486046523142613 
0.11792537962424576 0.18511067808843246 
0.10103209486928486 0.1876643233680364 
0.08144242819349079 0.1803364364698598 
0.09654973944000769 0.18219561348693242 
0.09534368308448712 0.18628843638443499 
0.10081028403710265 0.18755118221760383 
0.1010919057359186 0.18605183096484523 
0.09712685903815922 0.18285998211729115 
0.09562307864436123 0.18744000424473856 
0.09562307864436123 0.18744000424473856 
0.128131438637384 0.1733294924713586 
0.14862149324140678 0.17606525341643467 
0.1449226329767004 0.17413559385118357 
0.1449226329767004 0.17413559385118357 
0.14491730056661467 0.17563553191605696 
0.14534630130424342 0.1758355473447986 
0.14704434675384395 0.17588132756015917 
0.15096380926728503 0.17710277017256132 
0.15074565612926094 0.1771204784456662 
0.15385943263583152 0.17392418731489423 
0.15987572285893065 0.16750796193300743 
0.16048051753825787 0.16653149888512309 
0.15836199966340064 0.1663790467105253 
0.16246260476121105 0.1628507605656449 
0.16658369150928445 0.15968348033785051 
0.17314895341084138 0.153651761895494 
0.17314895341084138 0.153651761895494 
0.1711650050826412 0.15760620041638915 
0.1711650050826412 0.15760620041638915 
0.13388638313482704 0.1643679534947224 
0.14867483409736937 0.15594182272415516 
0.13979774268073134 0.1581380608089471 
0.13818040075550322 0.1605055815914398 
0.11944786247244174 0.1662685228871776 
0.11944786247244174 0.1662685228871776 
0.11944786247244174 0.1662685228871776 
0.1188476120328357 0.16585523038817218 
0.12238975049848763 0.16626096188733863 
0.09032654997486173 0.1558414265549389 
0.09032654997486173 0.1558414265549389 
0.09032654997486173 0.1558414265549389 
0.09032654997486173 0.1558414265549389 
0.09032654997486173 0.1558414265549389 
0.08961159249377612 0.15570089782618754 
0.08544227206879058 0.15369420340418846 
0.08049413655894594 0.16341143242279837 
0.07701522455934909 0.16183667409101463 
0.07701522455934909 0.16183667409101463 
0.0825564883546561 0.16165987351883318 
0.07934902618849146 0.16354241686492077 
0.07839924571897981 0.1647757393460066 
0.07839924571897981 0.1647757393460066 
0.09377326377364077 0.16771295873568925 
0.09377326377364077 0.16771295873568925 
0.10168534934832432 0.16853220942432476 
0.11501809923980298 0.17321111609641612 
0.09022658829541522 0.1717728003240146 
0.06370774847833348 0.17601941997957446 
0.06370774847833348 0.17601941997957446 
0.06370774847833348 0.17601941997957446 
0.06370774847833348 0.17601941997957446 
0.06370774847833348 0.17601941997957446 
0.06370774847833348 0.17601941997957446 
0.06373968980599296 0.18281489735010897 
0.09086693013095419 0.1808159797364871 
0.09271991023821091 0.18078770388657003 
0.08826927070916944 0.1761123634193597 
0.08178438017859174 0.17742243087942197 
0.10967565808876908 0.1777024520726292 
0.11214702520896638 0.1781617743891554 
0.13733170695665298 0.17064101708352858 
0.13970100780350614 0.17092824519771 
0.13970100780350614 0.17092824519771 
0.11771722299332452 0.17796845967777297 
0.10108901114271591 0.17160744497394553 
0.09145893297061244 0.1716655614900192 
0.08880640191226655 0.16943000477446093 
0.10877289528317215 0.17653327057671395 
0.10877289528317215 0.17653327057671395 
0.11076378494273083 0.17696606740412016 
0.13076472498950376 0.1782757149662049 
0.13288518428004845 0.1780284529595625 
0.13835752467880427 0.17718869386177855 
0.12244758033051417 0.18017812199775876 
0.12244758033051417 0.18017812199775876 
0.12244758033051417 0.18017812199775876 
0.12584121852492308 0.17631581372429495 
0.08902561879330396 0.17373840403181826 
0.08902561879330396 0.17373840403181826 
0.09838566514968872 0.17027826555238415 
0.11036519554873085 0.17441669449321046 
0.11233671305423218 0.17371092533167048 
0.11233671305423218 0.17371092533167048 
0.11233671305423218 0.17371092533167048 
0.113373236715441 0.17381921864604472 
0.15099420947780462 0.18527948508239242 
0.12258233839687618 0.18306804579796968 
0.11488385419830646 0.18425511340307651 
0.11488385419830646 0.18425511340307651 
0.12459294826903128 0.1882629667252364 
0.092503189645619 0.1904342792034637 
0.08742802550611325 0.19305281271713412 
0.08799773128896637 0.18237002703474464 
0.08799824780637737 0.18236996452859147 
0.08799824780637737 0.18236996452859147 
0.09004369450511007 0.1842888639607031 
0.09004369450511007 0.1842888639607031 
0.09025066016561513 0.18375500905481773 
0.08310287844609013 0.19209710503251695 
0.08417670057383617 0.19167807242509952 
0.08417670057383617 0.19167807242509952 
0.08387865959061404 0.1917640863089184 
0.06992579066795764 0.1896088300319512 
0.08197153321954824 0.18448034137515895 
0.08197153321954824 0.18448034137515895 
0.09140752667545629 0.19502997351993456 
0.09362563996749029 0.19138479925523974 
0.08823962139270158 0.1928044248229373 
0.10143956197442336 0.18207668602682453 
0.09576940318732739 0.1807049015538847 
0.08666172212663481 0.18180670315353045 
0.10989085926103534 0.17356517415584088 
0.08948689483300923 0.17210017272284994 
0.093817259564075 0.17324258550397947 
0.06588964060888816 0.18649846503144651 
0.06588964060888816 0.18649846503144651 
0.06588964060888816 0.18649846503144651 
0.06588964060888816 0.18649846503144651 
0.06588964060888816 0.18649846503144651 
0.06588964060888816 0.18649846503144651 
0.06588964060888816 0.18649846503144651 
0.06588964060888816 0.18649846503144651 
0.0624946826389675 0.18743586812361027 
0.08750091035356924 0.18348621275331037 
0.08750091035356924 0.18348621275331037 
0.08871305649806449 0.18303310680440057 
0.08871305649806449 0.18303310680440057 
0.08063160707715278 0.17609715067155546 
0.08063160707715278 0.17609715067155546 
0.08063160707715278 0.17609715067155546 
0.09668814226420569 0.17008312219505783 
0.10813998608039917 0.16998282453550978 
0.09675769567089212 0.17302459692097052 
0.09675769567089212 0.17302459692097052 
0.07861088292185674 0.172548401807216 
0.09690947467609727 0.1743037935704478 
0.08231738719957328 0.1807462587645935 
0.09157171117364704 0.17165074996814092 
0.09139936827848245 0.1701858768539331 
0.08747092378810337 0.17403532333326113 
0.08747092378810337 0.17403532333326113 
0.08981976273155752 0.1745350951432738 
0.08981976273155752 0.1745350951432738 
0.08655195956459051 0.17490520900594242 
0.08655195956459051 0.17490520900594242 
0.08172336315187273 0.17458918387303235 
0.08172336315187273 0.17458918387303235 
0.09157569101132922 0.18065884289295164 
0.08735393750856851 0.18003243120006007 
0.06411803058500051 0.18084744898135663 
0.06411803058500051 0.18084744898135663 
0.06411803058500051 0.18084744898135663 
0.06524509200752916 0.1781268770047822 
0.06524509200752916 0.1781268770047822 
0.06515772046748171 0.18099802149452895 
0.06515772046748171 0.18099802149452895 
0.06270006273508018 0.18077704095121538 
0.06270006273508018 0.18077704095121538 
0.06739100161920988 0.1802635635996904 
0.06739100161920988 0.1802635635996904 
0.06739100161920988 0.1802635635996904 
0.06739100161920988 0.1802635635996904 
0.06739100161920988 0.1802635635996904 
0.06739100161920988 0.1802635635996904 
0.07236688263938594 0.17890698641208622 
0.07236688263938594 0.17890698641208622 
0.06900433225728295 0.18011032969990196 
0.0698305842360306 0.1908840518626411 
0.0698305842360306 0.1908840518626411 
0.0698305842360306 0.1908840518626411 
0.07655412100909052 0.18839568719006095 
0.09780582395017504 0.18409362604297627 
0.10632026515213475 0.18216028549532431 
0.09471256829840541 0.18218485768977305 
0.11526836625183125 0.1793303930604367 
0.11741562827076393 0.17899643449295755 
0.1250266777957876 0.18035763029475094 
0.149284284343307 0.18062080037757627 
