0.08331610224105013 0.16010357439580628 
0.08331610224105013 0.16010357439580628 
0.08331610224105013 0.16010357439580628 
0.08331610224105013 0.16010357439580628 
0.09394530709361454 0.16204119106886752 
0.09394530709361454 0.16204119106886752 
0.0928984827449176 0.1640978075429129 
0.0928984827449176 0.1640978075429129 
0.0928984827449176 0.1640978075429129 
0.10994849895705339 0.1713893425915814 
0.1202192663556417 0.17203251738326455 
0.11306882445759975 0.16943348179002218 
0.11442710729805576 0.16858989851257275 
0.11343913735828234 0.16147639237442668 
0.10858318249428897 0.1612049928122154 
0.11113556558612889 0.15563997639989638 
0.11050879763693404 0.15754200647764682 
0.11050879763693404 0.15754200647764682 
0.0964594686401062 0.1647560024773686 
0.11004644590335187 0.16992150472827777 
0.10395532115514493 0.1720721280866301 
0.13263416186615695 0.17001397468043106 
0.13263416186615695 0.17001397468043106 
0.1343125538506878 0.17288036648721858 
0.1316281711913571 0.17312732639222528 
0.1460159230601126 0.1687614857691629 
0.1534128144169768 0.1686121892414319 
0.1754102992106752 0.17106220013562126 
0.16180721856236033 0.17016465910425244 
0.16962968432722786 0.1700714234744565 
0.1737052172446004 0.1669907309051635 
0.17590392720679204 0.16554647108273923 
0.17590392720679204 0.16554647108273923 
0.17613630902298827 0.15612522437643866 
0.17613630902298827 0.15612522437643866 
0.17507095692291985 0.16405828252990276 
0.17507095692291985 0.16405828252990276 
0.17507095692291985 0.16405828252990276 
0.177321569498834 0.1556239933480576 
0.15950684994152936 0.16272107473042058 
0.16099776084318623 0.15837954436642826 
0.17149065003974376 0.1555881348490484 
0.14339749512699207 0.17604571595095578 
0.14346708368846045 0.17611210260993032 
0.14346708368846045 0.17611210260993032 
0.11134247011890022 0.17079268055629507 
0.11035617011042659 0.17444724545933718 
0.10793486550558615 0.17398073469725872 
0.10213772299400413 0.16553629232161823 
0.08484034331315102 0.17460550618114568 
0.08484034331315102 0.17460550618114568 
0.08484034331315102 0.17460550618114568 
0.08484034331315102 0.17460550618114568 
0.08484034331315102 0.17460550618114568 
0.062221086335509004 0.17729114019077202 
0.07220441742496535 0.17956433491843035 
0.07220441742496535 0.17956433491843035 
0.07827761440805532 0.17920302220277964 
0.07682800940836582 0.17946630185134024 
0.0920732064663048 0.17950525809424894 
0.0920732064663048 0.17950525809424894 
0.0920732064663048 0.17950525809424894 
0.0987613972813198 0.1867658910472811 
0.10768150406886556 0.17955363559525891 
0.12545339233135952 0.17800244555586184 
0.1203598632353835 0.17510385503879636 
0.14102088147144343 0.17221942685784725 
0.13988294760752443 0.17067242351034267 
0.15182694108177908 0.16864468217417802 
0.1342705875219669 0.16320893016203847 
0.11294636986085077 0.166617830782031 
0.11249232350164415 0.16710049913896027 
0.11249232350164415 0.16710049913896027 
0.11249232350164415 0.16710049913896027 
0.10206165512570056 0.1647344861338507 
0.10421244272837751 0.1588496313028156 
0.10073637983004181 0.16372339889321352 
0.10073637983004181 0.16372339889321352 
0.12021021138002368 0.17068705731211703 
0.12982195215495018 0.161855094599392 
0.12966963315376623 0.1619609594388958 
0.1395970827927923 0.16644026272898896 
0.1529229421366353 0.16711496773427015 
0.1529229421366353 0.16711496773427015 
0.1495716855901024 0.16722882706351264 
0.14555187263124209 0.1650362599390091 
0.150059286863513 0.17041649066416173 
0.150059286863513 0.17041649066416173 
0.1565994910506475 0.17573042186213975 
0.14316705730997847 0.17702537269160676 
0.14316705730997847 0.17702537269160676 
0.11862267257190047 0.18264860955146475 
0.11693329499249028 0.18289080739602614 
0.11848123638873265 0.18369059568252957 
0.11767177886548198 0.18973034499168662 
0.13653242337147972 0.18754463891454717 
0.12280066564581163 0.19308185428507782 
0.12719941971442034 0.19148132049388986 
0.12831371866851335 0.19431602493397232 
0.12831371866851335 0.19431602493397232 
0.14098521479812187 0.20020682000702356 
0.1412467455058632 0.2003131653390381 
0.16106215675191166 0.20705831412721717 
0.16106215675191166 0.20705831412721717 
0.16106215675191166 0.20705831412721717 
0.1618944022068793 0.20993622927699182 
0.16471957806242152 0.2016091851127762 
0.16645605812429626 0.19552846471861984 
0.1633348747324163 0.18906124542928493 
0.1768315535500024 0.19677976924743987 
0.13378200331745038 0.18166461952192425 
0.10952450748812795 0.17479557131406367 
0.10952450748812795 0.17479557131406367 
0.10954764191521468 0.17463188077335115 
0.1014836002090769 0.178759388551157 
0.10123624222822156 0.17981583065568074 
0.09323568092476679 0.18544740647454505 
0.09374212833070088 0.1852489508575705 
0.0955383977518334 0.18861446739426888 
0.09096420354659875 0.1862986021711744 
0.06926398286773867 0.19030789508404403 
0.06938974583069682 0.19020451138698735 
0.08762388417150394 0.19179761385248156 
0.08762388417150394 0.19179761385248156 
0.0958605838941951 0.18826357264257246 
0.0958605838941951 0.18826357264257246 
0.09844004261712551 0.17726925814608446 
0.10037744610228863 0.1769839802193444 
0.10037744610228863 0.1769839802193444 
0.09728999088312446 0.1777054776169795 
0.0808722873612179 0.18921867673546033 
0.08285549758043195 0.1827889383696862 
0.08431623013893992 0.1797319642317243 
0.08830373971780613 0.17702294464232396 
0.08756132043161631 0.1763304117083849 
0.06303253567781521 0.1747504780663427 
0.06988849839162475 0.17107711570718065 
0.06988849839162475 0.17107711570718065 
0.06988849839162475 0.17107711570718065 
0.08846814710431143 0.1722516679083209 
0.08989985559172262 0.17396122788476878 
0.10264807193063438 0.17486062413362777 
0.08884627264435457 0.17201797020097648 
0.06427813482787513 0.16976125969377495 
0.06427813482787513 0.16976125969377495 
0.06427813482787513 0.16976125969377495 
0.06427813482787513 0.16976125969377495 
0.06814582455300758 0.1701528509998664 
0.10617789208223383 0.1826657157548509 
0.10807461581782861 0.18315710151889544 
0.0998832292523772 0.18667614098657345 
0.0998832292523772 0.18667614098657345 
0.09513926129988204 0.18767179963561778 
0.09959267158423077 0.19119313872283775 
0.09975734761553112 0.1911545384166367 
0.08867812104832287 0.19694803616715736 
0.08867812104832287 0.19694803616715736 
0.09267644617944415 0.20456084399620156 
0.09267644617944415 0.20456084399620156 
0.09267644617944415 0.20456084399620156 
0.09267644617944415 0.20456084399620156 
0.08947170067462602 0.19440192282499616 
0.10341819462825988 0.20388502866004993 
0.11310297104324923 0.21637309182820083 
0.11310297104324923 0.21637309182820083 
0.11168331001583762 0.2137488814104906 
0.11493924735076004 0.20255074795818437 
0.11493924735076004 0.20255074795818437 
0.11493924735076004 0.20255074795818437 
0.11493924735076004 0.20255074795818437 
0.11493924735076004 0.20255074795818437 
0.11493924735076004 0.20255074795818437 
0.11493924735076004 0.20255074795818437 
0.12958634017843676 0.18631375952771773 
0.09974330914443374 0.1933073476606464 
0.09974330914443374 0.1933073476606464 
0.09974330914443374 0.1933073476606464 
0.09849906511101171 0.19404405788707332 
0.10825491743467501 0.19855468818299649 
0.10797456315573452 0.19889734370803186 
0.10797456315573452 0.19889734370803186 
0.1091461186253339 0.18862281175620943 
0.10193507132152373 0.18897955432681723 
0.0989463718135306 0.1920570014185828 
0.0989463718135306 0.1920570014185828 
0.10002250915573468 0.189435203203645 
0.07667228306684963 0.19552642502037523 
0.06660390491827164 0.20152370650905255 
0.08679218975435186 0.1987112972969485 
0.08453840287052229 0.19700032437572598 
0.08453840287052229 0.19700032437572598 
0.085549265388929 0.19828015235866508 
0.08217774180607082 0.19878630825766624 
0.0878977637117461 0.19294868831804587 
0.07438384499806713 0.1959314822772382 
0.09982481160443568 0.19047456546038558 
0.09982481160443568 0.19047456546038558 
0.0989557651824126 0.18875971973333217 
0.0961506586540892 0.18201738537070164 
0.08523226741536087 0.18122522200846153 
0.07654839769451235 0.18890171767421465 
0.08571166445336995 0.18572942633443637 
0.08571166445336995 0.18572942633443637 
0.08152484131552803 0.1914647594144545 
0.09345192121468529 0.1873468842240163 
0.09345192121468529 0.1873468842240163 
0.08094853335630219 0.18136047330628063 
0.09132053478172017 0.17850099380177445 
0.0866518823171756 0.1825214308377313 
0.08352322652175222 0.1858703823852036 
0.08352322652175222 0.1858703823852036 
0.08352322652175222 0.1858703823852036 
0.08245305063060858 0.18620741235638866 
0.09708206121791198 0.18128501849802497 
0.09708206121791198 0.18128501849802497 
0.09593638039943206 0.18194908970164256 
0.09593638039943206 0.18194908970164256 
0.07257256695716284 0.1841408955207379 
0.07257256695716284 0.1841408955207379 
0.06411536178572005 0.18701399599064927 
0.06411536178572005 0.18701399599064927 
0.06411536178572005 0.18701399599064927 
0.06411536178572005 0.18701399599064927 
0.06411536178572005 0.18701399599064927 
0.06387339823118417 0.18712837963425122 
0.06387339823118417 0.18712837963425122 
0.06387339823118417 0.18712837963425122 
0.08764662213949319 0.1835303467512085 
0.08764662213949319 0.1835303467512085 
0.10277526008981588 0.18440166350365508 
0.10302879160652528 0.18437202220738044 
0.10363110907988803 0.18338232659387013 
0.10363110907988803 0.18338232659387013 
0.10037000992823518 0.18501596812457327 
0.09601516246815811 0.18064727280941026 
0.10815621540659445 0.18025419378962243 
0.10815621540659445 0.18025419378962243 
0.10084342799623511 0.1802282833873243 
0.10084342799623511 0.1802282833873243 
0.10510343053251282 0.18109387190113002 
0.08399770890122547 0.1858644627935414 
0.07885567956689636 0.18313627904103186 
0.07339580078699512 0.1818076490382472 
0.08379340213356978 0.1803595513097839 
0.08379340213356978 0.1803595513097839 
0.08640627644056778 0.17925333547440608 
0.08640627644056778 0.17925333547440608 
0.08293356580863508 0.17659145253244737 
0.08293356580863508 0.17659145253244737 
0.06217968705733965 0.17264704930615477 
0.08603171772869803 0.17612432504772224 
0.08603171772869803 0.17612432504772224 
0.07997658353704956 0.1728172580969538 
0.07100593831067241 0.16865032508534533 
0.07100593831067241 0.16865032508534533 
0.06658189530412578 0.16715009280183862 
0.06566076287467058 0.16799987959799914 
0.06566076287467058 0.16799987959799914 
0.06566076287467058 0.16799987959799914 
0.0777949045588631 0.16968025630624362 
0.07102792871690435 0.17003489631551807 
0.07102792871690435 0.17003489631551807 
0.06408242655505475 0.16590172061198966 
0.0724767896138147 0.17089709411163934 
0.07642473897329193 0.17102238534403016 
0.08225391074106883 0.17110707760627467 
0.08225391074106883 0.17110707760627467 
0.08225391074106883 0.17110707760627467 
0.08071061539317968 0.1739672780964965 
0.09527032851210465 0.17563187876649022 
0.10355417021817684 0.18057041622385178 
0.08375375872507684 0.15696168678008743 
0.08375375872507684 0.15696168678008743 
0.08375375872507684 0.15696168678008743 
0.08221008595659607 0.15610260021068723 
0.09075045614956267 0.15758483752601582 
0.12360707320382783 0.16196723473892607 
0.18122117579181202 0.16400820799229723 
0.18122117579181202 0.16400820799229723 
0.18122117579181202 0.16400820799229723 
0.18122117579181202 0.16400820799229723 
0.18122117579181202 0.16400820799229723 
0.16985708096016328 0.1646751037169349 
0.16985708096016328 0.1646751037169349 
0.16985708096016328 0.1646751037169349 
0.16985708096016328 0.1646751037169349 
0.17935098220844423 0.16989346207420675 
0.16755817602139014 0.1745564120764044 
0.16755817602139014 0.1745564120764044 
0.1796592599999011 0.17240096333953406 
0.1796592599999011 0.17240096333953406 
0.1796592599999011 0.17240096333953406 
0.17783821578524117 0.17250692265832418 
0.1725850467720056 0.17557106099352415 
0.16047698820862655 0.1737728194551192 
0.1391183234336008 0.17172802274742618 
0.1391183234336008 0.17172802274742618 
0.13444710369777674 0.1669400295835514 
0.14157754861721764 0.16684027612636554 
0.1466382874432819 0.16534464488037878 
0.14272550145890073 0.16344103477527502 
0.13005796316910917 0.16499529602954274 
0.13353940820911198 0.16338194048187576 
0.1251624439537316 0.1643145605593423 
0.07537371606288608 0.15847797374750353 
0.07537371606288608 0.15847797374750353 
0.0801798671606576 0.16351203809499285 
0.09196109753052531 0.17061950641643206 
0.09098311344985595 0.17031564004095895 
0.06768229281838264 0.16193591747872635 
0.06389560863058624 0.16155137509082995 
0.06389560863058624 0.16155137509082995 
0.06389560863058624 0.16155137509082995 
0.06389560863058624 0.16155137509082995 
0.07179594626006117 0.165041728515596 
0.0840133329334305 0.16537343600344848 
0.07506788403151701 0.1653697745176053 
0.07310226423137232 0.16533609993415044 
0.060848758455889 0.16260948133653924 
0.060848758455889 0.16260948133653924 
0.06936367080677332 0.1624394918186466 
0.07108772317770792 0.16293614811121465 
0.07264183275505266 0.16351983885090762 
0.07264183275505266 0.16351983885090762 
0.07264183275505266 0.16351983885090762 
0.07264183275505266 0.16351983885090762 
0.06891202023729538 0.16296385458360918 
0.06891202023729538 0.16296385458360918 
0.06891202023729538 0.16296385458360918 
0.08821620860416138 0.16792445186952268 
0.09799280458511034 0.16395217593604688 
0.10537489341237884 0.16690287314597058 
0.11289479792534428 0.16765006555862275 
0.0627676045816397 0.15643410264270197 
0.0627676045816397 0.15643410264270197 
0.0627676045816397 0.15643410264270197 
0.0627676045816397 0.15643410264270197 
0.0627676045816397 0.15643410264270197 
0.0627676045816397 0.15643410264270197 
0.0627676045816397 0.15643410264270197 
0.0627676045816397 0.15643410264270197 
0.0627676045816397 0.15643410264270197 
0.0627676045816397 0.15643410264270197 
0.0621882089762809 0.1561840818581239 
0.08014914007385596 0.15619023371013332 
0.08042364121026506 0.15543271141924467 
0.08257537017123887 0.15908801083738836 
0.08257537017123887 0.15908801083738836 
0.08150830320570507 0.15410238355136532 
0.08150830320570507 0.15410238355136532 
0.08150830320570507 0.15410238355136532 
0.08150830320570507 0.15410238355136532 
0.08150830320570507 0.15410238355136532 
0.08011198846128997 0.15239505469170733 
0.08570102421479332 0.1546299698474303 
0.08570102421479332 0.1546299698474303 
0.08570102421479332 0.1546299698474303 
0.08997225624291613 0.1589729919981085 
0.07134994465345416 0.15657206710013907 
0.07134994465345416 0.15657206710013907 
0.10103495434781212 0.17382714950930173 
0.10103495434781212 0.17382714950930173 
0.10103302945354184 0.1738311499225234 
0.10274392464462985 0.17626115439956808 
0.09986857674710425 0.17950412414511369 
0.09986857674710425 0.17950412414511369 
0.10274804849414289 0.16805428544636392 
0.1334603285291757 0.1704260329620312 
0.1334603285291757 0.1704260329620312 
0.14716548277897243 0.17281472910319984 
0.14716548277897243 0.17281472910319984 
0.12030068251679675 0.18278695100933232 
0.08608612197596778 0.19864890102835087 
0.08608612197596778 0.19864890102835087 
0.09722975167385361 0.18446439940504888 
0.09104716604733393 0.1829288036936432 
0.09235413640251788 0.18270835162958932 
0.0926459139705968 0.18168928637689588 
0.10009731904802384 0.18280924484337263 
0.10060699299438755 0.18238519399966105 
0.08560539054775627 0.18260890314870565 
0.11119022313736734 0.18143024391217777 
0.11044269220389044 0.18145769199750744 
0.11477411225949198 0.18177923289038384 
0.11849807090441271 0.18921099334489533 
0.11994117017405899 0.18269727265709218 
0.11093241420817047 0.17769922997955195 
0.1088386215402174 0.17741903208095663 
0.09347384928513057 0.15629939214216265 
0.09347384928513057 0.15629939214216265 
0.10393861841097767 0.15832272792303967 
0.10015822257662399 0.16002414492112899 
0.1179550968374948 0.16364504399318672 
0.12424549114731412 0.15670347979516347 
0.10911612440285558 0.16312910214602483 
0.1139382086890543 0.1621162297342034 
0.1091721717022189 0.1628787820599014 
0.07794438992107218 0.15904532607965677 
0.07794438992107218 0.15904532607965677 
0.07794438992107218 0.15904532607965677 
0.09313231023728387 0.1680656516251545 
0.09526013619858516 0.16682261108229862 
0.09555445050891258 0.16730897715149282 
0.09555445050891258 0.16730897715149282 
0.09555445050891258 0.16730897715149282 
0.09190682703106919 0.16628978575859246 
0.09155902178017372 0.16673736204738893 
0.08255911889711988 0.17118504681159433 
0.08630594103167655 0.17218698994343298 
0.08630594103167655 0.17218698994343298 
0.07077068405403673 0.16876699263988007 
0.07800431335517981 0.16744346116713754 
0.07288965008255234 0.16769704570525792 
0.07647715098239333 0.1676233230586623 
0.07647715098239333 0.1676233230586623 
0.07409982292440899 0.1674335056168691 
0.07409982292440899 0.1674335056168691 
0.07144416256830809 0.16744766350630172 
0.08295308526089686 0.17180265765587488 
0.06980131659420524 0.17082832890460442 
0.06980131659420524 0.17082832890460442 
0.06980131659420524 0.17082832890460442 
0.06719124574961827 0.17094905858651377 
0.06719124574961827 0.17094905858651377 
0.06388955236043431 0.16869655346107398 
0.06388955236043431 0.16869655346107398 
0.08373455571937416 0.16856608275962312 
0.08373455571937416 0.16856608275962312 
0.08358718266987342 0.16875580911387095 
0.08053701828032464 0.16789469360703999 
0.08832415342720874 0.1622548979975497 
0.09118030537910721 0.16103167751156017 
0.08973807041100529 0.15949960481551678 
0.08973807041100529 0.15949960481551678 
0.08973807041100529 0.15949960481551678 
0.08973807041100529 0.15949960481551678 
0.09368288155235176 0.16638809890077907 
0.07930491502778919 0.17095491148580483 
0.07930491502778919 0.17095491148580483 
0.08416025972034716 0.1663657883508613 
0.08416025972034716 0.1663657883508613 
0.07081823689982275 0.16061492261162497 
0.11435988027340407 0.1614705475185064 
0.11435988027340407 0.1614705475185064 
0.1193737754659489 0.17118707705813366 
0.12185866735507371 0.17440344922809667 
0.11536931442725859 0.17611992353010278 
0.11536931442725859 0.17611992353010278 
0.12107718526410159 0.17626089512789617 
0.12107718526410159 0.17626089512789617 
0.11571133784789528 0.1783153921095718 
0.13447779747077968 0.1800271427845817 
0.12678330403020133 0.1779600762214824 
0.1276185957861699 0.1774483819792252 
0.13199740802115786 0.17306777554598426 
0.13359325286193316 0.1742076340475097 
0.1299439771269228 0.1767930514838498 
0.12326000156342681 0.17517058493338447 
0.11939452324852276 0.17396217706411982 
0.13598213930663863 0.18429869016722744 
0.13707946256048847 0.18288806991234338 
0.1400367882294363 0.18417649205783962 
0.13129407040340077 0.1781211368336575 
0.1321828980833998 0.17671365977968717 
0.12733503004925878 0.17424138143955464 
0.12938490891987986 0.17714255480304117 
0.14224327767632666 0.16506963192889254 
0.15287951573275985 0.1664242142134521 
0.15105621815684145 0.16429084537178937 
0.14614942890901694 0.1590430340397672 
0.14614942890901694 0.1590430340397672 
0.15060255965849506 0.15920427822382657 
0.15060255965849506 0.15920427822382657 
0.1642597754026222 0.15602614247796862 
0.1642597754026222 0.15602614247796862 
0.1642597754026222 0.15602614247796862 
0.13395055118803142 0.16569143445592324 
0.13395055118803142 0.16569143445592324 
0.13343786560472926 0.1653926400035961 
0.1346970732455332 0.16486930826515925 
0.1346970732455332 0.16486930826515925 
0.13160525391522565 0.1663388367273784 
0.13079345685234772 0.16387833396279472 
0.13299717445067186 0.16081669504656781 
0.12767444011914697 0.1648891472407445 
0.12767444011914697 0.1648891472407445 
0.12767444011914697 0.1648891472407445 
0.12767444011914697 0.1648891472407445 
0.16963768558920286 0.16024020791128535 
0.16671319681602034 0.16807735605801466 
0.16667564748089725 0.16809723768236443 
0.16554671833907564 0.16883488898452 
0.1687104937117688 0.16326576729669603 
0.15373206671223516 0.16529999269293638 
0.13610009418541424 0.1921557537510831 
0.1482448261059874 0.19491747049019853 
0.16211313633113805 0.2013604860989287 
0.16236457305882424 0.20244094681273306 
0.13798775206235991 0.18987939035315998 
0.12501383557346996 0.19288654191882976 
0.12501383557346996 0.19288654191882976 
0.12501383557346996 0.19288654191882976 
0.12501383557346996 0.19288654191882976 
0.1219278036844161 0.20821706414158722 
0.12533351775155815 0.20416133256044602 
0.12810267944401968 0.20315812356702212 
0.1408978071969231 0.2216978428452105 
0.14513180476994175 0.2234352058634787 
0.14513180476994175 0.2234352058634787 
0.1450342071116613 0.22363081977273758 
0.11371393157579338 0.2033935076421004 
0.11371393157579338 0.2033935076421004 
0.11371393157579338 0.2033935076421004 
0.11371393157579338 0.2033935076421004 
0.11356335885717148 0.20320130926816277 
0.14199392623591353 0.19371012541643798 
0.14068151513529814 0.19528483486322948 
0.1381383045858887 0.18302258066195068 
0.14237797271238598 0.17727088371022579 
0.11856779723172065 0.17254413569115165 
0.11648366610806318 0.17370870833524515 
0.11648366610806318 0.17370870833524515 
0.10682328699992703 0.17585733835293246 
0.11704855434247524 0.17351079501303449 
0.13521697370895613 0.18881380695308334 
0.14884169894559124 0.17990134781873504 
0.14781662252055164 0.17990164458115593 
0.15434438632262867 0.17866455045195076 
0.12980037728124472 0.17719382433244452 
0.13001480019151077 0.17691437214656996 
0.12523742841989915 0.17987333868456273 
0.12523742841989915 0.17987333868456273 
0.12523742841989915 0.17987333868456273 
0.11784680657211628 0.17845499574495674 
0.1247683262744001 0.17723488499502948 
0.1286146758576867 0.17681156733936693 
0.13314068230491732 0.18540641080719472 
0.1248346682587893 0.19178466868570573 
0.15466578290225774 0.20110487113066958 
0.15466578290225774 0.20110487113066958 
0.12556718348177426 0.19283871479160386 
0.13022510008754926 0.1924018512429751 
0.13774438956573765 0.19109359421607733 
0.14532776239272027 0.19234660516127355 
0.16967477949410142 0.19989063412800168 
0.12938822068618488 0.19083831507226923 
0.12938822068618488 0.19083831507226923 
0.12938822068618488 0.19083831507226923 
0.1304912158885405 0.20208375860818223 
0.13117674881839994 0.2012118097266651 
0.13103656323213475 0.20111561047183227 
0.13348631483285783 0.20248927933101282 
0.1368933808387473 0.20020863889030058 
0.13730361303577066 0.197229466787048 
0.1374668748989863 0.19831096727097255 
0.128742396206283 0.19529119840422088 
0.12919062675773418 0.19621056618897453 
0.12919062675773418 0.19621056618897453 
0.13115942690385485 0.19724163458317628 
0.1278806799576758 0.1979726071256741 
0.1487111715223394 0.18421841932938973 
0.1611576657305944 0.186299203518818 
0.1611576657305944 0.186299203518818 
0.14488951042277015 0.18611287596446693 
0.12811681070718264 0.18274771449489463 
0.13198283443048314 0.18390716139795116 
0.13198283443048314 0.18390716139795116 
0.12788831791000094 0.1835791759635103 
0.10539632140197075 0.18839107821962583 
0.10892741509917539 0.1901152765350716 
0.10915690508064524 0.19039012723207313 
0.10655240866116615 0.19221402868103243 
0.10655240866116615 0.19221402868103243 
0.10627376768393566 0.1898620476898979 
0.11045740381535922 0.18888750342324664 
0.09342431595001238 0.18830524831059414 
0.0883127150347329 0.18971293201031508 
0.08831901730089707 0.18966395006217177 
0.08515630646760249 0.19129779203967354 
0.09093985347339584 0.19050603397524848 
0.09093985347339584 0.19050603397524848 
0.09578995124395029 0.18598636113220976 
0.10291060973950347 0.1790392498090724 
0.10291060973950347 0.1790392498090724 
0.10284819065235276 0.17921031901361276 
0.10594167698658932 0.16679372775812598 
0.10594167698658932 0.16679372775812598 
0.10594167698658932 0.16679372775812598 
0.12879946604295522 0.15952752475959978 
0.12869960857001275 0.1596588639024102 
0.12805767478937197 0.16117240090834764 
0.12830473339554127 0.15930756057138692 
0.12830473339554127 0.15930756057138692 
0.12830473339554127 0.15930756057138692 
0.15271577910590348 0.15591346409684742 
0.1494390939955856 0.1525746985302342 
0.1494390939955856 0.1525746985302342 
0.1494390939955856 0.1525746985302342 
0.1494390939955856 0.1525746985302342 
0.14925114106337453 0.15240887932992325 
0.14925114106337453 0.15240887932992325 
0.14925114106337453 0.15240887932992325 
0.14924296943562526 0.15366495728740365 
0.14924296943562526 0.15366495728740365 
0.14924296943562526 0.15366495728740365 
0.1445688696096667 0.16587626959329732 
0.14355813817561416 0.16591965341970838 
0.15171492153054467 0.16497368866481157 
0.15630279240756376 0.16779253414566989 
0.15208754543705066 0.16846088433717282 
0.15208754543705066 0.16846088433717282 
0.1731592860979233 0.1684396155313196 
0.15425975504154307 0.17178330852856705 
0.1393642253233064 0.17219531790188544 
0.1350404145212834 0.17097272024079438 
0.13574530195041506 0.1709697188933423 
0.14776722484755664 0.1679624407390771 
0.14776722484755664 0.1679624407390771 
0.16594809026810087 0.16519045874117308 
0.16594809026810087 0.16519045874117308 
0.16594809026810087 0.16519045874117308 
0.16594809026810087 0.16519045874117308 
0.15922792720474155 0.16883884535301963 
0.15922792720474155 0.16883884535301963 
0.15982649394850107 0.17011167160454346 
0.15982649394850107 0.17011167160454346 
0.15982649394850107 0.17011167160454346 
0.15982649394850107 0.17011167160454346 
0.15934771140892204 0.1703133055647545 
0.1428272101696611 0.1737014212268792 
0.17632151033900867 0.16831820245529044 
0.15022374981874675 0.17024667787690054 
0.15022374981874675 0.17024667787690054 
0.1720441551117462 0.16948437130903832 
0.14767739810496408 0.17035983210353428 
0.14455095684527658 0.1707390357562168 
0.13889457461804622 0.17002176928261095 
0.13889457461804622 0.17002176928261095 
0.12873100491567485 0.17342864227877194 
0.12873100491567485 0.17342864227877194 
0.129039198526482 0.17339459680331595 
0.11881695168026615 0.16248099088484716 
0.11537680570557964 0.16438661971046822 
0.11627994600688826 0.16513394190771913 
0.15162485009141485 0.1618723671196644 
0.1409323129947091 0.1685412197894878 
0.18068208550599832 0.17082418556939483 
0.17887603412789962 0.17061096341794546 
0.17887603412789962 0.17061096341794546 
0.17887603412789962 0.17061096341794546 
0.17887603412789962 0.17061096341794546 
0.17887603412789962 0.17061096341794546 
0.13283483142425406 0.1790203460250898 
0.13283483142425406 0.1790203460250898 
0.13895693849351873 0.17784397470247632 
0.13107677073181095 0.19262293444145706 
0.13107677073181095 0.19262293444145706 
0.11434155169377136 0.18522435759827408 
0.11537676673901177 0.18024150736721822 
0.11582082396324138 0.17962877809712272 
0.13871758196435202 0.19429097216432378 
0.13847622319666095 0.19296445440626916 
0.13847622319666095 0.19296445440626916 
0.17486662134942 0.20442134440876475 
0.16449643775141215 0.20074421142440305 
0.16363587985518477 0.19979906811028075 
0.14792182944423438 0.18906285075086143 
0.13922605005682617 0.1906489358678369 
0.1438647969746123 0.219358542539415 
0.16978806257309476 0.23447214069877736 
0.16978806257309476 0.23447214069877736 
0.16978806257309476 0.23447214069877736 
0.17174846741581296 0.2367680070247774 
0.17174846741581296 0.2367680070247774 
0.17174846741581296 0.2367680070247774 
0.16189264863005365 0.22489815960051038 
0.16189264863005365 0.22489815960051038 
0.16189264863005365 0.22489815960051038 
0.16189264863005365 0.22489815960051038 
0.16189264863005365 0.22489815960051038 
0.16189264863005365 0.22489815960051038 
0.16189264863005365 0.22489815960051038 
0.16189264863005365 0.22489815960051038 
0.16189264863005365 0.22489815960051038 
0.16189264863005365 0.22489815960051038 
0.16189264863005365 0.22489815960051038 
0.12494451041542992 0.20261931737227296 
0.11939288151316517 0.19502132952555795 
0.12022108314415307 0.19242200309590465 
0.08679434340002001 0.190583685813852 
0.0841857763444091 0.19006502413170417 
0.1183575077612676 0.17703568243805973 
0.1397980097923499 0.17433876956015884 
0.13411812433997827 0.16968402184562414 
0.11851899985138126 0.16011505623885927 
0.11851899985138126 0.16011505623885927 
0.11851899985138126 0.16011505623885927 
0.10581947228344414 0.16807714773139226 
0.09962993902840528 0.17169422178293156 
0.104744817471702 0.17072092777518097 
0.10682647779175107 0.17335119925802425 
0.11406242092649112 0.17554409647464056 
0.11379458423139766 0.1751737475933353 
0.07041694609247248 0.18134338940524358 
0.07763867437874603 0.16390335151948182 
0.07735399134220527 0.1638776287734529 
0.07735399134220527 0.1638776287734529 
0.08595330111968813 0.16594936163060897 
0.08381199034968273 0.16570073508733416 
0.07976872365645747 0.1688262565143504 
0.10472034064752689 0.17248959469753458 
0.07102740020305506 0.17682744280177198 
0.06721483200736234 0.17939129007867557 
0.06721483200736234 0.17939129007867557 
0.08481447697468782 0.17815715700993656 
0.08077312165829957 0.17831085109889547 
0.09432688772996738 0.1789391110393797 
0.11219155113079093 0.18014657697718767 
0.10155012143362707 0.17905501391826695 
0.10155012143362707 0.17905501391826695 
0.1004310745043445 0.18171326036947053 
0.09477725307846452 0.17980764404695712 
0.10883992723653806 0.1825130627579441 
0.12587132875391976 0.18203005338896647 
0.1555438802601895 0.1873339478781598 
0.1643775180709376 0.17953423629092788 
0.1643775180709376 0.17953423629092788 
0.16305971467130073 0.17919833839074753 
0.15377979633171254 0.17566921868549262 
0.16758260445858655 0.17260482017400192 
0.14077081979908135 0.16941723278120394 
0.13908102724544688 0.16801094184193255 
0.12795302062581979 0.17295771803435328 
0.1321968951735888 0.16740866518441025 
0.13668100630632823 0.1708157515765492 
0.13808746018136633 0.171056079447076 
0.14592111795466356 0.17002921813590893 
0.17113409470399044 0.1649620369938075 
0.17113409470399044 0.1649620369938075 
0.17113409470399044 0.1649620369938075 
0.17113409470399044 0.1649620369938075 
0.17113409470399044 0.1649620369938075 
0.17113409470399044 0.1649620369938075 
0.17113409470399044 0.1649620369938075 
0.17113409470399044 0.1649620369938075 
0.17113409470399044 0.1649620369938075 
0.12428417878052053 0.17379295244141277 
0.14297572329484598 0.17380550100353656 
0.14592028966736542 0.17335820880856448 
0.1731971911775917 0.17049696431871617 
0.1731971911775917 0.17049696431871617 
0.1731971911775917 0.17049696431871617 
0.1731971911775917 0.17049696431871617 
0.1731971911775917 0.17049696431871617 
0.16071831055390584 0.1697757082678602 
0.1606411456133963 0.16976236658238147 
0.15403656266974142 0.1673226359115341 
0.15403656266974142 0.1673226359115341 
0.1557417631196849 0.16739848563433415 
0.1557417631196849 0.16739848563433415 
0.14359154608360966 0.1654641793969849 
0.1267904716813663 0.16788749696118355 
0.12950416710906637 0.16965224667616077 
0.12510493741137657 0.1674033192237972 
0.12510493741137657 0.1674033192237972 
0.1342000717493251 0.1718608183729492 
0.1342000717493251 0.1718608183729492 
0.15767656505312772 0.17233691680570984 
0.15767656505312772 0.17233691680570984 
0.1443872237481606 0.17081166131474382 
0.14139648081492748 0.16838423540726294 
0.14139648081492748 0.16838423540726294 
0.15001548918909116 0.17071539987422046 
0.15001548918909116 0.17071539987422046 
0.15229391194106323 0.16636795660227627 
0.15229391194106323 0.16636795660227627 
0.15229391194106323 0.16636795660227627 
0.15648804821328796 0.1656629870343313 
0.15648804821328796 0.1656629870343313 
0.15648804821328796 0.1656629870343313 
0.15247023063494158 0.17071497348722003 
0.15235209030761726 0.17038115394835923 
0.14116943176604418 0.17247845666382905 
0.14116943176604418 0.17247845666382905 
0.1469965231811043 0.1712296173902758 
0.15482456870912686 0.17014738629950574 
0.16105123342521332 0.17150599169673453 
0.16105123342521332 0.17150599169673453 
0.16105123342521332 0.17150599169673453 
0.16307904593435638 0.17135824877473765 
0.16307904593435638 0.17135824877473765 
0.16475848789540673 0.17096207664649327 
0.1635657708397204 0.16961919854519647 
0.1635657708397204 0.16961919854519647 
0.1635657708397204 0.16961919854519647 
0.1635657708397204 0.16961919854519647 
0.16158557316264943 0.1698213600223989 
0.16161851572243632 0.16987699171774678 
0.16276599122111216 0.16969307663407082 
0.16276599122111216 0.16969307663407082 
0.16276599122111216 0.16969307663407082 
0.1650734304886643 0.16883140414576525 
0.1650734304886643 0.16883140414576525 
0.1650734304886643 0.16883140414576525 
0.16553520941496816 0.16827883145253877 
0.1588136484215812 0.16761238795889258 
0.16894764132127935 0.1743013175962028 
0.16894764132127935 0.1743013175962028 
0.16894764132127935 0.1743013175962028 
0.18094428370859614 0.1628385284525114 
0.17065340990341676 0.16444895229900724 
0.17065340990341676 0.16444895229900724 
0.17065340990341676 0.16444895229900724 
0.17065340990341676 0.16444895229900724 
0.16022893679019187 0.17040873814525692 
0.16022893679019187 0.17040873814525692 
0.16022893679019187 0.17040873814525692 
0.14717276787602085 0.16882352113009613 
0.14717276787602085 0.16882352113009613 
0.13459676523396008 0.15631053487905136 
0.1500837307551904 0.1658146629626717 
0.16432782490441866 0.1638357380225008 
0.16692471993077895 0.16678713328594152 
0.16692471993077895 0.16678713328594152 
0.15199317547881822 0.16982918222481594 
0.15199317547881822 0.16982918222481594 
0.15199317547881822 0.16982918222481594 
0.14920102118334758 0.17151012808088678 
0.14920102118334758 0.17151012808088678 
0.14824510021746856 0.1716887862044034 
0.1376727746268494 0.17932685191322187 
0.11239791351552553 0.18543589060645357 
0.11329815557214362 0.18602421158372473 
0.11326964565204675 0.18604109686153472 
0.10710974665192458 0.17945918350339815 
0.10697298569373476 0.18304528220541744 
0.0667243438238092 0.18412359158716624 
0.10150759512521942 0.17465678878864388 
0.06913638258522826 0.17203118909234008 
0.06576910983504843 0.17081830181403124 
0.07742620089835456 0.17292026894802345 
0.07742620089835456 0.17292026894802345 
0.064662079116938 0.174714206970068 
0.064662079116938 0.174714206970068 
0.064662079116938 0.174714206970068 
0.0654235425918577 0.17448813155093407 
0.0654235425918577 0.17448813155093407 
0.06405928594585275 0.17456979526420122 
0.06405928594585275 0.17456979526420122 
0.11536128644998109 0.17673803824953543 
0.11166925085926564 0.17723767617990796 
0.10085694464562804 0.1826738708448874 
0.1004935231758822 0.1827227107438177 
0.11090050880942762 0.18726304583254572 
0.11162017105226732 0.186602334842188 
0.11841147293151628 0.1842823738905536 
0.11841147293151628 0.1842823738905536 
0.10635424306369815 0.18773351589590223 
0.08125526259952764 0.18972758289444577 
0.08662044955859252 0.18774620322452806 
0.08662044955859252 0.18774620322452806 
0.08662044955859252 0.18774620322452806 
0.09482644099589523 0.18267611396816297 
0.10072527257799235 0.18154101113479357 
0.0961626320784984 0.18554926307268768 
0.0961626320784984 0.18554926307268768 
0.09215220090335881 0.1872422850450374 
0.10100864808440894 0.18436335972989634 
0.11339782421241815 0.179228441169073 
0.11831884000383125 0.1791476810151345 
0.10727872345394099 0.1916542139310665 
0.10727872345394099 0.1916542139310665 
0.10727872345394099 0.1916542139310665 
0.10727872345394099 0.1916542139310665 
0.10727872345394099 0.1916542139310665 
0.09466874439975625 0.1950542862916431 
0.09466874439975625 0.1950542862916431 
0.09466874439975625 0.1950542862916431 
0.09466874439975625 0.1950542862916431 
0.096375478657384 0.19276262587394966 
0.09526480018139342 0.1957954137243231 
0.11740941479223771 0.18718996600985127 
0.1209159488650981 0.20076672274282165 
0.1209159488650981 0.20076672274282165 
0.11956685707335155 0.20751849386840582 
0.11324408438178205 0.19090840204597315 
0.11560096461464886 0.19081413743481845 
0.11014326226624949 0.18391550221770617 
0.10995378928006608 0.1859671908436879 
0.09606305860008721 0.1861028824691732 
0.09606305860008721 0.1861028824691732 
0.09606305860008721 0.1861028824691732 
0.09856995893292984 0.1878327542703027 
0.08729586924660127 0.18471661176057128 
0.06115307634559147 0.19143937025738494 
0.09547603393887621 0.1839967231635869 
0.09547603393887621 0.1839967231635869 
0.09547603393887621 0.1839967231635869 
0.09547603393887621 0.1839967231635869 
0.10647492068450976 0.1826646408707498 
0.12706309066017524 0.18293171225218724 
0.1335166745808203 0.18505353970482455 
0.13687146981637355 0.18561273358555933 
0.117129670299945 0.18166508104718296 
0.12157923087036382 0.18493483280703416 
0.13364374093415618 0.19536525068564814 
0.13245323602113765 0.19473178960488566 
0.11627325112495464 0.18969521982288864 
0.11025268141754091 0.19312699836656547 
0.11990673413247424 0.19547933966257716 
0.11727228891124619 0.19440608632088244 
0.11040589354453081 0.19352631411962531 
0.11594829549066636 0.18785885268597036 
0.11574702069976069 0.18809263094281456 
0.12305669854031567 0.18201554105341244 
0.1181918429225634 0.18035778240687067 
0.11312312289600826 0.18558961687643005 
0.1078594924285432 0.19882014760085878 
0.10928711210012615 0.17358765160831416 
0.07989958514770089 0.17080590220793493 
0.07214841742723234 0.16986807567769308 
0.09116120819127316 0.1726822158848601 
0.09116120819127316 0.1726822158848601 
0.10083456046142869 0.16904879348420992 
0.10083456046142869 0.16904879348420992 
0.09683001129467633 0.16304273432874855 
0.09683001129467633 0.16304273432874855 
0.08745079183046277 0.1612777614912645 
0.08745079183046277 0.1612777614912645 
0.09414639580819903 0.16913636427778747 
0.08884094963683625 0.16651712266314372 
0.08884094963683625 0.16651712266314372 
0.08884094963683625 0.16651712266314372 
0.07796518405587802 0.15794914093266538 
0.07796518405587802 0.15794914093266538 
0.10132331474901839 0.16177795416745866 
0.09715495247294204 0.16050482565686774 
0.07030723968320772 0.16042700317745037 
0.07030723968320772 0.16042700317745037 
0.08499567962179706 0.16208605225707337 
0.08499567962179706 0.16208605225707337 
0.08499567962179706 0.16208605225707337 
0.07682004809863784 0.1594678861665622 
0.10748509610858142 0.17085843318787092 
0.11393381599422153 0.1713370287637858 
0.11393381599422153 0.1713370287637858 
0.09056259523100829 0.17229447225558853 
0.08804233565307167 0.17593785597338635 
0.10904775910640292 0.17531336528002006 
0.09331621858964168 0.18219445364873368 
0.09331621858964168 0.18219445364873368 
0.09716965260003946 0.1839408070352119 
0.09716965260003946 0.1839408070352119 
0.08753799817269753 0.1761694353333824 
0.08753799817269753 0.1761694353333824 
0.09787319212013004 0.17803404745338158 
0.09950089633510657 0.18539862948325747 
0.09950089633510657 0.18539862948325747 
0.07119983489172779 0.18240270391167085 
0.07119983489172779 0.18240270391167085 
0.08289357549114747 0.17904502423172225 
0.0813469694159977 0.17918191276961734 
0.08464523613626372 0.1784126250199487 
0.09734335462306669 0.17737674913450716 
0.0947871371028004 0.17841801639745608 
0.09706034811495594 0.17523937459065042 
0.09706034811495594 0.17523937459065042 
0.08874264097036898 0.17517618557906894 
0.09170687927560267 0.17535286207241607 
0.0755334769193781 0.1755058811196329 
0.06382460848995034 0.177014143406067 
0.08244774221899542 0.17818339803538774 
0.09618495632109106 0.17681865009834224 
0.0879897567929477 0.17492142768143804 
0.0879897567929477 0.17492142768143804 
0.08789012421058671 0.17435856136843578 
0.07292671911765772 0.17141826588288867 
0.07287153361067927 0.1714997310375647 
0.06816492249980471 0.1576058399210247 
0.11586492279600734 0.1666551391166187 
0.11586492279600734 0.1666551391166187 
0.07858580947561172 0.16955054622648422 
0.0716344589620187 0.17019855131277692 
0.0716344589620187 0.17019855131277692 
0.08628052344213002 0.17245494883268842 
0.08531873627909992 0.17521922988843222 
0.07914637273997756 0.17741278819638542 
0.07914637273997756 0.17741278819638542 
0.08214297431444569 0.1746453214697049 
0.09559941338926642 0.173026392879416 
0.10115857356815275 0.17280594794541543 
0.0696026043666865 0.1705049437709887 
0.08172505919388802 0.16958926601240015 
0.08414792855629301 0.166368772247503 
0.0920877728055119 0.16437456083609292 
0.12095092483051784 0.1722857745541442 
0.11710419587988455 0.1651587449080006 
0.11258948701961008 0.1676869694616782 
0.10658813785318116 0.16924692405591482 
0.07543839611854142 0.17063031974152418 
0.07543839611854142 0.17063031974152418 
0.08443674207982432 0.1686737747740933 
0.08531075855198772 0.16918161508258506 
0.10836328410051999 0.1798170952871799 
0.07479083760866273 0.18746277956533625 
0.08679483140740568 0.18645624683006207 
0.11804199933242213 0.17960752050466441 
0.11804199933242213 0.17960752050466441 
0.11794486106791924 0.17972160928785808 
0.11344978948750488 0.17905676670885126 
0.07060259465322381 0.17897649740690041 
0.07060259465322381 0.17897649740690041 
0.07828266932778549 0.18145225077378402 
0.07828266932778549 0.18145225077378402 
0.07251336338327696 0.18117646388031966 
0.0607242378523239 0.17650160476848434 
0.0607242378523239 0.17650160476848434 
0.0607242378523239 0.17650160476848434 
0.0607242378523239 0.17650160476848434 
0.0607242378523239 0.17650160476848434 
0.07500561822019883 0.17299905255437661 
0.07665585996225704 0.1715898182505373 
0.0799288408562986 0.17129716514066307 
0.0799288408562986 0.17129716514066307 
0.07997219119015048 0.1707766171865659 
0.08052706976090357 0.17028935684821506 
0.08052706976090357 0.17028935684821506 
0.08052706976090357 0.17028935684821506 
0.0953140070537671 0.16796414243219238 
0.0953140070537671 0.16796414243219238 
0.09529428344846207 0.16786339551939172 
0.09529428344846207 0.16786339551939172 
0.06291251224566628 0.16474793759545783 
0.06291251224566628 0.16474793759545783 
0.06291251224566628 0.16474793759545783 
0.06291251224566628 0.16474793759545783 
0.06291251224566628 0.16474793759545783 
0.06511563634779685 0.1668078638471261 
0.06511563634779685 0.1668078638471261 
0.06511563634779685 0.1668078638471261 
0.07228919161135426 0.18149703999803588 
0.09982269908707311 0.17304499470430243 
0.07758794947743869 0.18240387570942118 
0.07758794947743869 0.18240387570942118 
0.07758794947743869 0.18240387570942118 
0.07758794947743869 0.18240387570942118 
0.08379591324402494 0.1800272481561715 
0.08376698673067352 0.18030503776002083 
0.08376698673067352 0.18030503776002083 
0.08606482823188305 0.1877829386228296 
0.08606482823188305 0.1877829386228296 
0.08606482823188305 0.1877829386228296 
0.09242162691003923 0.18627943589072005 
0.09947522812965515 0.189321254229601 
0.11274545100762373 0.1850053524436031 
0.10989212591206671 0.18424907907976276 
0.1100881795760664 0.18406922987281477 
0.09006689669675565 0.16291764378610926 
0.09006689669675565 0.16291764378610926 
0.09006689669675565 0.16291764378610926 
0.10972745551862435 0.17057500412969148 
0.12019518733039436 0.1755421141600002 
0.1105505004454434 0.17697841177127038 
0.08442591261361153 0.17774434449538967 
0.07022035282620914 0.1755152418747406 
0.09420934807560676 0.17286702809395077 
0.10214864184924545 0.1696743449518146 
0.09465318106941967 0.16974871466069608 
0.10164056010107442 0.17217712649326633 
0.0926561010364496 0.1695248623101575 
0.09407180797299351 0.1717396183942505 
0.09407180797299351 0.1717396183942505 
0.09573803160930434 0.17540493827711306 
0.06657324091183392 0.17127101428620145 
0.06884731659908608 0.17109613892573755 
0.07899506394847286 0.17337424434729362 
0.07899506394847286 0.17337424434729362 
0.07899506394847286 0.17337424434729362 
0.08071071147843775 0.17384526624596214 
0.08071071147843775 0.17384526624596214 
0.08071071147843775 0.17384526624596214 
0.08071071147843775 0.17384526624596214 
0.07895603246641854 0.17311538232080861 
0.07895603246641854 0.17311538232080861 
0.08834996277005355 0.17493583198033252 
0.09363063679405828 0.17526527714459014 
0.08405425059654506 0.1795539288017958 
0.08405425059654506 0.1795539288017958 
0.10159085886700811 0.17272648432276866 
0.09187112510115733 0.17411962431111142 
0.0954389048864779 0.177177901337216 
0.09907413551442167 0.17724504607007216 
0.11018660277158544 0.17414503345662324 
0.10157760091398237 0.174812489436274 
0.10302680152215418 0.17445701873125835 
0.06813425236312451 0.17583920767250333 
0.06813425236312451 0.17583920767250333 
0.06813425236312451 0.17583920767250333 
0.06813425236312451 0.17583920767250333 
0.06813425236312451 0.17583920767250333 
0.06813425236312451 0.17583920767250333 
0.06813425236312451 0.17583920767250333 
0.06813425236312451 0.17583920767250333 
0.06899314560402352 0.17690147159231145 
0.06899314560402352 0.17690147159231145 
0.060531475641090765 0.1670784018662053 
0.060531475641090765 0.1670784018662053 
0.060531475641090765 0.1670784018662053 
0.060531475641090765 0.1670784018662053 
0.060531475641090765 0.1670784018662053 
0.06434650891247434 0.16707431198179795 
0.07656954077284675 0.16349818267812768 
0.08921866179116843 0.1655515679118572 
0.07887498732917772 0.16830702742356057 
0.06379067407338235 0.1727387344523716 
0.06379067407338235 0.1727387344523716 
0.06379067407338235 0.1727387344523716 
0.0755830914218952 0.1731923126922997 
0.08052134841171782 0.17311368183326037 
0.0769468627960075 0.17517099802404593 
0.07184084189194725 0.17045895200733405 
0.07184084189194725 0.17045895200733405 
0.07184084189194725 0.17045895200733405 
0.10920069900600439 0.17336651366751846 
0.10899099686739525 0.1733995523226936 
0.1072426617026618 0.17351390074815348 
0.10692071039493536 0.17348717160403251 
0.11117961506102236 0.17434885807195283 
0.09993959286228651 0.17130974823431105 
0.08971203067535975 0.16801034201431567 
0.0878150117159107 0.1658407902437267 
0.08874085096860423 0.1698507381188873 
0.09872816058613655 0.17578159958168654 
0.11184037560649085 0.17130736764960391 
0.12195813130726273 0.16956261701993167 
0.11818176818034111 0.16669697617926352 
0.11770513672440551 0.1652590575580546 
0.11874206392783497 0.16538729151984272 
0.15210587694974576 0.16664912119254116 
0.17295565227713483 0.16802655370088512 
0.17295565227713483 0.16802655370088512 
0.17295565227713483 0.16802655370088512 
0.17295565227713483 0.16802655370088512 
0.17295565227713483 0.16802655370088512 
0.16926790931655689 0.16755396462298447 
0.1737888050782718 0.16779755575004246 
0.1737888050782718 0.16779755575004246 
0.1737888050782718 0.16779755575004246 
0.1737888050782718 0.16779755575004246 
0.1737888050782718 0.16779755575004246 
0.17815029298380397 0.16581209379845885 
0.16639121530927992 0.1668194503809083 
0.16639121530927992 0.1668194503809083 
0.16639121530927992 0.1668194503809083 
0.16639121530927992 0.1668194503809083 
0.1661008996227833 0.16692686723200323 
0.16732542754612298 0.16706450741784495 
0.16732542754612298 0.16706450741784495 
0.16190156295100672 0.1735986830044694 
0.15916865481577253 0.17300509600088737 
0.1554427691049512 0.17289122916710403 
0.15755216350654178 0.17293575701106637 
0.1557299986015323 0.18202894976493034 
0.1557299986015323 0.18202894976493034 
0.1557299986015323 0.18202894976493034 
0.1557299986015323 0.18202894976493034 
0.15758517870581565 0.18366540638887052 
0.16098446773338654 0.1817022720425753 
0.13925267115102635 0.1769960771655307 
0.15236721345743037 0.17562252585244276 
0.1356016257859635 0.16173239357135377 
0.11150452980787559 0.16608728158621108 
0.12222251110845925 0.17222337955655542 
0.13036858088676992 0.17752056311484762 
0.13552045709787852 0.17851337773767958 
0.10665510413742532 0.1676128383068072 
0.10176383130297255 0.16559141294664959 
0.12108449651495079 0.15089840509243735 
0.12108449651495079 0.15089840509243735 
0.11672353802773 0.1529308585115286 
0.11672353802773 0.1529308585115286 
0.12344255741876481 0.1581897244947152 
0.12344255741876481 0.1581897244947152 
0.07738886793711726 0.15474788655747992 
0.07738886793711726 0.15474788655747992 
0.07738886793711726 0.15474788655747992 
0.07738886793711726 0.15474788655747992 
0.07738886793711726 0.15474788655747992 
0.07738886793711726 0.15474788655747992 
0.11213217462662392 0.1587700047795611 
0.11380865078488035 0.16007723234195978 
0.11429400688684176 0.15989687637756617 
0.11429400688684176 0.15989687637756617 
0.11429400688684176 0.15989687637756617 
0.11900625919740748 0.16669463891050199 
0.11198891432126519 0.16116914062725163 
0.11118665592982846 0.1610039042190117 
0.06279222200442586 0.15849502589144698 
0.06620767140422855 0.15883706235857123 
0.06620767140422855 0.15883706235857123 
0.07559420794724281 0.16193372484420987 
0.07559420794724281 0.16193372484420987 
0.08052936415176959 0.1645672135400607 
0.09217659069543638 0.16610517352414628 
0.08911291419608089 0.1605923387859203 
0.08911291419608089 0.1605923387859203 
0.07778016177463318 0.15709842267392096 
0.08048005912068977 0.16568248787816417 
0.08048005912068977 0.16568248787816417 
0.08048005912068977 0.16568248787816417 
0.08048005912068977 0.16568248787816417 
0.09106928954846172 0.16905185104218057 
0.09106928954846172 0.16905185104218057 
0.09106928954846172 0.16905185104218057 
0.10646455830511733 0.16770186709546242 
0.10646455830511733 0.16770186709546242 
0.12414883712364393 0.16614219322719354 
0.10979198256292069 0.16894771094068456 
0.10939601426018636 0.1688600831143959 
0.11574334789551047 0.16184881243065322 
0.11087079701220512 0.16133610969277604 
0.11271820611935146 0.1621400062955261 
0.1404338667501493 0.17083623401514983 
0.13975978189041002 0.17234549489887122 
0.14057994401710786 0.1763692306288401 
0.13954000725456953 0.17646797302911713 
0.13347329928780008 0.17683080040120414 
0.14857191815443616 0.1750401273781054 
0.13710576584002634 0.1771520252483465 
0.13357444215651376 0.17689690902887076 
0.1441670645999453 0.18769148698521385 
0.1449999594922689 0.18790564848158933 
0.14329780746689808 0.18772717736439629 
0.14329780746689808 0.18772717736439629 
0.14986301872457602 0.1824540577413978 
0.16388479513369406 0.17833055420686358 
0.14908554734297902 0.17760587868255873 
0.14908554734297902 0.17760587868255873 
0.13032724188542083 0.17647338423850686 
0.14832584404525634 0.177847135312287 
0.14154723370283018 0.1790343730308633 
0.13747224483797943 0.17873058008736603 
0.1206992313051621 0.18392932432145773 
0.1206992313051621 0.18392932432145773 
0.12467946704244402 0.18231596249327886 
0.11887878587262558 0.18791142544957162 
0.08774164312570888 0.18087316382924365 
0.09265151090019995 0.18020765115184773 
0.09988782919994423 0.18032040429409618 
0.09696181076443063 0.18321809755067076 
0.07570503980597046 0.18883720951918878 
0.07985590153683442 0.1876894232819411 
0.1093672356200916 0.18060161139872688 
0.12260239051648629 0.17766041447245834 
0.1253858577272925 0.1759390486435975 
0.1144276959581131 0.1746528676368479 
0.14373365324803822 0.16441997023678012 
0.15299014097422095 0.16329632531947694 
0.13276324367452108 0.1692518443021313 
0.13266351936305731 0.17058066122280305 
0.1631779310085152 0.17553133809531257 
0.166867498991345 0.1746984985075653 
0.16632749341481196 0.1744055133423688 
0.16632749341481196 0.1744055133423688 
0.16632749341481196 0.1744055133423688 
0.16632749341481196 0.1744055133423688 
0.16632749341481196 0.1744055133423688 
0.16632749341481196 0.1744055133423688 
0.156563455299065 0.16896730601526064 
0.156563455299065 0.16896730601526064 
0.156563455299065 0.16896730601526064 
0.12685566867108644 0.17637623477038025 
0.1416175956640593 0.159247873151613 
0.147999801334405 0.15599936337669496 
0.14257249025683996 0.15865045810131892 
0.14187315821421678 0.15982137658033213 
0.14187315821421678 0.15982137658033213 
0.14187315821421678 0.15982137658033213 
0.14592389459726413 0.15648050970802485 
0.141391352086705 0.1622014809413797 
0.14524267456842643 0.16748240346181803 
0.17150430074246223 0.16886238363451167 
0.17150430074246223 0.16886238363451167 
0.17456961515974473 0.16781333747312524 
0.17456961515974473 0.16781333747312524 
0.17456961515974473 0.16781333747312524 
0.16348029501767714 0.17086118045139886 
0.16108294040409607 0.17200810408433892 
0.16245646503812447 0.17157656112204506 
0.15467284086539707 0.16967276422416622 
0.15467284086539707 0.16967276422416622 
0.15861456262749535 0.16973485244006958 
0.15829456126171038 0.16924929193815394 
0.17569791589785286 0.16820038277355595 
0.17569791589785286 0.16820038277355595 
0.17569791589785286 0.16820038277355595 
0.1687629153879468 0.17131938373572625 
0.16590719925532976 0.17088201217960627 
0.15512939490544916 0.1720143796109882 
0.1281696767127565 0.16990010174772655 
0.10927915400587529 0.17086572517409318 
0.11093208100569174 0.17058139407760012 
0.10149153046559017 0.17064796636657462 
0.10149153046559017 0.17064796636657462 
0.10074419290081904 0.16890359456196305 
0.10182058142923747 0.17007792027774918 
0.07355080178582195 0.1674226711786059 
0.09666180408867038 0.17099453887161756 
0.10128217534575279 0.16813924913646966 
0.10560154357149404 0.1678935814058443 
0.1064412843891753 0.16768502794065265 
0.10417179942487662 0.16838446336601226 
0.09087526613875349 0.1680095994971444 
0.08775836570754236 0.16955385529136502 
0.06926789313813757 0.17075730279070755 
0.06545944921564978 0.16655449933717678 
0.06545944921564978 0.16655449933717678 
0.06526536923615586 0.16656951691271232 
0.06526536923615586 0.16656951691271232 
0.06526536923615586 0.16656951691271232 
0.07242539920053903 0.16691868914900504 
0.07244450849018419 0.1663481462189349 
0.07244450849018419 0.1663481462189349 
0.07313337922282197 0.16657417166607985 
0.06964933099205398 0.16662899666647427 
0.06964933099205398 0.16662899666647427 
0.06964933099205398 0.16662899666647427 
0.06964933099205398 0.16662899666647427 
0.06964933099205398 0.16662899666647427 
0.06964933099205398 0.16662899666647427 
0.10818657803274895 0.16977287088177634 
0.12684999337922306 0.17238760395470917 
0.12440811113280699 0.17481715728343428 
0.134908956042613 0.17758304576949513 
0.13466314514115096 0.1743247895365269 
0.13466314514115096 0.1743247895365269 
0.14098474710663478 0.17113159952175283 
0.14098474710663478 0.17113159952175283 
0.14098474710663478 0.17113159952175283 
0.16479827694465868 0.16927092610544384 
0.16374713791950793 0.16802777931202068 
0.1624513726957006 0.1681058017473212 
0.164716489226704 0.17359664382998471 
0.164716489226704 0.17359664382998471 
0.164716489226704 0.17359664382998471 
0.164716489226704 0.17359664382998471 
0.15544087840606638 0.17554836476309807 
0.13388839822072993 0.18045083953564914 
0.14041868738844662 0.18571923721301437 
0.14041868738844662 0.18571923721301437 
0.15850642476636162 0.18424021822642894 
0.1572510432936102 0.18401009371619392 
0.16415631069288172 0.18753435816434835 
0.16415631069288172 0.18753435816434835 
0.15778415568004256 0.18281129617014447 
0.15499875668200416 0.18016470219212088 
0.17862926906039012 0.18590501065563467 
0.17862926906039012 0.18590501065563467 
0.17129642361773528 0.1840843191227374 
0.16895067617402196 0.18379523126636693 
0.16895067617402196 0.18379523126636693 
0.17039942329215577 0.183621960042742 
0.17039942329215577 0.183621960042742 
0.1731194242022812 0.18531165641134947 
0.1731194242022812 0.18531165641134947 
0.1731194242022812 0.18531165641134947 
0.17536155810345014 0.1846200973149809 
0.1569695069706436 0.18366338950939187 
0.1580040336315655 0.18510735990371352 
0.13889835423792038 0.18494208334645915 
0.1499115880629508 0.18280497266539722 
0.15555279407272066 0.18261816720802268 
0.15807052387357023 0.18485165992471317 
0.15872509760110987 0.1848330017938514 
0.15595446247179656 0.18138008407246678 
0.15595446247179656 0.18138008407246678 
0.1544909994364368 0.1834839757301463 
0.17346748355476854 0.1871226594959713 
0.17346748355476854 0.1871226594959713 
0.173466829510596 0.18717301317405322 
0.17461808495440428 0.18712937012120803 
0.14227160539620543 0.1777588518026688 
0.1384221596042242 0.16398941605292994 
0.13785973987145805 0.1621804600775421 
0.13813186805977717 0.16204992923734252 
0.14704843962059982 0.15245667107894864 
0.14704843962059982 0.15245667107894864 
0.14704843962059982 0.15245667107894864 
0.14704843962059982 0.15245667107894864 
0.14704843962059982 0.15245667107894864 
0.14704843962059982 0.15245667107894864 
0.14704843962059982 0.15245667107894864 
0.15662724460954364 0.15086085318150425 
0.15662724460954364 0.15086085318150425 
0.1426176345708236 0.1642740147980732 
0.16046762991972224 0.16292241761402226 
0.1617952670240431 0.1633349735912596 
0.14423707978398284 0.16490003821846383 
0.13497955080787574 0.16522918974239512 
0.13763148076387002 0.16509650390617953 
0.1323597989085456 0.16588895708698623 
0.14317433079131545 0.1713315978612946 
0.13879187615575156 0.1674652681743976 
0.14098009842969866 0.16714550410585874 
0.13508878332842106 0.16879749208729938 
0.14808314854374804 0.1610280032472095 
0.14808314854374804 0.1610280032472095 
0.14808314854374804 0.1610280032472095 
0.1433919018444777 0.1714139305826361 
0.1433919018444777 0.1714139305826361 
0.17299215652473965 0.1669867082353872 
0.12273784463291432 0.170854618618825 
0.12232924471543559 0.16977405641018925 
0.12301393019279835 0.17065771332061383 
0.12029186321050021 0.17059040445965096 
0.12968725468431067 0.17112251413643556 
0.15477149027821713 0.16501966975047735 
0.1404914406373316 0.16550534091682498 
0.1404914406373316 0.16550534091682498 
0.14177674894783246 0.16597608832342212 
0.11317529422654594 0.16975349207293733 
0.11317529422654594 0.16975349207293733 
0.11135013168780168 0.17098386359833803 
0.129328478931326 0.17848297017066006 
0.12387023901573602 0.17892974538798767 
0.13099262790759295 0.18047838065264368 
0.11351686813291068 0.18502628839745358 
0.11351686813291068 0.18502628839745358 
0.09123501180792001 0.18553957353182146 
0.1202893417980404 0.1872152225228364 
0.12158255562869011 0.19123730205841832 
0.11674035951491879 0.1904302238610345 
0.13786261601100389 0.18641267106330514 
0.1406768893837496 0.1886574468146369 
0.1483829452654375 0.1952825849115188 
0.15157341741953842 0.1979480787323151 
0.1174745038627647 0.18722043871979085 
0.11826251316512051 0.18560192484195012 
0.12394780727547283 0.18875510737295612 
0.1656330942388574 0.1861299061691936 
0.16257859828815294 0.18407153001960735 
0.15915580269697605 0.1821058014365748 
0.16020067418188683 0.18607071972840558 
0.16243830579834354 0.1915978492025841 
0.14391245737837952 0.18913284804030894 
0.14391245737837952 0.18913284804030894 
0.14391245737837952 0.18913284804030894 
0.1508672413855065 0.20389955223169906 
0.1508672413855065 0.20389955223169906 
0.15049490269799914 0.2051508882222359 
0.16097023049365367 0.20833672195416836 
0.16640155833698625 0.20985084081849645 
0.16805645738642597 0.20386326009536346 
0.1534707451830561 0.20005753819320585 
0.15655148488623452 0.2074486695628519 
0.15485769461978377 0.20632264871453976 
0.1430846383746877 0.20154949467558572 
0.1430846383746877 0.20154949467558572 
0.12775369194916908 0.1913502421227549 
0.11349659720527322 0.20246072811963345 
0.11611705714794045 0.20399267581105995 
0.11611705714794045 0.20399267581105995 
0.11865850274063282 0.20499999777354472 
0.10874489969520715 0.20068502156416884 
0.10435735817621468 0.19069602509380132 
0.10677300311979486 0.18896901817844106 
0.10677300311979486 0.18896901817844106 
0.11764643321646207 0.18150614437947862 
0.1095519221307448 0.18353829969788035 
0.11151830253314136 0.18280194151336504 
0.11151830253314136 0.18280194151336504 
0.11151830253314136 0.18280194151336504 
0.13489780094558332 0.17173851815838523 
0.13489780094558332 0.17173851815838523 
0.11487321661083102 0.17417596182601855 
0.14586203268608694 0.17563538388126806 
0.14586203268608694 0.17563538388126806 
0.16780797673833808 0.1778561680019834 
0.16780797673833808 0.1778561680019834 
0.16780797673833808 0.1778561680019834 
0.1613532152268738 0.17568340205553962 
0.15657998168664267 0.17542580063932986 
0.15657998168664267 0.17542580063932986 
0.15657998168664267 0.17542580063932986 
0.17764249984725622 0.17269033012871232 
0.17949630779658832 0.17276664709652403 
0.17949630779658832 0.17276664709652403 
0.17778632868624517 0.1730491160480447 
0.17815996266982065 0.1728650999238834 
0.1792939132406795 0.17247403501626574 
0.1806750098132376 0.17233093169682936 
0.1806750098132376 0.17233093169682936 
0.17986152067888225 0.17161172709400455 
0.17986152067888225 0.17161172709400455 
0.17986152067888225 0.17161172709400455 
0.16334584430887827 0.17104215201733847 
0.16334584430887827 0.17104215201733847 
0.15338566640862766 0.1771132110437306 
0.15338566640862766 0.1771132110437306 
0.17009518529796014 0.1802684588399333 
0.17009518529796014 0.1802684588399333 
0.17009518529796014 0.1802684588399333 
0.17009518529796014 0.1802684588399333 
0.15737815490487586 0.17983452819211776 
0.15737815490487586 0.17983452819211776 
0.16786657323804827 0.1829512371642755 
0.16839608914304038 0.18297781712071243 
0.16839608914304038 0.18297781712071243 
0.16839608914304038 0.18297781712071243 
0.1335159965997423 0.1807602536844456 
0.1770755346631422 0.172314749219311 
0.1770755346631422 0.172314749219311 
0.17628496143048464 0.17345029126166558 
0.17628496143048464 0.17345029126166558 
0.17403444460725148 0.17620391048919368 
0.17457532338347553 0.17358181318918894 
0.17457532338347553 0.17358181318918894 
0.17457532338347553 0.17358181318918894 
0.15176917570550313 0.1748298223999039 
0.15176917570550313 0.1748298223999039 
0.15176917570550313 0.1748298223999039 
0.15487185347753382 0.17327431496284126 
0.12803841671574256 0.17229566200655472 
0.12760339918270108 0.1699836699703764 
0.1405179060534027 0.16498832009460623 
0.14161733875551832 0.15790706916774058 
0.16003262236154048 0.15197518676548866 
0.16003262236154048 0.15197518676548866 
0.16003262236154048 0.15197518676548866 
0.16003262236154048 0.15197518676548866 
0.16003262236154048 0.15197518676548866 
0.15764462661411824 0.15360856381412508 
0.1298571362329807 0.16570631988236434 
0.1298571362329807 0.16570631988236434 
0.12078194948750853 0.16263558541762896 
0.12150813302279867 0.16289908828663324 
0.12150813302279867 0.16289908828663324 
0.12150813302279867 0.16289908828663324 
0.10782630565396994 0.1662708972827875 
0.10782630565396994 0.1662708972827875 
0.10782630565396994 0.1662708972827875 
0.12055144136514535 0.14851153938388953 
0.12162052310037239 0.1497790207343321 
0.13301960071048494 0.15887883178916531 
0.13301960071048494 0.15887883178916531 
0.14210685561312836 0.16244153619348506 
0.14982851869273167 0.15652891315919532 
0.14982851869273167 0.15652891315919532 
0.14604478642462226 0.1546813278325362 
0.1485778566126532 0.1582021002423982 
0.13131869869607082 0.16494056369356822 
0.1455586975656746 0.17273625551473112 
0.14734597022642235 0.17263615982851666 
0.1613603762264552 0.17265015052371024 
0.15432509269255054 0.1723408969240945 
0.16483264088880567 0.17129822116784552 
0.16483264088880567 0.17129822116784552 
0.16261274105849083 0.1714385209145843 
0.16261274105849083 0.1714385209145843 
0.16261274105849083 0.1714385209145843 
0.16261274105849083 0.1714385209145843 
0.16261274105849083 0.1714385209145843 
0.16261274105849083 0.1714385209145843 
0.16126985322484855 0.1712136296176628 
0.16126985322484855 0.1712136296176628 
0.16126985322484855 0.1712136296176628 
0.16126985322484855 0.1712136296176628 
0.14722982565790158 0.17003406426899667 
0.13926644707909805 0.16723907065979074 
0.14727131899092857 0.16308609670146734 
0.14727131899092857 0.16308609670146734 
0.15458808980691535 0.16757113942098156 
0.15458808980691535 0.16757113942098156 
0.1798184579483127 0.1648001913980433 
0.1798184579483127 0.1648001913980433 
0.1798184579483127 0.1648001913980433 
0.1798184579483127 0.1648001913980433 
0.1798184579483127 0.1648001913980433 
0.1798184579483127 0.1648001913980433 
0.1798184579483127 0.1648001913980433 
0.18004318237336456 0.16386302752330587 
0.1494668651944263 0.16666241533369672 
0.15296299291467 0.16607922590499363 
0.14900602854116304 0.16112321717676328 
0.14574968674902272 0.16019057559086763 
0.14574968674902272 0.16019057559086763 
0.14574968674902272 0.16019057559086763 
0.15729162391616044 0.15822496902454175 
0.15640150984547493 0.157662515113255 
0.15925044880373998 0.16218151994757554 
0.15736804002111607 0.16867607444546845 
0.15626893071036357 0.16845658705786137 
0.16407662091316022 0.17106838274515057 
0.169584929775962 0.16998589727614527 
0.13729273406989304 0.16990711249256485 
0.1438261262286431 0.16774991696251518 
0.126666254464524 0.1594961978847134 
0.16316319894970754 0.1509744305738575 
0.16479001238439175 0.15019171936748088 
0.16479001238439175 0.15019171936748088 
0.1658011809391813 0.1556033544557023 
0.1658011809391813 0.1556033544557023 
0.1658011809391813 0.1556033544557023 
0.1658011809391813 0.1556033544557023 
0.18002094464311438 0.15412922159410958 
0.18002094464311438 0.15412922159410958 
0.1674200710367713 0.16093899186539565 
0.17236181614231355 0.1596461380419904 
0.17236181614231355 0.1596461380419904 
0.17236181614231355 0.1596461380419904 
0.17236181614231355 0.1596461380419904 
0.15010234715575385 0.1758225560594684 
0.14270677120390438 0.17998335377076244 
0.1494601144623377 0.180838235494811 
0.1494601144623377 0.180838235494811 
0.14358803393984673 0.1863756196815648 
0.14358803393984673 0.1863756196815648 
0.14358803393984673 0.1863756196815648 
0.13551280609283414 0.179801233706564 
0.16442637137404148 0.1828877714685754 
0.16442637137404148 0.1828877714685754 
0.16442637137404148 0.1828877714685754 
0.16442637137404148 0.1828877714685754 
0.1643022172237784 0.18285984118744728 
0.1619117948177765 0.18238819194072395 
0.1606269868464199 0.18151175758512358 
0.1305716668488822 0.18017563374939463 
0.1305716668488822 0.18017563374939463 
0.12270507062127314 0.17390405312171808 
0.12101222498893213 0.17341190850668728 
0.10960379539883582 0.17100053345950944 
0.10990549839717781 0.17448706417750665 
0.13453647985853948 0.16857290787183082 
0.13453647985853948 0.16857290787183082 
0.12945317443297955 0.1673030624137166 
0.12051620851639692 0.16842233257201278 
0.13933338543372537 0.16774827177372129 
0.12942955945453322 0.17352943660334652 
0.10175525967118991 0.1702487871029993 
0.10675225951231986 0.1737340087380416 
0.09636709697475401 0.1682844983487291 
0.0931752269253404 0.17029229560497788 
0.09982495388887001 0.16963386475932543 
0.09982495388887001 0.16963386475932543 
0.12155882826399547 0.1769911114526619 
0.11908521873791118 0.17549771498389366 
0.093473670866459 0.17060315496363085 
0.09679032872441619 0.17331911989134746 
0.09302239996153029 0.17227743376488036 
0.09151395780058896 0.17334497364023196 
0.13154127614209066 0.1705856455295532 
0.12797717359127048 0.1733812595352691 
0.12335258959469717 0.17440487725113657 
0.08922682612890027 0.17602703695657326 
0.08841538741543074 0.17651014947238733 
0.08841538741543074 0.17651014947238733 
0.0752715490565439 0.1787843240980873 
0.0752715490565439 0.1787843240980873 
0.07950881439731598 0.17819383169172473 
0.07950881439731598 0.17819383169172473 
0.08727469566108623 0.1768634002496418 
0.07423422310650205 0.17520222555676673 
0.07415329240247259 0.17532069039122045 
0.07415329240247259 0.17532069039122045 
0.0747784735553591 0.1767616227473176 
0.07842140978722953 0.17558258009909603 
0.07850019281303515 0.17109296366392443 
0.07684796666313275 0.1716795076455946 
0.07684796666313275 0.1716795076455946 
0.07684796666313275 0.1716795076455946 
0.07684796666313275 0.1716795076455946 
0.07684796666313275 0.1716795076455946 
0.07810604453977238 0.1712199703348704 
0.07810604453977238 0.1712199703348704 
0.0683691667243631 0.16577417582868065 
0.0683691667243631 0.16577417582868065 
0.06659992065219296 0.17273717699349264 
0.06659992065219296 0.17273717699349264 
0.06659992065219296 0.17273717699349264 
0.06659992065219296 0.17273717699349264 
0.06659992065219296 0.17273717699349264 
0.08933269828906114 0.16715923758701295 
0.08933269828906114 0.16715923758701295 
0.06690406506665116 0.16253405202443572 
0.07021336937772116 0.16547325043719588 
0.0650392812693907 0.165654294317613 
0.07684927138181619 0.16547571095748215 
0.07684927138181619 0.16547571095748215 
0.08726423727274688 0.16688076390012893 
0.06599713890515893 0.15598480356585914 
0.06599713890515893 0.15598480356585914 
0.06863454818816274 0.1581291886180038 
0.06863454818816274 0.1581291886180038 
0.06863454818816274 0.1581291886180038 
0.06718044895208164 0.15674941234451684 
0.06718044895208164 0.15674941234451684 
0.06718044895208164 0.15674941234451684 
0.06718044895208164 0.15674941234451684 
0.11345554265535952 0.16169890479963958 
0.09787905051348315 0.16112005528148038 
0.0973160624355517 0.16731281167184278 
0.11728733905239876 0.16564629586995067 
0.11743954938904332 0.16539836786998696 
0.11743954938904332 0.16539836786998696 
0.11455528914771719 0.1664161083718474 
0.11455528914771719 0.1664161083718474 
0.12900085590713803 0.16934357294216387 
0.1291862790708967 0.1693084065038393 
0.13025709784262696 0.16965722942118433 
0.14858956161407574 0.1697694812502316 
0.14858956161407574 0.1697694812502316 
0.147036619628983 0.17139047125969414 
0.1593668488467455 0.17259794345565496 
0.15941057274380002 0.1718713497173798 
0.14804418367348757 0.16652234275281785 
0.12322884494517547 0.16808509521442005 
0.12664008775207244 0.16324735879642377 
0.11564543870373314 0.1571918445821136 
0.13607357838210593 0.15144640755105188 
0.13568005762550353 0.15027733692350354 
0.13560608853042225 0.14593503255772983 
0.12400825005328195 0.15006494679607735 
0.12332702744045047 0.15443362190055288 
0.12332702744045047 0.15443362190055288 
0.12331016526420845 0.15485208415753818 
0.12331016526420845 0.15485208415753818 
0.12331016526420845 0.15485208415753818 
0.1246888046616654 0.1561538823566126 
0.10346454576481896 0.15911325363362966 
0.10346454576481896 0.15911325363362966 
0.10346454576481896 0.15911325363362966 
0.10346454576481896 0.15911325363362966 
0.09930217424695344 0.15931884891014275 
0.10113385268261915 0.16038191049638878 
0.10109953849582157 0.16039595988549568 
0.12587086087462362 0.1646893091137025 
0.10407564688630878 0.16883284405664062 
0.10172070627437144 0.16834534611900923 
0.10133983131577932 0.1682927131056578 
0.11129601547502618 0.16382905500186593 
0.11129601547502618 0.16382905500186593 
0.10843464064636621 0.16346964640112416 
0.0920712168063284 0.16610091653430742 
0.09062635538805983 0.1651094374120165 
0.09062635538805983 0.1651094374120165 
0.08076959320225166 0.1654632733267706 
0.08025602104322575 0.1664378226287832 
0.08011757429613253 0.16442471419955712 
0.08069007894499719 0.16505730647895225 
0.09056851738216276 0.15339374005461492 
0.09056851738216276 0.15339374005461492 
0.09056851738216276 0.15339374005461492 
0.09056851738216276 0.15339374005461492 
0.09056851738216276 0.15339374005461492 
0.09056851738216276 0.15339374005461492 
0.1014365357558567 0.15609285137416778 
0.1014365357558567 0.15609285137416778 
0.12041307702906272 0.1604576986459887 
0.12041307702906272 0.1604576986459887 
0.12196292538325965 0.15854899194468489 
0.12196292538325965 0.15854899194468489 
0.12196292538325965 0.15854899194468489 
0.12196292538325965 0.15854899194468489 
0.12196292538325965 0.15854899194468489 
0.12196292538325965 0.15854899194468489 
0.12196292538325965 0.15854899194468489 
0.12196292538325965 0.15854899194468489 
0.1339717355246361 0.16546769230940447 
0.1421680906044369 0.17018990243783347 
0.14403106170781338 0.16517689256288492 
0.14328255515179114 0.16502770850713785 
0.11243056169341609 0.16838657873742446 
0.09023501481036669 0.16079241305057718 
0.09371748525207639 0.15625026835165737 
0.09371748525207639 0.15625026835165737 
0.09371748525207639 0.15625026835165737 
0.09971661034073509 0.16177580431934088 
0.08119681235330856 0.15986156661728884 
0.09401321296012763 0.15454279461085244 
0.09411291144572978 0.16036214658279815 
0.09058509354437366 0.1598224695860188 
0.09058509354437366 0.1598224695860188 
0.0843793654348678 0.15785918658657655 
0.0843793654348678 0.15785918658657655 
0.0843793654348678 0.15785918658657655 
0.09560425085578474 0.1689724240157508 
0.09560425085578474 0.1689724240157508 
0.09497643188294234 0.17385580430793485 
0.09779299030302777 0.16813757228094345 
0.09729624738374644 0.16688982956583648 
0.09729624738374644 0.16688982956583648 
0.09729624738374644 0.16688982956583648 
0.09729624738374644 0.16688982956583648 
0.11330817750807691 0.17466102097318348 
0.11184695949285406 0.1745756544561814 
0.07254121651330264 0.18256400238049347 
0.07047709940240653 0.18329370649784676 
0.09722668655944718 0.18371105181556183 
0.09722668655944718 0.18371105181556183 
0.11748878020409223 0.19119601398451871 
0.11989312392322651 0.1934967083516125 
0.11896587637394415 0.18952418192063425 
0.10917771222592249 0.1863920071866295 
0.08210831053937837 0.18834987988507482 
0.09257258600641372 0.18813124798545128 
0.08986414580146955 0.1899312472468197 
0.08986414580146955 0.1899312472468197 
0.08986414580146955 0.1899312472468197 
0.08986414580146955 0.1899312472468197 
0.0923195503725984 0.18642548467220862 
0.0923195503725984 0.18642548467220862 
0.0923195503725984 0.18642548467220862 
0.06713959038295379 0.19336889932509033 
0.06713959038295379 0.19336889932509033 
0.06546495191231089 0.19558269554163907 
0.10463936999551826 0.19304210411263922 
0.10463936999551826 0.19304210411263922 
0.11853947791797834 0.18485533709628615 
0.11581892967950953 0.19095463020517142 
0.12780919368942872 0.19041417591114446 
0.12780919368942872 0.19041417591114446 
0.14456549877954136 0.20992977618539183 
0.1493126463116263 0.20582745299075694 
0.1493126463116263 0.20582745299075694 
0.13552177565040952 0.1991014257346414 
0.1331186417987107 0.1920412814805811 
0.12139820990905037 0.1924607086997756 
0.12432497441870712 0.19608902742618228 
0.11266229775701858 0.20130013316263246 
0.1349673382842394 0.21062088552199804 
0.1349673382842394 0.21062088552199804 
0.1349673382842394 0.21062088552199804 
0.12599293933548125 0.2050223769376633 
0.12101116468300703 0.19081171389489368 
0.09367606885789717 0.18886549618589654 
0.08605092964627382 0.18482624892824964 
0.08605092964627382 0.18482624892824964 
0.08049585190697542 0.18132287933228813 
0.0811448908397675 0.18186342333647354 
0.10700473003754937 0.1780998337279497 
0.10700473003754937 0.1780998337279497 
0.10700473003754937 0.1780998337279497 
0.10861906067771812 0.1775031178323906 
0.08885790298027547 0.17138637485134567 
0.0844721780242555 0.17318287800264448 
0.0844721780242555 0.17318287800264448 
0.11412903949746345 0.17125378874856007 
0.11412903949746345 0.17125378874856007 
0.10553408782048491 0.17021345639406765 
0.12397820429328595 0.16973736999112493 
0.12397820429328595 0.16973736999112493 
0.0991640389174874 0.1674293635078362 
0.10026161777975996 0.16811504215066023 
0.09999090725610718 0.16820174730605655 
0.07507957566138056 0.1706952469920547 
0.07507957566138056 0.1706952469920547 
0.09335752736432541 0.16787461706299187 
0.09335752736432541 0.16787461706299187 
0.0749595089173428 0.17427664884482086 
0.0749595089173428 0.17427664884482086 
0.0701660192452602 0.174033302706552 
0.06419765650110579 0.1733139238123972 
0.10465692013813784 0.1676113308855095 
0.07709838676643707 0.16229396962682793 
0.08719872331499459 0.16537208692365044 
0.08319857431330129 0.16561940254872096 
0.08319857431330129 0.16561940254872096 
0.09211623920429729 0.16868900388214222 
0.09029598066110814 0.16891934898017813 
0.09029598066110814 0.16891934898017813 
0.09903612602020118 0.1672887670303239 
0.0989499659410153 0.1667444832069663 
0.0989499659410153 0.1667444832069663 
0.0989499659410153 0.1667444832069663 
0.09742389229717639 0.16847582647075907 
0.09742389229717639 0.16847582647075907 
0.09047757731454112 0.16976009361220468 
0.09047757731454112 0.16976009361220468 
0.10158736766893088 0.17047836718019338 
0.12156904079255341 0.1624791967525731 
0.12156904079255341 0.1624791967525731 
0.12521877531785794 0.16126461012842358 
0.12521877531785794 0.16126461012842358 
0.1241847521655524 0.16084278376286035 
0.14132410970588427 0.1582246623015079 
0.1534999830845562 0.15999392348205807 
0.16373283836292868 0.1572251799546175 
0.1315899810996814 0.16065842665751848 
0.1315899810996814 0.16065842665751848 
0.14687506323899777 0.16470272421092993 
0.14687506323899777 0.16470272421092993 
0.14687506323899777 0.16470272421092993 
0.15153070529457283 0.1616363415866016 
0.16260169910922545 0.16240148174999433 
0.16253744582044616 0.16183274779564394 
0.1470159255171632 0.16750942832123913 
0.14606536421570213 0.1668201232692594 
0.13232516881163658 0.16541795428908243 
0.13613098085245834 0.17821951997048308 
0.1087298485468218 0.17804266804846025 
0.09499453055422281 0.18166229157267014 
0.09499453055422281 0.18166229157267014 
0.09318480211683584 0.1773652425720808 
0.09318480211683584 0.1773652425720808 
0.08353375609438415 0.1788121718207138 
0.08353375609438415 0.1788121718207138 
0.1008312851745639 0.17905316301174923 
0.1261518372629162 0.18053586639256855 
0.1512034595631096 0.17524921569488 
0.14798520738782814 0.17692293936679798 
0.14798520738782814 0.17692293936679798 
0.14753704428267697 0.17694986059168077 
0.1470233666371137 0.17695219026637565 
0.16629578810445872 0.17208085119388455 
0.16629578810445872 0.17208085119388455 
0.16629578810445872 0.17208085119388455 
0.17033842656978354 0.17140719286484968 
0.1788808110683977 0.17079898666935697 
0.1788808110683977 0.17079898666935697 
0.1788808110683977 0.17079898666935697 
0.16142086735135255 0.1698873559126518 
0.1638800975383579 0.16572490374146767 
0.1560727600973989 0.16627236931182418 
0.15500699350854732 0.1656562267704819 
0.15193163798470263 0.16140223119988956 
0.15193163798470263 0.16140223119988956 
0.14889529470680446 0.159546353863782 
0.13706068508835087 0.16296319089043523 
0.13587991300856714 0.16431467426429536 
0.1347634082442249 0.16471293393941827 
0.13897953020841505 0.15289851495275442 
0.13897953020841505 0.15289851495275442 
0.16142922036495322 0.1538543179797119 
0.16142922036495322 0.1538543179797119 
0.16142922036495322 0.1538543179797119 
0.15904198411739826 0.15579913679098295 
0.14275402072401508 0.15674031910000433 
0.14275402072401508 0.15674031910000433 
0.14275402072401508 0.15674031910000433 
0.14275402072401508 0.15674031910000433 
0.14275402072401508 0.15674031910000433 
0.14275402072401508 0.15674031910000433 
0.1455779435764794 0.15888178690714982 
0.1427332796417055 0.15739226933261474 
0.13703785373384242 0.16309052933956295 
0.16428442260385073 0.16163027497159319 
0.13526862812428514 0.16872778325503573 
0.14698779624670288 0.1671294852191066 
0.14698779624670288 0.1671294852191066 
0.14698779624670288 0.1671294852191066 
0.14698779624670288 0.1671294852191066 
0.1454449112799206 0.16916043814222725 
0.1454449112799206 0.16916043814222725 
0.13769700849405178 0.16951829829526416 
0.13745856590951622 0.16990682857191167 
0.13890868607168386 0.17008942825142276 
0.13890868607168386 0.17008942825142276 
0.13890868607168386 0.17008942825142276 
0.15755029472878002 0.16495235785053103 
0.15902249329712184 0.16301104269238367 
0.12157446976316552 0.16805228835307479 
0.1126208262376356 0.17704303277758732 
0.10580408843178757 0.17786933000017136 
0.06461776090543135 0.18953394465014348 
0.07709537881503783 0.18774729605628485 
0.07709537881503783 0.18774729605628485 
0.07007758409502432 0.18292588612754962 
0.07007758409502432 0.18292588612754962 
0.07007758409502432 0.18292588612754962 
0.07007758409502432 0.18292588612754962 
0.06876428190372882 0.1826190630795117 
0.06683585772566547 0.18671513717417054 
0.06503765633613737 0.19410360900783855 
0.07837050864738818 0.18884842320129488 
0.07709549612362293 0.18972782768013877 
0.07364734015130497 0.20552037194845552 
0.07949239119958128 0.20261438327799353 
0.07949239119958128 0.20261438327799353 
0.10510298866491433 0.18668320682457346 
0.10495671985406602 0.18652198837989437 
0.062065027959719146 0.20425691322663211 
0.062065027959719146 0.20425691322663211 
0.07946197262509076 0.19930129805274605 
0.07946197262509076 0.19930129805274605 
0.08050828300318533 0.2068633600194303 
0.07983302717396472 0.20769296652048974 
0.0969968278094812 0.19606532249819178 
0.07191893595980794 0.2048488250007111 
0.07191893595980794 0.2048488250007111 
0.07191893595980794 0.2048488250007111 
0.07191893595980794 0.2048488250007111 
0.07191893595980794 0.2048488250007111 
0.07191893595980794 0.2048488250007111 
0.09776332608263086 0.19145092196863123 
0.09776332608263086 0.19145092196863123 
0.09898347594512705 0.1782968442183673 
0.09217210645345882 0.17883975612306305 
0.07898383092806927 0.1701590658860287 
0.07898383092806927 0.1701590658860287 
0.10587156796330234 0.17094978123883306 
