0.13755718050014457 0.2389796430275914 
0.13755718050014457 0.2389796430275914 
0.1256916181034903 0.22676246795297983 
0.13689265280807747 0.21669303477152593 
0.13689265280807747 0.21669303477152593 
0.1375996176033088 0.2169690460434118 
0.12564686881700085 0.21230248638259916 
0.12620312939233386 0.21324551037770859 
0.11564419262942104 0.20255915493722937 
0.09354871819280204 0.21245029952708738 
0.09354871819280204 0.21245029952708738 
0.08492324669458054 0.21719294033058645 
0.08492324669458054 0.21719294033058645 
0.09394840281771877 0.19991497373381847 
0.09394840281771877 0.19991497373381847 
0.09394840281771877 0.19991497373381847 
0.09394840281771877 0.19991497373381847 
0.08392144795069936 0.21434175542430967 
0.08392144795069936 0.21434175542430967 
0.10374052994749378 0.20967448124503862 
0.10790682999541226 0.21468367609111777 
0.10078966484864729 0.22477027036636857 
0.09111301481819128 0.20847790080285322 
0.10684285169801482 0.20144358321434763 
0.10660455941015771 0.20004041718546528 
0.09723475519195825 0.18363526627546004 
0.11597091223487035 0.17472408067830422 
0.10690726094542614 0.17451630175886504 
0.10415749257096057 0.1760296345291945 
0.07891314913109006 0.18387877436097064 
0.07772693069956195 0.1877710748799773 
0.07772693069956195 0.1877710748799773 
0.07772693069956195 0.1877710748799773 
0.07497464182035565 0.18884658029139453 
0.07385699350959571 0.19114629146268314 
0.06636626379743436 0.19268659634531543 
0.06636626379743436 0.19268659634531543 
0.06636626379743436 0.19268659634531543 
0.06636626379743436 0.19268659634531543 
0.06781387901244718 0.18994080414177805 
0.06781387901244718 0.18994080414177805 
0.06098958458948796 0.18962326129371893 
0.06098958458948796 0.18962326129371893 
0.06225781465120336 0.17586298504276288 
0.0820754217722616 0.17739953812301193 
0.08429054398151789 0.1796352452432599 
0.08992111789095789 0.18083343496370108 
0.07753795249789694 0.17874291702003534 
0.07860193999415716 0.1793864548670809 
0.060520371448700434 0.1866954455414525 
0.06083341421902449 0.1860537770577019 
0.06107665743919065 0.1859891755590613 
0.1040476000932462 0.1815065403656413 
0.1040476000932462 0.1815065403656413 
0.10067351145499048 0.1816731832778961 
0.10201510208869599 0.18238701686503928 
0.10188563787685767 0.18257206784006577 
0.10362441755800396 0.1829916787509138 
0.10362441755800396 0.1829916787509138 
0.12168462101569513 0.19141992871759225 
0.12168462101569513 0.19141992871759225 
0.10750737335285444 0.19079963752880966 
0.12433209169518225 0.19071373131669472 
0.11915886197084244 0.18222092275489377 
0.14113905181642805 0.17372109007477637 
0.13978709390899385 0.17519297336398137 
0.14052291622116184 0.17508993443311302 
0.13593025691989627 0.16258394993035874 
0.11378186162923762 0.17168687093139257 
0.1446566335896975 0.1774535826608492 
0.1485628957438193 0.17455381923671895 
0.15837746781771 0.17615870972871595 
0.1670747114544098 0.16761765802911333 
0.1670747114544098 0.16761765802911333 
0.1670747114544098 0.16761765802911333 
0.1670747114544098 0.16761765802911333 
0.1670747114544098 0.16761765802911333 
0.1584895108590496 0.16615332486016282 
0.15695678841586672 0.1710028064961399 
0.15695678841586672 0.1710028064961399 
0.1457716413877514 0.17100894206044442 
0.12799275009391792 0.17520785405967282 
0.1266384079606601 0.17561951120173802 
0.12706820913472752 0.17296995887115363 
0.13586544486627497 0.17560622643823756 
0.14170479307644865 0.17818376827138216 
0.1443442403691221 0.17838431994974954 
0.1443442403691221 0.17838431994974954 
0.17985593627827873 0.18504666190347274 
0.17985593627827873 0.18504666190347274 
0.17985593627827873 0.18504666190347274 
0.17985593627827873 0.18504666190347274 
0.17985593627827873 0.18504666190347274 
0.17985593627827873 0.18504666190347274 
0.15705541178443624 0.1799571622935743 
0.15724394560110688 0.18257793046224866 
0.1542526324030617 0.18737739367461678 
0.15438506434407395 0.17876261528386883 
0.1613054155971721 0.17182905082909267 
0.1598553142691303 0.16757097152364955 
0.12637256903988184 0.16873655864716505 
0.14679137655943242 0.1591090592199186 
0.14679137655943242 0.1591090592199186 
0.14679137655943242 0.1591090592199186 
0.14818325046132935 0.16353103032929428 
0.1367538249241473 0.1794734339313354 
0.1367538249241473 0.1794734339313354 
0.12408882530258665 0.18059507404535724 
0.1239930741060313 0.18089358928972255 
0.12541862208822258 0.17507353014225616 
0.11693787774401265 0.1815101306362538 
0.11672781480491003 0.18121812440276872 
0.07846662644245249 0.18194091356549888 
0.07846662644245249 0.18194091356549888 
0.07972057555300818 0.18138058583334912 
0.07972057555300818 0.18138058583334912 
0.07972057555300818 0.18138058583334912 
0.08088954065591561 0.18086235904416262 
0.08088954065591561 0.18086235904416262 
0.08088954065591561 0.18086235904416262 
0.08088954065591561 0.18086235904416262 
0.09201198944644338 0.18295924040538147 
0.10174674900839543 0.1855245986258401 
0.08096932936204376 0.1918775005303259 
0.08968288332555245 0.18212253572643325 
0.10799849567725374 0.1786132157148002 
0.11207397705970658 0.1801312293536022 
0.0957770798030447 0.18019410833607283 
0.09569945848031061 0.18019115973132185 
0.09544707872012174 0.18011751496319534 
0.09544707872012174 0.18011751496319534 
0.11117044260791242 0.1808084892898691 
0.13886741700460442 0.1743416070259689 
0.16194369128615305 0.1819246264097085 
0.17018834899783247 0.1867034265445753 
0.17018834899783247 0.1867034265445753 
0.17018834899783247 0.1867034265445753 
0.17018834899783247 0.1867034265445753 
0.17018834899783247 0.1867034265445753 
0.16106784173117972 0.1842377615281363 
0.14400179458802473 0.17860293359059834 
0.14475352861319446 0.17828557878000617 
0.14475352861319446 0.17828557878000617 
0.15669317208440348 0.17975304160680428 
0.15005434315405775 0.1656355714516681 
0.14876117878128498 0.16380287491145062 
0.1678661232618459 0.15839382345569725 
0.1678661232618459 0.15839382345569725 
0.1678661232618459 0.15839382345569725 
0.16851143222860404 0.15993271953511784 
0.16923489281924092 0.15985776611116134 
0.16923489281924092 0.15985776611116134 
0.16923489281924092 0.15985776611116134 
0.16859116284579942 0.16021552676407852 
0.16859116284579942 0.16021552676407852 
0.1347103558034147 0.16436476831027208 
0.1750974984202731 0.16620871225944284 
0.1750974984202731 0.16620871225944284 
0.17128534290695976 0.1663486296080116 
0.16276955442125138 0.16941360947553755 
0.16276955442125138 0.16941360947553755 
0.15243235285696177 0.173845556631055 
0.15243235285696177 0.173845556631055 
0.15243235285696177 0.173845556631055 
0.15243235285696177 0.173845556631055 
0.15243235285696177 0.173845556631055 
0.15450960585828927 0.1733728440042778 
0.15450960585828927 0.1733728440042778 
0.15435256017315405 0.17358998520733926 
0.14076547864934116 0.17648507611511627 
0.14415878086427397 0.17644602555064598 
0.13756601848286926 0.17444981715433877 
0.13755812271606405 0.17640205894552 
0.14981914075954253 0.1692193446914557 
0.1436983682446576 0.169216448329708 
0.15941783078870125 0.16644077414042327 
0.15941783078870125 0.16644077414042327 
0.15263771835364148 0.1729318009867237 
0.15263771835364148 0.1729318009867237 
0.15362844754839092 0.1723039286609969 
0.15375289856875268 0.17225774860118456 
0.166900587298326 0.1712002989476757 
0.1633666600702555 0.16852857600208201 
0.1633666600702555 0.16852857600208201 
0.1633666600702555 0.16852857600208201 
0.16147613170757688 0.16863955595984928 
0.16147613170757688 0.16863955595984928 
0.16371626868742936 0.1713055401079914 
0.14885160977871587 0.17323665026796037 
0.11154287672914212 0.1702801365562275 
0.11559886499467237 0.1723794343599624 
0.11559886499467237 0.1723794343599624 
0.14734181802965612 0.1761143864016507 
0.15597148977507672 0.1768820712497593 
0.1398994110234262 0.17582995179430724 
0.12513615379422172 0.1745223257397536 
0.1310766709197629 0.16976849972256136 
0.1310766709197629 0.16976849972256136 
0.1310766709197629 0.16976849972256136 
0.1324626665592841 0.16988955069737294 
0.08962233576286599 0.16129923676472838 
0.08578745296126389 0.16109541997960614 
0.08504607679128781 0.16191495532935263 
0.08508299962249685 0.16721786392839372 
0.08508299962249685 0.16721786392839372 
0.07932176376720156 0.16429543454614842 
0.08019603339764575 0.162971705653916 
0.08019603339764575 0.162971705653916 
0.09589755484111864 0.16512986690448417 
0.09515404161378255 0.16745214966959548 
0.07859575694616622 0.1634669113233999 
0.06973280474575688 0.16468990016601898 
0.06973280474575688 0.16468990016601898 
0.06948924757944791 0.16460442986951213 
0.07541474663422405 0.16554667908325338 
0.07582960850638233 0.16970172051100196 
0.0752955514049248 0.16992990462301258 
0.06102024939066802 0.17450231693942322 
0.06616320199346767 0.17465563175092685 
0.06616320199346767 0.17465563175092685 
0.08680416830061992 0.17244212549266735 
0.09055366489533524 0.17453784695992752 
0.09055366489533524 0.17453784695992752 
0.08050200696629851 0.1772328565336511 
0.08050200696629851 0.1772328565336511 
0.08592572250508773 0.18201300134413062 
0.08829056963560666 0.1858117910312659 
0.08830243767602734 0.18667171661234638 
0.07580809639897293 0.1886517779407729 
0.09842042920167858 0.18454741505866973 
0.09842042920167858 0.18454741505866973 
0.10787226211655111 0.19331186867166322 
0.10787226211655111 0.19331186867166322 
0.10238707291723886 0.18442663761014952 
0.10202831468891302 0.1845301357826859 
0.1039584031571543 0.18267769198910944 
0.07099765051677924 0.19286599828790657 
0.08187792413421022 0.1846218970114379 
0.0891804046147985 0.18011845181991765 
0.09779182008132671 0.17402450603511962 
0.09779182008132671 0.17402450603511962 
0.08980217272859331 0.17061480323840092 
0.0991153422698926 0.17222869811283759 
0.12802634769169716 0.17060298175871258 
0.12735193919329182 0.1704846283943795 
0.1193589877071783 0.17306620466057226 
0.16147947693227982 0.1615557331686343 
0.16147947693227982 0.1615557331686343 
0.1607650095506413 0.1624746000386646 
0.15916214678999305 0.16301313303592238 
0.15916214678999305 0.16301313303592238 
0.15916214678999305 0.16301313303592238 
0.15916214678999305 0.16301313303592238 
0.17126353167695746 0.1633507778601284 
0.17126353167695746 0.1633507778601284 
0.14020329645791832 0.17150856051435565 
0.11708693434026518 0.16538394786349342 
0.11858482147068498 0.16598721637451785 
0.11866436150351863 0.16569562871725077 
0.1162616971665731 0.1575053057508173 
0.10641412896130584 0.16028170032382674 
0.10058996245053053 0.16456788051429472 
0.10435107440148494 0.16963495733954725 
0.10351861384543137 0.1684473549834 
0.06190569160206413 0.16364347995873915 
0.06190569160206413 0.16364347995873915 
0.06190569160206413 0.16364347995873915 
0.09432001461610572 0.1687673235632225 
0.10318660774976969 0.16577623414105552 
0.10030903605902165 0.16595789491960536 
0.10106967959678 0.16588140115136554 
0.10581562681894811 0.1594689781531179 
0.11755703776717688 0.1651964183732366 
0.10547441549438219 0.16194101323223994 
0.10896767267809207 0.15994030125177225 
0.10896767267809207 0.15994030125177225 
0.10896767267809207 0.15994030125177225 
0.10896767267809207 0.15994030125177225 
0.11570860942317347 0.1610153660401237 
0.11165129460140674 0.16083001378352868 
0.12845366634919478 0.1678424333452308 
0.1252079260634235 0.16326171652877017 
0.1277164149117904 0.16329760143029554 
0.1325819806724762 0.1626260911509777 
0.1325819806724762 0.1626260911509777 
0.1325819806724762 0.1626260911509777 
0.1325819806724762 0.1626260911509777 
0.14699322163915082 0.17048986757730056 
0.15318454521338146 0.1702863066691561 
0.14592879427654004 0.16836268280127342 
0.15360491457373693 0.16725599841648373 
0.15360491457373693 0.16725599841648373 
0.15360491457373693 0.16725599841648373 
0.15385021855252703 0.1676512098136987 
0.13913436210871166 0.16720754825783854 
0.13046836998733127 0.16351203389295238 
0.1319654795136153 0.16398819529595376 
0.1319654795136153 0.16398819529595376 
0.17246842931723896 0.16640811906181244 
0.1732825555669871 0.1643277760605032 
0.13722744991461988 0.17486001144700303 
0.13641137727955058 0.17474817691280997 
0.1393693766714525 0.17555408779842316 
0.13741810506999175 0.1749842021951797 
0.13166475896596785 0.17516420395019758 
0.13166475896596785 0.17516420395019758 
0.13166475896596785 0.17516420395019758 
0.13166475896596785 0.17516420395019758 
0.10123975874291856 0.1757657081640586 
0.11169245546293721 0.16358401766206404 
0.11169245546293721 0.16358401766206404 
0.11169245546293721 0.16358401766206404 
0.07104275588287436 0.16432126284937093 
0.07104275588287436 0.16432126284937093 
0.07104275588287436 0.16432126284937093 
0.07104275588287436 0.16432126284937093 
0.07104275588287436 0.16432126284937093 
0.11220008709999613 0.16377436672510273 
0.08692266490020947 0.15804496250163133 
0.11208545068476557 0.1622854801964298 
0.13170472930322055 0.16666932277634453 
0.14277829650866802 0.16151778800234629 
0.14277829650866802 0.16151778800234629 
0.14277829650866802 0.16151778800234629 
0.1362620226757645 0.16146020564839886 
0.13697351717099393 0.15555634604061286 
0.1390219268337127 0.15964410697574732 
0.13923751434206 0.15933676235342936 
0.13923751434206 0.15933676235342936 
0.1304172010254591 0.1594497005502956 
0.1304172010254591 0.1594497005502956 
0.11328685358523553 0.17230850113105714 
0.06120246145292402 0.18102076029033262 
0.06120246145292402 0.18102076029033262 
0.06120246145292402 0.18102076029033262 
0.06120246145292402 0.18102076029033262 
0.06887519470157197 0.17819713095372242 
0.07847835222119717 0.17454323106775982 
0.07847835222119717 0.17454323106775982 
0.10839568439834088 0.17495033859836764 
0.10188534911514956 0.17341899830253651 
0.10998282989269523 0.17565424252847153 
0.15058049931872236 0.16574751541137858 
0.1497963008221359 0.16607410199542355 
0.14651593667431514 0.16923862111196708 
0.15287865749403462 0.1682374611794266 
0.15287865749403462 0.1682374611794266 
0.15324417713889396 0.16289057218677985 
0.15225946450887512 0.16405518439225383 
0.15225946450887512 0.16405518439225383 
0.15225946450887512 0.16405518439225383 
0.15716547564924593 0.1632207158700346 
0.1586723467266758 0.16267058953304855 
0.1593435779876046 0.1623770463552521 
0.17142956566521164 0.16033514816851224 
0.17142956566521164 0.16033514816851224 
0.17142956566521164 0.16033514816851224 
0.1697203426225177 0.15841866662970444 
0.1697203426225177 0.15841866662970444 
0.1697203426225177 0.15841866662970444 
0.12678234234301064 0.16681406759357545 
0.13004622128597074 0.16764973319292026 
0.13004622128597074 0.16764973319292026 
0.15602081608805807 0.16093980368741087 
0.181121358767596 0.16444172455683764 
0.181121358767596 0.16444172455683764 
0.181121358767596 0.16444172455683764 
0.181121358767596 0.16444172455683764 
0.181121358767596 0.16444172455683764 
0.181121358767596 0.16444172455683764 
0.181121358767596 0.16444172455683764 
0.181121358767596 0.16444172455683764 
0.181121358767596 0.16444172455683764 
0.181121358767596 0.16444172455683764 
0.155490083647743 0.1709639982776338 
0.155490083647743 0.1709639982776338 
0.1731496167885253 0.17007000648063517 
0.17146327114842902 0.16948519481523794 
0.17672731995690755 0.16991135174807287 
0.17369717195419596 0.1718173612162343 
0.17369717195419596 0.1718173612162343 
0.15848547557148218 0.17132343160001026 
0.16658838793486397 0.17606310326944344 
0.16658838793486397 0.17606310326944344 
0.16658838793486397 0.17606310326944344 
0.16658838793486397 0.17606310326944344 
0.16945327438498894 0.17384969417615212 
0.16911950290628497 0.17457000614715745 
0.16911950290628497 0.17457000614715745 
0.16911950290628497 0.17457000614715745 
0.17292316976617195 0.1748843789831363 
0.17249092357408588 0.1746251000372015 
0.15383813311020794 0.17327553854821098 
0.15383813311020794 0.17327553854821098 
0.15778504984328776 0.18140414579532654 
0.13954586289279325 0.18125006279687955 
0.13954586289279325 0.18125006279687955 
0.13786235125963534 0.18131097288920878 
0.12734052809774354 0.1852187481616659 
0.12887623339671594 0.18581390235559686 
0.11239210739614358 0.1799763825283263 
0.13210072624151534 0.1913423303877987 
0.1383205394754915 0.19256854268699639 
0.14468986571221157 0.1981275033642902 
0.1450503695543981 0.1982059821981029 
0.14307239640438604 0.20086425712665085 
0.12526376083001556 0.18766540491448594 
0.12526376083001556 0.18766540491448594 
0.12837299524344203 0.18998782894375243 
0.13057331569754577 0.1905695845711179 
0.16243691944921065 0.1898826343358069 
0.16243691944921065 0.1898826343358069 
0.15666921847553544 0.19573802763722395 
0.15666921847553544 0.19573802763722395 
0.15436246567421982 0.19458935709991562 
0.15719840531490803 0.19730804713409414 
0.15719840531490803 0.19730804713409414 
0.15719840531490803 0.19730804713409414 
0.15719840531490803 0.19730804713409414 
0.15719840531490803 0.19730804713409414 
0.15719840531490803 0.19730804713409414 
0.1575748159800904 0.19453450867159158 
0.16132125540425354 0.19684808785248048 
0.16132125540425354 0.19684808785248048 
0.16132125540425354 0.19684808785248048 
0.16132125540425354 0.19684808785248048 
0.16132125540425354 0.19684808785248048 
0.1557310984496165 0.18770502535666156 
0.1459010559602116 0.17877601910449345 
0.15530457164588907 0.1795487827572847 
0.15530457164588907 0.1795487827572847 
0.13864843468743396 0.17742296365466292 
0.16181757483121406 0.1824580954184527 
0.17490172763206563 0.1822446145619493 
0.17490172763206563 0.1822446145619493 
0.17490172763206563 0.1822446145619493 
0.1653857549013615 0.18062268420251026 
0.16371251155221783 0.18043522966417372 
0.16371251155221783 0.18043522966417372 
0.16371251155221783 0.18043522966417372 
0.16371251155221783 0.18043522966417372 
0.1674749900513617 0.18169021166759722 
0.15635309588830087 0.1795149391469951 
0.15635309588830087 0.1795149391469951 
0.15635309588830087 0.1795149391469951 
0.16537415449260534 0.1791612684007303 
0.16537415449260534 0.1791612684007303 
0.16537415449260534 0.1791612684007303 
0.16640955028936086 0.17235732367537232 
0.16571184068069883 0.1722657058277804 
0.16970549019874903 0.1715094038665804 
0.16970549019874903 0.1715094038665804 
0.16970549019874903 0.1715094038665804 
0.1536165084617289 0.17205955869309225 
0.15552057310831444 0.17463774895536582 
0.16122200959244842 0.17457661060830035 
0.16122200959244842 0.17457661060830035 
0.1572837244810105 0.16724252970391382 
0.15569871270949154 0.1674743082844401 
0.15569871270949154 0.1674743082844401 
0.15337616387127434 0.16331264108658042 
0.15337616387127434 0.16331264108658042 
0.15337616387127434 0.16331264108658042 
0.15632842044109588 0.17399993922504786 
0.1556271034301336 0.1739765139117328 
0.1556271034301336 0.1739765139117328 
0.14509602659718207 0.1879099301155176 
0.15547519948929894 0.18993495041326267 
0.15582127817376823 0.19015585522380304 
0.13896775724106245 0.18490507863109787 
0.17789271042260546 0.18261992160340193 
0.17789271042260546 0.18261992160340193 
0.16315970189405946 0.1837614861191315 
0.16315970189405946 0.1837614861191315 
0.16315970189405946 0.1837614861191315 
0.14672403320578783 0.18746528161161183 
0.1419060918306602 0.1823420472507981 
0.17977492458009725 0.18256899826482365 
0.17977492458009725 0.18256899826482365 
0.17697442358343846 0.1819070144719311 
0.17887982837999342 0.18001339083031215 
0.1813032867843659 0.18009153505389067 
0.1813032867843659 0.18009153505389067 
0.1813032867843659 0.18009153505389067 
0.1813032867843659 0.18009153505389067 
0.1813032867843659 0.18009153505389067 
0.18132581838854264 0.18007386746119416 
0.18132581838854264 0.18007386746119416 
0.18132581838854264 0.18007386746119416 
0.18132581838854264 0.18007386746119416 
0.18132581838854264 0.18007386746119416 
0.18132581838854264 0.18007386746119416 
0.18132581838854264 0.18007386746119416 
0.17098400206610254 0.1831911701435385 
0.16363830445630018 0.18126513878849895 
0.18009699760496994 0.17989900634307493 
0.18009699760496994 0.17989900634307493 
0.18009699760496994 0.17989900634307493 
0.18009699760496994 0.17989900634307493 
0.18009699760496994 0.17989900634307493 
0.18009699760496994 0.17989900634307493 
0.18009699760496994 0.17989900634307493 
0.1806813487860294 0.18196012762503566 
0.17991687022095681 0.18183230352839624 
0.16110372712988774 0.1694825780644434 
0.1689232912687608 0.1737960095775873 
0.1689232912687608 0.1737960095775873 
0.1689232912687608 0.1737960095775873 
0.17237561496853046 0.16917851242094245 
0.1634130354651933 0.1711015978142456 
0.16880916149842362 0.17028502790547562 
0.16139442287246614 0.17119462020038997 
0.1511779664799009 0.17048222038360863 
0.1523577357946282 0.17050309600193547 
0.1289531275921191 0.17029586505207964 
0.1289531275921191 0.17029586505207964 
0.11914376506226741 0.17398084750793646 
0.10316202398258167 0.15912852810398695 
0.10515194243912804 0.1602453939902071 
0.10515194243912804 0.1602453939902071 
0.10515194243912804 0.1602453939902071 
0.10515194243912804 0.1602453939902071 
0.10849567161177931 0.15862604794577223 
0.13736106498703365 0.1571292350746793 
0.13736106498703365 0.1571292350746793 
0.1130344743235011 0.16390444734782256 
0.09652890532886618 0.1614197841477081 
0.09674617940090763 0.16111064072176504 
0.10462802679296962 0.1703954732792678 
0.09194496342087508 0.17200356527867616 
0.09194496342087508 0.17200356527867616 
0.10699335254191376 0.16434770843130844 
0.11542511248219858 0.16041279428693145 
0.11666113940944797 0.16081238752565383 
0.11666113940944797 0.16081238752565383 
0.11666113940944797 0.16081238752565383 
0.10214633806390808 0.1744969696047464 
0.10044462087963475 0.16787058798968407 
0.09958437509921672 0.1680118670258312 
0.11297547865228572 0.17506310827004665 
0.08015880066346757 0.18029440824843002 
0.12340291941219653 0.17966210946853212 
0.12340291941219653 0.17966210946853212 
0.13321972992229414 0.18175338853657266 
0.14372092560896765 0.18017033455438672 
0.16925841504720804 0.1854801485631185 
0.16920077779381573 0.18619154170577365 
0.16920077779381573 0.18619154170577365 
0.1481830850829497 0.1769829180827215 
0.1481830850829497 0.1769829180827215 
0.1481830850829497 0.1769829180827215 
0.14789551973991324 0.174719175115471 
0.14789551973991324 0.174719175115471 
0.14700270578068023 0.17611729204959056 
0.1429550624740356 0.173988065409121 
0.10953611988674128 0.15813729252965938 
0.10953611988674128 0.15813729252965938 
0.10915376448399318 0.15804785630517468 
0.10915376448399318 0.15804785630517468 
0.10915376448399318 0.15804785630517468 
0.10915376448399318 0.15804785630517468 
0.10915376448399318 0.15804785630517468 
0.1100411783440817 0.15788392841448562 
0.1100411783440817 0.15788392841448562 
0.1277574897221418 0.15912853936257365 
0.1277574897221418 0.15912853936257365 
0.1391302150099643 0.16811762962641733 
0.14594064209797802 0.1666435270926377 
0.12427874315351528 0.17139890270727368 
0.13707668112088287 0.17237662911093535 
0.14135108421054118 0.1769398039471979 
0.15428980516400842 0.1615468921404561 
0.16042054848791482 0.16603150627308538 
0.13619485950229812 0.16948584401301972 
0.14212669636491937 0.16459715029335187 
0.14212669636491937 0.16459715029335187 
0.14212669636491937 0.16459715029335187 
0.14212669636491937 0.16459715029335187 
0.14194244735709322 0.16465260451985755 
0.18137972309861827 0.1678339642794025 
0.18137972309861827 0.1678339642794025 
0.18137972309861827 0.1678339642794025 
0.18137972309861827 0.1678339642794025 
0.18137972309861827 0.1678339642794025 
0.1804736653314029 0.1678177725803828 
0.16078787948285295 0.1681864701782294 
0.16078787948285295 0.1681864701782294 
0.16090778164554037 0.16820511490810397 
0.16090778164554037 0.16820511490810397 
0.16090778164554037 0.16820511490810397 
0.16377505878775164 0.1679875389888332 
0.16377505878775164 0.1679875389888332 
0.1690841070935786 0.16132246426510866 
0.14146491032740904 0.16394474246675428 
0.14146491032740904 0.16394474246675428 
0.1424863342140589 0.16694229863759988 
0.15130457905962177 0.16139040713441016 
0.15149466833777725 0.17122422102812695 
0.1733206290374381 0.17063531289501638 
0.17098786927323598 0.172663353604561 
0.17098786927323598 0.172663353604561 
0.17098786927323598 0.172663353604561 
0.17098786927323598 0.172663353604561 
0.15202271523096392 0.18023949716993418 
0.15202271523096392 0.18023949716993418 
0.15114117073805697 0.18058592254207512 
0.15114117073805697 0.18058592254207512 
0.13557280896992402 0.18150670749583764 
0.12287247708999578 0.17907497742599798 
0.12018516958221025 0.1781167291487082 
0.12018516958221025 0.1781167291487082 
0.12156476007012511 0.17760707822388197 
0.12156476007012511 0.17760707822388197 
0.12741197892904016 0.1782046847487539 
0.13001755252243374 0.17806732682903148 
0.10474355937756903 0.18577113860572514 
0.11024458333395505 0.18317866473687544 
0.11237137195848128 0.17460832617564984 
0.11237137195848128 0.17460832617564984 
0.11188367442615739 0.1750904179778685 
0.11169191481223675 0.17515225804593929 
0.11169191481223675 0.17515225804593929 
0.07843521287233583 0.16515071353145858 
0.08230068517158072 0.16620653093036494 
0.08230068517158072 0.16620653093036494 
0.08230068517158072 0.16620653093036494 
0.10573807710514231 0.1699835906335623 
0.10029633893731614 0.17233738582542926 
0.10135351410697158 0.17108547744173222 
0.10700194618130895 0.17082396395782695 
0.09431548893285643 0.16882931836130288 
0.09421085320835684 0.1687584085310113 
0.0948549604313269 0.1686914868116753 
0.09989020542330596 0.17013534467670335 
0.09942240655882986 0.170779572604757 
0.09942240655882986 0.170779572604757 
0.07479646069124828 0.16321232785661988 
0.11523917058831998 0.17386123120191843 
0.12773235677919478 0.17426735930254295 
0.13198506512132147 0.1722775500191454 
0.14745243708751177 0.1726966449447926 
0.14896947813295075 0.17396723342172146 
0.17708626512812126 0.17035857798341392 
0.17708626512812126 0.17035857798341392 
0.17947456270039958 0.16959390538338917 
0.17947456270039958 0.16959390538338917 
0.17261283262180427 0.16952099514122995 
0.17261283262180427 0.16952099514122995 
0.18044174884865855 0.1702640201876967 
0.18044174884865855 0.1702640201876967 
0.18044174884865855 0.1702640201876967 
0.18044174884865855 0.1702640201876967 
0.18044174884865855 0.1702640201876967 
0.18044174884865855 0.1702640201876967 
0.18044174884865855 0.1702640201876967 
0.18044174884865855 0.1702640201876967 
0.18044174884865855 0.1702640201876967 
0.18044174884865855 0.1702640201876967 
0.18044174884865855 0.1702640201876967 
0.18044174884865855 0.1702640201876967 
0.18044174884865855 0.1702640201876967 
0.18044174884865855 0.1702640201876967 
0.18044174884865855 0.1702640201876967 
0.17442638475969968 0.17125626584994902 
0.17442638475969968 0.17125626584994902 
0.17017707374976654 0.1738695222942364 
0.17017707374976654 0.1738695222942364 
0.17017707374976654 0.1738695222942364 
0.16942292949205376 0.1738065553268128 
0.17972821728069155 0.172940873879995 
0.12611275547691414 0.17591262590309079 
0.13331638848283295 0.1705044278954002 
0.13814399118925275 0.17014249557515904 
0.13259513844671678 0.16923432159733826 
0.12496638109873669 0.16558366099271354 
0.11902455127987309 0.16686425790860265 
0.12736023102863842 0.16056509212369985 
0.12760494409655182 0.16138315139324494 
0.12760494409655182 0.16138315139324494 
0.12890086737651574 0.16181761717361665 
0.12890086737651574 0.16181761717361665 
0.12890086737651574 0.16181761717361665 
0.12890086737651574 0.16181761717361665 
0.12890086737651574 0.16181761717361665 
0.12890086737651574 0.16181761717361665 
0.13553857416690807 0.16890647766806394 
0.13553857416690807 0.16890647766806394 
0.13574064220933357 0.16897379922945366 
0.13897645676975656 0.16851738970522714 
0.14219863972127694 0.1679397724237693 
0.1288713684594151 0.16784020922932613 
0.14842761483237993 0.17099617120060107 
0.11953566593224846 0.1792344131294781 
0.10106005483361401 0.1824128235391555 
0.0974178398996761 0.18322397257650708 
0.07247902952564853 0.1859198299920451 
0.06192106515974379 0.19189035530148654 
0.06192106515974379 0.19189035530148654 
0.0636591864494226 0.1895324259873949 
0.0636591864494226 0.1895324259873949 
0.0636591864494226 0.1895324259873949 
0.0636591864494226 0.1895324259873949 
0.0636591864494226 0.1895324259873949 
0.08465779058819815 0.17801958674009238 
0.08465779058819815 0.17801958674009238 
0.10185319616439144 0.17684097084988196 
0.10449553432290214 0.1774579734856887 
0.09067679212917452 0.1809816589968648 
0.091273549246586 0.17970742500547907 
0.0911912449892756 0.17988538887595729 
0.06744799426404303 0.18309600669807702 
0.06456113436884163 0.1841116579917018 
0.07986469788008996 0.18066595177314437 
0.08978479608938811 0.18489941979691504 
0.1048633644798488 0.18433626295626176 
0.10397607437124712 0.18666880633164157 
0.0975802633896461 0.18489764492216526 
0.09710079225744918 0.18233791990404294 
0.08963143668029953 0.17714563853074283 
0.08333551797679956 0.17651800801559336 
0.08988689137541853 0.17502845738372008 
0.08988689137541853 0.17502845738372008 
0.08988689137541853 0.17502845738372008 
0.08988689137541853 0.17502845738372008 
0.08988689137541853 0.17502845738372008 
0.08473790855588935 0.17513888716030238 
0.07721721105131804 0.17098361460943273 
0.07118414876972308 0.16976173041956258 
0.070057774068809 0.16828037939276858 
0.070057774068809 0.16828037939276858 
0.070057774068809 0.16828037939276858 
0.06960767446994355 0.17561307393137454 
0.07352916655169738 0.1836876262890996 
0.08204947434069669 0.1824367645376285 
0.06612306048648475 0.19233158670803793 
0.07109805832845638 0.19481663672276725 
0.07109805832845638 0.19481663672276725 
0.07109805832845638 0.19481663672276725 
0.06850857358246312 0.18916271355445113 
0.06695177731991062 0.2001946559368123 
0.0658116444911884 0.20134380892407286 
0.0658116444911884 0.20134380892407286 
0.0658116444911884 0.20134380892407286 
0.0658116444911884 0.20134380892407286 
0.0658116444911884 0.20134380892407286 
0.0658116444911884 0.20134380892407286 
0.0658116444911884 0.20134380892407286 
0.09055247801360483 0.19238982986234918 
0.07890070996485327 0.1835817474066782 
0.07384418259809025 0.18134381622370485 
0.07384418259809025 0.18134381622370485 
0.07384418259809025 0.18134381622370485 
0.07384418259809025 0.18134381622370485 
0.06572919282298603 0.19246258034259947 
0.06572919282298603 0.19246258034259947 
0.061739173316226394 0.19501401306284935 
0.08097544905151752 0.1978358833668874 
0.08027376184840784 0.17748873104891588 
0.08323135049167715 0.18021797896059308 
0.08323135049167715 0.18021797896059308 
0.0688496080360011 0.18042478452296642 
0.0688496080360011 0.18042478452296642 
0.0688496080360011 0.18042478452296642 
0.0688496080360011 0.18042478452296642 
0.0688496080360011 0.18042478452296642 
0.06983231942700704 0.17901421186508182 
0.06983231942700704 0.17901421186508182 
0.06623742864934866 0.17799573990243733 
0.06623742864934866 0.17799573990243733 
0.06623742864934866 0.17799573990243733 
0.06623742864934866 0.17799573990243733 
0.06928158049570533 0.17692362149925112 
0.08347699246156363 0.17687764236461181 
0.08347699246156363 0.17687764236461181 
0.12485934593476464 0.17964752858864522 
0.12241261106710458 0.18025524575577456 
0.12493278899029213 0.17927810203368114 
0.1153351253353895 0.1831007153379973 
0.1153351253353895 0.1831007153379973 
0.11357647532340702 0.1853718779028645 
0.11075878651233272 0.17756040908422852 
0.07088278982338568 0.18445595094049516 
0.07088278982338568 0.18445595094049516 
0.06489744067482661 0.1858080360779279 
0.06489744067482661 0.1858080360779279 
0.08129789747605395 0.18192639666052773 
0.08492019742653305 0.1876131952511319 
0.08492019742653305 0.1876131952511319 
0.07216666258935855 0.1825773510985219 
0.07809448744019552 0.195627331718031 
0.07809448744019552 0.195627331718031 
0.08755653029002988 0.18977688292342013 
0.08755653029002988 0.18977688292342013 
0.1070403585444557 0.18425700239930323 
0.11105667646402125 0.1900073054116086 
0.12533523661418416 0.18436718308854647 
0.1311988198913319 0.1836565093554615 
0.13098179986870293 0.1833894921421033 
0.1321664019955645 0.18275024176484328 
0.11876713310793771 0.18494377247427188 
0.11995857520076031 0.18545728520291252 
0.1298958413456366 0.18611363826365687 
0.13420862933716465 0.18618198275370543 
0.1442669248663962 0.19801299571826378 
0.17372349005283189 0.20548757834609577 
0.17372349005283189 0.20548757834609577 
0.1433045756176985 0.19087634348318921 
0.1434329840277103 0.1901917005797531 
0.13404735953283867 0.1834120736915754 
0.1302107438759544 0.1813114475468 
0.1491405706372709 0.17828176726995387 
0.13196261361111894 0.18006326023758004 
0.1383435502852631 0.18342163647272455 
0.1383435502852631 0.18342163647272455 
0.12943206819472125 0.18220449465134214 
0.10714665599237885 0.18566729309360197 
0.08350078434315784 0.19297414656696749 
0.07339075862011021 0.1961267341914118 
0.0852392211393701 0.18842628798554475 
0.06091456518930895 0.19357535003917295 
0.07908485780095512 0.1826183079964373 
0.09961711935996648 0.17982469847263538 
0.09639952097110961 0.17793560265888714 
0.09740218943886876 0.1777768542171529 
0.09658105922157051 0.17932480450180072 
0.09658105922157051 0.17932480450180072 
0.09658105922157051 0.17932480450180072 
0.09492235702094483 0.18002005444542557 
0.06553019670325755 0.1747833397321698 
0.06553019670325755 0.1747833397321698 
0.06553019670325755 0.1747833397321698 
0.06553019670325755 0.1747833397321698 
0.06553019670325755 0.1747833397321698 
0.06586733705854976 0.17357022079843454 
0.06586733705854976 0.17357022079843454 
0.06897883849726795 0.17373340297963072 
0.06897883849726795 0.17373340297963072 
0.06897883849726795 0.17373340297963072 
0.06382997160268786 0.17300430896157623 
0.0641918267744258 0.17302882207235654 
0.0641918267744258 0.17302882207235654 
0.0641918267744258 0.17302882207235654 
0.0641918267744258 0.17302882207235654 
0.08612661032760326 0.17483942579131337 
0.07818377599396348 0.17281915417163984 
0.06860386739045218 0.16644413470487432 
0.07764056739629345 0.16888751137839356 
0.07764056739629345 0.16888751137839356 
0.1013238282553725 0.17229996982879497 
0.09196737732938122 0.1706075504839513 
0.09196737732938122 0.1706075504839513 
0.06889701686296412 0.16784999948728574 
0.07776953998386485 0.17409908763683973 
0.07776953998386485 0.17409908763683973 
0.09778916907085244 0.17395205910496053 
0.09778916907085244 0.17395205910496053 
0.10116116246977758 0.17401501196278552 
0.09380753694782996 0.16381962034592396 
0.06477829095321855 0.1562932324894265 
0.06933302553554069 0.15942127038827178 
0.06953295554787799 0.15967946401141678 
0.06953295554787799 0.15967946401141678 
0.09118767448027801 0.1622277138471936 
0.09118767448027801 0.1622277138471936 
0.09118767448027801 0.1622277138471936 
0.09498644340228078 0.16373857775869025 
0.09498644340228078 0.16373857775869025 
0.09148865282012639 0.16418118457796285 
0.12466277432377507 0.1746482116060149 
0.12466277432377507 0.1746482116060149 
0.1298630533775524 0.1752082094161311 
0.11796811646693955 0.1742653397229793 
0.12390508091538041 0.1736935097602135 
0.1158961877220507 0.1753285137253036 
0.15628051787105662 0.1886492100297546 
0.15628051787105662 0.1886492100297546 
0.15628051787105662 0.1886492100297546 
0.16058216718139007 0.18448205384699867 
0.16025868213374256 0.18415016223093628 
0.16025868213374256 0.18415016223093628 
0.15541839891400655 0.18573195359923647 
0.15541839891400655 0.18573195359923647 
0.15648508612826456 0.18788411418824671 
0.15574302563556625 0.1879088227874601 
0.15574302563556625 0.1879088227874601 
0.14819226448989514 0.18673308940563274 
0.1489392076434603 0.18724926011602744 
0.1489392076434603 0.18724926011602744 
0.14907450436198366 0.18773972919731102 
0.1729413210713619 0.1906982671364116 
0.1740477539206628 0.19151991289187104 
0.1608563943473777 0.1887126396640105 
0.1608563943473777 0.1887126396640105 
0.15917836858642587 0.18625810587721284 
0.15942989641704003 0.18660526775110609 
0.14515865360051042 0.18237061249474784 
0.14382945273361436 0.1823694522996877 
0.14382945273361436 0.1823694522996877 
0.11991699324899631 0.1903782651667421 
0.11991699324899631 0.1903782651667421 
0.1179389152335075 0.19361130451336309 
0.12049842432590174 0.19224153441493358 
0.12049842432590174 0.19224153441493358 
0.14219998068856915 0.204227406713144 
0.14219998068856915 0.204227406713144 
0.14219998068856915 0.204227406713144 
0.14219998068856915 0.204227406713144 
0.14989469826891696 0.19919545493278645 
0.14633847493606417 0.19747957114226805 
0.14273666004395535 0.19981810114377258 
0.14273666004395535 0.19981810114377258 
0.13756603228272513 0.18728240380517575 
0.1389824197723563 0.18872446766225529 
0.13844806143916094 0.18846368252732382 
0.13347089572117243 0.18153330461511552 
0.128438757210451 0.18702427416310655 
0.10158778800271301 0.18178935509917457 
0.11575371800036705 0.184551173357179 
0.10517950919237831 0.17878964219928126 
0.09253724484265384 0.17516044398122216 
0.08514781425284426 0.17588399799135937 
0.10330549613953 0.1802349909835577 
0.10330549613953 0.1802349909835577 
0.11482070880958287 0.17939629862604514 
0.12144322793214328 0.17941355621704386 
0.11663556831307371 0.18100780372089406 
0.11515428676255739 0.1793220897395746 
0.09192675422418138 0.1874512873859033 
0.08971080774670391 0.19053911015350494 
0.10015088439890729 0.1873001304759617 
0.10216339647252452 0.1828952657191995 
0.10882864796077904 0.1788824388585562 
0.10882864796077904 0.1788824388585562 
0.14775972448629132 0.19151052972944305 
0.14125799223524793 0.1893961126976883 
0.14125799223524793 0.1893961126976883 
0.14431698785132258 0.18684112836878014 
0.13819935372927367 0.18722191181210873 
0.134553162883044 0.18586361074471017 
0.134553162883044 0.18586361074471017 
0.134553162883044 0.18586361074471017 
0.15629781378553473 0.18628605823667194 
0.15629781378553473 0.18628605823667194 
0.17136224428207186 0.18445572774042562 
0.17136224428207186 0.18445572774042562 
0.15326762822339032 0.17360247957352085 
0.15326762822339032 0.17360247957352085 
0.1530039233766291 0.18920259116449256 
0.1498326161149393 0.19270538047368324 
0.1498326161149393 0.19270538047368324 
0.15663403886429433 0.19371903554773995 
0.15177212023551062 0.19210355430651105 
0.15177212023551062 0.19210355430651105 
0.15177212023551062 0.19210355430651105 
0.14327922484538536 0.19228994017299292 
0.1252810936618575 0.1845612458165693 
0.11409721990507177 0.18749470915789682 
0.11486776120762307 0.18686688681942928 
0.11486776120762307 0.18686688681942928 
0.11486776120762307 0.18686688681942928 
0.11486776120762307 0.18686688681942928 
0.1252650019447739 0.18463905774794884 
0.1252650019447739 0.18463905774794884 
0.1335157850043267 0.18438227571963262 
0.13307232764785082 0.1847626975967992 
0.13307232764785082 0.1847626975967992 
0.13301454517309413 0.18403075216682058 
0.12487617535313525 0.1828933639947462 
0.13800532266146173 0.17915588289791226 
0.11799773751904204 0.18107642935084076 
0.13163129035677254 0.17858183459877328 
0.12400448314931761 0.17528976320054102 
0.13018274061597532 0.17503180463589627 
0.09452044045924458 0.17548123643247932 
0.09692076177188269 0.17603415839217493 
0.10442621444901902 0.1768302379794627 
0.08401021897674275 0.1826000295932855 
0.10034635504188086 0.18335501123818446 
0.10034635504188086 0.18335501123818446 
0.10034635504188086 0.18335501123818446 
0.08426115068452171 0.18585729236418475 
0.08693225793073851 0.185895526846861 
0.07653381957895702 0.190613731410513 
0.07653381957895702 0.190613731410513 
0.07653381957895702 0.190613731410513 
0.07653381957895702 0.190613731410513 
0.0687144299648848 0.20469459169715423 
0.0687144299648848 0.20469459169715423 
0.0687144299648848 0.20469459169715423 
0.0687144299648848 0.20469459169715423 
0.07132026798474748 0.2035533740629551 
0.10861534563397819 0.19272756815418532 
0.13719551871613148 0.18763626938990585 
0.13151107417699873 0.18725246119821354 
0.13528815084903928 0.1867090584133433 
0.16528954260960527 0.19514498505804817 
0.16528954260960527 0.19514498505804817 
0.1554755773255624 0.18888153679911884 
0.13694269705927592 0.17809581279042158 
0.15061574781903356 0.1813399560727693 
0.13719301614153148 0.17032228736543772 
0.13380880598150882 0.17055560862232766 
0.13458010504581325 0.16982720371508125 
0.1243936632136039 0.16969372820707382 
0.09289109631869592 0.1626502280655795 
0.10511794404638297 0.16274111392921917 
0.10816922889563566 0.1645520059599595 
0.10816922889563566 0.1645520059599595 
0.08454983224640437 0.1669973664581883 
0.08454983224640437 0.1669973664581883 
0.08454983224640437 0.1669973664581883 
0.07344607720258087 0.1654595752922218 
0.07344607720258087 0.1654595752922218 
0.10159988490664433 0.16960993718412418 
0.10159988490664433 0.16960993718412418 
0.10244769765049518 0.16975737372441868 
0.11998044134197516 0.16791656844144176 
0.11998044134197516 0.16791656844144176 
0.12172931029559733 0.16807201206270778 
0.12189256662083386 0.16816899607676591 
0.12189256662083386 0.16816899607676591 
0.12044038120799465 0.17363637534792048 
0.11846961094018946 0.17449432845894847 
0.10717025018919853 0.17138204260990372 
0.109796191889906 0.17106977506280902 
0.10770401094235775 0.17052610154505773 
0.10756949624673293 0.17049945417165396 
0.10697878608273308 0.17033776071588638 
0.061623647609517634 0.1755936272962556 
0.09800120178962972 0.171528641794074 
0.09800120178962972 0.171528641794074 
0.10151826910507113 0.17156645177010468 
0.10237949848252603 0.17222937916883233 
0.09818427079249084 0.17453304001448686 
0.0982707270207302 0.17458616563831844 
0.0982707270207302 0.17458616563831844 
0.10576737023273197 0.17352299134141974 
0.09930187693942594 0.16070491331260853 
0.09930187693942594 0.16070491331260853 
0.09930187693942594 0.16070491331260853 
0.11458325166459457 0.16155788601661725 
0.11569749364866909 0.16312516385636047 
0.06421886497716969 0.17215018132994342 
0.061027007048549485 0.16892950348165509 
0.061027007048549485 0.16892950348165509 
0.061027007048549485 0.16892950348165509 
0.061027007048549485 0.16892950348165509 
0.08352116273128893 0.18007761804928396 
0.08352116273128893 0.18007761804928396 
0.08313952321433266 0.1806763558903535 
0.08661023017718812 0.1788764373768826 
0.098250039871421 0.17831093103072262 
0.098250039871421 0.17831093103072262 
0.09929055260087737 0.17810803565208697 
0.1009112145639178 0.18039092337410054 
0.07382771872734084 0.17980700305198385 
0.07382771872734084 0.17980700305198385 
0.07382771872734084 0.17980700305198385 
0.07391862942980766 0.18032043024828168 
0.07391862942980766 0.18032043024828168 
0.07974854016391766 0.17956998719614872 
0.0673561186466135 0.1804900043884808 
0.07006563654437291 0.18059332754706045 
0.10502439830636709 0.18220229996708331 
0.10554904941236602 0.17778444131200016 
0.08381372759057783 0.1781309952626407 
0.09160856979199226 0.17371939956611285 
0.09895891071755779 0.1726040606871059 
0.09920006732253868 0.1724346091806664 
0.10134259378747515 0.17252181117224036 
0.10134259378747515 0.17252181117224036 
0.08567054383070233 0.17540088975494686 
0.08431516925417126 0.1783222355177021 
0.08935504283398801 0.18061229512923624 
0.08935504283398801 0.18061229512923624 
0.08935504283398801 0.18061229512923624 
0.061460060590647334 0.1890135692423758 
0.061460060590647334 0.1890135692423758 
0.06944611553647231 0.18056700915473695 
0.07392557879836699 0.17834693147811792 
0.07392557879836699 0.17834693147811792 
0.07295836587928368 0.17992019459931916 
0.10195370855704694 0.18349281896581296 
0.10195370855704694 0.18349281896581296 
0.07577536525870923 0.1831473143716336 
0.07577536525870923 0.1831473143716336 
0.06973605677098813 0.1835093663438295 
0.06973605677098813 0.1835093663438295 
0.06943484136571737 0.18351788781824557 
0.1023963589607323 0.18886821249858696 
0.11872776539622594 0.1874655627821682 
0.11704006893468151 0.1866720581361202 
0.1089308505636497 0.18547084743645312 
0.14488370489050673 0.19228807010320031 
0.14414065393355086 0.21051223201666566 
0.1480727439112998 0.20528784866910982 
0.14577676609876733 0.203651748423063 
0.14577676609876733 0.203651748423063 
0.17340503709984784 0.2094092313055106 
0.1746168870898049 0.20267957545879312 
0.1746168870898049 0.20267957545879312 
0.17212513007401364 0.20198901146299664 
0.17212513007401364 0.20198901146299664 
0.16944903699165298 0.19926712536649294 
0.16944903699165298 0.19926712536649294 
0.16293682394827347 0.1976195021350174 
0.1604487977380198 0.18750160065977695 
0.1604487977380198 0.18750160065977695 
0.14048316889264065 0.18020696437020808 
0.14048316889264065 0.18020696437020808 
0.13148722997559953 0.17860016682926108 
0.13148722997559953 0.17860016682926108 
0.1401219689602994 0.18082472636819416 
0.1401964484291148 0.18080622099314853 
0.1401964484291148 0.18080622099314853 
0.14782119545962494 0.180277676875931 
0.15439470440379646 0.17241873849997807 
0.14324463219743758 0.17167493720912466 
0.14324463219743758 0.17167493720912466 
0.14324463219743758 0.17167493720912466 
0.14324463219743758 0.17167493720912466 
0.13585646522956837 0.1724035765520409 
0.13532030579461587 0.17418404962293219 
0.1507420777686779 0.1715259212960123 
0.12394093092525144 0.17167161060043826 
0.12723140372326022 0.17292786695616041 
0.13513691907017844 0.1767950596458753 
0.14126135693048322 0.17946332904118878 
0.13845983977814055 0.1774250143754963 
0.14919201227681925 0.1853347615910088 
0.14919201227681925 0.1853347615910088 
0.15069053730099363 0.1859791651976258 
0.1350453177240369 0.1832427542138431 
0.14034387667061854 0.18314736456378589 
0.14658212921084923 0.1786744155784823 
0.13755587832019867 0.176516955952646 
0.13977829760657942 0.17765390324609823 
0.13977829760657942 0.17765390324609823 
0.13846013526796772 0.18005578776460945 
0.1379550546703565 0.18015810112755606 
0.14106145406317516 0.18144666652915392 
0.13716558418029906 0.18196377987302598 
0.13716558418029906 0.18196377987302598 
0.13716558418029906 0.18196377987302598 
0.15359796168574952 0.17781958211580137 
0.15359796168574952 0.17781958211580137 
0.15359796168574952 0.17781958211580137 
0.15905566231679624 0.1777082850596957 
0.15905566231679624 0.1777082850596957 
0.13674576874478483 0.1767015531469108 
0.16033648764183028 0.1777259699685707 
0.16033648764183028 0.1777259699685707 
0.16033648764183028 0.1777259699685707 
0.17333671892867297 0.17533316573401786 
0.17333671892867297 0.17533316573401786 
0.1556080237013613 0.1824510873481041 
0.14108081302022718 0.18153108668035045 
0.13740731443389345 0.17993296684585458 
0.12655735442319288 0.17872036456580703 
0.12655735442319288 0.17872036456580703 
0.1270083824386002 0.17586328999977527 
0.12866168175678 0.17636852185098167 
0.11588759201816662 0.17287576829440984 
0.11588759201816662 0.17287576829440984 
0.09029369245761781 0.17195201474554933 
0.09029369245761781 0.17195201474554933 
0.08384983736438625 0.1710977840863849 
0.10207694397125064 0.17355685939624915 
0.06120867359129313 0.18092326565423178 
0.06120867359129313 0.18092326565423178 
0.06120867359129313 0.18092326565423178 
0.06120867359129313 0.18092326565423178 
0.06120867359129313 0.18092326565423178 
0.06522038085303289 0.182855833024461 
0.06522038085303289 0.182855833024461 
0.06522038085303289 0.182855833024461 
0.06522038085303289 0.182855833024461 
0.06522038085303289 0.182855833024461 
0.06522038085303289 0.182855833024461 
0.07376737814821112 0.18063050369122993 
0.06360610472370523 0.18258056568498435 
0.06739648551034705 0.18042231300724074 
0.06739648551034705 0.18042231300724074 
0.06739648551034705 0.18042231300724074 
0.06739648551034705 0.18042231300724074 
0.06755825993346032 0.1817799172334382 
0.06755825993346032 0.1817799172334382 
0.06755825993346032 0.1817799172334382 
0.06755825993346032 0.1817799172334382 
0.07007327794113297 0.19141778330878598 
0.07008322609320959 0.19279350189173083 
0.08120582235683407 0.18118224437191013 
0.08120582235683407 0.18118224437191013 
0.06649197264544057 0.1846210846261883 
0.06649197264544057 0.1846210846261883 
0.06804493813639127 0.184286481144865 
0.0996977032880035 0.1856536526645656 
0.09553974377058547 0.18534033141731768 
0.09553974377058547 0.18534033141731768 
0.09553974377058547 0.18534033141731768 
0.09317669242283175 0.18657007384688615 
0.09657281828904771 0.185455138874293 
0.09719389383986902 0.18282859860770667 
0.09511599898088823 0.17782412533293554 
0.08798935134082492 0.18009301472530725 
0.06807181410693472 0.17649969117126907 
0.06807181410693472 0.17649969117126907 
0.08422622362897535 0.17759305938634146 
0.08422622362897535 0.17759305938634146 
0.1069730622328934 0.1778815057275462 
0.09907771088414292 0.1814328524802524 
0.0973595244428 0.18390657831296792 
0.09547980626405185 0.18253620488526812 
0.11053987554213292 0.17616525064218072 
0.11610836636351905 0.17981258843445777 
0.11905285618382622 0.18226104616907524 
0.12313355775387758 0.18294567809518003 
0.14758790292501422 0.18794780538634379 
0.14837173054666164 0.1880925174723914 
0.14915095650645888 0.18747763039405668 
0.14915095650645888 0.18747763039405668 
0.14397153696197254 0.21030405745666061 
0.1443329557957641 0.2105638416631101 
0.15601735333599007 0.19692058098539456 
0.14098690930146973 0.19078995808914806 
0.16497967912675982 0.19997453856013253 
0.14707660969766184 0.20188904979137448 
0.14902364902548626 0.2049048778422115 
0.14902364902548626 0.2049048778422115 
0.14241377542421874 0.20922440253522828 
0.14241377542421874 0.20922440253522828 
0.12045747944291763 0.20039827521356565 
0.12045747944291763 0.20039827521356565 
0.14382410752844907 0.1893198859349183 
0.14150799880485962 0.18846280209141708 
0.14126501064945846 0.18891104046745677 
0.12469112805903018 0.1903236957913051 
0.12681980926875885 0.1911229949049128 
0.1275308272973219 0.19231319052197568 
0.13810313326901108 0.18493848068264088 
0.1515178326837941 0.1904185805294164 
0.1515178326837941 0.1904185805294164 
0.15411910429346615 0.18056767585523276 
0.15474456976154657 0.18039092473325308 
0.16148655003050166 0.18154822125719813 
0.13691624987302742 0.17955467095890446 
0.1455141325328857 0.17116504691420106 
0.16379630738433446 0.17645797718715267 
0.16379630738433446 0.17645797718715267 
0.16290364730698184 0.17744014075956355 
0.16290364730698184 0.17744014075956355 
0.16856273250262893 0.17628176307455473 
0.16856273250262893 0.17628176307455473 
0.16856273250262893 0.17628176307455473 
0.16856273250262893 0.17628176307455473 
0.16856273250262893 0.17628176307455473 
0.16856273250262893 0.17628176307455473 
0.16856273250262893 0.17628176307455473 
0.16856273250262893 0.17628176307455473 
0.16856273250262893 0.17628176307455473 
0.16856273250262893 0.17628176307455473 
0.16856273250262893 0.17628176307455473 
0.1662361210309945 0.16835644954334533 
0.15225797711481243 0.17101632475235257 
0.15244262772962291 0.17074169417229235 
0.14753856576542196 0.1726282309739458 
0.15014954913553952 0.1732411111525593 
0.15323963285087042 0.17537874873397935 
0.16852086626182175 0.1795199632961485 
0.16706985344342556 0.18008479554695367 
0.16706985344342556 0.18008479554695367 
0.1724136085317639 0.17941327465749118 
0.1605156869836897 0.1825447160258468 
0.14702193717650708 0.17899063553176514 
0.1343459410986158 0.17776952418902675 
0.1343459410986158 0.17776952418902675 
0.14842177515733176 0.17883830253915217 
0.17524078584965017 0.17614088898901348 
0.17524078584965017 0.17614088898901348 
0.17323914886781028 0.17626126754576665 
0.14810678165489904 0.17286794260184546 
0.17842905335096082 0.1730316353317068 
0.17430124841154576 0.17507633471966683 
0.1500120863576177 0.1734288320907763 
0.14916054850540628 0.16885461945140137 
0.1464075836127375 0.17080784181294165 
0.1495222749648601 0.17418688122706455 
0.1495222749648601 0.17418688122706455 
0.14850736300283907 0.17294449084641306 
0.15160190352460723 0.1715864792687515 
0.15160190352460723 0.1715864792687515 
0.14430294038432512 0.17183605415744324 
0.1414157004560871 0.17122553173544897 
0.11121028384494053 0.16186161409747157 
0.11121028384494053 0.16186161409747157 
0.11121028384494053 0.16186161409747157 
0.11046495241487383 0.17172774449701447 
0.11071646243728023 0.17167910895700883 
0.1075047813106522 0.16999538365784728 
0.1075047813106522 0.16999538365784728 
0.12441671199324728 0.16339352798866727 
0.10858143059175726 0.1697403586376844 
0.10858143059175726 0.1697403586376844 
0.1084021764618553 0.16845552921426388 
0.1083715705130136 0.16835830154855194 
0.12122337985026296 0.15744638608359024 
0.12122337985026296 0.15744638608359024 
0.12713417103341526 0.15471342784052258 
0.12999561784177835 0.153414206935978 
0.1327342439560053 0.16668781699404792 
0.12943302529094575 0.16619338690560298 
0.11788979756314599 0.1692474153499557 
0.11946161845603853 0.1690150480307916 
0.10836084813931976 0.16438713858229323 
0.10032387582385247 0.16142970763421577 
0.10032387582385247 0.16142970763421577 
0.0970485002334958 0.159394381737024 
0.0970485002334958 0.159394381737024 
0.07186801993013191 0.15401858910769592 
0.07110870097293018 0.1539404463001728 
0.07110870097293018 0.1539404463001728 
0.0673787432768578 0.14871715996968457 
0.0673787432768578 0.14871715996968457 
0.0673787432768578 0.14871715996968457 
0.09089367167650542 0.15994205669995964 
0.10312068210840339 0.1735652423821746 
0.10557226063597464 0.17499452193900938 
0.06440197286261923 0.18479133986840446 
0.06440197286261923 0.18479133986840446 
0.06440197286261923 0.18479133986840446 
0.06440197286261923 0.18479133986840446 
0.07866112889638652 0.18010323838113332 
0.07657229593095063 0.17889515595317645 
0.0895015607864654 0.17449738452578514 
0.0780058955763036 0.1779049951565439 
0.0780058955763036 0.1779049951565439 
0.07736604895768574 0.1778497840603944 
0.07736604895768574 0.1778497840603944 
0.07736604895768574 0.1778497840603944 
0.0849152642617562 0.17967610558374433 
0.08268221112158497 0.17875009348484366 
0.09157324156701982 0.17715762405550486 
0.09202907386178447 0.1771825215551637 
0.09551599493834792 0.16750980014244835 
0.0951115430906489 0.16705703745677503 
0.0951115430906489 0.16705703745677503 
0.0951115430906489 0.16705703745677503 
0.06339972221877951 0.16275347143422753 
0.06339972221877951 0.16275347143422753 
0.06339972221877951 0.16275347143422753 
0.06708021922610113 0.1642556006625168 
0.07406410383447842 0.165050017750794 
0.07406410383447842 0.165050017750794 
0.07406410383447842 0.165050017750794 
0.07406410383447842 0.165050017750794 
0.0668502187934726 0.1635531602201168 
0.0668502187934726 0.1635531602201168 
0.0668502187934726 0.1635531602201168 
0.08215892910339592 0.16603478881237455 
0.08215892910339592 0.16603478881237455 
0.06797568615696944 0.16454822950103706 
0.06797568615696944 0.16454822950103706 
0.06797568615696944 0.16454822950103706 
0.06797568615696944 0.16454822950103706 
0.08197000052981113 0.16853426866602508 
0.08036214844024235 0.16794102601944783 
0.08036214844024235 0.16794102601944783 
0.07329352400590486 0.18760689105194725 
0.08356344649701808 0.18531298183531295 
0.06187101208850322 0.18796525386764196 
0.06543131071590506 0.1875888855465757 
0.06543131071590506 0.1875888855465757 
0.061153960922122344 0.18838939038932043 
0.061153960922122344 0.18838939038932043 
0.061153960922122344 0.18838939038932043 
0.061153960922122344 0.18838939038932043 
0.061153960922122344 0.18838939038932043 
0.06711332414029972 0.1869158785311328 
0.06711332414029972 0.1869158785311328 
0.06711332414029972 0.1869158785311328 
0.07342856793518082 0.18175626775239098 
0.07888700103165841 0.18330794493990407 
0.07723267404595326 0.18033821982054096 
0.07723267404595326 0.18033821982054096 
0.07723267404595326 0.18033821982054096 
0.12201780576752379 0.16943741810267526 
0.12201780576752379 0.16943741810267526 
0.11884207925188729 0.17024972123144985 
0.12308685759705797 0.17488428138483122 
0.12308685759705797 0.17488428138483122 
0.142217334196289 0.1724539942154214 
0.1380380983964827 0.17099334500599508 
0.1432587028181286 0.16992166762678293 
0.1485640419096835 0.17010999949131514 
0.1485640419096835 0.17010999949131514 
0.14513234498485064 0.1687049173500178 
0.14513234498485064 0.1687049173500178 
0.14419749077189667 0.1671963055440861 
0.14419749077189667 0.1671963055440861 
0.11991183691160329 0.1607846005365514 
0.13585529723788187 0.16770079283481898 
0.12568678605878875 0.1700140689836999 
0.1104407691884324 0.16854024945011845 
0.10947065056207442 0.16551774329165617 
0.10954909385257974 0.16575096054146424 
0.11772853869093691 0.16701234834898251 
0.11732775746905003 0.1691202799915624 
0.11732775746905003 0.1691202799915624 
0.11277243975218335 0.17292152095144014 
0.11264438442947144 0.17328187469818457 
0.09166860748507501 0.16410247237453782 
0.10076744393907196 0.16469166099449087 
0.12134551341637848 0.16717253149610603 
0.1246568576001636 0.16554821456385102 
0.11191583922656018 0.16885650785645032 
0.11342549384577183 0.16844710749604452 
0.11342549384577183 0.16844710749604452 
0.11342549384577183 0.16844710749604452 
0.11176831437323279 0.16578896177714889 
0.11697653135639154 0.16360168108740505 
0.1165893092796154 0.16215743927415874 
0.12261620884689234 0.16519610437707907 
0.12285384306240674 0.16862944715342776 
0.11183243995262192 0.1660367740512952 
0.10161506772004195 0.16750550515282212 
0.10356475722015847 0.16943586806916522 
0.10042796365561606 0.16743588795850103 
0.10685300896054392 0.16409753475336705 
0.10506916066589572 0.16388812461266014 
0.10117385978983344 0.1630135124264401 
0.10279564554241158 0.16006760079997398 
0.10279564554241158 0.16006760079997398 
0.10279564554241158 0.16006760079997398 
0.1046834874326229 0.16064933736673878 
0.1046834874326229 0.16064933736673878 
0.1046834874326229 0.16064933736673878 
0.10710118751182139 0.16932355397926527 
0.10316895879050547 0.1705475807701719 
0.07762231858038873 0.16121960572131108 
0.09133855136422396 0.16337621348054263 
0.09933392043221838 0.16392226561307705 
0.10061332687699721 0.16294896952628374 
0.10733326727775454 0.16857725591403214 
0.10957670671395663 0.1696492978695591 
0.1165856812769355 0.16888655934649452 
0.07417189350911925 0.16776624485958355 
0.08996626953186004 0.1800653575543155 
0.08996626953186004 0.1800653575543155 
0.08639217126756003 0.1854419625396988 
0.08639217126756003 0.1854419625396988 
0.08639217126756003 0.1854419625396988 
0.06350200364802773 0.18914642131838344 
0.07220445261229708 0.18713398448081126 
0.06687395165000401 0.18645143474097103 
0.07745118177648871 0.1845043143137213 
0.07354348572966238 0.185460650813164 
0.07354348572966238 0.185460650813164 
0.07245934685025049 0.18702028558403794 
0.07245934685025049 0.18702028558403794 
0.1035793829188594 0.1792469646030959 
0.1035793829188594 0.1792469646030959 
0.09503230196033505 0.18789354769549158 
0.08967554900140189 0.18768787171149925 
0.09930295869986477 0.1839705036034862 
0.08682976446056621 0.17781031013126547 
0.11828125354374827 0.17800686284582617 
0.11809329739804882 0.17797061351665672 
0.11809329739804882 0.17797061351665672 
0.1250320200341086 0.17813979603108818 
0.16343399642820566 0.1719330839451188 
0.16343399642820566 0.1719330839451188 
0.17718869437499346 0.16480152217365163 
0.16525170609630924 0.16677518758624 
0.16637363444348954 0.16913947751718125 
0.16637363444348954 0.16913947751718125 
0.16637363444348954 0.16913947751718125 
0.16637363444348954 0.16913947751718125 
0.17041373063661525 0.17348509607865337 
0.17041373063661525 0.17348509607865337 
0.17041373063661525 0.17348509607865337 
0.16165590246657938 0.1736344404601309 
0.16165590246657938 0.1736344404601309 
0.1691776804218964 0.17324181976023087 
0.1691776804218964 0.17324181976023087 
0.17837692118406748 0.17405565564305173 
0.16518267697730118 0.18447670856009157 
0.16518267697730118 0.18447670856009157 
0.16300307038267906 0.18426376124628438 
0.162591336674157 0.18301316502496887 
0.162591336674157 0.18301316502496887 
0.1613905067142206 0.18201631931864037 
0.1613905067142206 0.18201631931864037 
0.16032006943417423 0.18212072932702172 
0.1616212024669766 0.18492043572933153 
0.16268769373701916 0.18777534332692208 
0.17664250825250594 0.1908459996871498 
0.1722563875995153 0.19041617951116166 
0.1722563875995153 0.19041617951116166 
0.1722563875995153 0.19041617951116166 
0.1722563875995153 0.19041617951116166 
0.1722563875995153 0.19041617951116166 
0.1722563875995153 0.19041617951116166 
0.1722563875995153 0.19041617951116166 
0.1722563875995153 0.19041617951116166 
0.1722563875995153 0.19041617951116166 
0.1472523619217115 0.1847658956142564 
0.1472523619217115 0.1847658956142564 
0.1472523619217115 0.1847658956142564 
0.1399486426772083 0.18541176571143791 
0.1431203056023777 0.18798789120809278 
0.12864186944288208 0.19270078700712373 
0.15525828053997887 0.1999370720886035 
0.15525828053997887 0.1999370720886035 
0.15279792045467563 0.19658051205754032 
0.15347935206709226 0.18798011954641689 
0.16678106227948059 0.19059075651761387 
0.16678106227948059 0.19059075651761387 
0.16678106227948059 0.19059075651761387 
0.17294703597146932 0.1941058414909311 
0.17294703597146932 0.1941058414909311 
0.17470584177273984 0.1953066798870599 
0.1626114992581844 0.189449715374678 
0.1626114992581844 0.189449715374678 
0.16307230206281717 0.18391129381131685 
0.17788844623647554 0.18249131846520672 
0.1456789444235444 0.18052410383371806 
0.15825892510566214 0.1824429245180053 
0.15825892510566214 0.1824429245180053 
0.16022812781420342 0.17823303394116935 
0.1636758346755765 0.17718807400966383 
0.1636758346755765 0.17718807400966383 
0.17923459768890984 0.17747187590103666 
0.13955915992669404 0.17931708700717336 
0.13840799693913727 0.1793818979002637 
0.13550513921760776 0.17702646405438482 
0.15430180127832427 0.17887579956517322 
0.14807611541752144 0.1775626296505056 
0.12462969322104593 0.1836828054265017 
0.16227471593982662 0.19199657667060416 
0.16227471593982662 0.19199657667060416 
0.14058014103203123 0.1850051318760783 
0.14058014103203123 0.1850051318760783 
0.12543769595702497 0.1826225983225136 
0.09846598151738653 0.16620127237723487 
0.0924036719423507 0.1660077888166676 
0.08502249005832054 0.16566397351126275 
0.09299305622467735 0.17103982390668715 
0.06532224899016091 0.1682256517627658 
0.06532224899016091 0.1682256517627658 
0.06492008842370255 0.16774923005085557 
0.07759879948487436 0.17145530936741385 
0.08071922804835698 0.174125458869826 
0.07937958441898312 0.17437792753245904 
0.07937958441898312 0.17437792753245904 
0.08521403936879865 0.1722235122978222 
0.08838374800678883 0.17350847612859888 
0.07744950303524911 0.1737872177935606 
0.08401732933719798 0.15977760693505733 
0.08401732933719798 0.15977760693505733 
0.08401732933719798 0.15977760693505733 
0.09575553540998848 0.16533642868142384 
0.07485994322787638 0.16193014262758193 
0.07485994322787638 0.16193014262758193 
0.07485994322787638 0.16193014262758193 
0.07485994322787638 0.16193014262758193 
0.10966391829910396 0.16957753205748932 
0.09368274188127734 0.1662088694617824 
0.09786053322681232 0.16639947300973934 
0.09786053322681232 0.16639947300973934 
0.11292177899635145 0.16666691332478653 
0.08566223006950414 0.16369248850443074 
0.08566223006950414 0.16369248850443074 
0.08395792143059082 0.16715948667411276 
0.08395792143059082 0.16715948667411276 
0.0838866631034343 0.16687819977261176 
0.08680662573709315 0.16414602662206698 
0.08680662573709315 0.16414602662206698 
0.08680662573709315 0.16414602662206698 
0.0913921507727635 0.1641435534585988 
0.08680620702643349 0.16419939961302307 
0.10040653190915416 0.1683211352029241 
0.0739092135389838 0.1743019401192671 
0.07417078296577134 0.1744822091164579 
0.07136282721057699 0.16387411141243258 
0.07136282721057699 0.16387411141243258 
0.07357669481180824 0.1659901999138147 
0.07357669481180824 0.1659901999138147 
0.0671032768595632 0.16659234289057986 
0.06356240415462194 0.16555208964921792 
0.06356240415462194 0.16555208964921792 
0.06356240415462194 0.16555208964921792 
0.0635403755840831 0.16552829386775167 
0.08930478741509594 0.17065605325269997 
0.1094751347555557 0.1766545886127553 
0.09698074366153148 0.1740964203589365 
0.09698074366153148 0.1740964203589365 
0.06708661229620798 0.1762370131409038 
0.07974747002738193 0.17840065611251843 
0.0825079773975887 0.17774449960651698 
0.08923035955524009 0.17680441279065592 
0.08984452172198251 0.17699754210239405 
0.08970337942448299 0.17814862019180508 
0.09952777483797226 0.17767747860453806 
0.1070118006606655 0.17904911467824217 
0.08830958901091576 0.18735391823831218 
0.08900342330277149 0.19470725880123643 
0.08900342330277149 0.19470725880123643 
0.09581717919986074 0.20583325322045748 
0.09812725986296703 0.20466447101580548 
0.10103114289716761 0.20600010259858148 
0.10103114289716761 0.20600010259858148 
0.10103114289716761 0.20600010259858148 
0.10103114289716761 0.20600010259858148 
0.1031349113083197 0.20356752388571875 
0.10380966765533832 0.2021590951528553 
0.10544381515031262 0.18959477967570543 
0.10757360852241102 0.18572007178181654 
0.10215633070150092 0.18407103935660052 
0.10215633070150092 0.18407103935660052 
0.100274084864409 0.1844638538988969 
0.09702825359516709 0.18583065946956517 
0.11040069595265767 0.184907619100622 
0.12095965496951289 0.1816121315728863 
0.12776418432094633 0.17530844900669482 
0.1707149277909399 0.18839326689869795 
0.17014086988631083 0.1879760317086582 
0.16801742007185386 0.18887568034162633 
0.14344580733968332 0.18533192880121513 
0.14057715752333905 0.18317320930510864 
0.14650028043173224 0.18487373739109988 
0.146842964456103 0.1849966915759564 
0.14587038432900792 0.18518750786819677 
0.16726733040612418 0.18534668852474698 
0.16726733040612418 0.18534668852474698 
0.16726733040612418 0.18534668852474698 
0.16781397910952509 0.1800629297690095 
0.16781397910952509 0.1800629297690095 
0.1661950098190352 0.17951699251387765 
0.1655788099965546 0.1795146368295571 
0.1655788099965546 0.1795146368295571 
0.15558128836973975 0.18033890591138754 
0.14523680107487238 0.174981283178278 
0.14523680107487238 0.174981283178278 
0.14523680107487238 0.174981283178278 
0.1323393155609834 0.17519731370397737 
0.122736637063487 0.17508949512236738 
0.1278706116993582 0.1759065012064679 
0.1278706116993582 0.1759065012064679 
0.12879660406857582 0.17847987670329976 
0.14216515609929897 0.18996412653981462 
0.14216515609929897 0.18996412653981462 
0.14216515609929897 0.18996412653981462 
0.14216515609929897 0.18996412653981462 
0.14165758990083155 0.1897927248956493 
0.14642275839859648 0.18306412691431484 
0.15496812746609812 0.17941597550236485 
0.13445646373623651 0.17740644108161255 
0.1194316688799007 0.17894830858573235 
0.09677507484163603 0.17429586653343512 
0.09677507484163603 0.17429586653343512 
0.09703400747940522 0.1720016616398107 
0.10676965447806118 0.1706074394713114 
0.100893989619702 0.17398821934109426 
0.09570671057847614 0.17472058413787134 
0.10245948306911655 0.1732972416379856 
0.09507078956289679 0.1726842260865552 
0.09507078956289679 0.1726842260865552 
0.09507078956289679 0.1726842260865552 
0.09507078956289679 0.1726842260865552 
0.09350742239035217 0.16986026436764143 
0.09350742239035217 0.16986026436764143 
0.09350742239035217 0.16986026436764143 
0.0677875256298889 0.17131315128473074 
0.0677875256298889 0.17131315128473074 
0.0677875256298889 0.17131315128473074 
0.08825361069156565 0.1764932490102603 
0.08815094382361167 0.17649223069547978 
0.07958093188851606 0.17922373946679268 
0.07492096162037987 0.1809726464189672 
0.07367289991355119 0.1809713386048463 
0.07367289991355119 0.1809713386048463 
0.06960698843489553 0.18126301505661496 
0.06960698843489553 0.18126301505661496 
0.06960698843489553 0.18126301505661496 
0.07014744663740123 0.18718067561984378 
0.08265366165880203 0.18856920623667636 
0.07586909322104546 0.17965237565369963 
0.07586909322104546 0.17965237565369963 
0.07643088597203149 0.17885428228430453 
0.07637245281502489 0.17898405887603128 
0.07637245281502489 0.17898405887603128 
0.06510089588672734 0.17952026452993375 
0.06510089588672734 0.17952026452993375 
0.06510089588672734 0.17952026452993375 
0.06510089588672734 0.17952026452993375 
0.06510089588672734 0.17952026452993375 
0.06510089588672734 0.17952026452993375 
0.06464198394795453 0.17971680991110836 
0.06464198394795453 0.17971680991110836 
0.11800559176684278 0.17902740833526642 
0.12393183812390374 0.17787290721669682 
0.12938101626728374 0.17689834551055975 
0.13498860203492966 0.17671636241975158 
0.13449808828445434 0.17646147858443764 
0.13488650383747405 0.17915458653869773 
0.13587929094642004 0.19907898360683823 
0.11624514034042904 0.1924217665631331 
0.1444586802683882 0.18665194353131662 
0.16898715749964163 0.19052992948402775 
0.1652278480983129 0.19411067229335977 
0.16607263826634344 0.20106409812425619 
0.15214360647708305 0.19613251385742886 
0.15214360647708305 0.19613251385742886 
0.1590819622244589 0.1908047052149052 
0.15771846810009196 0.18141143946222643 
0.15875418021915916 0.17717694704305037 
0.15875418021915916 0.17717694704305037 
0.15357783291655858 0.17665809372487756 
0.16686877482915258 0.1787430394027086 
0.17004369072550443 0.17938407944156098 
0.16782562663487155 0.17668256188063103 
0.1680936543379464 0.17467367588744692 
0.17548223564499757 0.17656920721672026 
0.17009674849925968 0.17615490718741642 
0.17009674849925968 0.17615490718741642 
0.17009674849925968 0.17615490718741642 
0.16931126492242335 0.17650390296741092 
0.1637439123404896 0.17785854808275917 
0.1637439123404896 0.17785854808275917 
0.18063142711290237 0.17841255009442275 
0.18063142711290237 0.17841255009442275 
0.18063142711290237 0.17841255009442275 
0.168143659271775 0.17903252673889686 
0.16333793763667395 0.17909547795164993 
0.1674081425636953 0.1797403315961248 
0.1629936858385284 0.17841378693004287 
0.17850037479790026 0.17728560210666758 
0.17968689470853216 0.17943403885514447 
0.1694414726927082 0.1756178591660583 
0.151158137860994 0.17922329630064585 
0.1509159715345425 0.17921111174285015 
0.1516994108500606 0.17922945084703737 
0.1434719589000921 0.16481289210779407 
0.1434719589000921 0.16481289210779407 
0.13783631045890093 0.16628670327390296 
0.15277343726017945 0.1539630692863408 
0.1525889040174022 0.15442315332813927 
0.15630505144559778 0.15344475724683074 
0.15630505144559778 0.15344475724683074 
0.15630505144559778 0.15344475724683074 
0.15630505144559778 0.15344475724683074 
0.15820222803749825 0.15030318505738627 
0.15820222803749825 0.15030318505738627 
0.15542211440389886 0.15218703443801096 
0.15571268208469977 0.15102364124698436 
0.1566855065838444 0.15063112313288382 
0.1566855065838444 0.15063112313288382 
0.1566855065838444 0.15063112313288382 
0.1566855065838444 0.15063112313288382 
0.1566855065838444 0.15063112313288382 
0.1566855065838444 0.15063112313288382 
0.1566855065838444 0.15063112313288382 
0.1566855065838444 0.15063112313288382 
0.12626512787003671 0.16182057301341093 
0.13578455682240964 0.16330219351378417 
0.12592326417212776 0.166481459517033 
0.1267212372882736 0.16720618184321384 
0.12547351076743482 0.16900264942006915 
0.09808372180137145 0.1743335905955434 
0.08432976587350377 0.17121346670790413 
0.08676937158709566 0.17130464891119332 
0.08676937158709566 0.17130464891119332 
0.08676937158709566 0.17130464891119332 
0.08676937158709566 0.17130464891119332 
0.09643173713415484 0.1751335727620804 
0.10941803213560378 0.17105854438073462 
0.11294267374534604 0.17213022107580242 
0.10305888489254525 0.1707132782359574 
0.12261903389298379 0.1747249071668869 
0.1085752760658136 0.17689809080081126 
0.13771781157742097 0.17542231133617867 
0.1173766805153757 0.1711882953452653 
0.11755435143777418 0.17206658166268401 
0.11806875748791523 0.17537930338601135 
0.09728878082546698 0.16810095604499956 
0.09667301801463758 0.16901708954775826 
0.06613197794264299 0.16778659017725167 
0.06613197794264299 0.16778659017725167 
0.06613197794264299 0.16778659017725167 
0.06613197794264299 0.16778659017725167 
0.07093996380563179 0.16900060288573845 
0.07093996380563179 0.16900060288573845 
0.07093996380563179 0.16900060288573845 
0.07093996380563179 0.16900060288573845 
0.07093996380563179 0.16900060288573845 
0.07156217993723868 0.16930382662260823 
0.061961653164477215 0.16549984482092367 
0.061961653164477215 0.16549984482092367 
0.061961653164477215 0.16549984482092367 
0.06709788144520806 0.16589770465180156 
0.0714357255553157 0.16387908071767618 
0.07385874603708763 0.16558023892229815 
0.07808177623985758 0.16546791795222723 
0.0921769288291228 0.16769032003406276 
0.07722976614388863 0.15578633452929877 
0.07722976614388863 0.15578633452929877 
0.07722976614388863 0.15578633452929877 
0.07722976614388863 0.15578633452929877 
0.07722976614388863 0.15578633452929877 
0.07722976614388863 0.15578633452929877 
0.0727898384063857 0.15263780132247315 
0.07192745569478802 0.15212331285580039 
0.07277314519567313 0.1526309013215016 
0.07277314519567313 0.1526309013215016 
0.07277314519567313 0.1526309013215016 
0.07277314519567313 0.1526309013215016 
0.07277314519567313 0.1526309013215016 
0.07277314519567313 0.1526309013215016 
0.07941189719564216 0.15435067500508518 
0.07941189719564216 0.15435067500508518 
0.07688822252600933 0.16244900231988496 
0.07525677046290052 0.16172114256936718 
0.07552792793023598 0.16175802101812206 
0.10612591449612671 0.1639211491834915 
0.08290170483678001 0.16342278032988672 
0.08944252500611621 0.16740723642087718 
0.08944252500611621 0.16740723642087718 
0.094203408434583 0.16458912768660194 
0.09157911030672261 0.16426198344006876 
0.07589753274565411 0.1597112472432164 
0.07592645158687324 0.15971775459973261 
0.06885383836047695 0.15775066840168833 
0.06885383836047695 0.15775066840168833 
0.06885383836047695 0.15775066840168833 
0.06885383836047695 0.15775066840168833 
0.10899133855161759 0.16498081636404172 
0.11166727540707143 0.16559024617902382 
0.1360147439857623 0.16628090997131267 
0.1347050489139589 0.16667093064538682 
0.13285683662964454 0.16915378860301744 
0.10290099809705619 0.16721509515985383 
0.10334940559906744 0.16698444959284955 
0.09467646256308176 0.16960139931301357 
0.08426950098426775 0.17004084088857946 
0.09830984717438138 0.17328363848258346 
0.10170262547212915 0.1704164765243405 
0.10423085048696576 0.17083045768633898 
0.10364200859672278 0.1694194361252286 
0.09393223170527926 0.1712411184454502 
0.10248494509508084 0.17363448304106766 
0.10248494509508084 0.17363448304106766 
0.09941570364603013 0.16914283871362595 
0.09941570364603013 0.16914283871362595 
0.07217832784749932 0.17565563717738783 
0.07217832784749932 0.17565563717738783 
0.07217832784749932 0.17565563717738783 
0.07217832784749932 0.17565563717738783 
0.07217832784749932 0.17565563717738783 
0.06113307044046154 0.17173970694090437 
0.06113307044046154 0.17173970694090437 
0.06115177215941077 0.171969634972555 
0.06115177215941077 0.171969634972555 
0.06115177215941077 0.171969634972555 
0.06455558865149458 0.17564345361021705 
0.06461035030301401 0.1759831795758809 
0.06461035030301401 0.1759831795758809 
0.06461035030301401 0.1759831795758809 
0.06461035030301401 0.1759831795758809 
0.06861062633653595 0.17406842293353586 
0.06861062633653595 0.17406842293353586 
0.06861062633653595 0.17406842293353586 
0.07021618204878738 0.17678741354357186 
0.07021618204878738 0.17678741354357186 
0.07021618204878738 0.17678741354357186 
0.06974414169400336 0.178454145331963 
0.06961093210303708 0.1785021662766994 
0.07344505872427756 0.17871157134687568 
0.07344505872427756 0.17871157134687568 
0.07882567760332981 0.17912275081107012 
0.08100447714998803 0.17808844043042243 
0.08100447714998803 0.17808844043042243 
0.08100447714998803 0.17808844043042243 
0.0758465123215552 0.17566825152930016 
0.0848477106310879 0.180447987092239 
0.0848477106310879 0.180447987092239 
0.09551138697474541 0.17973479240194876 
0.09551138697474541 0.17973479240194876 
0.08786381371451923 0.1800945422394236 
0.06490193406139255 0.18361302576958138 
0.06490193406139255 0.18361302576958138 
0.06296023959774391 0.18432927559831885 
0.06296713084811562 0.1856138460662402 
0.0864310995491544 0.1811781485500889 
0.09965004768859698 0.17634752906572654 
0.1009565588204548 0.18053673682756177 
0.1009565588204548 0.18053673682756177 
0.10207418812671919 0.18051112203697478 
0.07977858017215017 0.18000487662638837 
0.07887138884011238 0.17999145617491777 
0.06335390720810322 0.18779978445640486 
0.06322958038636761 0.18481595958133362 
0.06322958038636761 0.18481595958133362 
0.06322958038636761 0.18481595958133362 
0.06256441090679406 0.1853371744053017 
0.06256441090679406 0.1853371744053017 
0.07909388531086892 0.17898382446856506 
0.08016680026556634 0.17995833791194576 
0.08016680026556634 0.17995833791194576 
0.08029940558272392 0.17977695178943073 
0.07022473881425889 0.18285746527151117 
0.07022473881425889 0.18285746527151117 
0.10637480843462391 0.17788992304617518 
0.09730436486249179 0.17409552243358337 
0.1072493826601158 0.1717018295928416 
0.12097092054649937 0.1748359125674038 
0.10075831336696481 0.177251813796943 
0.10583540301256669 0.17578008209378948 
0.08005368462536654 0.1749169139133582 
0.09736394962753606 0.1766532091770014 
0.09815865025114003 0.17408517482775257 
0.1058463447960512 0.1673359034217764 
0.1058463447960512 0.1673359034217764 
0.09640971635034051 0.17045605709542483 
0.07637741903482886 0.1643712170470086 
0.07590498187892414 0.16363519210081168 
0.07590498187892414 0.16363519210081168 
0.09768566468570763 0.17151668837285827 
0.09931099458241292 0.1697062347359555 
0.1273774747828076 0.1786957124276588 
0.1273774747828076 0.1786957124276588 
0.13935935433021482 0.17237482907918925 
0.13915909515161634 0.17341957761704885 
0.17939070917438354 0.1653966100302342 
0.16294918426075697 0.17135692619251452 
0.1674089911561293 0.17426665798488905 
0.17346344377713607 0.17341591076677615 
0.17346344377713607 0.17341591076677615 
0.17346344377713607 0.17341591076677615 
0.17346344377713607 0.17341591076677615 
0.16758471894216023 0.16595975790340603 
0.16177692467406407 0.17116597395523567 
0.16177692467406407 0.17116597395523567 
0.13002310177409346 0.17624344810622372 
0.13002310177409346 0.17624344810622372 
0.16810095913799109 0.18543464206436655 
0.16720292090969543 0.18606762553531095 
0.16720292090969543 0.18606762553531095 
0.16935231030664047 0.1879766907323877 
0.1543846969705973 0.1879228468668368 
0.1543846969705973 0.1879228468668368 
0.16215661919055124 0.18180208080451613 
0.16215661919055124 0.18180208080451613 
0.16215661919055124 0.18180208080451613 
0.1753500792365975 0.1775733025222952 
0.1665776714978989 0.1776125629396189 
0.15335954787887832 0.17698336276889884 
0.13042666499694106 0.1775942263722333 
0.13026595079934006 0.1773175031204199 
0.10565793995379807 0.17096409646676247 
0.12360297774742011 0.17222773563292798 
0.13023010440097355 0.1684563752364383 
0.13023010440097355 0.1684563752364383 
0.1301537609907684 0.16742869177517442 
0.14145105252027346 0.16488385347597176 
0.14911071559819705 0.16496576607338576 
0.12985923089407334 0.16173409926191443 
0.12985923089407334 0.16173409926191443 
0.12435692334359624 0.1648574904963183 
0.12435692334359624 0.1648574904963183 
0.12004542583090007 0.16979335368183468 
0.11076775707970674 0.17648314106311078 
0.11962367337847382 0.1801928225365935 
0.11631910445781585 0.1789689914243728 
0.12217671678709027 0.17779754685065127 
0.12331094455174199 0.1689491567764742 
0.1672605985155081 0.16554692306370242 
0.16096385277797295 0.16725308698248767 
0.16096385277797295 0.16725308698248767 
0.16096385277797295 0.16725308698248767 
0.17028884482270265 0.16605864960656433 
0.16114596825734123 0.16693341067277395 
0.16089818307008902 0.16727163147148172 
0.15380462879864737 0.16763041053675293 
0.13532869721189333 0.1587090650105467 
0.13532869721189333 0.1587090650105467 
0.13985580794000707 0.1645405843958191 
0.13985580794000707 0.1645405843958191 
0.13985580794000707 0.1645405843958191 
0.12085702585570124 0.16921631666611264 
0.1255137770275652 0.17012271684219019 
0.11107084914885526 0.1729974368445419 
0.1252054243659822 0.17340651814865693 
0.12578443697698155 0.17119424304596262 
0.12440614903272071 0.16840829832152449 
0.09561618294741198 0.1741823804610682 
0.11733699816216031 0.1748081313063717 
0.1288525488306186 0.17615890858354866 
0.10349142278058474 0.16410299451504046 
0.09338497426304937 0.16591514086510245 
0.0920284165263201 0.16697141630087312 
