-0.13394720203118307 1.6504441412041528 
-0.13396498095833143 1.650402208170697 
-0.13393097572389887 1.6507440672086153 
-0.1339343472173211 1.6504882494278021 
-0.1340282716173889 1.6503745514945887 
-0.134068501890386 1.6504810062551691 
-0.1340568973495348 1.651133978534407 
-0.13414411360154696 1.6518909023335586 
-0.13420925173973294 1.6528309663843974 
-0.13424272147366895 1.6550756776312623 
-0.13424272147366895 1.6550756776312623 
-0.13436596868327522 1.6536098435763527 
-0.13437004936959843 1.653569477166473 
-0.13439429245191784 1.6532303709425242 
-0.1346308177431108 1.6533213880503677 
-0.13468386934133164 1.652122375755826 
-0.13508826111935554 1.6514380934354609 
-0.13508826111935554 1.6514380934354609 
-0.13508826111935554 1.6514380934354609 
-0.13508091248864657 1.6514284415933518 
-0.13508091248864657 1.6514284415933518 
-0.13508091248864657 1.6514284415933518 
-0.13557040133501042 1.6525828810886163 
-0.13557040133501042 1.6525828810886163 
-0.13557040133501042 1.6525828810886163 
-0.13557040133501042 1.6525828810886163 
-0.13557040133501042 1.6525828810886163 
-0.13557040133501042 1.6525828810886163 
-0.13557040133501042 1.6525828810886163 
-0.13970514373322748 1.6536037311565797 
-0.1433967377627317 1.656212551890155 
-0.1433967377627317 1.656212551890155 
-0.14493124496241888 1.6519754397898196 
-0.1479608589254302 1.6488311824985642 
-0.1473030742555371 1.649187777064811 
-0.1473030742555371 1.649187777064811 
-0.1473030742555371 1.649187777064811 
-0.1473030742555371 1.649187777064811 
-0.1473030742555371 1.649187777064811 
-0.14737366042318836 1.64180916798988 
-0.14737366042318836 1.64180916798988 
-0.14749407943743303 1.6439528376940336 
-0.14749407943743303 1.6439528376940336 
-0.14746908573987538 1.6429644467109183 
-0.14746908573987538 1.6429644467109183 
-0.14746908573987538 1.6429644467109183 
-0.14746257153219047 1.6436702857591208 
-0.14753951742260185 1.6488841574732087 
-0.14753951742260185 1.6488841574732087 
-0.14753951742260185 1.6488841574732087 
-0.14753951742260185 1.6488841574732087 
-0.14753951742260185 1.6488841574732087 
-0.14753951742260185 1.6488841574732087 
-0.14753951742260185 1.6488841574732087 
-0.14894675285283404 1.3877229178878336 
-0.1488984916889363 1.3808194514970507 
-0.15118390712008428 1.234519983037095 
-0.15118390712008428 1.234519983037095 
-0.15113889249365167 1.2344846719437148 
-0.15113889249365167 1.2344846719437148 
-0.15113889249365167 1.2344846719437148 
-0.1508831774303629 1.2139624901620603 
-0.1508831774303629 1.2139624901620603 
-0.1508831774303629 1.2139624901620603 
-0.15113433817446717 1.1911586405694163 
-0.15206696786934149 1.1326062109374033 
-0.15206696786934149 1.1326062109374033 
-0.1521308946154074 1.1275038597006368 
-0.1521308946154074 1.1275038597006368 
-0.1521308946154074 1.1275038597006368 
-0.1521308946154074 1.1275038597006368 
-0.1521308946154074 1.1275038597006368 
-0.15259892305939354 1.096375595915921 
-0.15259892305939354 1.096375595915921 
-0.15300172468905898 1.0527658621022944 
-0.15300172468905898 1.0527658621022944 
-0.15269583258875583 1.0609978338027561 
-0.15269583258875583 1.0609978338027561 
-0.15269583258875583 1.0609978338027561 
-0.15269583258875583 1.0609978338027561 
-0.15269583258875583 1.0609978338027561 
-0.1527169082959515 1.03471500292402 
-0.15290905785106867 1.0046306170989152 
-0.15290905785106867 1.0046306170989152 
-0.15290905785106867 1.0046306170989152 
-0.15290905785106867 1.0046306170989152 
-0.15290905785106867 1.0046306170989152 
-0.15290905785106867 1.0046306170989152 
-0.15321276783905124 0.9487242757360945 
-0.15321276783905124 0.9487242757360945 
-0.15321276783905124 0.9487242757360945 
-0.15321276783905124 0.9487242757360945 
-0.15321276783905124 0.9487242757360945 
-0.15370917198492157 0.8405944550366604 
-0.15362756738096522 0.8481032048259857 
-0.15348861458815782 0.8623642231493315 
-0.15447807533579053 0.762182975359579 
-0.15561207408777378 0.6193510611445514 
-0.15617520791664977 0.5345080383440597 
-0.15616735319332425 0.5282369143553437 
-0.15616735319332425 0.5282369143553437 
-0.15657654286214776 0.49833451872830714 
-0.15657654286214776 0.49833451872830714 
-0.15657003995160257 0.4991604344188819 
-0.15655691870149233 0.4968109287225381 
-0.1570011537119719 0.4633304162554991 
-0.15686909728980558 0.4403289184626501 
-0.15684137881671928 0.43791323333244325 
-0.15684137881671928 0.43791323333244325 
-0.15673846072429895 0.44151345842152157 
-0.1567027871127968 0.4366720925488123 
-0.15668999212243512 0.43493995276394193 
-0.15668999212243512 0.43493995276394193 
-0.1569880963194299 0.4285649092869526 
-0.1566713859719241 0.44097428804980177 
-0.15649656504187034 0.46933080699094565 
-0.15628149764217011 0.49835602538356105 
-0.15635175725590902 0.48574377525506685 
-0.15706090369793024 0.45393656284051725 
-0.15718492625020813 0.45879290174249415 
-0.15718492625020813 0.45879290174249415 
-0.15718492625020813 0.45879290174249415 
-0.1571571593256945 0.46384272689564293 
-0.15735141283045315 0.4492316117286646 
-0.15735141283045315 0.4492316117286646 
-0.1573061367460762 0.44210822502710495 
-0.1573061367460762 0.44210822502710495 
-0.157221713892093 0.4397998104312596 
-0.15726261571609235 0.4350814315123798 
-0.15703384653567357 0.4198669649642129 
-0.15703384653567357 0.4198669649642129 
-0.15703384653567357 0.4198669649642129 
-0.15706102307034908 0.42238484885784644 
-0.1572014376106196 0.43126937735179327 
-0.15738517583463393 0.4255407524065885 
-0.1572134627851465 0.4235280121178774 
-0.15722547533011633 0.42837014012634733 
-0.1573953658891957 0.41630105833008446 
-0.1574701946892256 0.4173415576974068 
-0.15726553084663225 0.42104952499095233 
-0.15708505992909239 0.4195072005764311 
-0.15708505992909239 0.4195072005764311 
-0.15708505992909239 0.4195072005764311 
-0.15683776807162925 0.4106519888835289 
-0.15683776807162925 0.4106519888835289 
-0.15736823847233308 0.4109192141486082 
-0.15722043450556267 0.40775856614544526 
-0.15773980903821389 0.4015325069790397 
-0.15775337350497148 0.40133198414767896 
-0.1570496830017343 0.40473791018620303 
-0.15715670662618145 0.4032551641249221 
-0.1569933056965737 0.40854311064362403 
-0.1569933056965737 0.40854311064362403 
-0.15746978627371197 0.4062825337816743 
-0.15746978627371197 0.4062825337816743 
-0.15732717122560658 0.4083874779277914 
-0.1573304400625451 0.4093631626195078 
-0.15716233980196936 0.407073057340759 
-0.1573005227756131 0.40860361946266366 
-0.1573005227756131 0.40860361946266366 
-0.15733804610856156 0.40941257231320943 
-0.15733804610856156 0.40941257231320943 
-0.15755966274959488 0.40235936666007704 
-0.15727636946277163 0.401996405864511 
-0.1572155119979099 0.4013710870849332 
-0.15719823578602837 0.4032557647891432 
-0.1571248311916706 0.4039403032736516 
-0.1571248311916706 0.4039403032736516 
-0.1571248311916706 0.4039403032736516 
-0.1571248311916706 0.4039403032736516 
-0.15712858461694015 0.40387105920567434 
-0.15706159341297724 0.40297148322651805 
-0.15695042195455156 0.4031360187752069 
-0.15697766246339342 0.40334893279145606 
-0.1570113997715826 0.40343341616659845 
-0.1570113997715826 0.40343341616659845 
-0.1570113997715826 0.40343341616659845 
-0.156779917770155 0.4073891558462188 
-0.15677050506124646 0.4053116402344294 
-0.15684691550911697 0.40476166873062375 
-0.1568480911243748 0.4059782705577577 
-0.1569038727831146 0.40503504906790583 
-0.15672278068222026 0.40253381263475646 
-0.15672278068222026 0.40253381263475646 
-0.15707850993285138 0.40713293806379197 
-0.15712249027800998 0.408303037157808 
-0.1569734387627203 0.404458110801381 
-0.1569734387627203 0.404458110801381 
-0.15697149210905453 0.4044902242992256 
-0.15697149210905453 0.4044902242992256 
-0.15655190348671305 0.40701806216706926 
-0.15653830031280008 0.40719151179669544 
-0.15673951498809544 0.40619049198064205 
-0.1567766681320968 0.4068702538970585 
-0.15685165357127268 0.40665305255388795 
-0.15685165357127268 0.40665305255388795 
-0.15685165357127268 0.40665305255388795 
-0.1569150090394089 0.40649048845683666 
-0.15689702657150492 0.4081854737088091 
-0.15636451080852604 0.4086945089651987 
-0.15661821772910178 0.41155456234538146 
-0.15656079930693337 0.41176757403070163 
-0.15616162252665441 0.41224573340034676 
-0.1559459360419841 0.4062354022390967 
-0.1559459360419841 0.4062354022390967 
-0.1559459360419841 0.4062354022390967 
-0.15617392018243603 0.40545797746086076 
-0.15617392018243603 0.40545797746086076 
-0.15607918643832516 0.4050566429562748 
-0.15607918643832516 0.4050566429562748 
-0.1561276804297907 0.4049781711352988 
-0.1561276804297907 0.4049781711352988 
-0.1561276804297907 0.4049781711352988 
-0.1561276804297907 0.4049781711352988 
-0.15650757653034214 0.40306854146209814 
-0.1563754288465818 0.40288418399649156 
-0.1563754288465818 0.40288418399649156 
-0.1563754288465818 0.40288418399649156 
-0.1561970400983679 0.40271797277653404 
-0.1561947430854877 0.4028402197238474 
-0.15678106508840223 0.4061056456933796 
-0.15664573310286842 0.4065741072672875 
-0.15664495888545704 0.4065756295867427 
-0.15664495888545704 0.4065756295867427 
-0.15670630407713296 0.40938219363116707 
-0.15652754868496047 0.41421049505033003 
-0.15652754868496047 0.41421049505033003 
-0.15652754868496047 0.41421049505033003 
-0.15689685882494142 0.4142057512536732 
-0.15719418759677115 0.41877822952094507 
-0.15711229930586193 0.4179205585883973 
-0.15715798703491934 0.4264411382873632 
-0.15679561469760153 0.4164971593878313 
-0.15687452858186135 0.4130798563139342 
-0.15687452858186135 0.4130798563139342 
-0.15686729252822706 0.4109684684730012 
-0.15680200106705722 0.4122536263865461 
-0.15682661124150066 0.4109891307804742 
-0.15689683981956756 0.41133240006050714 
-0.156898148342138 0.4113690104609676 
-0.1569356315881964 0.4068773426094024 
-0.15714818468344902 0.4093413656399424 
-0.15726687011647122 0.4093277002044888 
-0.15722544066133518 0.40859296714412596 
-0.15724710552506171 0.406913967592477 
-0.15724710552506171 0.406913967592477 
-0.15738666472954171 0.40866141055591176 
-0.15703750309734146 0.40611806026459835 
-0.15703750309734146 0.40611806026459835 
-0.1570162729181612 0.40702938458583104 
-0.15709803721219778 0.4071429658236363 
-0.15709803721219778 0.4071429658236363 
-0.15712788224984373 0.40833432082657234 
-0.1571233877760156 0.4083113288013779 
-0.15688249774128132 0.4044831633225147 
-0.15688249774128132 0.4044831633225147 
-0.15704794278478806 0.4027133035338137 
-0.15747043887087306 0.4026541126699246 
-0.15747110540548231 0.4026179051856419 
-0.15778385830181124 0.40111766382707315 
-0.15778385830181124 0.40111766382707315 
-0.15772329999519905 0.4027528172223216 
-0.15738186802224616 0.4103364797940401 
-0.1574030271280686 0.4080578195537858 
-0.15742886725929583 0.40216040330764347 
-0.15742886725929583 0.40216040330764347 
-0.1573500802057407 0.40497273994307154 
-0.1573500802057407 0.40497273994307154 
-0.15731937404819613 0.4053908323542831 
-0.15731937404819613 0.4053908323542831 
-0.1570412807829294 0.4083197219760718 
-0.1570412807829294 0.4083197219760718 
-0.1570742946704036 0.4084839524300869 
-0.1570741130631771 0.41084190383072 
-0.1571037283937562 0.40682659651062886 
-0.15747030317440555 0.4092890515478247 
-0.15732398588957489 0.4098362647217884 
-0.15707523546868046 0.4094317875109926 
-0.1569191614807095 0.4065435254828179 
-0.1569191614807095 0.4065435254828179 
-0.1567687582839142 0.40661881177709047 
-0.15680409384458305 0.40751961734992526 
-0.15680409384458305 0.40751961734992526 
-0.15680913026134613 0.4076216074461773 
-0.15696560746776378 0.40273633043869195 
-0.15696393707890752 0.40279196231338477 
-0.15700506220911062 0.4027677945317269 
-0.15701870661348816 0.403959681593933 
-0.15701870661348816 0.403959681593933 
-0.15701870661348816 0.403959681593933 
-0.15689624967583368 0.4046646797422652 
-0.15697312087373072 0.4041385318399763 
-0.15697312087373072 0.4041385318399763 
-0.15697312087373072 0.4041385318399763 
-0.157147157526589 0.4048045249455406 
-0.15710567808023934 0.4051559428948094 
-0.15710567808023934 0.4051559428948094 
-0.15710567808023934 0.4051559428948094 
-0.15680718833242296 0.4101133481323461 
-0.15680718833242296 0.4101133481323461 
