-0.13394291596964839 1.64994768773772 
-0.1339434110012861 1.6499448632281655 
-0.1339793245422011 1.6499003004931736 
-0.13399351573121662 1.649920460739519 
-0.13399351573121662 1.649920460739519 
-0.13399865631902003 1.6498487465089473 
-0.13398585830894405 1.649857732865222 
-0.13398585830894405 1.649857732865222 
-0.134139455710503 1.6499276644206398 
-0.13414241124024676 1.6500287631319146 
-0.13414241124024676 1.6500287631319146 
-0.1341238309594775 1.6498579808338671 
-0.13413368661544994 1.6498338906337775 
-0.13413368661544994 1.6498338906337775 
-0.1341461474201403 1.6500028426552782 
-0.1346934363185276 1.6513100425867824 
-0.1346934363185276 1.6513100425867824 
-0.1346934363185276 1.6513100425867824 
-0.13470956041445678 1.6512982083787593 
-0.13479201587305734 1.6515627004221067 
-0.13479201587305734 1.6515627004221067 
-0.13479201587305734 1.6515627004221067 
-0.13768215091305616 1.6457185378255603 
-0.138776507643675 1.641532800719249 
-0.13904337485850324 1.641555193067789 
-0.13904337485850324 1.641555193067789 
-0.13904337485850324 1.641555193067789 
-0.13904337485850324 1.641555193067789 
-0.13904337485850324 1.641555193067789 
-0.13904337485850324 1.641555193067789 
-0.13904337485850324 1.641555193067789 
-0.13904337485850324 1.641555193067789 
-0.1400698581959156 1.6393226962348777 
-0.1400698581959156 1.6393226962348777 
-0.1400698581959156 1.6393226962348777 
-0.1400698581959156 1.6393226962348777 
-0.1400698581959156 1.6393226962348777 
-0.1400698581959156 1.6393226962348777 
-0.14052216737034934 1.6400012237788515 
-0.14052216737034934 1.6400012237788515 
-0.14052216737034934 1.6400012237788515 
-0.14052216737034934 1.6400012237788515 
-0.14052216737034934 1.6400012237788515 
-0.14052216737034934 1.6400012237788515 
-0.1427646234609381 1.6494737204939203 
-0.14459315275356788 1.6469436974901743 
-0.1446722750979829 1.6484929400951702 
-0.1446722750979829 1.6484929400951702 
-0.1446722750979829 1.6484929400951702 
-0.1446722750979829 1.6484929400951702 
-0.1446722750979829 1.6484929400951702 
-0.14509182851504324 1.6369423989289393 
-0.1463254865492479 1.5708737452603516 
-0.14635962932105942 1.5760114680891248 
-0.14635962932105942 1.5760114680891248 
-0.1464078125320276 1.5712887211176692 
-0.1464078125320276 1.5712887211176692 
-0.1464078125320276 1.5712887211176692 
-0.1464078125320276 1.5712887211176692 
-0.1464078125320276 1.5712887211176692 
-0.149551177173406 1.3771103706033208 
-0.1496901686654394 1.363937371984159 
-0.1496901686654394 1.363937371984159 
-0.14984614901804097 1.3495336615140827 
-0.15370625255112266 1.0173998171642444 
-0.15370625255112266 1.0173998171642444 
-0.1536500628206274 1.0193440797757536 
-0.15467320552526437 0.9339877886515666 
-0.1544212373310519 0.9589780258142191 
-0.1578419245358344 0.6907360920930313 
-0.1578419245358344 0.6907360920930313 
-0.1578419245358344 0.6907360920930313 
-0.1574236688622326 0.7207774982799968 
-0.15742171120645235 0.7209460063596378 
-0.15742171120645235 0.7209460063596378 
-0.15742171120645235 0.7209460063596378 
-0.1582443937872375 0.6154793294568525 
-0.15869171914747496 0.5462420084132534 
-0.1586275093116994 0.5392777428775882 
-0.1586275093116994 0.5392777428775882 
-0.1586275093116994 0.5392777428775882 
-0.1586879423663624 0.5358454599580429 
-0.1586879423663624 0.5358454599580429 
-0.15754702134495593 0.6201460190838285 
-0.15754702134495593 0.6201460190838285 
-0.15754702134495593 0.6201460190838285 
-0.15754702134495593 0.6201460190838285 
-0.15754702134495593 0.6201460190838285 
-0.15717897917694826 0.639919227433675 
-0.15762072771482083 0.6109368792935137 
-0.15720404970121807 0.5739202824700169 
-0.1573440295270453 0.5405884592123278 
-0.15735464750676265 0.5343977288379832 
-0.15725497577169378 0.5304522367502585 
-0.1572509633141763 0.5296706316276696 
-0.15724051929909247 0.5301693232847163 
-0.15724051929909247 0.5301693232847163 
-0.15724051929909247 0.5301693232847163 
-0.15726696752053257 0.5365152677471928 
-0.15720228952405504 0.5346167159139861 
-0.15720228952405504 0.5346167159139861 
-0.15720228952405504 0.5346167159139861 
-0.15714319036611984 0.47862712685089304 
-0.15714319036611984 0.47862712685089304 
-0.1568756216294008 0.501849145573591 
-0.1568756216294008 0.501849145573591 
-0.15682023544055101 0.5033835420358972 
-0.15682023544055101 0.5033835420358972 
-0.15682023544055101 0.5033835420358972 
-0.15685048557258213 0.5166886537787119 
-0.15667711726563976 0.5143126732479067 
-0.15667711726563976 0.5143126732479067 
-0.15667711726563976 0.5143126732479067 
-0.1568780199050695 0.49930108746161933 
-0.1568780199050695 0.49930108746161933 
-0.1568780199050695 0.49930108746161933 
-0.1568780199050695 0.49930108746161933 
-0.15690821790911577 0.4912369541367694 
-0.15688804908322837 0.45150806610902167 
-0.1569146184943515 0.4492682389035547 
-0.15696105006690902 0.4343379875601704 
-0.15683154482948503 0.44321466571654095 
-0.1567999888761337 0.4505217871886732 
-0.1570907546889217 0.43030379847960143 
-0.15709036920016337 0.4298835646945698 
-0.15708409248081892 0.42990916957370007 
-0.15708409248081892 0.42990916957370007 
-0.15709261989465637 0.427266577080981 
-0.15709719116881907 0.4284646589651346 
-0.15710599834539518 0.4274629117415483 
-0.15712590432997545 0.4289587284197219 
-0.15712590432997545 0.4289587284197219 
-0.15731683104873148 0.4191964021237487 
-0.15718907296646076 0.41638557106142016 
-0.15718907296646076 0.41638557106142016 
-0.15717065051533138 0.4161068636329034 
-0.15717065051533138 0.4161068636329034 
-0.15717065051533138 0.4161068636329034 
-0.15717065051533138 0.4161068636329034 
-0.15721198714976628 0.4162772495112858 
-0.15713521711142028 0.4231753658340419 
-0.157166741738641 0.41605097681794734 
-0.15718601086475004 0.4209776240003814 
-0.1575350636333456 0.42506916037419734 
-0.1575350636333456 0.42506916037419734 
-0.1575350636333456 0.42506916037419734 
-0.15753436616117983 0.4249428049068791 
-0.15754327045288566 0.4277910428353331 
-0.15751663506300242 0.43079141594911563 
-0.1573379028738519 0.4271123711132697 
-0.1570458614055249 0.41505857380554223 
-0.15701359736826906 0.4118524118595523 
-0.15702295804473304 0.4118483149785821 
-0.15703531252709757 0.406287458695909 
-0.15703531252709757 0.406287458695909 
-0.1570052273392759 0.4052291445449538 
-0.15699620892062954 0.40497393414000465 
-0.15707403544921836 0.405148618632689 
-0.15700186287521845 0.4047088463720602 
-0.15706259190436175 0.4045376843897642 
-0.1572682276162414 0.4027310145092043 
-0.15751371724445548 0.40022486213484426 
-0.15751371724445548 0.40022486213484426 
-0.15751371724445548 0.40022486213484426 
-0.15751371724445548 0.40022486213484426 
-0.15751371724445548 0.40022486213484426 
-0.15751371724445548 0.40022486213484426 
-0.15751371724445548 0.40022486213484426 
-0.15751371724445548 0.40022486213484426 
-0.15751371724445548 0.40022486213484426 
-0.15751371724445548 0.40022486213484426 
-0.15751371724445548 0.40022486213484426 
-0.15751371724445548 0.40022486213484426 
-0.15743080582795324 0.4014862094990304 
-0.15748190079236699 0.4010515332550946 
-0.15748190079236699 0.4010515332550946 
-0.1573584691122631 0.4031943849372198 
-0.1573584691122631 0.4031943849372198 
-0.1575745019669855 0.40177305328037893 
-0.15739038450346124 0.40157669882709945 
-0.15739038450346124 0.40157669882709945 
-0.15739038450346124 0.40157669882709945 
-0.15739038450346124 0.40157669882709945 
-0.15733818088138202 0.4013818315113671 
-0.15724291502641133 0.402374623719593 
-0.15723591932354813 0.40214192582798486 
-0.15750856971355323 0.40111438350470496 
-0.1571800209581595 0.4013274388402857 
-0.1571800209581595 0.4013274388402857 
-0.15701657545048567 0.4063202056480102 
-0.15720435210652364 0.4066102800381773 
-0.15720435210652364 0.4066102800381773 
-0.1571794484060057 0.4073777375083494 
-0.1571794484060057 0.4073777375083494 
-0.15713972319026281 0.4071534482755451 
-0.1571348874166582 0.4124319945961159 
-0.1571348874166582 0.4124319945961159 
-0.1571348874166582 0.4124319945961159 
-0.1564824494788424 0.4046125127031386 
-0.1564824494788424 0.4046125127031386 
-0.15612536854061523 0.4045917036267469 
-0.15614170959252047 0.40443723031260426 
-0.15614170959252047 0.40443723031260426 
-0.1567187212433792 0.4067537101921155 
-0.15677083799672534 0.40548715981677674 
-0.15677083799672534 0.40548715981677674 
-0.15692134204237798 0.4067060805417323 
-0.15698091105085477 0.40512497261469277 
-0.1569816681033987 0.4043578977551617 
-0.1569816681033987 0.4043578977551617 
-0.15716115637079384 0.4051113469108303 
-0.15693902485146757 0.4006357236116341 
-0.15705565316053638 0.4003135160888777 
-0.15705565316053638 0.4003135160888777 
-0.15705565316053638 0.4003135160888777 
-0.15705565316053638 0.4003135160888777 
-0.1572666102164326 0.40070787398316265 
-0.15724817331315954 0.4010182277158011 
-0.15699118067503826 0.41830785338936216 
-0.15712214747355102 0.42095766905499726 
-0.15714630304860153 0.41958029100216715 
-0.1571830914598684 0.4340279179308478 
-0.1571830914598684 0.4340279179308478 
-0.1570158937718091 0.42962913656578683 
-0.15711013088292605 0.4248629307311495 
-0.1573355950954952 0.4257987817662529 
-0.1573872702759549 0.4290538435833224 
-0.15739165452583492 0.42920096223999377 
-0.15697056899332998 0.4192244670955305 
-0.15697056899332998 0.4192244670955305 
-0.15697295622125523 0.4192612365884909 
-0.15687913505776194 0.417666021750112 
-0.15688941779749763 0.4180082013213033 
-0.15677816445694898 0.4254197831833338 
-0.15677816445694898 0.4254197831833338 
-0.15683005570159547 0.42360671138816836 
-0.15681674129107756 0.4238463260378623 
-0.15655920314066624 0.4405636612580456 
-0.15652317785220915 0.44223148657228395 
-0.1568215972905449 0.42349147410962 
-0.15697608822423392 0.41633211350239324 
-0.15648615938702712 0.42828313581757077 
-0.15659457852828382 0.4250114188412218 
-0.1560574503403715 0.43050487702712936 
-0.15601638807535814 0.4217071850594473 
-0.15601638807535814 0.4217071850594473 
-0.1561321587232929 0.42031566386208447 
-0.15667383497672027 0.41457272156148567 
-0.15673774493047715 0.4139034998432904 
-0.15668772358874117 0.41514087369780905 
-0.15693468238969047 0.4232288787572404 
-0.1566954390366582 0.41864087278193096 
-0.1569016240638209 0.41692254244543503 
-0.15698000222508163 0.41782381106813954 
-0.15704973726714594 0.4153569267454648 
-0.15671211213635533 0.41694151371553956 
-0.15676415832027504 0.411863712061538 
-0.15676415832027504 0.411863712061538 
-0.15683333244121075 0.415983722946302 
-0.15713792915424515 0.4157391118798471 
-0.15713792915424515 0.4157391118798471 
-0.15690949938757898 0.4115283189752199 
-0.1563658978249839 0.41158813928121935 
-0.15634078440529262 0.40664280086677734 
-0.15634078440529262 0.40664280086677734 
-0.1563375687148497 0.40665132406357696 
-0.1563375687148497 0.40665132406357696 
-0.1563375687148497 0.40665132406357696 
-0.1563375687148497 0.40665132406357696 
-0.15637477006866896 0.40738157887819804 
-0.15635209649686782 0.40768949720708886 
-0.15625197967901724 0.4051733786090578 
-0.15635181933688627 0.40713370940529453 
-0.15635181933688627 0.40713370940529453 
-0.1564608428467248 0.40705416662393484 
-0.15649261261061087 0.40710978347214266 
-0.15683208359913195 0.4063459856272558 
-0.15676400097660886 0.4072008944226272 
-0.15685054406952237 0.40664921252237013 
-0.15685054406952237 0.40664921252237013 
-0.15700022976881192 0.4105936154555936 
-0.15700022976881192 0.4105936154555936 
-0.15695934852153837 0.40225874922030397 
-0.15703031925296035 0.4063399180005993 
-0.15682931427241242 0.40727554053751086 
-0.15683140137543267 0.4072375230252021 
-0.156727741297634 0.4107145270110228 
-0.15647352426600716 0.4141145576275658 
-0.15655161104221904 0.4139737977274084 
-0.1566719135325639 0.41521526588332514 
-0.15681797884763218 0.41364467184859544 
-0.15681797884763218 0.41364467184859544 
-0.15675328431669902 0.4105001559924669 
-0.15674787602101678 0.41129578505545145 
-0.15674787602101678 0.41129578505545145 
-0.15674787602101678 0.41129578505545145 
-0.15657257002694508 0.4125038548344461 
-0.1566396443077916 0.41174326593200283 
-0.1561984087550647 0.41910700355659536 
-0.1561463376535279 0.4202073162506166 
