-0.13410823835309166 1.6499753197804126 
-0.13415285754602954 1.649757085484997 
-0.13415187645759188 1.6496299259623501 
-0.13415187645759188 1.6496299259623501 
-0.13415570699569604 1.6496696366936314 
-0.13415570699569604 1.6496696366936314 
-0.13415570699569604 1.6496696366936314 
-0.13418354382581174 1.6495351708649313 
-0.1341865638548407 1.6495598052463218 
-0.13420628430885567 1.6495832620322728 
-0.13420628430885567 1.6495832620322728 
-0.13424982410788844 1.6495500155230212 
-0.13424982410788844 1.6495500155230212 
-0.13505916719307526 1.650524264249429 
-0.13582642832198283 1.6511202592600165 
-0.13685696596401775 1.6523034905413185 
-0.1371732799063485 1.6525550959938602 
-0.1377953152995289 1.6541170043722428 
-0.1401306977613594 1.6570116601060907 
-0.1416035090488163 1.658902406953553 
-0.14165365712706812 1.6589656611135595 
-0.14165365712706812 1.6589656611135595 
-0.14165365712706812 1.6589656611135595 
-0.14302482695922228 1.6629343375739225 
-0.14302482695922228 1.6629343375739225 
-0.14502517158037626 1.6662005254321675 
-0.14502517158037626 1.6662005254321675 
-0.1459651544344559 1.6696850078775258 
-0.14670239065382723 1.679744968250701 
-0.14670239065382723 1.679744968250701 
-0.14670239065382723 1.679744968250701 
-0.14692177398589507 1.6803455946370942 
-0.14692177398589507 1.6803455946370942 
-0.14692177398589507 1.6803455946370942 
-0.14692177398589507 1.6803455946370942 
-0.14692177398589507 1.6803455946370942 
-0.14692177398589507 1.6803455946370942 
-0.14692177398589507 1.6803455946370942 
-0.14729319816241104 1.6738256708121884 
-0.14729319816241104 1.6738256708121884 
-0.14737362206038274 1.671291665571966 
-0.14737362206038274 1.671291665571966 
-0.14737362206038274 1.671291665571966 
-0.14737362206038274 1.671291665571966 
-0.14737362206038274 1.671291665571966 
-0.14736137463675397 1.6715027117820251 
-0.14736137463675397 1.6715027117820251 
-0.14800749305341052 1.6081331752181314 
-0.14800749305341052 1.6081331752181314 
-0.14864788910259233 1.539625636454683 
-0.14864788910259233 1.539625636454683 
-0.14864788910259233 1.539625636454683 
-0.14864788910259233 1.539625636454683 
-0.1500111348341708 1.4446463916569519 
-0.1504681294091531 1.4102891253427925 
-0.1492512906019023 1.4055322929420895 
-0.1492512906019023 1.4055322929420895 
-0.1492512906019023 1.4055322929420895 
-0.1492512906019023 1.4055322929420895 
-0.1492512906019023 1.4055322929420895 
-0.1492512906019023 1.4055322929420895 
-0.14905342604883812 1.3431959987260595 
-0.14905342604883812 1.3431959987260595 
-0.14905342604883812 1.3431959987260595 
-0.14905342604883812 1.3431959987260595 
-0.1501516450437311 1.2311057848355713 
-0.14955766853724647 1.112797982189791 
-0.14955766853724647 1.112797982189791 
-0.14962573674116406 1.15784861731991 
-0.14962573674116406 1.15784861731991 
-0.15159341184365552 0.8628720053995698 
-0.15323208378347625 0.9002812962517568 
-0.15323208378347625 0.9002812962517568 
-0.15323208378347625 0.9002812962517568 
-0.15324413958363697 0.9071834837613224 
-0.1532902033600442 0.8890455597381096 
-0.1544261984216236 0.758237818726795 
-0.1544261984216236 0.758237818726795 
-0.1544261984216236 0.758237818726795 
-0.15680820565090264 0.636646434237879 
-0.15680820565090264 0.636646434237879 
-0.15655087165126122 0.6050854972226379 
-0.15655087165126122 0.6050854972226379 
-0.15655087165126122 0.6050854972226379 
-0.15731793624228121 0.5626953581319525 
-0.15731793624228121 0.5626953581319525 
-0.15731304010643865 0.561467490248004 
-0.15731304010643865 0.561467490248004 
-0.15684700863470583 0.5580451841722314 
-0.15765463426845183 0.45583259429774436 
-0.15718316853439146 0.47790552494299676 
-0.15718316853439146 0.47790552494299676 
-0.15718316853439146 0.47790552494299676 
-0.15718316853439146 0.47790552494299676 
-0.15718316853439146 0.47790552494299676 
-0.15718316853439146 0.47790552494299676 
-0.15718316853439146 0.47790552494299676 
-0.15718316853439146 0.47790552494299676 
-0.15716170458654882 0.46780717865767363 
-0.1584020386104883 0.4187502679394693 
-0.1579793765792776 0.4123104085984036 
-0.1579793765792776 0.4123104085984036 
-0.1579793765792776 0.4123104085984036 
-0.1579851603350146 0.40365789911926186 
-0.15799374764376167 0.40272335205942783 
-0.15799374764376167 0.40272335205942783 
-0.15799374764376167 0.40272335205942783 
-0.15799374764376167 0.40272335205942783 
-0.15799374764376167 0.40272335205942783 
-0.1578974718716328 0.40231283848944566 
-0.1578974718716328 0.40231283848944566 
-0.1578974718716328 0.40231283848944566 
-0.1578974718716328 0.40231283848944566 
-0.15773303411872644 0.40489997067864214 
-0.15773303411872644 0.40489997067864214 
-0.15773303411872644 0.40489997067864214 
-0.15773303411872644 0.40489997067864214 
-0.1576389909142909 0.4041192985467958 
-0.1576389909142909 0.4041192985467958 
-0.15798763836388824 0.401072557243879 
-0.15798763836388824 0.401072557243879 
-0.15801018454291013 0.4007138240103264 
-0.15801018454291013 0.4007138240103264 
-0.15715132814985489 0.4124189599588738 
-0.15714987685760465 0.41244360466506763 
-0.15720879465496096 0.4177484417362303 
-0.15728037875559672 0.4107676912295883 
-0.15730045900045064 0.4090373093926536 
-0.15733561038100832 0.4064041725659768 
-0.15733561038100832 0.4064041725659768 
-0.15733561038100832 0.4064041725659768 
-0.15737622481774177 0.40338882085002753 
-0.15719533655307655 0.4124717355095254 
-0.15737736688163595 0.40345733177607157 
-0.1568673577323463 0.405194064132065 
-0.1568673577323463 0.405194064132065 
-0.15708879258108893 0.40300498919541555 
-0.15700118842861782 0.402047980029819 
-0.15700118842861782 0.402047980029819 
-0.15702245916954619 0.40381096723692594 
-0.15702245916954619 0.40381096723692594 
-0.1571153878827469 0.40292104409466395 
-0.1571153878827469 0.40292104409466395 
-0.1570471044866169 0.4035410826464563 
-0.15716331839258912 0.40151756587857673 
-0.15716331839258912 0.40151756587857673 
-0.15716331839258912 0.40151756587857673 
-0.15711649070555894 0.40184033421805093 
-0.15711649070555894 0.40184033421805093 
-0.15711649070555894 0.40184033421805093 
-0.15709084032575063 0.40493735088414673 
-0.15709084032575063 0.40493735088414673 
-0.15705936341063234 0.40458645443839547 
-0.15707097550897745 0.4066234852410262 
-0.15707097550897745 0.4066234852410262 
-0.15697437883245396 0.40879606137122537 
-0.15688942702006367 0.40735746338186074 
-0.15688942702006367 0.40735746338186074 
-0.15688942702006367 0.40735746338186074 
-0.15678584470197332 0.40798665929813416 
-0.15678584470197332 0.40798665929813416 
-0.15701998724499822 0.4027531130977654 
-0.15709689537368057 0.4016909260556827 
-0.15707927399301097 0.40167320174143345 
-0.15707927399301097 0.40167320174143345 
-0.15707927399301097 0.40167320174143345 
-0.15698064493426772 0.4000066542209827 
-0.15698064493426772 0.4000066542209827 
-0.15698064493426772 0.4000066542209827 
-0.15698064493426772 0.4000066542209827 
-0.15698064493426772 0.4000066542209827 
-0.15698064493426772 0.4000066542209827 
-0.15699193485610863 0.4007023392233591 
-0.15699193485610863 0.4007023392233591 
-0.15704310290963222 0.40075335483072494 
-0.15704310290963222 0.40075335483072494 
-0.1570014548249197 0.4013247506576945 
-0.15703151358146147 0.40378718432754074 
-0.15703151358146147 0.40378718432754074 
-0.15703151358146147 0.40378718432754074 
-0.15704959246030512 0.40298016637146294 
-0.15693774542748704 0.4034364700313425 
-0.1569195001771604 0.4066793182314434 
-0.1570430770659537 0.4098024166843241 
-0.15702426618133045 0.4104540280156274 
-0.15702426618133045 0.4104540280156274 
-0.15702426618133045 0.4104540280156274 
-0.15709574817664881 0.4205401493936066 
-0.15695132791297572 0.4221742586278915 
-0.15702405717979576 0.41697420427307214 
-0.15706327632299355 0.4174381019879107 
-0.15707501910493646 0.41583977805216704 
-0.1569501916102624 0.4132283541636561 
-0.1569501916102624 0.4132283541636561 
-0.15681624189695698 0.42271723472335365 
-0.15681624189695698 0.42271723472335365 
-0.15682481482854718 0.4229225607478797 
-0.15671899671193337 0.42496615075469696 
-0.15670328837692316 0.4264467815734226 
-0.1563419490670364 0.4308760570307826 
-0.15641419369315873 0.4259506524715263 
-0.1564123130791213 0.42604009010987987 
-0.15657934422013917 0.41675847814576034 
-0.15647582575494115 0.4225619974238592 
-0.15660240687926424 0.42019455875885053 
-0.15636719628854673 0.43460770874137933 
-0.1567171735078174 0.42212948835716835 
-0.15674103107409376 0.42098964501878056 
-0.15666155872138177 0.42706616845137046 
-0.15666155872138177 0.42706616845137046 
-0.1563264870524004 0.43648874758432005 
-0.1563264870524004 0.43648874758432005 
-0.15622746205280366 0.44033393128468146 
-0.15638544105092003 0.4355949070740891 
-0.15625606454444524 0.4411704386213814 
-0.15625606454444524 0.4411704386213814 
-0.1560811584243503 0.4596601827718337 
-0.1562276160770588 0.45273477003862134 
-0.15626629239950976 0.4396909894075072 
-0.15636052649501367 0.43621457739679026 
-0.15625036231098804 0.45686993167195994 
-0.15625036231098804 0.45686993167195994 
-0.15634849041889956 0.45518608184924225 
-0.15634026909573648 0.4561210141259088 
-0.15669420486414806 0.4345019806100282 
-0.15681311359489591 0.42613884960012227 
-0.15681311359489591 0.42613884960012227 
-0.15680727936077463 0.4272951402554865 
-0.15680727936077463 0.4272951402554865 
-0.1574091490871233 0.43798851162021757 
-0.1574091490871233 0.43798851162021757 
-0.15730822603620795 0.42096637999308884 
-0.15718946707871595 0.4152470998215046 
-0.1571581533122509 0.4148638852252063 
-0.1571581533122509 0.4148638852252063 
-0.1571130752480917 0.4169255570773597 
-0.1571130752480917 0.4169255570773597 
-0.15713092543243648 0.42212234479647665 
-0.15676217920638286 0.4151701686326711 
-0.15659435017524748 0.41309839945825805 
-0.15655282676547314 0.41304185066417953 
-0.15662673217614587 0.4123508720129733 
-0.15688362353995725 0.4065925131807818 
-0.15688362353995725 0.4065925131807818 
-0.15651657582500744 0.412689406552347 
-0.15651657582500744 0.412689406552347 
-0.15660657425873403 0.41191651423668574 
-0.15661002372361632 0.4121327043058384 
-0.15661002372361632 0.4121327043058384 
-0.15655281101461055 0.4043132179406903 
-0.15655281101461055 0.4043132179406903 
-0.15655281101461055 0.4043132179406903 
-0.15644906294092212 0.40498585954693983 
-0.156951828838287 0.4031885721487215 
-0.1569111473614771 0.40678502385518556 
-0.15704484406026073 0.40032646419318346 
-0.15704484406026073 0.40032646419318346 
-0.15699340660999808 0.40030564228653426 
-0.15699742625238497 0.40086520798434155 
-0.15699742625238497 0.40086520798434155 
-0.15748244264335853 0.401198564630047 
-0.15748244264335853 0.401198564630047 
-0.15748947169913025 0.4010225943526613 
-0.15748947169913025 0.4010225943526613 
-0.15748947169913025 0.4010225943526613 
-0.15748947169913025 0.4010225943526613 
-0.15748947169913025 0.4010225943526613 
-0.15748947169913025 0.4010225943526613 
-0.15748947169913025 0.4010225943526613 
-0.15748947169913025 0.4010225943526613 
-0.15748024019038406 0.4028103489733505 
-0.15730543217178644 0.40009013164674745 
-0.15730543217178644 0.40009013164674745 
-0.15730543217178644 0.40009013164674745 
-0.1573109838763729 0.40287246434372276 
-0.1573109838763729 0.40287246434372276 
-0.1573616412265812 0.40320122476643516 
-0.15775994811786082 0.40189487339786567 
-0.15780170564817442 0.4016765661883527 
-0.1576651501816393 0.40254892759171185 
-0.15762411497031947 0.4022711214349401 
-0.15767306654816113 0.40217508227041376 
-0.15800045417030478 0.40390740656720475 
-0.15780774016926535 0.4028876882768599 
-0.15780774016926535 0.4028876882768599 
-0.15773252721282421 0.4047771015067868 
-0.1577204356502301 0.4049043025626278 
-0.15795763374105282 0.40253298445005087 
-0.1573689319785802 0.40194339539065094 
-0.1573689319785802 0.40194339539065094 
-0.1573689319785802 0.40194339539065094 
-0.1573689319785802 0.40194339539065094 
-0.15737407416092491 0.4019959097019014 
-0.1572886815333208 0.403622790520005 
-0.1572886815333208 0.403622790520005 
-0.15729303124152058 0.4034030178323588 
-0.15720912587215286 0.40420647281052535 
-0.15729898775209253 0.4033816976737919 
-0.15729898775209253 0.4033816976737919 
-0.15728980578141705 0.40477584164402436 
