-0.13410344195374557 1.6499203428509883 
-0.13410344195374557 1.6499203428509883 
-0.13421762698144504 1.6498943970270785 
-0.13422661199032465 1.6498362398748327 
-0.13422661199032465 1.6498362398748327 
-0.13434660639922058 1.650025640059646 
-0.13434660639922058 1.650025640059646 
-0.1343528482020499 1.650030082160255 
-0.13464277142019737 1.6499449915040056 
-0.13476872144111376 1.649220503742652 
-0.13476872144111376 1.649220503742652 
-0.13514174142011537 1.648848980323518 
-0.1360624978220938 1.647641628314636 
-0.13608735837881028 1.6474204726713888 
-0.1361533662807816 1.6466113994594482 
-0.13730590877427448 1.644575278762245 
-0.13805312692766075 1.6467616324790382 
-0.13920353810972977 1.6420359519358856 
-0.1416206887699237 1.6367970465477153 
-0.1469450628059768 1.6269879378810903 
-0.1469450628059768 1.6269879378810903 
-0.1469450628059768 1.6269879378810903 
-0.1469450628059768 1.6269879378810903 
-0.1469450628059768 1.6269879378810903 
-0.1469450628059768 1.6269879378810903 
-0.1469450628059768 1.6269879378810903 
-0.1469450628059768 1.6269879378810903 
-0.1469450628059768 1.6269879378810903 
-0.14780695771311522 1.6246211163655773 
-0.14780695771311522 1.6246211163655773 
-0.14780695771311522 1.6246211163655773 
-0.14806127872886865 1.602713848150198 
-0.14806127872886865 1.602713848150198 
-0.14806127872886865 1.602713848150198 
-0.14806127872886865 1.602713848150198 
-0.14806127872886865 1.602713848150198 
-0.14806127872886865 1.602713848150198 
-0.14806127872886865 1.602713848150198 
-0.1480589578435711 1.6027359652695035 
-0.14834647739367635 1.5760439355666822 
-0.14831434880263322 1.5817670874287908 
-0.14732753904140686 1.5984454576455704 
-0.14732753904140686 1.5984454576455704 
-0.14732753904140686 1.5984454576455704 
-0.14741157711383945 1.5810119884155358 
-0.14741157711383945 1.5810119884155358 
-0.1474356713594692 1.5922922789632583 
-0.14773393068045768 1.5906614013044447 
-0.14806442380372603 1.5535542157701736 
-0.14806442380372603 1.5535542157701736 
-0.14806442380372603 1.5535542157701736 
-0.14811806963197943 1.5435089565667093 
-0.14811806963197943 1.5435089565667093 
-0.14811806963197943 1.5435089565667093 
-0.1481898254995558 1.523224301728761 
-0.14893855664418493 1.4913677827920453 
-0.1491170114234393 1.469704223726733 
-0.1491170114234393 1.469704223726733 
-0.1491170114234393 1.469704223726733 
-0.15115916190302497 1.3075676739506918 
-0.15078048671793157 1.3435796668877258 
-0.15078048671793157 1.3435796668877258 
-0.15078048671793157 1.3435796668877258 
-0.15074244680007487 1.3405349167181655 
-0.151968978580678 1.183053914973496 
-0.1550521756571798 0.9085957353517665 
-0.1547928057318149 0.8931771850261058 
-0.1547928057318149 0.8931771850261058 
-0.1547928057318149 0.8931771850261058 
-0.15715241490037807 0.6866261683687166 
-0.15736810416029884 0.6558396203717034 
-0.1563617450547787 0.7165218913376807 
-0.1563617450547787 0.7165218913376807 
-0.1563617450547787 0.7165218913376807 
-0.1563617450547787 0.7165218913376807 
-0.15823594276479158 0.4988153621377559 
-0.15823594276479158 0.4988153621377559 
-0.15823594276479158 0.4988153621377559 
-0.15823594276479158 0.4988153621377559 
-0.15765923758117895 0.5210795562273515 
-0.15744201886313813 0.531581801549493 
-0.15695741913085795 0.535655942286972 
-0.15695741913085795 0.535655942286972 
-0.1564356692225726 0.4939150364581791 
-0.15678604960490516 0.4317085424741074 
-0.1566762557329905 0.4416822649658497 
-0.1566762557329905 0.4416822649658497 
-0.1566762557329905 0.4416822649658497 
-0.1566762557329905 0.4416822649658497 
-0.1566762557329905 0.4416822649658497 
-0.1566762557329905 0.4416822649658497 
-0.1566762557329905 0.4416822649658497 
-0.1566762557329905 0.4416822649658497 
-0.1563580002244109 0.4382161800513229 
-0.1563580002244109 0.4382161800513229 
-0.15635978536296238 0.4318738724545541 
-0.15635978536296238 0.4318738724545541 
-0.1564401082988406 0.4307691180377124 
-0.15687415213653153 0.45027055752281797 
-0.15687415213653153 0.45027055752281797 
-0.15687415213653153 0.45027055752281797 
-0.15687415213653153 0.45027055752281797 
-0.15687415213653153 0.45027055752281797 
-0.15693745574754908 0.4634851067525863 
-0.15693745574754908 0.4634851067525863 
-0.1569240350448056 0.47010211511803646 
-0.15710623769355042 0.4621781426656749 
-0.15695013560456023 0.4426885101733315 
-0.15695013560456023 0.4426885101733315 
-0.15697959216056354 0.4470062726896413 
-0.1569729366474554 0.4506366449092166 
-0.1569729366474554 0.4506366449092166 
-0.1569729366474554 0.4506366449092166 
-0.15688981966699986 0.4444203601031293 
-0.15688981966699986 0.4444203601031293 
-0.15685057615621772 0.444958255619423 
-0.15723097221719107 0.43370936736965277 
-0.15785405602789687 0.4259247570008804 
-0.15785405602789687 0.4259247570008804 
-0.15785405602789687 0.4259247570008804 
-0.15785405602789687 0.4259247570008804 
-0.15822897881332137 0.41727554983101106 
-0.15822897881332137 0.41727554983101106 
-0.15822897881332137 0.41727554983101106 
-0.15822897881332137 0.41727554983101106 
-0.15762644852773958 0.42940989937243446 
-0.15762644852773958 0.42940989937243446 
-0.15777887066757418 0.42838846060333313 
-0.15733028819211134 0.4304274514977519 
-0.1573283031221617 0.43472266605755916 
-0.1573445780141323 0.4315595248229652 
-0.1573445780141323 0.4315595248229652 
-0.15730714063372694 0.43005977351060104 
-0.15730175740241817 0.42965266888113923 
-0.1571793219470157 0.4199025870034266 
-0.15717822614545818 0.41887864519736 
-0.1569708134092916 0.42472097113283913 
-0.15689493741281596 0.42799165495757185 
-0.15679811346180583 0.42898120066628254 
-0.15710066167403716 0.42416391813959575 
-0.15716608735358623 0.4237324751500132 
-0.1572738805912476 0.42401194363044575 
-0.15730239591495745 0.42205977836987313 
-0.15730239591495745 0.42205977836987313 
-0.15776925285746202 0.41542143818689065 
-0.15776925285746202 0.41542143818689065 
-0.15750565893738683 0.41487865529045265 
-0.15774581128151044 0.40724538178815556 
-0.15774581128151044 0.40724538178815556 
-0.1577443652290101 0.4090215294938432 
-0.1577186306078403 0.4106198547101935 
-0.1577186306078403 0.4106198547101935 
-0.1577102893073717 0.4102603845749663 
-0.15738256837140366 0.4137550300080059 
-0.15688602286138478 0.40948247057616904 
-0.15664834722305768 0.4041347031749223 
-0.15664834722305768 0.4041347031749223 
-0.15664788838672877 0.40419211594948173 
-0.15664788838672877 0.40419211594948173 
-0.1565265889980083 0.40087507698769154 
-0.15665865291098377 0.40092008811767677 
-0.15665865291098377 0.40092008811767677 
-0.15665865291098377 0.40092008811767677 
-0.15670708538003816 0.4010946608353891 
-0.15670708538003816 0.4010946608353891 
-0.15670708538003816 0.4010946608353891 
-0.15686509656775954 0.40098191443191233 
-0.15680816077859616 0.4009707186153806 
-0.15680816077859616 0.4009707186153806 
-0.15680412966870283 0.4009546945637931 
-0.15680412966870283 0.4009546945637931 
-0.15680412966870283 0.4009546945637931 
-0.15680412966870283 0.4009546945637931 
-0.15702558714491013 0.40371185290217654 
-0.1570206431178717 0.4036743186962239 
-0.1571105819322603 0.40491938418652773 
-0.15719019496612782 0.40364624238128377 
-0.15718866198430234 0.4036652716908825 
-0.1570321116546882 0.4033564806962726 
-0.1570324160761146 0.40313725099674275 
-0.1570324160761146 0.40313725099674275 
-0.15704387970967157 0.4012628441266001 
-0.15704387970967157 0.4012628441266001 
-0.15711323360449214 0.4036253491181714 
-0.15711323360449214 0.4036253491181714 
-0.15711323360449214 0.4036253491181714 
-0.15714024068854954 0.4042219584855989 
-0.15719527442103604 0.4044175232956179 
-0.1571872001095805 0.4039898778131868 
-0.15712939882897267 0.4041576147343168 
-0.15716951232151977 0.4080427658656876 
-0.15716704372767654 0.40777512650563147 
-0.1575975486568326 0.4111770695022681 
-0.15749902460161852 0.4108693902404541 
-0.15744489831614664 0.4120406619094642 
-0.15769951327730364 0.40958609815151387 
-0.15769951327730364 0.40958609815151387 
-0.15769951327730364 0.40958609815151387 
-0.15765718239116583 0.40893419799833763 
-0.15811919774233996 0.4027015016445122 
-0.15768134726450098 0.4161597241792694 
-0.15742124791501994 0.41374101699581234 
-0.15703530078134112 0.41039426723637973 
-0.1571871549453673 0.4107117865720977 
-0.15720355220802965 0.4134795082072587 
-0.15715553125402498 0.4124965544307533 
-0.15715553125402498 0.4124965544307533 
-0.1574775882682746 0.4158635900873969 
-0.1574775882682746 0.4158635900873969 
-0.1574775882682746 0.4158635900873969 
-0.15731021365886833 0.41868458843006906 
-0.15731021365886833 0.41868458843006906 
-0.15734770785447813 0.4189363892220637 
-0.1574556684908488 0.41559602730865797 
-0.15741419914191104 0.42369632384881917 
-0.15729460719676958 0.41793033108399785 
-0.15726823296725692 0.4134341976532213 
-0.15730100699414296 0.4113527254637914 
-0.15728920755710213 0.40661953932236666 
-0.1574191688483148 0.4066003252582951 
-0.1574191688483148 0.4066003252582951 
-0.1574191688483148 0.4066003252582951 
-0.1574191688483148 0.4066003252582951 
-0.15735437584461176 0.4063881616551067 
-0.15754609853534765 0.40859394665754134 
-0.15782411882707068 0.4074455239646394 
-0.15782411882707068 0.4074455239646394 
-0.15784650602816616 0.40749688540207707 
-0.15784650602816616 0.40749688540207707 
-0.15796126653731551 0.4026548504671824 
-0.15796126653731551 0.4026548504671824 
-0.15796126653731551 0.4026548504671824 
-0.15796126653731551 0.4026548504671824 
-0.1577356102224269 0.4055869369768953 
-0.1577356102224269 0.4055869369768953 
-0.157425703254173 0.4092127378358288 
-0.15735693791884606 0.4128299734154387 
-0.15719703684574973 0.40968602064676674 
-0.1572124467676973 0.409908189728008 
-0.15723317999466935 0.40895731186325757 
-0.15669206985471199 0.4058290580447905 
-0.15669206985471199 0.4058290580447905 
-0.15665987373138693 0.40503132369279987 
-0.15668234181019444 0.40569979854425586 
-0.1563888027288493 0.40413607206757735 
-0.15628754882341933 0.40461337491672267 
-0.15626653085018788 0.40438778311233137 
-0.15626653085018788 0.40438778311233137 
-0.15626653085018788 0.40438778311233137 
-0.15626653085018788 0.40438778311233137 
-0.15626653085018788 0.40438778311233137 
-0.1563464586308913 0.40487182174442826 
-0.15630656841025511 0.4046950676139036 
-0.15661394951333701 0.40773980112574765 
-0.1564868205132827 0.4055177158219296 
-0.1564868205132827 0.4055177158219296 
-0.15665994474536807 0.40520327590990024 
-0.15665994474536807 0.40520327590990024 
-0.15675132198191016 0.40521532648430886 
-0.15678277677560537 0.40452020516202064 
-0.1568123676706201 0.4044704546344356 
-0.1568123676706201 0.4044704546344356 
-0.1568123676706201 0.4044704546344356 
-0.15658441558270814 0.40437689344539673 
-0.156866633975055 0.40304241795660367 
-0.156866633975055 0.40304241795660367 
-0.15666924146007874 0.4025834233380744 
-0.1566219620265337 0.40196183697208027 
-0.15664139018378703 0.40226603859640464 
-0.157042226770956 0.408842687474993 
-0.15722620080698463 0.40815146991822954 
-0.15724877627269349 0.40590940374392026 
-0.15724877627269349 0.40590940374392026 
-0.1572538506012282 0.40598358314912864 
-0.15779683782318435 0.40529125253330467 
-0.15779683782318435 0.40529125253330467 
-0.15770260416765422 0.4055560132578304 
-0.15760134756336344 0.40580683187962246 
-0.15710907850952466 0.4068452821285869 
-0.15732283261137445 0.40530255024992184 
-0.15735013575406953 0.40559060828781984 
-0.15735013575406953 0.40559060828781984 
-0.15738543580286776 0.4023009053047382 
-0.15725051476209193 0.4038859665937368 
-0.15734136964848378 0.40263158504485236 
-0.15734136964848378 0.40263158504485236 
-0.15734136964848378 0.40263158504485236 
-0.15770096408920647 0.4005409234618864 
-0.15770096408920647 0.4005409234618864 
-0.15770096408920647 0.4005409234618864 
-0.15770096408920647 0.4005409234618864 
-0.15770096408920647 0.4005409234618864 
-0.15770096408920647 0.4005409234618864 
-0.1571474461037232 0.4008000317263497 
-0.1571474461037232 0.4008000317263497 
-0.1571474461037232 0.4008000317263497 
-0.1571474461037232 0.4008000317263497 
-0.15716448915727593 0.4006631208229165 
-0.15715007942843917 0.4027299635421844 
-0.15715007942843917 0.4027299635421844 
