-0.13390855509646854 1.6500869993004812 
-0.13388488029622203 1.6500942043996922 
-0.13392231981473152 1.650102303037892 
-0.13392231981473152 1.650102303037892 
-0.1339103813234147 1.65014331278082 
-0.1339103813234147 1.65014331278082 
-0.1338859025989314 1.6502249962355946 
-0.13397809371343913 1.6500815748189694 
-0.13403100003136562 1.650124829569927 
-0.1340391068877577 1.6502165971746563 
-0.13401981284697473 1.6502268492169074 
-0.13401981284697473 1.6502268492169074 
-0.13401981284697473 1.6502268492169074 
-0.13401981284697473 1.6502268492169074 
-0.1350777291826303 1.650915203949973 
-0.13523203041992554 1.6505689084380621 
-0.13534893627598185 1.6506840076414597 
-0.13534893627598185 1.6506840076414597 
-0.13541764476674834 1.6510041044149095 
-0.13541764476674834 1.6510041044149095 
-0.1354853301139921 1.6546795184211605 
-0.13833968096863133 1.6566629014407734 
-0.13833968096863133 1.6566629014407734 
-0.13833968096863133 1.6566629014407734 
-0.13833968096863133 1.6566629014407734 
-0.14037341264156186 1.658337631168536 
-0.14092996833339663 1.6576284920640354 
-0.14315443233204728 1.6567834276256825 
-0.14460481661702215 1.6474582458993763 
-0.14460481661702215 1.6474582458993763 
-0.14953680434313524 1.6414914960987241 
-0.14953680434313524 1.6414914960987241 
-0.14953680434313524 1.6414914960987241 
-0.14953680434313524 1.6414914960987241 
-0.14953680434313524 1.6414914960987241 
-0.14681674745288076 1.6425312690078384 
-0.14681674745288076 1.6425312690078384 
-0.14681674745288076 1.6425312690078384 
-0.14707721065718446 1.6510015685511374 
-0.14708495961158335 1.6487192646793234 
-0.14708495961158335 1.6487192646793234 
-0.14703022520978717 1.642123897971613 
-0.14703803179026032 1.6423579964978958 
-0.14707011845872697 1.6394508060776858 
-0.14707011845872697 1.6394508060776858 
-0.14707011845872697 1.6394508060776858 
-0.14708588397637892 1.6397554194469066 
-0.14769078518094347 1.6384911046327613 
-0.14759345089351658 1.639943506548729 
-0.14759345089351658 1.639943506548729 
-0.14759345089351658 1.639943506548729 
-0.14759345089351658 1.639943506548729 
-0.1477317057238897 1.641948719246644 
-0.14758108720996865 1.6006587243680592 
-0.14758108720996865 1.6006587243680592 
-0.14788974978015162 1.5685431430638175 
-0.14788974978015162 1.5685431430638175 
-0.1481111894970355 1.5625449677806065 
-0.1481111894970355 1.5625449677806065 
-0.1481111894970355 1.5625449677806065 
-0.1481111894970355 1.5625449677806065 
-0.15000486141890065 1.399535283140168 
-0.15000486141890065 1.399535283140168 
-0.1519582750259005 1.328280768680767 
-0.1519582750259005 1.328280768680767 
-0.1519582750259005 1.328280768680767 
-0.1519582750259005 1.328280768680767 
-0.1519582750259005 1.328280768680767 
-0.1519582750259005 1.328280768680767 
-0.1516438095024 1.3399417772799394 
-0.1516438095024 1.3399417772799394 
-0.1520584470624585 1.218048770963755 
-0.15202899142851642 1.1541298909403175 
-0.1530035017195915 0.9717127889286747 
-0.1530035017195915 0.9717127889286747 
-0.1530035017195915 0.9717127889286747 
-0.1530035017195915 0.9717127889286747 
-0.15425840427785092 0.9146267119393362 
-0.15592905086136233 0.836890722753951 
-0.15592905086136233 0.836890722753951 
-0.15592905086136233 0.836890722753951 
-0.15592905086136233 0.836890722753951 
-0.15592905086136233 0.836890722753951 
-0.15592905086136233 0.836890722753951 
-0.1551765409908527 0.8428346128085903 
-0.15455817153865326 0.847718960750142 
-0.15455817153865326 0.847718960750142 
-0.15455817153865326 0.847718960750142 
-0.15455817153865326 0.847718960750142 
-0.15455817153865326 0.847718960750142 
-0.15467197824381756 0.8190466132997682 
-0.15517536438708607 0.6781506815438121 
-0.15517536438708607 0.6781506815438121 
-0.15689622384857818 0.54984865120377 
-0.15689622384857818 0.54984865120377 
-0.15678414454047265 0.5317212642235718 
-0.15672828721921123 0.5386372251560552 
-0.15694570771277788 0.5177439668899926 
-0.15681711398289294 0.5133189324909329 
-0.15670230880311775 0.47597945629752036 
-0.15690958253632126 0.45331824413594646 
-0.15669413726665468 0.4300415138046312 
-0.1568727571958248 0.4246123486628924 
-0.15682659903528387 0.42381197314994384 
-0.15637375909454676 0.42037221506106415 
-0.15637375909454676 0.42037221506106415 
-0.15641042573412575 0.4205012919978739 
-0.15622643068867145 0.425877552963628 
-0.15622202765013762 0.4260062079724719 
-0.1564419142824423 0.42795644100432106 
-0.15648720744857011 0.41846455838519625 
-0.15628651061177423 0.4070171995809775 
-0.15629742199223565 0.4071160422331012 
-0.156693496923232 0.4152592995917037 
-0.1566905722850963 0.4161411183743816 
-0.1567094924404141 0.41606215054740225 
-0.1567094924404141 0.41606215054740225 
-0.15669113901162704 0.4116233961694083 
-0.15669113901162704 0.4116233961694083 
-0.15687858596970133 0.4123471537448374 
-0.15692819293428986 0.4134191957534518 
-0.15692819293428986 0.4134191957534518 
-0.15674199659607155 0.40893571658071304 
-0.15668844192174639 0.40476737180752603 
-0.15683828504935032 0.4082380152474237 
-0.1566284055448669 0.40997939870090955 
-0.15629607897184888 0.4066151670468635 
-0.15660825491804506 0.4162216163502142 
-0.15660825491804506 0.4162216163502142 
-0.1566311045645496 0.4094483843791267 
-0.1563651506278613 0.40685515782398296 
-0.15634572375683076 0.4069703824677755 
-0.15634572375683076 0.4069703824677755 
-0.15634572375683076 0.4069703824677755 
-0.15634572375683076 0.4069703824677755 
-0.15640060487453247 0.4036721861245914 
-0.15640060487453247 0.4036721861245914 
-0.15640060487453247 0.4036721861245914 
-0.15676761291030242 0.40831231607372137 
-0.15679705660465476 0.4087084206792815 
-0.1569100562522243 0.4086059949904915 
-0.1569100562522243 0.4086059949904915 
-0.1569100562522243 0.4086059949904915 
-0.1568663601432588 0.4068337214663836 
-0.1568663601432588 0.4068337214663836 
-0.15679992711311677 0.405665861949803 
-0.15679992711311677 0.405665861949803 
-0.15679992711311677 0.405665861949803 
-0.15679992711311677 0.405665861949803 
-0.15693492447212673 0.404034479968629 
-0.15693492447212673 0.404034479968629 
-0.15693492447212673 0.404034479968629 
-0.15693260882833665 0.4045284780977542 
-0.15693260882833665 0.4045284780977542 
-0.15693260882833665 0.4045284780977542 
-0.15693260882833665 0.4045284780977542 
-0.15693260882833665 0.4045284780977542 
-0.15693260882833665 0.4045284780977542 
-0.15693260882833665 0.4045284780977542 
-0.15703565592695393 0.40210039469602615 
-0.15703380104355674 0.402853455804603 
-0.15703380104355674 0.402853455804603 
-0.15703380104355674 0.402853455804603 
-0.15704138879957677 0.4020204849704506 
-0.15696528062939347 0.4032144318768082 
-0.15696528062939347 0.4032144318768082 
-0.15690228193281883 0.40248068700356254 
-0.15690600624391776 0.4028389924072145 
-0.1567825173126661 0.4038919957413588 
-0.15666464245877162 0.40145279554385416 
-0.15666464245877162 0.40145279554385416 
-0.15678138573499376 0.4027371057223145 
-0.1567713176925887 0.402573720318698 
-0.15672168968871572 0.40319572221703015 
-0.1566719590458231 0.4064707430934323 
-0.15680138156096973 0.408430124024489 
-0.15674237407013306 0.40723766733091005 
-0.15659762478908404 0.4091296027908492 
-0.15659454812301157 0.40839912910564624 
-0.15650630252980277 0.4080858318308775 
-0.15650630252980277 0.4080858318308775 
-0.156503155138516 0.40860697285038355 
-0.15679542489153842 0.41132433127840334 
-0.15679542489153842 0.41132433127840334 
-0.15683531534734044 0.41657884746418505 
-0.15667497176584672 0.42177636612893993 
-0.15667497176584672 0.42177636612893993 
-0.15641638374953373 0.4232266467787615 
-0.15640891636543414 0.42182737047086216 
-0.15640891636543414 0.42182737047086216 
-0.15611216962136995 0.4181192655890952 
-0.156533919036623 0.4172274234829188 
-0.15618332268812013 0.42514723337673294 
-0.15618332268812013 0.42514723337673294 
-0.1563067077575862 0.42026949468939184 
-0.15626056373888852 0.4214224852156351 
-0.15623601653023814 0.4164587449362192 
-0.1563768975532697 0.42428880519886025 
-0.1564322860256535 0.42164512221612727 
-0.15646146346158754 0.42117594255853286 
-0.15646511513591627 0.4209360500167984 
-0.1565344055199744 0.419723507365549 
-0.15660557245934922 0.4184293211447924 
-0.1563853495981695 0.418538793322253 
-0.15610444315156896 0.40856164865694067 
-0.15644415931969596 0.4067394013087772 
-0.15644415931969596 0.4067394013087772 
-0.15643236043375186 0.4100266199017887 
-0.156657202615873 0.4088564688728155 
-0.1568349310029133 0.4061464925591908 
-0.156937464866269 0.40636713853954415 
-0.156937464866269 0.40636713853954415 
-0.1569018919211234 0.40724215801929126 
-0.15687144916833104 0.40774330843138407 
-0.15670130869359755 0.4146058545748799 
-0.15672208620007186 0.414045459920779 
-0.15669744765508495 0.41512161996119273 
-0.15677219343614585 0.41339326788063036 
-0.1569779431851396 0.40999756906376533 
-0.15694681282269995 0.40730986460071006 
-0.1571406335146133 0.40815845110042615 
-0.15716645931701917 0.4093016850848456 
-0.15728728543743595 0.4098504599005377 
-0.15728728543743595 0.4098504599005377 
-0.15743395082425785 0.4118813834739309 
-0.1569917984296529 0.4174565924171467 
-0.15705217388035872 0.41437338761194886 
-0.15708020722932345 0.40245501689456137 
-0.15738908065489227 0.4045120991384958 
-0.15734771694308247 0.40365615377469183 
-0.15734771694308247 0.40365615377469183 
-0.15738312796419163 0.40418439863669936 
-0.15768480716477165 0.4017129894161156 
-0.15768480716477165 0.4017129894161156 
-0.15761321190181324 0.4056515009608723 
-0.15761321190181324 0.4056515009608723 
-0.15720772995175075 0.409617861467127 
-0.1571006743038326 0.4106560546420409 
-0.15722778935863954 0.41046162851657775 
-0.15722778935863954 0.41046162851657775 
-0.15722778935863954 0.41046162851657775 
-0.1575866395815774 0.40722901082747015 
-0.1575866395815774 0.40722901082747015 
-0.15779211894025175 0.4030787058445481 
-0.157653744945428 0.40346116305264706 
-0.157653744945428 0.40346116305264706 
-0.157653744945428 0.40346116305264706 
-0.15744501756858278 0.40649742015958396 
-0.15744501756858278 0.40649742015958396 
-0.15744501756858278 0.40649742015958396 
-0.15744501756858278 0.40649742015958396 
-0.15731750066233868 0.4062777836187261 
-0.15753393599978793 0.4072206137041779 
-0.15753393599978793 0.4072206137041779 
-0.15753393599978793 0.4072206137041779 
-0.15753393599978793 0.4072206137041779 
-0.15725461452266426 0.4162362815519795 
-0.15727227352953493 0.41744994477451647 
-0.15713204967571895 0.4243249824959525 
-0.15709458297083048 0.4292565696079825 
-0.15709458297083048 0.4292565696079825 
-0.15709458297083048 0.4292565696079825 
-0.15709458297083048 0.4292565696079825 
-0.15726979736228364 0.43187536623260697 
-0.15703393995928583 0.42544808501589504 
-0.15685436718849505 0.44331407546266427 
-0.15653346428937676 0.4677287278967047 
-0.15653346428937676 0.4677287278967047 
-0.1565798602180015 0.4572720235940127 
-0.15647223008123906 0.4633488385771811 
-0.1565026320869087 0.4620296629588827 
-0.1562236181633274 0.4787175911219881 
-0.1563914216800482 0.46616213180099675 
-0.1566702916711907 0.441577443862129 
-0.15643039204896336 0.45105800246727423 
-0.1563941832006108 0.45371213374259034 
-0.1563941832006108 0.45371213374259034 
-0.1563941832006108 0.45371213374259034 
-0.1563769269152274 0.45425063742208177 
-0.15656895196292983 0.44337563291483656 
-0.1561916681535353 0.46375826917005136 
-0.1561916681535353 0.46375826917005136 
-0.15654840094585598 0.44591470402724465 
-0.15648841885876366 0.4353542944183661 
-0.15658266852045566 0.42931077990891037 
-0.15662897650244761 0.42125077052066423 
-0.15662897650244761 0.42125077052066423 
-0.15658919623495132 0.4228525714525677 
-0.15669125284723112 0.4204487134577624 
-0.15622595373458756 0.43164571173443467 
-0.15622595373458756 0.43164571173443467 
-0.15622595373458756 0.43164571173443467 
-0.15632080733928738 0.4350062724544221 
-0.15614272073673205 0.4509920944288312 
-0.15653493574540292 0.4415830232714238 
-0.15681391441416034 0.4243257174943073 
-0.1568123175063185 0.4190162711538491 
-0.1567765189424379 0.4179003218393888 
-0.15705676371015748 0.41054619794853464 
-0.15707225159555402 0.41004773723773913 
