-0.13400768685209047 1.6500083897457358 
-0.13401507801338639 1.6499904189330548 
-0.13401507801338639 1.6499904189330548 
-0.13400154058291833 1.6500207054006544 
-0.1339761513575962 1.6500650861768564 
-0.13400881796565858 1.650121445401099 
-0.13400881796565858 1.650121445401099 
-0.1340393437288671 1.6502166707526102 
-0.1340393437288671 1.6502166707526102 
-0.1340393437288671 1.6502166707526102 
-0.13404728651102618 1.6502459703173589 
-0.1340966011258182 1.6514646629838228 
-0.13424077733001089 1.651414808737015 
-0.13439109399032426 1.6510967094330795 
-0.13439109399032426 1.6510967094330795 
-0.13439109399032426 1.6510967094330795 
-0.13439109399032426 1.6510967094330795 
-0.13448071216696986 1.6506401261958255 
-0.13448071216696986 1.6506401261958255 
-0.13448071216696986 1.6506401261958255 
-0.13448071216696986 1.6506401261958255 
-0.13448071216696986 1.6506401261958255 
-0.135177378218369 1.6509803724797887 
-0.13517602662692982 1.650824689401067 
-0.13517602662692982 1.650824689401067 
-0.13671618069599994 1.6515189387261937 
-0.13941300320732578 1.6483677341408691 
-0.14075360231402761 1.6503659726441828 
-0.14075360231402761 1.6503659726441828 
-0.14122124658649188 1.6536459029510353 
-0.14122124658649188 1.6536459029510353 
-0.14392134833810208 1.6775658824622592 
-0.1439678587828607 1.6701908229693467 
-0.1439678587828607 1.6701908229693467 
-0.14618198433878585 1.6768363614135702 
-0.14618198433878585 1.6768363614135702 
-0.14618198433878585 1.6768363614135702 
-0.14795634621668774 1.6854740745151076 
-0.14795634621668774 1.6854740745151076 
-0.14792240011001917 1.6803190822084213 
-0.14778110222465357 1.6806893735158352 
-0.14778110222465357 1.6806893735158352 
-0.14778586250883266 1.680854330719582 
-0.14785587940175415 1.6643745093662998 
-0.14785587940175415 1.6643745093662998 
-0.14774903769070258 1.644328260183664 
-0.14774903769070258 1.644328260183664 
-0.1498401210339546 1.4477687500641105 
-0.1503663482840319 1.4184082933580933 
-0.1503663482840319 1.4184082933580933 
-0.15063411763005619 1.3814756496823057 
-0.15063411763005619 1.3814756496823057 
-0.15063411763005619 1.3814756496823057 
-0.15264293235886606 1.2220413292709051 
-0.15264293235886606 1.2220413292709051 
-0.15384209002320237 1.1548486657428854 
-0.15384209002320237 1.1548486657428854 
-0.1541321586465432 1.1339849967648288 
-0.1541321586465432 1.1339849967648288 
-0.1552910445303777 1.0512711162105848 
-0.1552910445303777 1.0512711162105848 
-0.1552910445303777 1.0512711162105848 
-0.1552910445303777 1.0512711162105848 
-0.1552910445303777 1.0512711162105848 
-0.1552910445303777 1.0512711162105848 
-0.1552910445303777 1.0512711162105848 
-0.1560216533905564 0.9111560510807702 
-0.15583091957578368 0.8882462033897891 
-0.15583091957578368 0.8882462033897891 
-0.15583091957578368 0.8882462033897891 
-0.15583091957578368 0.8882462033897891 
-0.15588904712221932 0.869321888081406 
-0.15588904712221932 0.869321888081406 
-0.15588904712221932 0.869321888081406 
-0.15402987771027157 0.9472280685839806 
-0.15402987771027157 0.9472280685839806 
-0.1547003372190726 0.858368775630229 
-0.1547003372190726 0.858368775630229 
-0.15493892187530162 0.8349252771759713 
-0.1558767102267957 0.7215801113692569 
-0.1557972488085474 0.7235020921189887 
-0.1557972488085474 0.7235020921189887 
-0.1555832859289157 0.6811156115041743 
-0.1558188836737374 0.6285190651213302 
-0.15583272346578902 0.6013738976327451 
-0.15583272346578902 0.6013738976327451 
-0.15558669813174064 0.4824420531665723 
-0.15558393427786682 0.48180171998474475 
-0.1560537753736936 0.4558671304279696 
-0.1560537753736936 0.4558671304279696 
-0.15605403624580155 0.4548922672322027 
-0.15605403624580155 0.4548922672322027 
-0.15591974235946074 0.43137003898759296 
-0.1560405755459112 0.43016291510652044 
-0.1560405755459112 0.43016291510652044 
-0.15577307122840225 0.4062782359673958 
-0.15581370019124713 0.4061473089098939 
-0.15581370019124713 0.4061473089098939 
-0.15582781231022075 0.4032671488422765 
-0.15582781231022075 0.4032671488422765 
-0.15582781231022075 0.4032671488422765 
-0.15582781231022075 0.4032671488422765 
-0.15582781231022075 0.4032671488422765 
-0.15582781231022075 0.4032671488422765 
-0.15667490383912738 0.4168065920870329 
-0.1566654257157937 0.4169446740125758 
-0.15666014382738017 0.41689352304311134 
-0.15666014382738017 0.41689352304311134 
-0.15666014382738017 0.41689352304311134 
-0.1568078266247058 0.4171885944966171 
-0.1568078266247058 0.4171885944966171 
-0.1568078266247058 0.4171885944966171 
-0.1568078266247058 0.4171885944966171 
-0.1568078266247058 0.4171885944966171 
-0.15680341353519017 0.41827358045617385 
-0.15684738048342672 0.4165833710124051 
-0.1568727853273191 0.421711654773411 
-0.15684500069016663 0.4211166072135724 
-0.15685143410077107 0.42014584156051127 
-0.1573069345238169 0.41605335069580857 
-0.15732289782135406 0.4161914698142024 
-0.15732289782135406 0.4161914698142024 
-0.1573140493996272 0.41597030242967886 
-0.15728197563167906 0.4133641589352622 
-0.15693876025934123 0.41803269706874085 
-0.15698972942920128 0.41547793444619346 
-0.15699626590889204 0.41520238112449276 
-0.15712479305993454 0.4246782859003635 
-0.15726287497760447 0.4222676609914447 
-0.1572196447987849 0.42121278596341155 
-0.1572301727470831 0.42115377263510373 
-0.1572301727470831 0.42115377263510373 
-0.15722042328278232 0.4217043010084544 
-0.15691806588957313 0.4232948556509544 
-0.15685511825854911 0.42625238129726717 
-0.15678824254653287 0.42813166224343674 
-0.15698918950320823 0.44223120040317804 
-0.15698918950320823 0.44223120040317804 
-0.15698918950320823 0.44223120040317804 
-0.1569880389231183 0.43622992051642595 
-0.15695080068548845 0.4321904003181519 
-0.15718491754931677 0.42416897488905814 
-0.15746558345416414 0.4331332714192284 
-0.15746558345416414 0.4331332714192284 
-0.15758758408564205 0.4307346553824208 
-0.15736051205023613 0.4256398432346179 
-0.15755860757352544 0.4289041188128684 
-0.15753811848180954 0.4222847118614336 
-0.1578275859951804 0.4394108448796279 
-0.1578275859951804 0.4394108448796279 
-0.15835080558292974 0.42382223273133424 
-0.15838315031224298 0.4243189980561179 
-0.15820124539811922 0.4225319459810719 
-0.15809792016000496 0.4210937728231431 
-0.15754987427513897 0.42657044885472606 
-0.1575489628742429 0.42674156850429434 
-0.15788681503404567 0.43462583933967414 
-0.1576917395153847 0.4326736762658636 
-0.15769787554196854 0.4329049424529666 
-0.1574124548122746 0.42810865098364964 
-0.1574124548122746 0.42810865098364964 
-0.1574124548122746 0.42810865098364964 
-0.15745430740801541 0.42596991357544806 
-0.15745430740801541 0.42596991357544806 
-0.15745430740801541 0.42596991357544806 
-0.15745430740801541 0.42596991357544806 
-0.157360385698162 0.42192819963160466 
-0.15734916001951113 0.41887755930963383 
-0.1572247398643457 0.41648409297927763 
-0.1572247398643457 0.41648409297927763 
-0.15720697205988649 0.41660008767961354 
-0.15720697205988649 0.41660008767961354 
-0.15720697205988649 0.41660008767961354 
-0.15711547850137558 0.41475263040745375 
-0.1572881017313512 0.4090780083157743 
-0.1572881017313512 0.4090780083157743 
-0.15707435357095997 0.40928954148337077 
-0.157039977929894 0.40090283010671945 
-0.157039977929894 0.40090283010671945 
-0.157039977929894 0.40090283010671945 
-0.15704503954133125 0.4007689495756087 
-0.15704503954133125 0.4007689495756087 
-0.15704503954133125 0.4007689495756087 
-0.15705626359110816 0.4000927370919286 
-0.15705626359110816 0.4000927370919286 
-0.15705626359110816 0.4000927370919286 
-0.15704945104984738 0.40229875071687615 
-0.15700736311046495 0.40274556355923935 
-0.15704210755118267 0.40118055248003953 
-0.15702057708502226 0.40503168965384917 
-0.15702035970025102 0.4042856982434085 
-0.15738574206757192 0.4038820909008648 
-0.15743917604764318 0.40369121827851473 
-0.15754378775323874 0.4042845309128542 
-0.15759149708451028 0.4034717661540062 
-0.15759149708451028 0.4034717661540062 
-0.15759149708451028 0.4034717661540062 
-0.15759149708451028 0.4034717661540062 
-0.15759149708451028 0.4034717661540062 
-0.15698783039659286 0.4074387449268417 
-0.15698783039659286 0.4074387449268417 
-0.15726435329953622 0.4055336746718132 
-0.15724641563941635 0.40545413591018525 
-0.15712797131463524 0.4030250661390723 
-0.1570247160327727 0.40394761165497534 
-0.15702040386745003 0.4018945601226287 
-0.1570011184072893 0.40144432581482803 
-0.1570011184072893 0.40144432581482803 
-0.15697691531174285 0.40087250551513237 
-0.15697691531174285 0.40087250551513237 
-0.15697691531174285 0.40087250551513237 
-0.15743098259927632 0.4004579923722026 
-0.157545458829636 0.4001044517266003 
-0.157545458829636 0.4001044517266003 
-0.157545458829636 0.4001044517266003 
-0.157545458829636 0.4001044517266003 
-0.157545458829636 0.4001044517266003 
-0.157545458829636 0.4001044517266003 
-0.157545458829636 0.4001044517266003 
-0.157545458829636 0.4001044517266003 
-0.157545458829636 0.4001044517266003 
-0.157545458829636 0.4001044517266003 
-0.157545458829636 0.4001044517266003 
-0.157545458829636 0.4001044517266003 
-0.15745597846390122 0.40246547429159674 
-0.1574894070491394 0.40234168249408814 
-0.15785319135903766 0.40137181725627524 
-0.15793532762701448 0.40020698872085125 
-0.15774903081645164 0.40239138007635994 
-0.15752520611359688 0.4094303178868501 
-0.15754684244567926 0.410453486545771 
-0.15754083224002516 0.4102259572292884 
-0.15754083224002516 0.4102259572292884 
-0.1574685308125316 0.4074493757560891 
-0.15745902722161448 0.40454202021081404 
-0.15745902722161448 0.40454202021081404 
-0.15726721219296774 0.40713769470356576 
-0.15700398256769985 0.4045412892543932 
-0.15700398256769985 0.4045412892543932 
-0.15700398256769985 0.4045412892543932 
-0.15727124040844903 0.4037087460968832 
-0.1573131191264594 0.4026228757516378 
-0.15731218701231287 0.40254622322027644 
-0.15731218701231287 0.40254622322027644 
-0.15745017950751866 0.40320097925547027 
-0.15744145900914894 0.40275131592854185 
-0.15744145900914894 0.40275131592854185 
-0.15774734797623777 0.4031911570639417 
-0.15774734797623777 0.4031911570639417 
-0.15771172511334702 0.4031382333677248 
-0.15771172511334702 0.4031382333677248 
-0.15771172511334702 0.4031382333677248 
-0.15771172511334702 0.4031382333677248 
-0.1577248775786228 0.40283836779310545 
-0.1577248775786228 0.40283836779310545 
-0.1577248775786228 0.40283836779310545 
-0.15765087888183418 0.40383767058628484 
-0.15765087888183418 0.40383767058628484 
-0.15764722780677853 0.4038852359716153 
-0.15788260959280356 0.40381307109381886 
-0.15788260959280356 0.40381307109381886 
-0.1579298167200398 0.40182702118227875 
-0.1573642151821586 0.4023618005914893 
-0.15741569109491615 0.4023131298288245 
-0.15741569109491615 0.4023131298288245 
-0.15741569109491615 0.4023131298288245 
-0.157030682777274 0.4049771476498528 
-0.157030682777274 0.4049771476498528 
-0.157030682777274 0.4049771476498528 
-0.15722694219671318 0.4055216497609778 
-0.15748025307278626 0.40113126239108 
-0.15748025307278626 0.40113126239108 
-0.15748025307278626 0.40113126239108 
-0.15731052669084283 0.4112336278597922 
-0.15675283926577724 0.412804914487432 
-0.1573650283755425 0.4127744595046672 
-0.15736604239404797 0.41274718114874165 
-0.15727000510885136 0.4137727989534989 
-0.15727000510885136 0.4137727989534989 
-0.15729804161701136 0.41027262790816826 
-0.15729804161701136 0.41027262790816826 
-0.1573020757530265 0.40846170345978017 
-0.15702793175270177 0.4117969643138739 
-0.1570040206722085 0.40754838919805675 
-0.15699670658312834 0.4059806009295925 
-0.1570186976147088 0.40849522152273826 
-0.15709464864993486 0.40674430491507596 
-0.15692246059219447 0.40750662406641114 
-0.15692246059219447 0.40750662406641114 
-0.1571915092042313 0.40694060545563027 
-0.15651605185855255 0.4080285275696359 
-0.156601959297887 0.4071324440900017 
-0.15664274804432562 0.40610748544174974 
-0.1570034702197389 0.41628653773489904 
-0.15697781892647436 0.4193293867920363 
-0.15687527975532373 0.42451026518609614 
-0.15702761082731137 0.41792237474783217 
-0.15702761082731137 0.41792237474783217 
-0.15681587948946174 0.4135364278349229 
-0.15694256952341942 0.4132051228518942 
