-0.13398954281306008 1.6499917246999483 
-0.13398954281306008 1.6499917246999483 
-0.13400537933290388 1.6499821949654538 
-0.13400673943858876 1.6499840455567258 
-0.13400673943858876 1.6499840455567258 
-0.13400673943858876 1.6499840455567258 
-0.13401794953669163 1.6501003035922697 
-0.13401794953669163 1.6501003035922697 
-0.13401794953669163 1.6501003035922697 
-0.13401794953669163 1.6501003035922697 
-0.1340274611812491 1.65010634850446 
-0.134515544808643 1.6506145771880376 
-0.13478537321337253 1.6513202215851284 
-0.13484868695001143 1.6509358507874161 
-0.13524211879013914 1.6515580061670296 
-0.13527082093755197 1.6517322181047127 
-0.13527082093755197 1.6517322181047127 
-0.1359356786768256 1.6533783164717686 
-0.1359356786768256 1.6533783164717686 
-0.1360713346755859 1.653962153654584 
-0.1360713346755859 1.653962153654584 
-0.1360713346755859 1.653962153654584 
-0.13667260452504312 1.655738465888574 
-0.13709421059928545 1.654284516773275 
-0.1384528989126356 1.6562661675362216 
-0.13910698175202718 1.6590397086335325 
-0.14179253492921445 1.664304781736898 
-0.14179253492921445 1.664304781736898 
-0.14266610099086685 1.660982902235066 
-0.14266610099086685 1.660982902235066 
-0.14314801476948447 1.659681010313477 
-0.14447529924141111 1.665397062908156 
-0.14447529924141111 1.665397062908156 
-0.14530100306119906 1.6560629674671525 
-0.14530100306119906 1.6560629674671525 
-0.1457905597713145 1.6565952741178473 
-0.1457905597713145 1.6565952741178473 
-0.1457905597713145 1.6565952741178473 
-0.14574270561296984 1.6557492986006568 
-0.146055159910394 1.655173202009434 
-0.146055159910394 1.655173202009434 
-0.14589090203869257 1.6603324690655628 
-0.14589090203869257 1.6603324690655628 
-0.14589090203869257 1.6603324690655628 
-0.14589090203869257 1.6603324690655628 
-0.14589090203869257 1.6603324690655628 
-0.14589090203869257 1.6603324690655628 
-0.14589090203869257 1.6603324690655628 
-0.146741940830594 1.665983244725811 
-0.146741940830594 1.665983244725811 
-0.146741940830594 1.665983244725811 
-0.14846278501060803 1.560890015064775 
-0.1484745077500105 1.5627798731893914 
-0.1484745077500105 1.5627798731893914 
-0.15009845110118158 1.4408040501628487 
-0.15004023358450397 1.4444943589159727 
-0.15004023358450397 1.4444943589159727 
-0.15004023358450397 1.4444943589159727 
-0.15004023358450397 1.4444943589159727 
-0.1509159295197204 1.3138794515939167 
-0.1509159295197204 1.3138794515939167 
-0.1509159295197204 1.3138794515939167 
-0.1509159295197204 1.3138794515939167 
-0.1509159295197204 1.3138794515939167 
-0.15095956108648878 1.310096997703509 
-0.15134831197096427 1.2947092852944035 
-0.15134831197096427 1.2947092852944035 
-0.15134831197096427 1.2947092852944035 
-0.15419632007123324 1.1271072796343038 
-0.15419632007123324 1.1271072796343038 
-0.15419632007123324 1.1271072796343038 
-0.15419632007123324 1.1271072796343038 
-0.15367525104780821 1.1460440827636231 
-0.15366144556453246 1.1090461343775633 
-0.15339624515616196 1.0536905602263942 
-0.1552940885612134 0.8638716695932991 
-0.1552940885612134 0.8638716695932991 
-0.1552940885612134 0.8638716695932991 
-0.15532156669586827 0.8616636653008045 
-0.15532156669586827 0.8616636653008045 
-0.15532156669586827 0.8616636653008045 
-0.15532156669586827 0.8616636653008045 
-0.15462343956073685 0.8906817215660725 
-0.1546545525171509 0.892791099017504 
-0.1546545525171509 0.892791099017504 
-0.1546545525171509 0.892791099017504 
-0.1546545525171509 0.892791099017504 
-0.1546545525171509 0.892791099017504 
-0.1546545525171509 0.892791099017504 
-0.1561141662658738 0.6896285092366264 
-0.1561141662658738 0.6896285092366264 
-0.1561257936657772 0.6782646664802445 
-0.15617288416643832 0.580302947086261 
-0.15617288416643832 0.580302947086261 
-0.156807612967383 0.4961470540732269 
-0.15681245551306885 0.49908182273821655 
-0.15678847699048565 0.5004227505494979 
-0.15682649640467536 0.49532540803119585 
-0.15682649640467536 0.49532540803119585 
-0.15682649640467536 0.49532540803119585 
-0.15680924865960888 0.49694227835010124 
-0.15662895825636253 0.5047694842461935 
-0.15662895825636253 0.5047694842461935 
-0.15654130304315605 0.517575166344001 
-0.15654130304315605 0.517575166344001 
-0.1563462052528229 0.5210448872377093 
-0.15637037069016135 0.5202356180448109 
-0.15637037069016135 0.5202356180448109 
-0.15637037069016135 0.5202356180448109 
-0.15637037069016135 0.5202356180448109 
-0.15648236649889372 0.5115872997640639 
-0.15648236649889372 0.5115872997640639 
-0.15648236649889372 0.5115872997640639 
-0.15692325573554877 0.48068508464181825 
-0.15693909611131113 0.4828033328007185 
-0.15693909611131113 0.4828033328007185 
-0.1569415044511936 0.4825901631271103 
-0.1569415044511936 0.4825901631271103 
-0.15696781613555844 0.4863123270208543 
-0.15696781613555844 0.4863123270208543 
-0.15697250487150083 0.48746676563982766 
-0.15699037086927622 0.46890460050692695 
-0.15673834593442468 0.45773921378125676 
-0.15673834593442468 0.45773921378125676 
-0.15673834593442468 0.45773921378125676 
-0.15673834593442468 0.45773921378125676 
-0.15673834593442468 0.45773921378125676 
-0.15673834593442468 0.45773921378125676 
-0.15674016228530524 0.45766651467397645 
-0.1567727845354837 0.44811891976589896 
-0.15683781582475542 0.43938760441379776 
-0.15686363112699533 0.4372734668345318 
-0.1568159909712913 0.43277933244809125 
-0.15694006553563242 0.42853872184355096 
-0.1570317204089257 0.4279625876878944 
-0.1568092653206618 0.4294868239623385 
-0.1567289310503425 0.42754161166302684 
-0.15656517152937074 0.43339297893681533 
-0.15663953584733323 0.4311093139037082 
-0.1571279608707896 0.41863929175317627 
-0.15720607472415524 0.4274835263025352 
-0.15720607472415524 0.4274835263025352 
-0.15736004190190697 0.43730223862841083 
-0.1573586470029829 0.44699896384733767 
-0.1573586470029829 0.44699896384733767 
-0.15695531159312787 0.4295006669066384 
-0.15690720145264786 0.4286636116951096 
-0.15695435970563912 0.42970869489750935 
-0.15726273939399685 0.43144505335776406 
-0.1574660442759619 0.42197958962849913 
-0.15763680405194452 0.4290508171930526 
-0.15759823597080594 0.437738056301665 
-0.15759823597080594 0.437738056301665 
-0.15759823597080594 0.437738056301665 
-0.15759823597080594 0.437738056301665 
-0.1575417413797403 0.43191919336790513 
-0.15744761295021553 0.4192359417774546 
-0.1573491663352337 0.41814968143139164 
-0.15718234517096444 0.4185161314408217 
-0.1569802092405506 0.41680255952482204 
-0.156979203900415 0.41581505190365053 
-0.15692238528990743 0.4170447035968012 
-0.15704933612644856 0.4141192654212228 
-0.15704933612644856 0.4141192654212228 
-0.15703109141421576 0.41386188741574337 
-0.15709460419746343 0.41322922168003995 
-0.15703621158623043 0.41246513691057923 
-0.15703621158623043 0.41246513691057923 
-0.15717805036190186 0.4196142202002159 
-0.1572333494744353 0.427168797216669 
-0.15719155286717426 0.43393916147753864 
-0.15711386019352078 0.42914906322473456 
-0.157418967512466 0.4397211037346818 
-0.157418967512466 0.4397211037346818 
-0.15727751456371938 0.4281511374081508 
-0.15714635756705064 0.42158219168004224 
-0.1570595577002543 0.41026793571063336 
-0.1570595577002543 0.41026793571063336 
-0.15707278700821026 0.41051919443040774 
-0.15712134896061816 0.41242658528927106 
-0.1571484564670226 0.41626554695209284 
-0.15736495987432855 0.42497849990970804 
-0.15726933876224738 0.4367539352950506 
-0.1575340836454682 0.42008198575843136 
-0.1575340836454682 0.42008198575843136 
-0.15750808235737304 0.4190652488956569 
-0.15750238195643063 0.4188533532442032 
-0.15750238195643063 0.4188533532442032 
-0.15750238195643063 0.4188533532442032 
-0.15745044570091532 0.4182491662607443 
-0.15745044570091532 0.4182491662607443 
-0.15745044570091532 0.4182491662607443 
-0.15745044570091532 0.4182491662607443 
-0.1577580299429929 0.40847521249658736 
-0.15747775584780294 0.41067962263452845 
-0.15747775584780294 0.41067962263452845 
-0.15737384424960987 0.40830307334285176 
-0.15737020557150366 0.4083659458507477 
-0.15740162718872883 0.40834593001800423 
-0.15740162718872883 0.40834593001800423 
-0.15756755776594444 0.40964128678387324 
-0.15762190470134874 0.4078552116907962 
-0.15762190470134874 0.4078552116907962 
-0.15781164379450932 0.4127547076615822 
-0.15793994051327725 0.4145455742844677 
-0.1579938894216451 0.4149041618520653 
-0.1579938894216451 0.4149041618520653 
-0.1579938894216451 0.4149041618520653 
-0.1579938894216451 0.4149041618520653 
-0.1579938894216451 0.4149041618520653 
-0.15755870962468926 0.41324759845998965 
-0.15751713606120957 0.41350227857734184 
-0.15755568539941872 0.412464868213438 
-0.15755568539941872 0.412464868213438 
-0.15752781716121184 0.4122037840220123 
-0.15749902019779094 0.41903446168023106 
-0.15749902019779094 0.41903446168023106 
-0.15746364298649845 0.41484700235694927 
-0.15746364298649845 0.41484700235694927 
-0.15754138435929818 0.41113328252812664 
-0.15744713642954652 0.40904591148896524 
-0.15744713642954652 0.40904591148896524 
-0.15755069157757218 0.4094522308953663 
-0.15791089178473158 0.4158600505162478 
-0.1578815022386097 0.4146198297348804 
-0.1578815022386097 0.4146198297348804 
-0.1578815022386097 0.4146198297348804 
-0.1578815022386097 0.4146198297348804 
-0.15775728310697198 0.40937785873398364 
-0.15775728310697198 0.40937785873398364 
-0.15775728310697198 0.40937785873398364 
-0.15775728310697198 0.40937785873398364 
-0.15775728310697198 0.40937785873398364 
-0.15775728310697198 0.40937785873398364 
-0.15775728310697198 0.40937785873398364 
-0.1575468689864044 0.40975391524221494 
-0.1575468689864044 0.40975391524221494 
-0.1575468689864044 0.40975391524221494 
-0.15747759171808065 0.4080923600398877 
-0.1575132081556369 0.4080902749409242 
-0.15767099715637056 0.4083152829227323 
-0.15791559109292372 0.4018483885738382 
-0.15790502410591517 0.40211823187701723 
-0.15790502410591517 0.40211823187701723 
-0.15790502410591517 0.40211823187701723 
-0.15782032668610202 0.40222698840569976 
-0.15783278016916158 0.40182847510110653 
-0.15783278016916158 0.40182847510110653 
-0.15718908549468733 0.4028802954704486 
-0.15718908549468733 0.4028802954704486 
-0.15718863058585547 0.40287839804325243 
-0.15718863058585547 0.40287839804325243 
-0.15718863058585547 0.40287839804325243 
-0.1571635187588338 0.40220714607817076 
-0.15707544610017302 0.40043414673680744 
-0.1570985852284409 0.40051556876606653 
-0.15741745761384826 0.4007097258412292 
-0.15741745761384826 0.4007097258412292 
-0.15741745761384826 0.4007097258412292 
-0.15729882070354476 0.40320966128838587 
-0.15729882070354476 0.40320966128838587 
-0.1572503477123336 0.4042453873182909 
-0.15721965204191818 0.40464050116938693 
-0.15721965204191818 0.40464050116938693 
-0.15721965204191818 0.40464050116938693 
-0.15725529026820523 0.40434379088998923 
-0.1573136250738068 0.40351647783786393 
-0.15733167034866896 0.4033549441583302 
-0.15703471627676258 0.4050995917376223 
-0.1571548553566732 0.4082733715497453 
-0.15692730996616025 0.40810786990041753 
-0.15693409430569252 0.408934310550813 
-0.15693813777080284 0.40908137574076703 
-0.15693813777080284 0.40908137574076703 
-0.15675225752124206 0.40232719475162165 
-0.15675225752124206 0.40232719475162165 
-0.15676317487911998 0.40229310216733793 
-0.15651229538679562 0.40145613185871437 
-0.15651229538679562 0.40145613185871437 
-0.15649103117747987 0.4010860607208076 
-0.1570122498855924 0.40347155284350683 
-0.15713605862718763 0.4016177319662953 
-0.15713605862718763 0.4016177319662953 
-0.15713605862718763 0.4016177319662953 
-0.15712496667496778 0.40051997836042597 
-0.15712496667496778 0.40051997836042597 
-0.15713061770894302 0.4005870451901361 
-0.15713061770894302 0.4005870451901361 
-0.15735122849412891 0.4094135249111908 
-0.15728783744949093 0.4143398023845025 
-0.15727107120190842 0.41278668024170156 
-0.1572258188785718 0.4147694062482384 
-0.1567428482078927 0.42058629549719767 
-0.1567291983519314 0.4280371501603444 
-0.15682728938068102 0.4228123140364902 
-0.15680892493177953 0.41750509609324477 
-0.157002082398273 0.41228126161274936 
-0.15699517553781878 0.4125553886263187 
-0.15698943461752266 0.4128051267120969 
-0.15698943461752266 0.4128051267120969 
