-0.1339594608847379 1.6499310784649226 
-0.13396261821370178 1.6499415243003543 
-0.13389044360418367 1.6499158747050762 
-0.13389044360418367 1.6499158747050762 
-0.13389044360418367 1.6499158747050762 
-0.13389044360418367 1.6499158747050762 
-0.13389044360418367 1.6499158747050762 
-0.13389044360418367 1.6499158747050762 
-0.13393503539313104 1.649928700501043 
-0.13394620845099695 1.6498929773882904 
-0.13394620845099695 1.6498929773882904 
-0.13394620845099695 1.6498929773882904 
-0.13410449619104464 1.6496132486788844 
-0.13410449619104464 1.6496132486788844 
-0.13410449619104464 1.6496132486788844 
-0.1341290360999417 1.6496905688121055 
-0.13410515820769756 1.6496140310880723 
-0.13410515820769756 1.6496140310880723 
-0.13413779250581254 1.6493590352155492 
-0.13418899796104314 1.6496032489624868 
-0.13417192739949127 1.6495625525000759 
-0.13415473849606 1.6495871522318288 
-0.13730839540291342 1.6518480194941327 
-0.13916047549945396 1.6532865267633963 
-0.13916047549945396 1.6532865267633963 
-0.13916047549945396 1.6532865267633963 
-0.13916047549945396 1.6532865267633963 
-0.13935140139750254 1.6523599201937953 
-0.13935140139750254 1.6523599201937953 
-0.13936816108727557 1.651710550977262 
-0.1407957998529426 1.6585665069613762 
-0.1407957998529426 1.6585665069613762 
-0.1407957998529426 1.6585665069613762 
-0.14078304237239841 1.6590032572085598 
-0.14381540188115008 1.6608336920703974 
-0.14398813301289018 1.660464867459155 
-0.14398813301289018 1.660464867459155 
-0.14398813301289018 1.660464867459155 
-0.14398813301289018 1.660464867459155 
-0.14398813301289018 1.660464867459155 
-0.14398813301289018 1.660464867459155 
-0.14398813301289018 1.660464867459155 
-0.14400417375921556 1.6597033714006992 
-0.1456421310235328 1.6360640459965243 
-0.14757812446468255 1.6061484033171618 
-0.14757812446468255 1.6061484033171618 
-0.14904963177479907 1.5955271683412584 
-0.1490504807696841 1.5953254273838946 
-0.14948845415890497 1.5886450569431356 
-0.14957287011513642 1.5885581101230537 
-0.14968281142953305 1.5860880284546075 
-0.14968281142953305 1.5860880284546075 
-0.14968281142953305 1.5860880284546075 
-0.1496212790846791 1.5832142123552668 
-0.1496212790846791 1.5832142123552668 
-0.1496212790846791 1.5832142123552668 
-0.1495359437320186 1.592717661459855 
-0.14971565015296107 1.5895323991375043 
-0.1507316194987571 1.5114944650661783 
-0.1507316194987571 1.5114944650661783 
-0.1507316194987571 1.5114944650661783 
-0.15208757616544052 1.3405143248636249 
-0.15208757616544052 1.3405143248636249 
-0.1551975658008765 0.9674301217239583 
-0.1551975658008765 0.9674301217239583 
-0.15597127257840823 0.7911639781790643 
-0.15639916912317944 0.8371701401866092 
-0.1564929383333117 0.8234612092248169 
-0.1569783985173664 0.8159781869671207 
-0.1569783985173664 0.8159781869671207 
-0.15672957282868819 0.7786839040253463 
-0.15672923542428127 0.7786021617305022 
-0.15672923542428127 0.7786021617305022 
-0.15672923542428127 0.7786021617305022 
-0.15712049783978693 0.7312402632510223 
-0.15712049783978693 0.7312402632510223 
-0.15819476916108946 0.6500742755400462 
-0.15776823573361703 0.5245849781798141 
-0.158592184080135 0.5036711221216239 
-0.15874118706860801 0.4846964789066981 
-0.15874118706860801 0.4846964789066981 
-0.15874118706860801 0.4846964789066981 
-0.15874118706860801 0.4846964789066981 
-0.15874118706860801 0.4846964789066981 
-0.15905490250183457 0.5127941062858327 
-0.15905490250183457 0.5127941062858327 
-0.15998852217305987 0.40500112971957525 
-0.15955476523361112 0.4041614151257056 
-0.15955476523361112 0.4041614151257056 
-0.15955476523361112 0.4041614151257056 
-0.15955476523361112 0.4041614151257056 
-0.15931038652529755 0.44269040059696807 
-0.15931038652529755 0.44269040059696807 
-0.15931038652529755 0.44269040059696807 
-0.15931038652529755 0.44269040059696807 
-0.1593450227345329 0.4344684916290934 
-0.15933101290930712 0.4395934991559692 
-0.15915184213401906 0.43307281804731146 
-0.15915184213401906 0.43307281804731146 
-0.15927456141431495 0.427592600157344 
-0.15926756922038918 0.427685385805136 
-0.15828417223372504 0.4434837513145358 
-0.15772614056559556 0.44838877941823796 
-0.15799308230058595 0.4566726541597445 
-0.1580653122031348 0.4566498532357243 
-0.1580653122031348 0.4566498532357243 
-0.15861240738412574 0.44866235129232945 
-0.15861240738412574 0.44866235129232945 
-0.15842439817258638 0.46449364226471224 
-0.15842439817258638 0.46449364226471224 
-0.15867243193302855 0.4518822807566452 
-0.1585223744966703 0.41551517582569264 
-0.15866022655662362 0.4174643526189992 
-0.15911842690048106 0.4137806419807411 
-0.15911842690048106 0.4137806419807411 
-0.15920566426998822 0.418370101224783 
-0.15920566426998822 0.418370101224783 
-0.15900834251376236 0.42293060577852754 
-0.15898552701901156 0.42318135943034 
-0.15889985881945795 0.4023516921851327 
-0.15889985881945795 0.4023516921851327 
-0.15889985881945795 0.4023516921851327 
-0.15889985881945795 0.4023516921851327 
-0.1589820159805036 0.4103546626457902 
-0.1589820159805036 0.4103546626457902 
-0.15862955738080914 0.41110531158509317 
-0.15862955738080914 0.41110531158509317 
-0.15862955738080914 0.41110531158509317 
-0.1585761544164218 0.4040687561357908 
-0.1585761544164218 0.4040687561357908 
-0.1585761544164218 0.4040687561357908 
-0.1585744484637339 0.4034575043896764 
-0.1585744484637339 0.4034575043896764 
-0.15884914905194836 0.4140932019783464 
-0.15884914905194836 0.4140932019783464 
-0.15884914905194836 0.4140932019783464 
-0.15916706785590812 0.4485267585196778 
-0.15939706228498496 0.4380814041994625 
-0.15947373238882312 0.4295174407035629 
-0.15964331783362667 0.4596219454874978 
-0.15960634904010734 0.4605044695157431 
-0.1596189672680173 0.45267780468999635 
-0.1600703971131255 0.44042853639830676 
-0.1596677052829437 0.4260249367336134 
-0.15945345483097062 0.43286144850631475 
-0.15951291924377609 0.4310339129057223 
-0.15924263667668664 0.43592760199449015 
-0.15915562840728678 0.4334400051798217 
-0.15919395122883742 0.42860939954205024 
-0.15908919984743627 0.4236087678161398 
-0.15908350459957918 0.4242700097891226 
-0.15882524225490655 0.43381152773172904 
-0.15882524225490655 0.43381152773172904 
-0.1588133765797008 0.4330388137428682 
-0.15858230691880243 0.44130735550928263 
-0.15867569317531147 0.43668201597880196 
-0.15870804305977324 0.4359077804533377 
-0.15866479206185696 0.43501568462014834 
-0.15855357101622636 0.4327216374038935 
-0.15865767352495308 0.43235898999997613 
-0.15865767352495308 0.43235898999997613 
-0.15865767352495308 0.43235898999997613 
-0.1587566175930078 0.4268648518336292 
-0.15880961359123938 0.4272083136684222 
-0.15875884615541808 0.42996184927539793 
-0.15875884615541808 0.42996184927539793 
-0.15847648238938086 0.46081294549879936 
-0.15850524442417308 0.4626867456872834 
-0.15855086315723482 0.4594028432373498 
-0.15854835164874356 0.4509295642605479 
-0.15853489741109986 0.4342511800517585 
-0.15857889735930886 0.4378593438319419 
-0.15840609519305304 0.42993607375451093 
-0.15867007057841606 0.43002771952304114 
-0.15867007057841606 0.43002771952304114 
-0.15861383886756497 0.43496935371806517 
-0.15887766047596727 0.42030312011372595 
-0.15854032594524506 0.42707354774115586 
-0.15845233132912684 0.43460264862679593 
-0.1583803202376751 0.42439019739541656 
-0.15801454017579636 0.43824708691748404 
-0.15771558047598405 0.44688736711013377 
-0.1578724502779259 0.46166758527332424 
-0.1578724502779259 0.46166758527332424 
-0.1576186870615505 0.469964373525705 
-0.15804060525820782 0.4714790604513834 
-0.15687044046395035 0.4923559149462424 
-0.15687044046395035 0.4923559149462424 
-0.1569570118592485 0.48402917392794087 
-0.1569570118592485 0.48402917392794087 
-0.1569570118592485 0.48402917392794087 
-0.1567825076571477 0.48301831392068006 
-0.15718926030400726 0.46612268654400435 
-0.15744212935126498 0.45747512611792723 
-0.1576206828403378 0.45923104025874795 
-0.1578109963947847 0.46907219850071313 
-0.15806804463291857 0.4568845934358961 
-0.15798919648608253 0.47405881576791814 
-0.15798919648608253 0.47405881576791814 
-0.15698082215889422 0.52328571607162 
-0.1575840269648474 0.49111558316161597 
-0.1575840269648474 0.49111558316161597 
-0.15765043892651695 0.492357498862912 
-0.15765043892651695 0.492357498862912 
-0.15721526708439265 0.5462112216762027 
-0.15603645287028584 0.6823033250363291 
-0.15603645287028584 0.6823033250363291 
-0.15603645287028584 0.6823033250363291 
-0.1566219180626693 0.6409343606685762 
-0.1566219180626693 0.6409343606685762 
-0.1566219180626693 0.6409343606685762 
-0.1565596529288039 0.6461289406867814 
-0.15668493677554732 0.6316354932476435 
-0.1563595387991399 0.6558859014599443 
-0.1563595387991399 0.6558859014599443 
-0.1563595387991399 0.6558859014599443 
-0.1563595387991399 0.6558859014599443 
-0.15738495065657881 0.5905017743269431 
-0.15753304123106496 0.5816301725433589 
-0.15753304123106496 0.5816301725433589 
-0.1580612549688143 0.5077993514908294 
-0.1580612549688143 0.5077993514908294 
-0.1580612549688143 0.5077993514908294 
-0.158225056344145 0.4713047027450178 
-0.1586009190752903 0.4463094412483284 
-0.15917170638825115 0.4348247807251328 
-0.1591083359293274 0.43585746255982 
-0.159323033186678 0.4499118302503882 
-0.15849168223394455 0.4758905579702604 
-0.15864465721092838 0.4428904652275485 
-0.15896222786729197 0.42715523697925467 
-0.1589147594752159 0.42445375461808615 
-0.15887569751903252 0.41685571895564977 
-0.15849096096433712 0.4106471167124104 
-0.15859188020176757 0.4249761558103964 
-0.1585716011246441 0.4256339229419134 
-0.1585716011246441 0.4256339229419134 
-0.15794285485026618 0.4307562492076171 
-0.15822501364450237 0.42706089025560035 
-0.15877961110394043 0.42205997770794174 
-0.15880661786942674 0.41247821384822037 
-0.15894566022789672 0.4145652677778338 
-0.15910024202558432 0.4129036644273781 
-0.15910024202558432 0.4129036644273781 
-0.15910681341469302 0.41451158431384977 
-0.15930251309155322 0.41530843163799536 
-0.15926916426844334 0.4268504410746152 
-0.15926916426844334 0.4268504410746152 
-0.15941736074450708 0.4269282600697094 
-0.1591837602961466 0.43543185141137963 
-0.1591153460572437 0.4036623678463551 
-0.1591153460572437 0.4036623678463551 
-0.1591153460572437 0.4036623678463551 
-0.1590808251946991 0.4052592741902743 
-0.15901255659148797 0.4118697265650896 
-0.15892365189977953 0.4036302601980603 
-0.15892365189977953 0.4036302601980603 
-0.15901342900422735 0.4065039027033919 
-0.15901342900422735 0.4065039027033919 
-0.15901342900422735 0.4065039027033919 
-0.15901342900422735 0.4065039027033919 
-0.1589987891338947 0.41192810270896674 
-0.15863257999256838 0.4069543543281677 
-0.15920041178309044 0.40587830713278444 
-0.15919788748892016 0.40551341613459974 
-0.15919788748892016 0.40551341613459974 
-0.15950648162661613 0.40529123281976187 
-0.1594243695003951 0.4036530655600859 
-0.1594243695003951 0.4036530655600859 
-0.1594243695003951 0.4036530655600859 
-0.1594243695003951 0.4036530655600859 
-0.1596299283171766 0.4036880405187466 
-0.1596299283171766 0.4036880405187466 
-0.1596299283171766 0.4036880405187466 
-0.1596299283171766 0.4036880405187466 
-0.15957820606117112 0.4064793085110312 
-0.15957337779521302 0.4065448839679776 
-0.15958130686620164 0.40659525181509754 
-0.15958130686620164 0.40659525181509754 
-0.15958130686620164 0.40659525181509754 
-0.15958130686620164 0.40659525181509754 
-0.15958130686620164 0.40659525181509754 
-0.15916921582870566 0.4155012956382688 
-0.15936759044504237 0.426160064637513 
-0.15936759044504237 0.426160064637513 
-0.15998123792313532 0.416237476554574 
-0.15998123792313532 0.416237476554574 
-0.16005550725339449 0.4172648903188932 
-0.16005550725339449 0.4172648903188932 
-0.16005550725339449 0.4172648903188932 
-0.16005550725339449 0.4172648903188932 
-0.16001188732174473 0.41674846886763084 
-0.1600255254550684 0.4156223820208903 
-0.1600255254550684 0.4156223820208903 
-0.1600255254550684 0.4156223820208903 
-0.15989240562458815 0.42586087800602757 
-0.15989240562458815 0.42586087800602757 
-0.15989240562458815 0.42586087800602757 
-0.15989240562458815 0.42586087800602757 
-0.15989240562458815 0.42586087800602757 
