-0.13392008478765802 1.6500134978740115 
-0.13394180214812618 1.6500125017973155 
-0.13394899326820323 1.6500163455732928 
-0.1339636271457374 1.6500872887311844 
-0.1340124944030525 1.6500979220164473 
-0.13407937763471964 1.6500023699423574 
-0.13407937763471964 1.6500023699423574 
-0.13407937763471964 1.6500023699423574 
-0.13414903137438167 1.6500045638326122 
-0.13414903137438167 1.6500045638326122 
-0.13418816278474346 1.6502546565647573 
-0.13418384533003952 1.6502443654815036 
-0.13432084131777336 1.650014476562176 
-0.13484475351719186 1.6495151102496524 
-0.13497532797197315 1.6494260909126053 
-0.13541076992126833 1.6490085898973417 
-0.13547649467850634 1.6490317230274534 
-0.13554519421178723 1.6488271565661137 
-0.13561842746766306 1.648883939052861 
-0.13590721152787555 1.6491078520398736 
-0.13590721152787555 1.6491078520398736 
-0.13590721152787555 1.6491078520398736 
-0.13590721152787555 1.6491078520398736 
-0.13646482012615133 1.6486477531685986 
-0.13732708870916824 1.6503224361967492 
-0.13732708870916824 1.6503224361967492 
-0.13732708870916824 1.6503224361967492 
-0.13732708870916824 1.6503224361967492 
-0.1413368868175129 1.640208049645149 
-0.1413368868175129 1.640208049645149 
-0.14287209898501285 1.6366836117499908 
-0.14287209898501285 1.6366836117499908 
-0.14287209898501285 1.6366836117499908 
-0.14299944529671602 1.6357600686983853 
-0.14322496743155558 1.628700168606628 
-0.14322496743155558 1.628700168606628 
-0.14322496743155558 1.628700168606628 
-0.14328802782623382 1.629516549049166 
-0.1433851106244373 1.6464768324398165 
-0.14565399490026215 1.658704964286415 
-0.14565399490026215 1.658704964286415 
-0.146585349326694 1.6373807778980036 
-0.146585349326694 1.6373807778980036 
-0.14710213750786488 1.6260750643087976 
-0.14710213750786488 1.6260750643087976 
-0.14710213750786488 1.6260750643087976 
-0.147586730988859 1.6392719163451719 
-0.1486463690170603 1.6402389148430776 
-0.15089662734525797 1.5082669927763797 
-0.1509594691815878 1.4989763943561576 
-0.15086816120623528 1.5010535285961215 
-0.15086816120623528 1.5010535285961215 
-0.15195948309831545 1.4267031700185857 
-0.153647149755529 1.3142695054947817 
-0.15399882259052244 1.311688922211438 
-0.15399882259052244 1.311688922211438 
-0.15652627040890169 1.1184525564855652 
-0.15652627040890169 1.1184525564855652 
-0.15652627040890169 1.1184525564855652 
-0.15652627040890169 1.1184525564855652 
-0.15486263097023523 1.2427578144926286 
-0.15394142276110792 1.302449622384498 
-0.15387796806777118 1.2849346564006137 
-0.1567368934693998 1.0400472120702786 
-0.1559688345800521 1.1046947120257615 
-0.15438737836365726 1.2009895517066944 
-0.15614668367905477 1.100431297551019 
-0.1563790793248839 1.0455949604249306 
-0.1563790793248839 1.0455949604249306 
-0.15603054215963624 1.0692323811866742 
-0.15603054215963624 1.0692323811866742 
-0.15648284033375873 1.0059867972538667 
-0.15928276087515558 0.8080627811266823 
-0.15928276087515558 0.8080627811266823 
-0.15928276087515558 0.8080627811266823 
-0.15928276087515558 0.8080627811266823 
-0.15879219535193367 0.8258414911552552 
-0.15878508027643407 0.7504756571894773 
-0.15878508027643407 0.7504756571894773 
-0.15878508027643407 0.7504756571894773 
-0.1590281755869151 0.7115465562842138 
-0.1590281755869151 0.7115465562842138 
-0.1590281755869151 0.7115465562842138 
-0.1589961667453277 0.6902357845971803 
-0.15864521758028127 0.6950796166922313 
-0.15864521758028127 0.6950796166922313 
-0.15864521758028127 0.6950796166922313 
-0.15864521758028127 0.6950796166922313 
-0.15864521758028127 0.6950796166922313 
-0.1595841661219099 0.6543473897076137 
-0.1595841661219099 0.6543473897076137 
-0.15959088856292952 0.6508591202700866 
-0.15959088856292952 0.6508591202700866 
-0.15959088856292952 0.6508591202700866 
-0.1598370264296056 0.6004276441862488 
-0.1598164183906402 0.596547911064722 
-0.1598164183906402 0.596547911064722 
-0.15974878941870702 0.5608189720574019 
-0.15926076241965098 0.4899736111722655 
-0.15926076241965098 0.4899736111722655 
-0.15815102141277082 0.5382870340986667 
-0.15762874022748463 0.5700190727230093 
-0.15796647268015204 0.5589530119716928 
-0.15767110176084498 0.6297282268331983 
-0.15767110176084498 0.6297282268331983 
-0.15767110176084498 0.6297282268331983 
-0.15767110176084498 0.6297282268331983 
-0.15759161558184656 0.6125491477970596 
-0.15759161558184656 0.6125491477970596 
-0.15833512780900807 0.549589950436072 
-0.15815392399456413 0.5670812571068131 
-0.15836370956365048 0.5340922483528054 
-0.15836370956365048 0.5340922483528054 
-0.15895774648171598 0.4897647217107378 
-0.15880481415665382 0.5172319640181464 
-0.1588057849324578 0.5172921727987935 
-0.15880844733965224 0.5027808149493991 
-0.15839884460289916 0.5436520446517712 
-0.15845572367678884 0.5401143187885178 
-0.15845482074863804 0.5383141925167123 
-0.15835562675333717 0.5219008202833066 
-0.15835562675333717 0.5219008202833066 
-0.158402610214151 0.5188108838809158 
-0.15836869884085944 0.5226110459222459 
-0.1580598863810227 0.5530908791033459 
-0.15830284709280376 0.5405740492641046 
-0.15879828341029426 0.5050613042214239 
-0.15879828341029426 0.5050613042214239 
-0.1591795523808977 0.4787385317416433 
-0.15916252057923935 0.4758073962851107 
-0.15882458581283274 0.49669826933251787 
-0.15882458581283274 0.49669826933251787 
-0.15928840695597046 0.4591045620021591 
-0.15916643717922693 0.4541899951045222 
-0.15916904446584598 0.45295104519407897 
-0.1590382706154256 0.4653223132207603 
-0.15918082192219396 0.45599708136245437 
-0.15843979980358291 0.48123437158492977 
-0.15843979980358291 0.48123437158492977 
-0.15876766759967176 0.47166121802229377 
-0.1593223884469447 0.45821784655406916 
-0.15992353655494804 0.4772502547762029 
-0.1599258020381349 0.47735019400968903 
-0.1599258020381349 0.47735019400968903 
-0.1599258020381349 0.47735019400968903 
-0.1599258020381349 0.47735019400968903 
-0.15959898366251965 0.4575341070121263 
-0.15955817727850455 0.4598591881920378 
-0.15955817727850455 0.4598591881920378 
-0.15977989011011928 0.45120996698016447 
-0.15978039668256785 0.45122956394172153 
-0.1594837842470217 0.4569740738547551 
-0.1591382214137098 0.4624668863076859 
-0.1591382214137098 0.4624668863076859 
-0.1591382214137098 0.4624668863076859 
-0.1591382214137098 0.4624668863076859 
-0.15914050593435672 0.4622572465012923 
-0.15914050593435672 0.4622572465012923 
-0.15885684294262092 0.4679317445367129 
-0.15886142530551225 0.4677086054629042 
-0.158818354639423 0.5173166269829309 
-0.15909443653006416 0.5007320010800607 
-0.15844081190691045 0.5201056029701675 
-0.15832546851583293 0.5208100366969283 
-0.15832546851583293 0.5208100366969283 
-0.1583173284401341 0.5208906489710563 
-0.15887716863804935 0.4974947116682616 
-0.15895222033464942 0.51719677995263 
-0.15885768616022716 0.5433703516794318 
-0.15881707995722438 0.5492457899724483 
-0.15881707995722438 0.5492457899724483 
-0.15850596743981732 0.47925629664359476 
-0.15851165514541946 0.4820650740278368 
-0.15902258723971088 0.5005338848060445 
-0.15900202675901146 0.4945313892983551 
-0.1591800017293139 0.46420040996753087 
-0.16006157623955045 0.4551325923149667 
-0.16006157623955045 0.4551325923149667 
-0.15915834061747214 0.43467863701440185 
-0.15916076053985861 0.4346234985664715 
-0.15969316223905097 0.42469991580999317 
-0.15951453083286746 0.4201649150086686 
-0.15943055525836966 0.4262418027410351 
-0.15948847842970687 0.4230564585849356 
-0.15948847842970687 0.4230564585849356 
-0.16004138305721172 0.43578327880478696 
-0.16004138305721172 0.43578327880478696 
-0.16004138305721172 0.43578327880478696 
-0.15955876498012833 0.42525805519097865 
-0.15955876498012833 0.42525805519097865 
-0.15946173956632767 0.42288852384259984 
-0.15966624759036008 0.42684073707426057 
-0.1599007769872086 0.4437801871656561 
-0.15989176151109305 0.44312325473419073 
-0.15995339882003048 0.4370853126870545 
-0.16029910678757775 0.44867425677299916 
-0.16029910678757775 0.44867425677299916 
-0.16030922713334433 0.44387777829200536 
-0.16021062695420316 0.4510909255779738 
-0.160015683476932 0.45675918461900694 
-0.16066805712451115 0.4363954186975172 
-0.1606921776585263 0.4531897294913098 
-0.1603153494664033 0.45525752715057316 
-0.15981722187126393 0.430103051415055 
-0.15975739575947975 0.4152264725953913 
-0.15966938738183134 0.41210531646031284 
-0.15973177241823608 0.41961553326290624 
-0.15971948266900593 0.42060941927227635 
-0.15906727170706528 0.447181578777793 
-0.15915350593532854 0.4493820631843706 
-0.15902628763618512 0.4599244348342828 
-0.15904650539313295 0.47330506260744093 
-0.1602486817443655 0.4569868550667583 
-0.1602486817443655 0.4569868550667583 
-0.1602486817443655 0.4569868550667583 
-0.16029341266475927 0.4672079514560106 
-0.16029341266475927 0.4672079514560106 
-0.16029341266475927 0.4672079514560106 
-0.16027976768105817 0.45980411632181045 
-0.16024713711474708 0.4520470553416568 
-0.15906638742256438 0.48636590700663035 
-0.15905222662446575 0.4829999305376703 
-0.15905222662446575 0.4829999305376703 
-0.15887424877666537 0.5150630700483383 
-0.1589414149570453 0.5053699671518108 
-0.15921830343857166 0.47370292036172246 
-0.15925167870019713 0.47276008665518515 
-0.1594318035292041 0.4980977536994825 
-0.1593042364228804 0.4866087278699095 
-0.1593042364228804 0.4866087278699095 
-0.1593521441230885 0.4837639596072546 
-0.15928825922386375 0.482880422124053 
-0.15927154118395254 0.48584474966858937 
-0.15928164660504254 0.48611437753819675 
-0.15918679208385572 0.48114589335066077 
-0.15946793255623865 0.47626903994092123 
-0.15942655442654013 0.478628182323095 
-0.1593904386721218 0.4805880001428175 
-0.15877764145429202 0.5205413732056965 
-0.15916961992119283 0.479959211077165 
-0.1593408277728345 0.46025375246959604 
-0.15930699990336686 0.45994906085811166 
-0.15933591411434134 0.4627614252252554 
-0.15911019779066082 0.4463526544875248 
-0.15911019779066082 0.4463526544875248 
-0.15918398995547095 0.44339145447888034 
-0.15888499268184997 0.4380492958486707 
-0.15937942952017567 0.4201743502514873 
-0.15949713783851974 0.4143907982748181 
-0.15963015906269595 0.4086342048554786 
-0.15963015906269595 0.4086342048554786 
-0.1596686874812641 0.4145116633242687 
-0.1596686874812641 0.4145116633242687 
-0.16029859494127083 0.4095170156383081 
-0.16029859494127083 0.4095170156383081 
-0.16029859494127083 0.4095170156383081 
-0.16009247806244636 0.41073886356461525 
-0.16011851521484055 0.4151051500943913 
-0.16011851521484055 0.4151051500943913 
-0.15993335681258375 0.4151122285511797 
-0.15992840998042135 0.41526143755421346 
-0.15992840998042135 0.41526143755421346 
-0.15992840998042135 0.41526143755421346 
-0.16000103121357998 0.40588483429324895 
-0.16000103121357998 0.40588483429324895 
-0.16000103121357998 0.40588483429324895 
-0.16000103121357998 0.40588483429324895 
-0.15967162552317157 0.42916245697414857 
-0.15967162552317157 0.42916245697414857 
-0.15921996145233389 0.43653248751697993 
-0.15958643349009252 0.4380360742192152 
-0.15913996519588153 0.439021074905748 
-0.15874901461446414 0.4672139525662684 
-0.15902745328086157 0.45187675870888766 
-0.15898930731285732 0.4460434724867431 
-0.1590172758879394 0.43620357991809744 
-0.15902732621468268 0.43588681373732785 
-0.1590657884518691 0.43469682980372426 
-0.15868333919351557 0.44099690476627534 
-0.15880033548018763 0.4364092841638013 
-0.15880033548018763 0.4364092841638013 
-0.15877060815437588 0.4487808361606815 
-0.15877060815437588 0.4487808361606815 
-0.15870436246018957 0.45280432521827135 
-0.15877409585430569 0.43154997711793 
-0.15928490342789328 0.42354094075032317 
-0.15929373791805904 0.42276803033534405 
-0.15841284964144098 0.4018352715347841 
-0.15841284964144098 0.4018352715347841 
-0.15839936538392532 0.4028221981876579 
-0.15839936538392532 0.4028221981876579 
-0.15839936538392532 0.4028221981876579 
-0.15839936538392532 0.4028221981876579 
-0.1582544887115561 0.4321980695711406 
-0.15763614598042536 0.4469328289271472 
-0.1578601642575896 0.44535973513112875 
-0.1578601642575896 0.44535973513112875 
-0.15769462178007118 0.4818400831801063 
-0.1575537621524825 0.476867878063255 
-0.1575537621524825 0.476867878063255 
