-0.13390350121946545 1.6499509908556051 
-0.13390350121946545 1.6499509908556051 
-0.1339003141481462 1.6499458857994276 
-0.1339003141481462 1.6499458857994276 
-0.1339003141481462 1.6499458857994276 
-0.1339003141481462 1.6499458857994276 
-0.13395980457975984 1.6499567229252243 
-0.13395980457975984 1.6499567229252243 
-0.133978067008597 1.6499368515618065 
-0.133978067008597 1.6499368515618065 
-0.133978067008597 1.6499368515618065 
-0.133978067008597 1.6499368515618065 
-0.133978067008597 1.6499368515618065 
-0.133978067008597 1.6499368515618065 
-0.13430096493227991 1.6497800374172353 
-0.13430096493227991 1.6497800374172353 
-0.13430096493227991 1.6497800374172353 
-0.13503497790164512 1.6499888254443202 
-0.13509836738309858 1.650432632758609 
-0.1352864395377345 1.6531526295742773 
-0.1353039550965816 1.6532089915505543 
-0.1353039550965816 1.6532089915505543 
-0.1353039550965816 1.6532089915505543 
-0.1353039550965816 1.6532089915505543 
-0.1353039550965816 1.6532089915505543 
-0.1353039550965816 1.6532089915505543 
-0.1353039550965816 1.6532089915505543 
-0.13996356189982806 1.6556418040842167 
-0.14241114387713663 1.657002957382154 
-0.14321863052542044 1.6526053134358125 
-0.1440149157041794 1.652496980983355 
-0.1440149157041794 1.652496980983355 
-0.14550147600677077 1.6634855025408053 
-0.14550147600677077 1.6634855025408053 
-0.14550147600677077 1.6634855025408053 
-0.14550147600677077 1.6634855025408053 
-0.14634250817584268 1.6466267249961353 
-0.14634250817584268 1.6466267249961353 
-0.14592420052393418 1.651050266084915 
-0.14592420052393418 1.651050266084915 
-0.1474432006034229 1.651081799137912 
-0.1478050113023858 1.64856752367484 
-0.1478050113023858 1.64856752367484 
-0.1478130507090441 1.6485629532725463 
-0.1478130507090441 1.6485629532725463 
-0.1477857551939424 1.6488798227206878 
-0.14884050593590956 1.667697038893396 
-0.14884050593590956 1.667697038893396 
-0.14883345349507585 1.6679296399047787 
-0.14848241131165024 1.6569569071447754 
-0.1485914948382167 1.67821201046972 
-0.14864063489822174 1.6338610343478692 
-0.15038131257927087 1.5036554322882738 
-0.15048987507104047 1.4907794256533595 
-0.15072205530118243 1.5066771583122605 
-0.15073021734339295 1.5058714588242745 
-0.15073021734339295 1.5058714588242745 
-0.15074642638410127 1.506128092405417 
-0.15093406671352697 1.4937898223051986 
-0.15093406671352697 1.4937898223051986 
-0.1510073888696266 1.502378272428839 
-0.15244407416211536 1.3333410890929882 
-0.153220712712952 1.187489586045686 
-0.153220712712952 1.187489586045686 
-0.154595969132291 1.0907450660623497 
-0.154595969132291 1.0907450660623497 
-0.15472133208954697 1.0813810526791001 
-0.15472133208954697 1.0813810526791001 
-0.15448457632276863 1.0732148711151477 
-0.15918285736057777 0.7504042998010145 
-0.15918285736057777 0.7504042998010145 
-0.1604677193197722 0.6393338330509166 
-0.1604677193197722 0.6393338330509166 
-0.15951614314581597 0.605147720243216 
-0.15950608468752855 0.6069622708656182 
-0.15986350047242218 0.5831032568478448 
-0.15931054410147572 0.5749324036550865 
-0.16009429917581092 0.5251300843088841 
-0.1594935020796566 0.5607709682299238 
-0.1594935020796566 0.5607709682299238 
-0.15980623864598856 0.509337105564404 
-0.16003711018717828 0.45628249450955566 
-0.1605661395993252 0.4044288837256901 
-0.1605661395993252 0.4044288837256901 
-0.1605661395993252 0.4044288837256901 
-0.1605661395993252 0.4044288837256901 
-0.16057414406413958 0.40437994098151836 
-0.16057414406413958 0.40437994098151836 
-0.16057414406413958 0.40437994098151836 
-0.16083678234245602 0.40051481115258475 
-0.16083678234245602 0.40051481115258475 
-0.16083678234245602 0.40051481115258475 
-0.16083678234245602 0.40051481115258475 
-0.16083678234245602 0.40051481115258475 
-0.16087846883801535 0.4004087978265696 
-0.16087846883801535 0.4004087978265696 
-0.1602943680048641 0.4292320407603302 
-0.16052230825854424 0.41688493535950527 
-0.16052230825854424 0.41688493535950527 
-0.16051277771678815 0.4169667226603011 
-0.16051277771678815 0.4169667226603011 
-0.16051277771678815 0.4169667226603011 
-0.16051277771678815 0.4169667226603011 
-0.16051271217766402 0.4168790345127293 
-0.16023116544335408 0.42327793092743093 
-0.16093661322381128 0.40339326052311697 
-0.16093661322381128 0.40339326052311697 
-0.16045369418018707 0.4227963195678528 
-0.1602828285038688 0.4239486876390189 
-0.1602828285038688 0.4239486876390189 
-0.16000660403966013 0.4346698500724621 
-0.16000660403966013 0.4346698500724621 
-0.1601971334283469 0.4355227157020903 
-0.1601474855193917 0.43909947038756225 
-0.16038745099625823 0.4222081616278355 
-0.16038759929558274 0.42218951310095254 
-0.1610362029387207 0.4030818592064223 
-0.16026165334573098 0.41044181852364764 
-0.16026165334573098 0.41044181852364764 
-0.15969613238658653 0.4337811507079054 
-0.15994783076404864 0.4234664080663076 
-0.1597455799765286 0.43529243426167397 
-0.1597455799765286 0.43529243426167397 
-0.15970740542077347 0.43369243063139007 
-0.15978145360801072 0.43591149470927115 
-0.15940020462619386 0.4218667879424155 
-0.15975704910783106 0.42777773266653557 
-0.15975704910783106 0.42777773266653557 
-0.15975824056109011 0.4277577774166651 
-0.15975824056109011 0.4277577774166651 
-0.15948854561106748 0.4344299503264186 
-0.1596392636485621 0.44087388791113624 
-0.15964961853227597 0.4372051930724676 
-0.15965691852588604 0.4321486541587799 
-0.15965869055016532 0.4323123941859814 
-0.15972922330556907 0.4297342709106152 
-0.1596781789837428 0.4332086324264011 
-0.15959056171157046 0.43559960334147635 
-0.15943374817711004 0.431290158488646 
-0.15903575011036125 0.4506268167958457 
-0.15910307998152384 0.45630959375311636 
-0.1591969257354786 0.45491565407605505 
-0.15923797197296397 0.4319220548334446 
-0.15923797197296397 0.4319220548334446 
-0.15924572227129197 0.43356739464425365 
-0.15954382886010765 0.4174422066177688 
-0.15954382886010765 0.4174422066177688 
-0.15954382886010765 0.4174422066177688 
-0.1599476778145183 0.41048767016229815 
-0.1599476778145183 0.41048767016229815 
-0.1593762281328889 0.4158765395642029 
-0.15913952417602 0.41607517696749 
-0.1591511244117034 0.41627059553159385 
-0.15987112589713617 0.4008405053684749 
-0.15947734814276232 0.4092794133112367 
-0.15944514057934936 0.4112228971343001 
-0.15944514057934936 0.4112228971343001 
-0.16002554195166388 0.4074966352074571 
-0.16002554195166388 0.4074966352074571 
-0.16002554195166388 0.4074966352074571 
-0.1603273832373704 0.41076235544957745 
-0.1603273832373704 0.41076235544957745 
-0.1603273832373704 0.41076235544957745 
-0.1603273832373704 0.41076235544957745 
-0.16033302696574278 0.4017583279191996 
-0.16033302696574278 0.4017583279191996 
-0.16033302696574278 0.4017583279191996 
-0.16033302696574278 0.4017583279191996 
-0.1602129098600808 0.4017439710606289 
-0.1602129098600808 0.4017439710606289 
-0.1602129098600808 0.4017439710606289 
-0.1601243735483868 0.40246558382026937 
-0.16006843618041944 0.4026215727783149 
-0.1599834113276579 0.4054661825526766 
-0.1599834113276579 0.4054661825526766 
-0.15957624097632 0.41191008065356605 
-0.15957624097632 0.41191008065356605 
-0.15957624097632 0.41191008065356605 
-0.15944044784506162 0.41820463000835806 
-0.15942085421508315 0.41850048703282483 
-0.15942085421508315 0.41850048703282483 
-0.15946765599359378 0.416404343662706 
-0.16021749160027718 0.42291694447714534 
-0.16021749160027718 0.42291694447714534 
-0.16017589780520025 0.42711852179451404 
-0.16017589780520025 0.42711852179451404 
-0.1609742628216187 0.43168421470453666 
-0.1609742628216187 0.43168421470453666 
-0.1609742628216187 0.43168421470453666 
-0.1609742628216187 0.43168421470453666 
-0.1606748631193545 0.42325822954216025 
-0.1606748631193545 0.42325822954216025 
-0.1606748631193545 0.42325822954216025 
-0.1606748631193545 0.42325822954216025 
-0.16043132527371892 0.4230820012316006 
-0.1604724176924803 0.4236854787915315 
-0.1600846214481995 0.4455625967386351 
-0.16048319757699409 0.42959436525945793 
-0.16052015516446438 0.4304464934769367 
-0.16005896284367294 0.4526950724854907 
-0.16087016903193715 0.4540898879474444 
-0.16087016903193715 0.4540898879474444 
-0.16087016903193715 0.4540898879474444 
-0.16087016903193715 0.4540898879474444 
-0.16087016903193715 0.4540898879474444 
-0.15988558941520156 0.4474018646579557 
-0.15988891559371504 0.4515613140099229 
-0.15960576760299136 0.4561605599328889 
-0.15960576760299136 0.4561605599328889 
-0.15950285266103084 0.48339442175323005 
-0.15950285266103084 0.48339442175323005 
-0.15950285266103084 0.48339442175323005 
-0.15907016638364266 0.5081480795347305 
-0.15907016638364266 0.5081480795347305 
-0.15907016638364266 0.5081480795347305 
-0.15907016638364266 0.5081480795347305 
-0.1591428983533218 0.500313000799642 
-0.1591428983533218 0.500313000799642 
-0.1588391205699522 0.5246974231993786 
-0.15855622614518636 0.5451452849494166 
-0.15869411499023933 0.5292503566314299 
-0.15869411499023933 0.5292503566314299 
-0.15915373601281088 0.48732382524837614 
-0.1591550817658534 0.4864087073512719 
-0.1591550817658534 0.4864087073512719 
-0.1591550817658534 0.4864087073512719 
-0.1589456767771538 0.5051872713637392 
-0.1589249994353928 0.5069029336155602 
-0.1590546806120138 0.5046498616577364 
-0.15950151002281382 0.4748945843457469 
-0.15908468736198308 0.49869265234292587 
-0.1590974480497141 0.49296179494506404 
-0.1590974480497141 0.49296179494506404 
-0.1592435766008548 0.5280645821549416 
-0.1592435766008548 0.5280645821549416 
-0.15881337703756537 0.5781699150703188 
-0.15879601758400258 0.5491391842898384 
-0.1585996129347934 0.5597291042055281 
-0.15878246651716538 0.5702963903035846 
-0.15936495175446883 0.520121652289847 
-0.15935397878652405 0.5099313281411233 
-0.15935397878652405 0.5099313281411233 
-0.15932118891251315 0.4961004292885069 
-0.15932118891251315 0.4961004292885069 
-0.15924665615376343 0.4768333312236349 
-0.15957691576288255 0.4871006571853521 
-0.1594355176319106 0.47854992047267225 
-0.159603632681193 0.4852998322032587 
-0.159603632681193 0.4852998322032587 
-0.1594773186247677 0.46705174765505747 
-0.15936857135799945 0.4480226241981099 
-0.15936857135799945 0.4480226241981099 
-0.15936130852124694 0.4477792615968391 
-0.15910806730573984 0.4323614718167223 
-0.1591615219075839 0.40214585347627074 
-0.1591615219075839 0.40214585347627074 
-0.1591615219075839 0.40214585347627074 
-0.15935308121506123 0.40838498584393873 
-0.1594146466763991 0.40446140002595743 
-0.15937506190187925 0.40370261841385796 
-0.15937506190187925 0.40370261841385796 
-0.15934657778815295 0.403696807630484 
-0.15934657778815295 0.403696807630484 
-0.15934657778815295 0.403696807630484 
-0.15934657778815295 0.403696807630484 
-0.15934657778815295 0.403696807630484 
-0.16008719913080544 0.4040279601044995 
-0.16023095829753692 0.40265811987527994 
-0.16017811501504736 0.40728443320548435 
-0.15995883947957099 0.40405246359437663 
-0.15995883947957099 0.40405246359437663 
-0.16024731324950406 0.40504182878226025 
-0.16029432902923335 0.40487551380399395 
-0.16029432902923335 0.40487551380399395 
-0.16029432902923335 0.40487551380399395 
-0.16015854300373464 0.40583412408177266 
-0.1601885059205274 0.40585607099410287 
-0.15997179891988098 0.40548908888126745 
-0.16014936034739796 0.40203410848216514 
-0.16014936034739796 0.40203410848216514 
-0.16014936034739796 0.40203410848216514 
-0.16014936034739796 0.40203410848216514 
-0.15999369177676379 0.40328403773460086 
-0.15999369177676379 0.40328403773460086 
-0.15999369177676379 0.40328403773460086 
-0.15999369177676379 0.40328403773460086 
-0.15999369177676379 0.40328403773460086 
-0.15999369177676379 0.40328403773460086 
-0.15986999955709544 0.4030304056401992 
-0.15986999955709544 0.4030304056401992 
-0.15986999955709544 0.4030304056401992 
-0.15986999955709544 0.4030304056401992 
-0.160017033975446 0.4033319011390703 
-0.160017033975446 0.4033319011390703 
-0.16014180017616872 0.4021680040965397 
-0.16014180017616872 0.4021680040965397 
-0.16005740376549904 0.40688779575187795 
-0.16056656732701552 0.4099956082065782 
-0.16064662033308108 0.40797947156109476 
-0.16051962273944262 0.41162116974622354 
