-0.13410734326119053 1.650128307438846 
-0.13409256167550668 1.6502868592848126 
-0.1340788659781175 1.6502224836888302 
-0.1341240124423758 1.650376472554004 
-0.13412307773357607 1.6503956526077441 
-0.13414255897107524 1.6503261773335485 
-0.1341483492182095 1.6503224336165423 
-0.13419390607541073 1.6501788527553873 
-0.13419390607541073 1.6501788527553873 
-0.13419779171613816 1.650167876040591 
-0.13426738221156098 1.6501081221624099 
-0.13426738221156098 1.6501081221624099 
-0.13474707798043328 1.6494414838282927 
-0.1351317498272446 1.6491524258624375 
-0.1351943446111094 1.6490587697196897 
-0.13518286645989766 1.6489420702172253 
-0.13524101087719126 1.6488505864259886 
-0.13524101087719126 1.6488505864259886 
-0.13524101087719126 1.6488505864259886 
-0.13524101087719126 1.6488505864259886 
-0.13524101087719126 1.6488505864259886 
-0.13524101087719126 1.6488505864259886 
-0.13524101087719126 1.6488505864259886 
-0.1357230435889665 1.6482517864594315 
-0.1357230435889665 1.6482517864594315 
-0.1357230435889665 1.6482517864594315 
-0.1357230435889665 1.6482517864594315 
-0.14036152978069327 1.6750574810685213 
-0.14036152978069327 1.6750574810685213 
-0.1441112498543792 1.6744883072262775 
-0.1441112498543792 1.6744883072262775 
-0.14890617649491977 1.6886527457703402 
-0.14890617649491977 1.6886527457703402 
-0.14890617649491977 1.6886527457703402 
-0.14890617649491977 1.6886527457703402 
-0.14891127536639043 1.6886234791860373 
-0.14891127536639043 1.6886234791860373 
-0.14891127536639043 1.6886234791860373 
-0.14891127536639043 1.6886234791860373 
-0.14903373974684597 1.6868901409486283 
-0.14903373974684597 1.6868901409486283 
-0.14903373974684597 1.6868901409486283 
-0.14903373974684597 1.6868901409486283 
-0.14923537199593498 1.676537443252626 
-0.14905650119328184 1.6909163051554161 
-0.14905650119328184 1.6909163051554161 
-0.1490621819639043 1.6896434101324553 
-0.1490621819639043 1.6896434101324553 
-0.1490621819639043 1.6896434101324553 
-0.14890546912584998 1.682994000024806 
-0.14890937988262196 1.6833793072677306 
-0.14890937988262196 1.6833793072677306 
-0.14890937988262196 1.6833793072677306 
-0.14890937988262196 1.6833793072677306 
-0.14890937988262196 1.6833793072677306 
-0.14890937988262196 1.6833793072677306 
-0.15042915499063828 1.6018886898957947 
-0.15002916827856788 1.5977818344626642 
-0.14970121096614009 1.611265952647653 
-0.14982609223700466 1.60733167278899 
-0.14982609223700466 1.60733167278899 
-0.15314856368193958 1.2600073686932889 
-0.1530731644725201 1.2695537822416327 
-0.15345989549273523 1.2342452002474764 
-0.15345989549273523 1.2342452002474764 
-0.15448497546487597 1.1359195359486882 
-0.15717125784335145 0.7988671634810383 
-0.15876078086994025 0.6743966250396658 
-0.15876078086994025 0.6743966250396658 
-0.15876078086994025 0.6743966250396658 
-0.16028016861786573 0.5568191507279773 
-0.16028016861786573 0.5568191507279773 
-0.16028016861786573 0.5568191507279773 
-0.15960663395933467 0.5599793607508747 
-0.15960663395933467 0.5599793607508747 
-0.15960663395933467 0.5599793607508747 
-0.15960663395933467 0.5599793607508747 
-0.15960663395933467 0.5599793607508747 
-0.15960663395933467 0.5599793607508747 
-0.15773443838703188 0.6850651565409303 
-0.15773443838703188 0.6850651565409303 
-0.1577845518348428 0.6833090617316149 
-0.1584067373077846 0.6060294339828516 
-0.1584067373077846 0.6060294339828516 
-0.15777606966890895 0.602634181580679 
-0.15782060726062663 0.6022588575766433 
-0.15843696141741198 0.5461770345191702 
-0.15984058035070886 0.4227752530089522 
-0.15984058035070886 0.4227752530089522 
-0.15973457620612144 0.42191017494841665 
-0.15973457620612144 0.42191017494841665 
-0.15986427669092113 0.4007476576691378 
-0.15975153383275953 0.40077465163235815 
-0.15975153383275953 0.40077465163235815 
-0.15975153383275953 0.40077465163235815 
-0.15975153383275953 0.40077465163235815 
-0.15975153383275953 0.40077465163235815 
-0.1596077617721042 0.40463369095371765 
-0.1596077617721042 0.40463369095371765 
-0.15960520182646573 0.40452824875620896 
-0.1593262969961243 0.43834671636264944 
-0.15922174753083249 0.44468088497898456 
-0.15916865142252934 0.44853629458234057 
-0.15920864154399036 0.47143894625781746 
-0.1592051574687174 0.45219832868476106 
-0.1592051574687174 0.45219832868476106 
-0.15919608361145954 0.4293240227619374 
-0.15920603299562794 0.4343011703444219 
-0.15920247661381243 0.4358298705614267 
-0.15928979568168167 0.43146120485629 
-0.15928979568168167 0.43146120485629 
-0.15928979568168167 0.43146120485629 
-0.15928979568168167 0.43146120485629 
-0.15930325438011927 0.4296434573894746 
-0.15930325438011927 0.4296434573894746 
-0.15930325438011927 0.4296434573894746 
-0.15930325438011927 0.4296434573894746 
-0.1592877434946908 0.4305852320126738 
-0.15924785837660566 0.45256651482249755 
-0.15956485552848929 0.43962600717081923 
-0.15970328719407037 0.4332699492969495 
-0.15970328719407037 0.4332699492969495 
-0.15968389511057882 0.4344099420620977 
-0.15976504398472308 0.4327667092365139 
-0.15976504398472308 0.4327667092365139 
-0.1597763750909839 0.43726743290927306 
-0.15960013382523824 0.44586783034157407 
-0.1590863134310915 0.4629531986559185 
-0.15871064831162487 0.4671215901423018 
-0.15877461154625414 0.4576439573059929 
-0.15870989551639036 0.4206915215913082 
-0.15870989551639036 0.4206915215913082 
-0.15871048951199818 0.4207397227127151 
-0.1584116971646331 0.4189562043841596 
-0.1584116971646331 0.4189562043841596 
-0.15853433962668587 0.4196882682434224 
-0.15880344265458704 0.4665897570968375 
-0.15884109141198555 0.4703435637378784 
-0.15884109141198555 0.4703435637378784 
-0.15868770110244135 0.5242383253570154 
-0.15868770110244135 0.5242383253570154 
-0.1587091920093445 0.4797778503212589 
-0.15844384084244073 0.5070904814943147 
-0.15845350605235667 0.5058010115104388 
-0.15795147399868198 0.41583734970192565 
-0.15795147399868198 0.41583734970192565 
-0.15795147399868198 0.41583734970192565 
-0.15795628192489417 0.41580913299348665 
-0.1578786512372498 0.4057263059550231 
-0.1578786512372498 0.4057263059550231 
-0.15811339820581322 0.40548987049173923 
-0.15824154367281706 0.4103041834553017 
-0.15824154367281706 0.4103041834553017 
-0.15824154367281706 0.4103041834553017 
-0.15824154367281706 0.4103041834553017 
-0.15824154367281706 0.4103041834553017 
-0.15833960273878114 0.4128322545383542 
-0.15829697711899113 0.41314250586621054 
-0.15826078513012673 0.4130751755413202 
-0.15843242319723919 0.41105598655130005 
-0.15843242319723919 0.41105598655130005 
-0.15843242319723919 0.41105598655130005 
-0.15843242319723919 0.41105598655130005 
-0.1583871929477489 0.4107531235420196 
-0.15828848420966235 0.40999596971340907 
-0.15817878456826814 0.4062011914654205 
-0.15860343440186764 0.41051524029313174 
-0.15851092674884906 0.40453623630354 
-0.15851092674884906 0.40453623630354 
-0.15851092674884906 0.40453623630354 
-0.15851092674884906 0.40453623630354 
-0.15845567857275744 0.4031896578870843 
-0.15933390793464963 0.4061773784110682 
-0.1596473471181767 0.4072436928868527 
-0.1594151715561159 0.4079857619771857 
-0.15949595507442968 0.40370782266103794 
-0.15949595507442968 0.40370782266103794 
-0.15949595507442968 0.40370782266103794 
-0.15949595507442968 0.40370782266103794 
-0.15949595507442968 0.40370782266103794 
-0.15949595507442968 0.40370782266103794 
-0.15956115613746194 0.40258668592940716 
-0.15956115613746194 0.40258668592940716 
-0.15962084232975388 0.40245779484400185 
-0.15962084232975388 0.40245779484400185 
-0.1592890116157868 0.4477827980781971 
-0.15931440559745252 0.45540716706581247 
-0.15938896721377901 0.46109813318762555 
-0.15988040556654937 0.4910966039907408 
-0.15977989277995452 0.47225807286146887 
-0.16022921930560363 0.4766586965418692 
-0.16022921930560363 0.4766586965418692 
-0.16022921930560363 0.4766586965418692 
-0.16022921930560363 0.4766586965418692 
-0.16022921930560363 0.4766586965418692 
-0.16022921930560363 0.4766586965418692 
-0.16022921930560363 0.4766586965418692 
-0.1602198223278712 0.4742523080329901 
-0.1601546357123389 0.4686697990575971 
-0.16034951856443913 0.44453645820935433 
-0.16034951856443913 0.44453645820935433 
-0.16017617692946315 0.4485326659164915 
-0.1599610493545618 0.43324784953379314 
-0.1599610493545618 0.43324784953379314 
-0.1599610493545618 0.43324784953379314 
-0.1599610493545618 0.43324784953379314 
-0.15980095496618976 0.4306785652312289 
-0.15941694512664223 0.42222874864767856 
-0.15941694512664223 0.42222874864767856 
-0.15941694512664223 0.42222874864767856 
-0.1599610913151373 0.4347576625268494 
-0.1599610913151373 0.4347576625268494 
-0.1600276089640357 0.4428427348661418 
-0.16042094762554746 0.44778785910330393 
-0.15974645391414266 0.45537395056521246 
-0.15974645391414266 0.45537395056521246 
-0.16005690374695775 0.4428235852215702 
-0.1599732512246879 0.44272144628250804 
-0.1599732512246879 0.44272144628250804 
-0.1599732512246879 0.44272144628250804 
-0.15975072117087197 0.43392176560135537 
-0.1597661301508025 0.43766443547873574 
-0.1597661301508025 0.43766443547873574 
-0.15970737771392227 0.4532057609618392 
-0.15970737771392227 0.4532057609618392 
-0.1593652048053489 0.48054365174052094 
-0.1591788939643274 0.4660200071215791 
-0.15923695826174228 0.44423746026532246 
-0.15923752416301148 0.44422344215043064 
-0.15972153314741158 0.45296934849279175 
-0.1594944093750643 0.4375149796323533 
-0.159354820230815 0.4484004697708827 
-0.15906386206810816 0.46082023062502964 
-0.15918882534570475 0.46049506652556854 
-0.159812569632678 0.47519118246834596 
-0.1597444014838426 0.4878090022108117 
-0.1597444014838426 0.4878090022108117 
-0.1595886726452682 0.4632945251909984 
-0.15942806443395086 0.4830305215696171 
-0.15979349373178503 0.5012336198362203 
-0.15979349373178503 0.5012336198362203 
-0.1596701689813703 0.49182116799811393 
-0.159407971638928 0.5570284418848355 
-0.1592375562211525 0.5716783811889676 
-0.1592375562211525 0.5716783811889676 
-0.1592375562211525 0.5716783811889676 
-0.1592375562211525 0.5716783811889676 
-0.1592811770643014 0.5631827168848096 
-0.15881557471684168 0.49724255308155074 
-0.1591250245252958 0.47832658139258766 
-0.1591250245252958 0.47832658139258766 
-0.1589311337116075 0.4333649956230546 
-0.1589311337116075 0.4333649956230546 
-0.15854250086843294 0.44550433773061654 
-0.15856766659165608 0.44398917927430914 
-0.15856766659165608 0.44398917927430914 
-0.15867170930342167 0.46004074068115264 
-0.15883635953320965 0.453368608727544 
-0.1587961752689336 0.4825795062871575 
-0.15926481329236278 0.4653406889946784 
-0.1590739076631705 0.469525393378367 
-0.1590739076631705 0.469525393378367 
-0.15914408864906593 0.47985767254646094 
-0.1592366363657288 0.52512599750027 
-0.15915141830700572 0.5374019520135551 
-0.15932099129343308 0.49282938238141416 
-0.1591165591529221 0.5164135444492413 
-0.1591165591529221 0.5164135444492413 
-0.1591165591529221 0.5164135444492413 
-0.1591165591529221 0.5164135444492413 
-0.15907032709390845 0.4929673107019028 
-0.15903524300199262 0.49976638053712086 
-0.15947289288536431 0.4658989622341121 
-0.15940130657663795 0.45759736052222244 
-0.15940130657663795 0.45759736052222244 
-0.15952362508861154 0.4658105648566164 
-0.1595366340697906 0.4503141993338203 
-0.15952699658234434 0.44985082752614347 
-0.15952383834547787 0.4495717280157368 
-0.1591785421314096 0.461248086276938 
-0.15932327548863973 0.4709106132646888 
-0.15922657128015383 0.4846996892218489 
-0.1592648801525709 0.4826231648985386 
-0.1592648801525709 0.4826231648985386 
-0.15939211991946903 0.44773676198267054 
-0.15959640288970997 0.4586303798533578 
-0.15959640288970997 0.4586303798533578 
-0.15955592664360424 0.48598183551082885 
-0.15908158478215242 0.4572386456993559 
-0.15915550004511614 0.44930944255118543 
-0.1584008830188494 0.41762176953027796 
-0.15894443098725497 0.41558720030063545 
-0.15919742353071573 0.4118587034194371 
-0.15933468002098014 0.4096973249875284 
-0.15933468002098014 0.4096973249875284 
-0.1594138478796664 0.4101296748387154 
-0.1594138478796664 0.4101296748387154 
-0.15913252075244189 0.4062965642454661 
-0.1591754630033753 0.4030562427471527 
-0.15934190862229286 0.4217713268671208 
