-0.13409409487970886 1.649874068293413 
-0.13413542483676613 1.6498270958002308 
-0.13411574053761305 1.6498960173952433 
-0.13413332179100784 1.6499346654235256 
-0.13411893465415076 1.649949728742153 
-0.13411893465415076 1.649949728742153 
-0.13411757905956273 1.6499596782080044 
-0.13411757905956273 1.6499596782080044 
-0.13410797995374873 1.6499127334493173 
-0.13410797995374873 1.6499127334493173 
-0.13417285517305366 1.6497935495382892 
-0.13418477205085508 1.6498332072233337 
-0.13420553423914694 1.6498336468799037 
-0.13428756830414615 1.6494605934422664 
-0.1342697055705434 1.649490348001772 
-0.1342697055705434 1.649490348001772 
-0.1342709401568707 1.6494208513565796 
-0.1342709401568707 1.6494208513565796 
-0.1342709401568707 1.6494208513565796 
-0.1342709401568707 1.6494208513565796 
-0.1342709401568707 1.6494208513565796 
-0.1342709401568707 1.6494208513565796 
-0.1342709401568707 1.6494208513565796 
-0.1342709401568707 1.6494208513565796 
-0.1342709401568707 1.6494208513565796 
-0.1342587224033788 1.6493690854814853 
-0.1342587224033788 1.6493690854814853 
-0.13467767049187274 1.6505350414187834 
-0.1371869962092602 1.6499475915965092 
-0.13718837325277058 1.6499230541149275 
-0.14036338341445437 1.6570688593117133 
-0.1404002205948503 1.6512951044652109 
-0.1404002205948503 1.6512951044652109 
-0.1404002205948503 1.6512951044652109 
-0.1404002205948503 1.6512951044652109 
-0.1404002205948503 1.6512951044652109 
-0.1404002205948503 1.6512951044652109 
-0.1417612849815473 1.6578748761209252 
-0.1417612849815473 1.6578748761209252 
-0.14232026833954534 1.651658991212553 
-0.14232026833954534 1.651658991212553 
-0.14232026833954534 1.651658991212553 
-0.14232026833954534 1.651658991212553 
-0.1441991378158594 1.650665794137186 
-0.144908115875287 1.6428449570993118 
-0.1455914672864876 1.6429488957569391 
-0.1455914672864876 1.6429488957569391 
-0.14546132731992084 1.6464913222627167 
-0.14546132731992084 1.6464913222627167 
-0.1470309076792385 1.5848172919490966 
-0.14717629933427703 1.587253278618138 
-0.14717629933427703 1.587253278618138 
-0.14727016120737765 1.5793328286118573 
-0.14742076304125967 1.575652611669975 
-0.1475871612856503 1.5828444345476624 
-0.14770093162568457 1.5821220690163431 
-0.14770093162568457 1.5821220690163431 
-0.1504249148940943 1.3592655801230538 
-0.1504249148940943 1.3592655801230538 
-0.1504249148940943 1.3592655801230538 
-0.15039552466203793 1.3570968537169423 
-0.15301742438933583 1.138050284652889 
-0.15301742438933583 1.138050284652889 
-0.15301742438933583 1.138050284652889 
-0.15530721989201812 1.061825992415212 
-0.15530721989201812 1.061825992415212 
-0.15707550328442796 0.8812659821775526 
-0.15707550328442796 0.8812659821775526 
-0.15716036780035866 0.8016311161090608 
-0.15644482119509742 0.795940237429591 
-0.1572719447008492 0.6117929070770892 
-0.1572719447008492 0.6117929070770892 
-0.1572719447008492 0.6117929070770892 
-0.15716552367910028 0.5889866190311474 
-0.1567977023264927 0.47200136176473945 
-0.1567977023264927 0.47200136176473945 
-0.1569721540966013 0.4944530870610938 
-0.15719308380651237 0.44459007087880453 
-0.15719308380651237 0.44459007087880453 
-0.15719308380651237 0.44459007087880453 
-0.15719308380651237 0.44459007087880453 
-0.15719308380651237 0.44459007087880453 
-0.15770061268266372 0.4657840818070153 
-0.15770061268266372 0.4657840818070153 
-0.15770061268266372 0.4657840818070153 
-0.15779765327753856 0.4640016736680887 
-0.15938446065139417 0.4348557437434323 
-0.15938446065139417 0.4348557437434323 
-0.15938446065139417 0.4348557437434323 
-0.15938446065139417 0.4348557437434323 
-0.15918836569736783 0.43949251508621934 
-0.15918836569736783 0.43949251508621934 
-0.15918836569736783 0.43949251508621934 
-0.15947489593920697 0.4064972652995066 
-0.15947489593920697 0.4064972652995066 
-0.15947489593920697 0.4064972652995066 
-0.15947489593920697 0.4064972652995066 
-0.15940470416995367 0.40507163700532894 
-0.15950055643710914 0.4048649068878935 
-0.15950055643710914 0.4048649068878935 
-0.15947865676710024 0.4091973238041462 
-0.15947865676710024 0.4091973238041462 
-0.15947865676710024 0.4091973238041462 
-0.1592075594510398 0.40566021510763345 
-0.15965764589198028 0.40552489805844794 
-0.159438400258747 0.4048661222288246 
-0.159438400258747 0.4048661222288246 
-0.159438400258747 0.4048661222288246 
-0.159438400258747 0.4048661222288246 
-0.159438400258747 0.4048661222288246 
-0.159438400258747 0.4048661222288246 
-0.15943671403491297 0.40293710129550586 
-0.1592612750688129 0.43007426853450653 
-0.1600528276344569 0.40467897587141566 
-0.1600528276344569 0.40467897587141566 
-0.15989057094362605 0.4035726614653373 
-0.15987107669074319 0.40299107544975526 
-0.15987107669074319 0.40299107544975526 
-0.15987107669074319 0.40299107544975526 
-0.15987107669074319 0.40299107544975526 
-0.15985737657820062 0.4103620396852407 
-0.15985737657820062 0.4103620396852407 
-0.15984548283905095 0.4108682128960046 
-0.15984548283905095 0.4108682128960046 
-0.15984548283905095 0.4108682128960046 
-0.15984548283905095 0.4108682128960046 
-0.1596935187334177 0.4167680784900176 
-0.1603674069962589 0.42035474274532936 
-0.16041969396784236 0.42112693810607904 
-0.16041969396784236 0.42112693810607904 
-0.1599986343817068 0.4309545609435873 
-0.1599986343817068 0.4309545609435873 
-0.1599986343817068 0.4309545609435873 
-0.1598813045893428 0.42744889252949014 
-0.1598813045893428 0.42744889252949014 
-0.1598860679261267 0.4269813447772752 
-0.1598301613643543 0.4254461216008353 
-0.16042231634958198 0.4017167314206646 
-0.16042231634958198 0.4017167314206646 
-0.16042231634958198 0.4017167314206646 
-0.16042231634958198 0.4017167314206646 
-0.16042231634958198 0.4017167314206646 
-0.16042231634958198 0.4017167314206646 
-0.16042231634958198 0.4017167314206646 
-0.16042231634958198 0.4017167314206646 
-0.15973769885924935 0.4019044838321772 
-0.15973769885924935 0.4019044838321772 
-0.15983420836538312 0.4003712689092917 
-0.15983420836538312 0.4003712689092917 
-0.15983420836538312 0.4003712689092917 
-0.15983420836538312 0.4003712689092917 
-0.160195785124692 0.40275156126823525 
-0.160195785124692 0.40275156126823525 
-0.1594339096541105 0.416413299106849 
-0.15939000306490586 0.4146559053085593 
-0.1595483377909678 0.4092072197664305 
-0.1595483377909678 0.4092072197664305 
-0.159238306468176 0.4085792969553871 
-0.159238306468176 0.4085792969553871 
-0.15920042449195265 0.40754498207059914 
-0.15923516290317113 0.4040962964689975 
-0.1592688488746927 0.40490322079154584 
-0.1592688488746927 0.40490322079154584 
-0.15899743787383666 0.43764264247563206 
-0.15899743787383666 0.43764264247563206 
-0.15909736473940705 0.436777773405638 
-0.15909736473940705 0.436777773405638 
-0.15933655738329144 0.4342272925512235 
-0.15933655738329144 0.4342272925512235 
-0.15944830393492584 0.43719944015457324 
-0.15944830393492584 0.43719944015457324 
-0.15912103268212324 0.4330338958490479 
-0.1590955500024852 0.427004075105009 
-0.15900289343827514 0.4232258219441431 
-0.15897529756081175 0.41748677484800556 
-0.15897595009357574 0.4169081845069199 
-0.15838456052681518 0.4225988894767257 
-0.15867545692666654 0.43265224431587335 
-0.15773440582237247 0.44179223378121407 
-0.1576233316107723 0.45584857486807384 
-0.1583849764073274 0.4460966521062872 
-0.1583849764073274 0.4460966521062872 
-0.1583849764073274 0.4460966521062872 
-0.15819478522199562 0.44193625650337237 
-0.15810139625733705 0.4224855385366912 
-0.15810139625733705 0.4224855385366912 
-0.15811849250346527 0.40776466339000034 
-0.15838488293985234 0.40830783743169985 
-0.15838488293985234 0.40830783743169985 
-0.15863064688401846 0.41384879812566333 
-0.15896613432266998 0.4121510217559363 
-0.15896613432266998 0.4121510217559363 
-0.15896613432266998 0.4121510217559363 
-0.15896613432266998 0.4121510217559363 
-0.15845449917530532 0.4084451608574852 
-0.1584631726044914 0.4336919294745501 
-0.15851506859704192 0.43157408809305037 
-0.15853816152002606 0.4336688207600721 
-0.15873164276847182 0.426048982698984 
-0.15873164276847182 0.426048982698984 
-0.1583899286269287 0.4237399482705728 
-0.15833632473964981 0.40747722655091173 
-0.15833632473964981 0.40747722655091173 
-0.15833632473964981 0.40747722655091173 
-0.15774872975542265 0.4042730108264764 
-0.15777443332106553 0.40571534030539474 
-0.15777443332106553 0.40571534030539474 
-0.15777443332106553 0.40571534030539474 
-0.15802550049433317 0.4064189788124686 
-0.15823365878269724 0.4056404831338604 
-0.15812830170021022 0.40336576885145853 
-0.15812830170021022 0.40336576885145853 
-0.1586390848496099 0.4035602722153539 
-0.1586390848496099 0.4035602722153539 
-0.1585048578213118 0.40260086818929175 
-0.1585767439882486 0.40256575058409316 
-0.1585767439882486 0.40256575058409316 
-0.1585767439882486 0.40256575058409316 
-0.1585767439882486 0.40256575058409316 
-0.1585767439882486 0.40256575058409316 
-0.15911385386100685 0.40464193791040226 
-0.1593445522052728 0.4048857145914712 
-0.159552857772402 0.4063057492743431 
-0.159552857772402 0.4063057492743431 
-0.159552857772402 0.4063057492743431 
-0.159552857772402 0.4063057492743431 
-0.159552857772402 0.4063057492743431 
-0.15908012615366973 0.4471830566626579 
-0.15974971014156816 0.45257123617514633 
-0.15975868192379314 0.4557542655454405 
-0.15936182241710523 0.4798116860443228 
-0.15955380491205903 0.4963668763400553 
-0.15974173282119672 0.5056233118371383 
-0.15990217288815387 0.49954714579810977 
-0.15956293111108502 0.4748762189901702 
-0.15956293111108502 0.4748762189901702 
-0.15956293111108502 0.4748762189901702 
-0.15993841375751697 0.4635327911436904 
-0.15986682802999128 0.45998883063330626 
-0.15986682802999128 0.45998883063330626 
-0.15935350295290876 0.4401862478711258 
-0.15913517239956387 0.4389840521986412 
-0.15935930797382866 0.45362423049585904 
-0.15937694392852983 0.43397270722219206 
-0.1593765429647083 0.4315097970003387 
-0.15896849207687044 0.4435949755105561 
-0.15896849207687044 0.4435949755105561 
-0.15896849207687044 0.4435949755105561 
-0.1589997189869528 0.44256193848250774 
-0.15910140158990735 0.4439783604877248 
-0.1590637699045269 0.4644154286159886 
-0.15876933345357652 0.489400818358941 
-0.15842838237366177 0.5182543281141467 
-0.15842838237366177 0.5182543281141467 
-0.15884834163937397 0.4919123450112217 
-0.1593001299386933 0.46762628611609885 
-0.1592314775344943 0.4930086911806197 
-0.15928419699369223 0.5266345688671472 
-0.15928419699369223 0.5266345688671472 
-0.15920633602515155 0.5390371878428681 
-0.15951049464477787 0.5539513385612619 
-0.15951049464477787 0.5539513385612619 
-0.1594432895723787 0.5236103236354215 
-0.15940128759390151 0.501407421673834 
-0.15940128759390151 0.501407421673834 
-0.1592193138035169 0.5368357707620818 
-0.15923009572433616 0.5010730831459727 
-0.15920024727673088 0.4974501774005188 
-0.15892323348245926 0.5296326706125485 
-0.15892323348245926 0.5296326706125485 
-0.15892323348245926 0.5296326706125485 
-0.15892323348245926 0.5296326706125485 
-0.15892323348245926 0.5296326706125485 
-0.15963703470516075 0.4933264008355789 
-0.1597955444911984 0.5172203167370677 
-0.1597955444911984 0.5172203167370677 
-0.1596703338849473 0.4687958250716155 
-0.1596703338849473 0.4687958250716155 
-0.1596581834057484 0.4674201876893861 
-0.1599945736858116 0.49209440212279704 
-0.15994952816795163 0.4974735289236501 
-0.15994952816795163 0.4974735289236501 
-0.15973554600681147 0.4662657367535491 
-0.15960112557835748 0.45192415979098033 
-0.1596130711697683 0.4734145022959023 
-0.15961283367308965 0.47338180442245426 
-0.1593684901897193 0.4520527317100205 
-0.1596371498327275 0.4310960032164955 
-0.15964193748376274 0.4309625557882432 
-0.15964193748376274 0.4309625557882432 
-0.1596247216848279 0.43271033635052436 
-0.15994135911993357 0.4334315230183183 
-0.1597224414596225 0.44532331275060166 
-0.16005317652518566 0.43688587727698913 
-0.1600430233088521 0.4274598467109571 
-0.16010226530016292 0.4230351188076784 
-0.16010226530016292 0.4230351188076784 
-0.15999709232650297 0.40601435284180815 
-0.1601667949061179 0.406008786101452 
-0.16005627501853323 0.407499641969134 
