-0.13413388025744513 1.6499859459385948 
-0.13415809780337395 1.6499834582764539 
-0.13415809780337395 1.6499834582764539 
-0.13419759311994106 1.649971325291312 
-0.1343435920344842 1.6496455643386123 
-0.1343435920344842 1.6496455643386123 
-0.13435611966904806 1.6496274244044606 
-0.13442418865936176 1.6494884379636001 
-0.13468034802527598 1.6490412694651517 
-0.13498574359141347 1.6484901790605782 
-0.13495737541722655 1.648605202950082 
-0.135394180337969 1.6476250742577385 
-0.13533953198565263 1.647755166942047 
-0.13533953198565263 1.647755166942047 
-0.13533953198565263 1.647755166942047 
-0.13533953198565263 1.647755166942047 
-0.13562236549680573 1.6457310452838056 
-0.13615855039816113 1.6442670958914951 
-0.13615855039816113 1.6442670958914951 
-0.13615855039816113 1.6442670958914951 
-0.13615855039816113 1.6442670958914951 
-0.13615855039816113 1.6442670958914951 
-0.13615855039816113 1.6442670958914951 
-0.13615855039816113 1.6442670958914951 
-0.13685933270489695 1.6438011403569115 
-0.13685933270489695 1.6438011403569115 
-0.1369158454714922 1.6461508158028244 
-0.14200557520130666 1.645790112154788 
-0.14213157614884883 1.648790032581111 
-0.14281598293238082 1.6463898519464577 
-0.14319550040726006 1.6546227919024568 
-0.14455860988476357 1.6464088528797698 
-0.1455399988503675 1.6452823523952977 
-0.14612339034444816 1.647759801331413 
-0.14612339034444816 1.647759801331413 
-0.1477065114049712 1.6496487058749914 
-0.14810384401042248 1.65602908456583 
-0.15102616264904867 1.6677364526924403 
-0.14950278461694938 1.6633167261856232 
-0.14950278461694938 1.6633167261856232 
-0.14957771904998055 1.6656400024863696 
-0.1496349099959935 1.6647912097159183 
-0.14970714135999552 1.6672665406263587 
-0.14951328689661614 1.6527104726824584 
-0.1500194801654914 1.670503615345208 
-0.15012739104548276 1.6659974243933586 
-0.15012739104548276 1.6659974243933586 
-0.14957421668885043 1.6670129682425654 
-0.14997387128997294 1.6835931006427218 
-0.1499441255684802 1.685357774991182 
-0.15011888245674496 1.661952758044561 
-0.15011888245674496 1.661952758044561 
-0.15011888245674496 1.661952758044561 
-0.14994246954457327 1.6667012618822727 
-0.14994246954457327 1.6667012618822727 
-0.14998372388772396 1.6570088780620886 
-0.15001647783164848 1.6296873605758047 
-0.14990232929965502 1.6391201447707158 
-0.14990232929965502 1.6391201447707158 
-0.14990232929965502 1.6391201447707158 
-0.15057132975538798 1.5917603611311621 
-0.15057132975538798 1.5917603611311621 
-0.15022399237337128 1.5810285079175794 
-0.15130410409634745 1.441674720231945 
-0.15130410409634745 1.441674720231945 
-0.15130410409634745 1.441674720231945 
-0.15130746172051468 1.4905146575515347 
-0.1513115952292835 1.488569828927236 
-0.1513115952292835 1.488569828927236 
-0.1513115952292835 1.488569828927236 
-0.15386370430130905 1.1915140451317554 
-0.15437581683466695 1.133916013727461 
-0.15476509544313719 1.0246100685804536 
-0.15476509544313719 1.0246100685804536 
-0.15476509544313719 1.0246100685804536 
-0.1555283109545466 0.9197344529930053 
-0.1555283109545466 0.9197344529930053 
-0.1555283109545466 0.9197344529930053 
-0.15580379138475334 0.9077113773854276 
-0.15580379138475334 0.9077113773854276 
-0.15580379138475334 0.9077113773854276 
-0.15580379138475334 0.9077113773854276 
-0.15580379138475334 0.9077113773854276 
-0.1558917155069553 0.9003545176973047 
-0.1558917155069553 0.9003545176973047 
-0.156327776062378 0.8897972808401502 
-0.1567176353716078 0.8300578493604774 
-0.15670507170270748 0.778217444465358 
-0.15655428497825402 0.8038009942571476 
-0.15745942824760928 0.6763630873462905 
-0.1572431089681977 0.7010499391639564 
-0.1572431089681977 0.7010499391639564 
-0.15739895362785875 0.6940030595790148 
-0.15739895362785875 0.6940030595790148 
-0.15739895362785875 0.6940030595790148 
-0.1575301778689834 0.6616201203709798 
-0.1575301778689834 0.6616201203709798 
-0.15851045792922788 0.6066795913178878 
-0.15861270105819864 0.5970341424470942 
-0.15861270105819864 0.5970341424470942 
-0.15861270105819864 0.5970341424470942 
-0.15861270105819864 0.5970341424470942 
-0.1587071869119494 0.6219451160567814 
-0.15872677530888532 0.6088162197429778 
-0.15863063596960983 0.6055583549618738 
-0.15900500554103897 0.5406401668844818 
-0.15897948894584352 0.5218635311105859 
-0.1590155786901765 0.5332253200246202 
-0.15900382444329061 0.5163313296557266 
-0.15895824649091647 0.5198660449198746 
-0.15895093930561272 0.5175270700550982 
-0.1591281941488006 0.4981190831424579 
-0.15916113160065182 0.4961418974327808 
-0.15914895633205095 0.4970232312697926 
-0.15906162700209106 0.5559685336723893 
-0.15906162700209106 0.5559685336723893 
-0.15906162700209106 0.5559685336723893 
-0.1594371920131445 0.4961540661814381 
-0.15947044435306282 0.4736518434318097 
-0.15938571694190282 0.4541913231409769 
-0.15957947123357688 0.4438527632412034 
-0.1594102850000138 0.4449730359860942 
-0.15940127668062468 0.4683953496195189 
-0.159318127906748 0.47937813913648764 
-0.159318127906748 0.47937813913648764 
-0.1587888087592689 0.5056640251657457 
-0.15910897241173852 0.481742882545792 
-0.15901771833693618 0.4711193746564617 
-0.1588804443142382 0.4526231305171907 
-0.1586253178130412 0.463230038846126 
-0.15863893654825775 0.47961828497445735 
-0.15880962999217407 0.4716539135794957 
-0.1587178440157721 0.46658608225090514 
-0.15877118230030954 0.46315782367684316 
-0.15916982615186656 0.5031285690260556 
-0.15918595658535503 0.5029583444839332 
-0.15918595658535503 0.5029583444839332 
-0.15918595658535503 0.5029583444839332 
-0.159620879498906 0.4984242866466475 
-0.15962715851243117 0.49018478163418694 
-0.15962715851243117 0.49018478163418694 
-0.15962715851243117 0.49018478163418694 
-0.15953821947963148 0.48115496851537054 
-0.15944287146584482 0.4529177879632379 
-0.1594701355170501 0.4568294320425854 
-0.15877516111081202 0.4441524664040926 
-0.15877516111081202 0.4441524664040926 
-0.15881944890282143 0.44077437106867956 
-0.1590169135735492 0.44003721154599595 
-0.1587019309443451 0.46328455755638526 
-0.15868525950773435 0.5200757082203583 
-0.15836892419546908 0.5499264080855876 
-0.15881904522963905 0.5095912403666298 
-0.15881904522963905 0.5095912403666298 
-0.15870924497917427 0.47790499645896356 
-0.1588185228599137 0.4903509575946494 
-0.15785467058099253 0.5316350435225643 
-0.15785467058099253 0.5316350435225643 
-0.15801711366271826 0.5169978490859757 
-0.15801711366271826 0.5169978490859757 
-0.15812732901283072 0.5067724652676225 
-0.15819995339773663 0.5010903642063197 
-0.15819995339773663 0.5010903642063197 
-0.15793016994370285 0.5196768196831 
-0.15793016994370285 0.5196768196831 
-0.15797840449535133 0.5152329911410198 
-0.1581689342240384 0.4944156919682603 
-0.15821974556600518 0.4586610348689538 
-0.15821974556600518 0.4586610348689538 
-0.15821974556600518 0.4586610348689538 
-0.15779704752351675 0.47834015747579955 
-0.15758252363991412 0.4824260282422868 
-0.15758252363991412 0.4824260282422868 
-0.15758365500588645 0.4919448819335017 
-0.15758365500588645 0.4919448819335017 
-0.15851805205999642 0.4609758858958588 
-0.1588300487858701 0.4465093096996767 
-0.15892020784011177 0.43829464964132875 
-0.15886594684520966 0.4326428965700752 
-0.15886594684520966 0.4326428965700752 
-0.15886032477738712 0.4319360403079175 
-0.15840927654087442 0.41999092341844724 
-0.15845890251152023 0.4186923721950756 
-0.15858229559302733 0.41887976330327925 
-0.15865772792471255 0.4167675298052918 
-0.15865772792471255 0.4167675298052918 
-0.15940258195962406 0.41252037623807153 
-0.15940258195962406 0.41252037623807153 
-0.15924959059539448 0.4215339562301896 
-0.15958795303252926 0.4194837079324216 
-0.15996110957705847 0.4200034964257132 
-0.16001738532124687 0.41968320190303354 
-0.16017873809670946 0.4231223172413558 
-0.16017873809670946 0.4231223172413558 
-0.16030246856376476 0.4257078623638528 
-0.16030246856376476 0.4257078623638528 
-0.16024950016737247 0.426773647438814 
-0.1598665001684845 0.41675440913219364 
-0.15987405474492522 0.4070926832286964 
-0.16026359538980273 0.4075280663996827 
-0.15978388359242957 0.406663286487024 
-0.15998119321264168 0.4099936742777875 
-0.15941722530674063 0.41518063059201954 
-0.15941722530674063 0.41518063059201954 
-0.15941722530674063 0.41518063059201954 
-0.15947151523204545 0.4116137105837526 
-0.15947414774383573 0.41433405450564426 
-0.15947414774383573 0.41433405450564426 
-0.15949731384198226 0.41351580880952876 
-0.15961266953165723 0.4083820698648685 
-0.15965045913640177 0.41062880904077365 
-0.15965045913640177 0.41062880904077365 
-0.15965045913640177 0.41062880904077365 
-0.15965045913640177 0.41062880904077365 
-0.15965045913640177 0.41062880904077365 
-0.15952180961195042 0.4051415681936174 
-0.15952180961195042 0.4051415681936174 
-0.15952180961195042 0.4051415681936174 
-0.15932185544694627 0.4045965843888971 
-0.15926363445995892 0.4048979661531497 
-0.15927649874265848 0.4027397258657298 
-0.15927649874265848 0.4027397258657298 
-0.15927649874265848 0.4027397258657298 
-0.15927649874265848 0.4027397258657298 
-0.15927649874265848 0.4027397258657298 
-0.15928225131268192 0.4109495568322802 
-0.15931213467307107 0.40014006433134586 
-0.15931213467307107 0.40014006433134586 
-0.15915781437121582 0.40299368148269843 
-0.15915781437121582 0.40299368148269843 
-0.15915781437121582 0.40299368148269843 
-0.15908943406163775 0.4037541395956052 
-0.1591346228506943 0.4438181682841692 
-0.15913249990460784 0.4438443166495454 
-0.15928146893396725 0.42634676955427825 
-0.1593765438711884 0.431495652714966 
-0.1593765438711884 0.431495652714966 
-0.15925416898996025 0.43349045987421486 
-0.15924857051514016 0.43341290787337616 
-0.15924857051514016 0.43341290787337616 
-0.15903412824404148 0.45233666719260696 
-0.15891494840130949 0.45909120279125887 
-0.15889742137664672 0.458331611590307 
-0.1589020184346672 0.45723816623703173 
-0.15855006516540968 0.47787626443092984 
-0.15878024709180677 0.46748039483089937 
-0.15878024709180677 0.46748039483089937 
-0.15875252046471577 0.46919062305208314 
-0.15898459687180297 0.48079024983029217 
-0.1588197248087645 0.4770291904409357 
-0.15880779668345968 0.4768975143822578 
-0.15886044005981997 0.4686537579907653 
-0.15906163561388603 0.46018883341663347 
-0.15894504848555896 0.44646313983719116 
-0.1591523085054954 0.43630827305499087 
-0.1591523085054954 0.43630827305499087 
-0.15917613171549289 0.4395999985210581 
-0.15909775136815557 0.42568783285725054 
-0.15909775136815557 0.42568783285725054 
-0.15874016935204754 0.44580700401047535 
-0.15869119950483587 0.4443566664085246 
-0.15875754169927053 0.44300243991320565 
-0.15891090482854994 0.44057490633893803 
-0.1588561684623638 0.45338617078435667 
-0.1588561684623638 0.45338617078435667 
-0.1588561684623638 0.45338617078435667 
-0.15881557276512243 0.44880585998199923 
-0.15840963965926913 0.448463296052782 
-0.15840963965926913 0.448463296052782 
-0.15840963965926913 0.448463296052782 
-0.15895839804671816 0.4362033538388836 
-0.15897119230676768 0.4363049908268614 
-0.15903549981999276 0.4362340583102552 
-0.15933125711741197 0.42673168797549577 
-0.15931106067196352 0.4391037174628496 
-0.15945537892944228 0.43627144313497535 
-0.15947440116606978 0.42819179529738705 
-0.15940421030017607 0.4249358155279984 
-0.15919284414931364 0.4206459475624128 
-0.15919631648804317 0.418023636642111 
-0.15895125016406686 0.41545444733252185 
-0.1589627024895206 0.4156192603466288 
-0.15885681469628582 0.4068361813734009 
-0.15885681469628582 0.4068361813734009 
-0.15891039295297835 0.4058872906055218 
-0.1589258376789023 0.4058846216092291 
-0.1589258376789023 0.4058846216092291 
-0.15881906730589693 0.44049537907807823 
-0.1592260501257297 0.42932547195117216 
-0.15929344157548062 0.42619943425293966 
-0.15901221066733906 0.43280857093879105 
-0.15901221066733906 0.43280857093879105 
-0.15896705694736835 0.4327356170581143 
-0.15910396672053925 0.4254730026276133 
-0.15910396672053925 0.4254730026276133 
-0.15910533146062367 0.42555952251264834 
-0.15910533146062367 0.42555952251264834 
-0.15910533146062367 0.42555952251264834 
-0.15868785577999023 0.42765459508286496 
-0.15895241777545258 0.44410194544914827 
