0.057192023588192316 0.4726806389620832 7.590150179071413 0.7119999801731004 0.1449817245334618 2.1114998183636517 
0.08077253340446272 0.5049074616419226 5.072444351408507 0.34809558238190086 0.1248783581103001 0.9393293190869585 
0.048979309524962135 0.4368304369620334 8.207353945641692 0.39243008651084355 0.09527398772644341 0.9155881672528141 
0.07216553890771649 0.428080434171049 9.751363420474263 0.40683818726160825 0.09241344544128369 1.9382122489738522 
0.07874992264104655 0.43844709075068955 9.365362251868019 0.36408941694816993 0.09421135765181562 1.8789438132648122 
0.07723185636365858 0.4367034764397357 9.445775780257721 0.362659569964778 0.09512014769961273 1.8410521426915243 
0.07723185636365858 0.4367034764397357 9.445775780257721 0.362659569964778 0.09512014769961273 1.8410521426915243 
0.07723185636365858 0.4367034764397357 9.445775780257721 0.362659569964778 0.09512014769961273 1.8410521426915243 
0.07723185636365858 0.4367034764397357 9.445775780257721 0.362659569964778 0.09512014769961273 1.8410521426915243 
0.0803625488331633 0.460081675070173 9.40503654621639 0.341742943981304 0.08786417951181279 1.9373333923265839 
0.08047666039282184 0.46026966720926754 9.399351922245017 0.3417817483885125 0.08778037986964497 1.9402338656753364 
0.06847579285647512 0.3775945568490072 9.569603506331926 0.41045237751244434 0.11306140369812415 1.5695731669730066 
0.06847579285647512 0.3775945568490072 9.569603506331926 0.41045237751244434 0.11306140369812415 1.5695731669730066 
0.06847579285647512 0.3775945568490072 9.569603506331926 0.41045237751244434 0.11306140369812415 1.5695731669730066 
0.06847579285647512 0.3775945568490072 9.569603506331926 0.41045237751244434 0.11306140369812415 1.5695731669730066 
0.06847579285647512 0.3775945568490072 9.569603506331926 0.41045237751244434 0.11306140369812415 1.5695731669730066 
0.06829460955578275 0.377660171479008 9.577001338981304 0.4111123636184945 0.11323431749970628 1.5713091719145695 
0.06845178929075121 0.3776089399703006 9.568007688353006 0.4115833927932709 0.11325375220143745 1.5752212120164704 
0.06845178929075121 0.3776089399703006 9.568007688353006 0.4115833927932709 0.11325375220143745 1.5752212120164704 
0.06845178929075121 0.3776089399703006 9.568007688353006 0.4115833927932709 0.11325375220143745 1.5752212120164704 
0.06845178929075121 0.3776089399703006 9.568007688353006 0.4115833927932709 0.11325375220143745 1.5752212120164704 
0.07265640408574492 0.40161066519210403 9.092565289038495 0.3733345862377081 0.09999025243872742 1.651413783547114 
0.08251895431629827 0.2071815109330198 10.066061230069934 0.30928238004050507 0.14116074774949022 1.392295187765551 
0.06494242842295381 0.2642489605800524 8.99925269013295 0.38738221572001713 0.13281746883673137 1.6175586701360931 
0.04551496824600157 0.33414665793425186 7.648027166526158 0.6078918648869017 0.14460458568029 1.373384505541871 
0.04551496824600157 0.33414665793425186 7.648027166526158 0.6078918648869017 0.14460458568029 1.373384505541871 
0.04551496824600157 0.33414665793425186 7.648027166526158 0.6078918648869017 0.14460458568029 1.373384505541871 
0.04551496824600157 0.33414665793425186 7.648027166526158 0.6078918648869017 0.14460458568029 1.373384505541871 
0.051458737158675674 0.36784727909979265 7.728170048182235 0.6376935626641372 0.14499343152958433 1.6237962565282196 
0.051458737158675674 0.36784727909979265 7.728170048182235 0.6376935626641372 0.14499343152958433 1.6237962565282196 
0.051458737158675674 0.36784727909979265 7.728170048182235 0.6376935626641372 0.14499343152958433 1.6237962565282196 
0.051825268417397714 0.3671537333809533 7.75081116855011 0.6379384627285627 0.1453724657493235 1.6264945108493485 
0.051825268417397714 0.3671537333809533 7.75081116855011 0.6379384627285627 0.1453724657493235 1.6264945108493485 
0.051825268417397714 0.3671537333809533 7.75081116855011 0.6379384627285627 0.1453724657493235 1.6264945108493485 
0.05890821724991102 0.40207239773879216 6.879740359379836 0.6337295062187447 0.14911037793157564 1.6674434887609104 
0.05890821724991102 0.40207239773879216 6.879740359379836 0.6337295062187447 0.14911037793157564 1.6674434887609104 
0.05890821724991102 0.40207239773879216 6.879740359379836 0.6337295062187447 0.14911037793157564 1.6674434887609104 
0.05890821724991102 0.40207239773879216 6.879740359379836 0.6337295062187447 0.14911037793157564 1.6674434887609104 
0.05890821724991102 0.40207239773879216 6.879740359379836 0.6337295062187447 0.14911037793157564 1.6674434887609104 
0.061290180770840516 0.4599595225202448 5.86719124293025 0.6659606250888294 0.14381613462859785 1.6028801100389745 
0.06288103059373731 0.5010937489223327 5.2068379506303515 0.6848587368390082 0.1396776052993957 1.5409043029333738 
0.0664215979849874 0.46328323485912126 6.060029982675411 0.6782201011132235 0.14609619006158472 1.603214285961559 
0.0664215979849874 0.46328323485912126 6.060029982675411 0.6782201011132235 0.14609619006158472 1.603214285961559 
0.06625071567820694 0.47428641681684863 5.868431450293334 0.6814178468306413 0.14582338516827195 1.5613696361666447 
0.06625071567820694 0.47428641681684863 5.868431450293334 0.6814178468306413 0.14582338516827195 1.5613696361666447 
0.06625071567820694 0.47428641681684863 5.868431450293334 0.6814178468306413 0.14582338516827195 1.5613696361666447 
0.06625071567820694 0.47428641681684863 5.868431450293334 0.6814178468306413 0.14582338516827195 1.5613696361666447 
0.06625071567820694 0.47428641681684863 5.868431450293334 0.6814178468306413 0.14582338516827195 1.5613696361666447 
0.06625071567820694 0.47428641681684863 5.868431450293334 0.6814178468306413 0.14582338516827195 1.5613696361666447 
0.06625071567820694 0.47428641681684863 5.868431450293334 0.6814178468306413 0.14582338516827195 1.5613696361666447 
