-0.13408575334937498 1.6500224023385435 
-0.13408575334937498 1.6500224023385435 
-0.13407258686974602 1.6500135129073188 
-0.13407275331868462 1.6500141906347294 
-0.13401895779364378 1.650071044670057 
-0.13396715075770238 1.6501033869870643 
-0.13402052695277347 1.6501526388368932 
-0.13407666374485647 1.6499527730299435 
-0.13407844432711408 1.6499556873413046 
-0.13407414936266712 1.6498879007064093 
-0.13406637353051054 1.6498630221710746 
-0.13423426444034425 1.6493969647037001 
-0.13423010832931728 1.6497013584585511 
-0.1342269857571157 1.6497245910705147 
-0.1345203557748276 1.6506909561448546 
-0.1350134356649432 1.6509391768068729 
-0.13499325773464654 1.6511966911923408 
-0.1350891245965003 1.6514125393634214 
-0.13481144165372932 1.6511197952084844 
-0.1347230993777849 1.650856985323729 
-0.13511247535453114 1.6510007598272507 
-0.13511247535453114 1.6510007598272507 
-0.1350381970718482 1.6509798287900874 
-0.13502798726881762 1.6509166723403714 
-0.13577141730762976 1.6510776984715045 
-0.13577141730762976 1.6510776984715045 
-0.13577141730762976 1.6510776984715045 
-0.13576391365410745 1.650557595364699 
-0.13564552467864757 1.6517132626322866 
-0.13536390781973173 1.6557865368864986 
-0.13536390781973173 1.6557865368864986 
-0.13536390781973173 1.6557865368864986 
-0.13527567479478533 1.6547049874223383 
-0.13525614858685014 1.6534358006439671 
-0.13510509251882974 1.6140797059941439 
-0.13510509251882974 1.6140797059941439 
-0.13510527064660313 1.6143800878392451 
-0.1346560336360975 1.5541667379724795 
-0.13416051003644014 1.471953816451989 
-0.13416051003644014 1.471953816451989 
-0.13447881827945687 1.50102290483118 
-0.13447881827945687 1.50102290483118 
-0.1342465809158499 1.4166027107234918 
-0.13443392472434468 1.4351872176693863 
-0.134419483698008 1.430019741901845 
-0.134419483698008 1.430019741901845 
-0.134419483698008 1.430019741901845 
-0.13457582649481936 1.4606040851674034 
-0.13457582649481936 1.4606040851674034 
-0.13475526283290598 1.4270827754538489 
-0.13676348163451812 1.2580748933294936 
-0.13676348163451812 1.2580748933294936 
-0.13676348163451812 1.2580748933294936 
-0.13676348163451812 1.2580748933294936 
-0.13702882007804354 1.2098779233964354 
-0.1404156220402321 0.8728861637797869 
-0.1404156220402321 0.8728861637797869 
-0.1404156220402321 0.8728861637797869 
-0.14186772424702954 0.6808200404140557 
-0.14186772424702954 0.6808200404140557 
-0.14271822712267318 0.5658899369402681 
-0.1425819615710437 0.5886290466105724 
-0.1425819615710437 0.5886290466105724 
-0.1425819615710437 0.5886290466105724 
-0.1425819615710437 0.5886290466105724 
-0.1425819615710437 0.5886290466105724 
-0.1425819615710437 0.5886290466105724 
-0.14255325862031276 0.5759999896037066 
-0.1423523200064807 0.5828268205057486 
-0.14323064228989024 0.5066131756139935 
-0.14323064228989024 0.5066131756139935 
-0.14422198335352635 0.4211572925745081 
-0.14422198335352635 0.4211572925745081 
-0.14422198335352635 0.4211572925745081 
-0.14371803713840203 0.41845377390490895 
-0.14437831184412325 0.41405971910675227 
-0.14437831184412325 0.41405971910675227 
-0.14441144901396943 0.4029866019930417 
-0.14435029386640072 0.40566007824746575 
-0.14435029386640072 0.40566007824746575 
-0.14435029386640072 0.40566007824746575 
-0.14435029386640072 0.40566007824746575 
-0.14435029386640072 0.40566007824746575 
-0.14431052484027934 0.4057788363396079 
-0.14431052484027934 0.4057788363396079 
-0.14424392154685126 0.4072011713663533 
-0.14424392154685126 0.4072011713663533 
-0.14424392154685126 0.4072011713663533 
-0.14424392154685126 0.4072011713663533 
-0.1445447465156048 0.40096685528098536 
-0.14456213502767779 0.40070427617711324 
-0.14420887010351627 0.41140636722368545 
-0.14395328031842544 0.41444216368858217 
-0.1436345316888849 0.42127500696380327 
-0.1436345316888849 0.42127500696380327 
-0.1436345316888849 0.42127500696380327 
-0.1436345316888849 0.42127500696380327 
-0.14308601769927087 0.4353143750519373 
-0.14310167059971035 0.46130465455878256 
-0.14334928085557413 0.42821135734058446 
-0.1432593546949431 0.4223983438816466 
-0.14333968911937184 0.4216124578862503 
-0.14333284646499064 0.41745375935728335 
-0.14333284646499064 0.41745375935728335 
-0.14334060454451145 0.4205125744571177 
-0.14334060454451145 0.4205125744571177 
-0.14334060454451145 0.4205125744571177 
-0.14333718692614278 0.42038919170398975 
-0.14340940284205622 0.424475433306519 
-0.1434150598159184 0.43975092194849424 
-0.14341641953079803 0.4399408997410532 
-0.14341641953079803 0.4399408997410532 
-0.14348094150882135 0.4408465131531024 
-0.14345456737265425 0.44208164029801 
-0.14358378040002728 0.4438441906755532 
-0.14354148553008692 0.4447920420503412 
-0.14346725635661317 0.44958678619965076 
-0.14379902292720081 0.4437131352253024 
-0.1437614553031786 0.46534318664616464 
-0.1437614553031786 0.46534318664616464 
-0.1437614553031786 0.46534318664616464 
-0.1437513264028203 0.4646741755848698 
-0.14363906023431436 0.43947787081258405 
-0.14381034964732575 0.4412709653901418 
-0.1434664421015025 0.451406851639566 
-0.1434664421015025 0.451406851639566 
-0.1434664421015025 0.451406851639566 
-0.143560943680566 0.45560734377733997 
-0.14357295667833134 0.4551698736748409 
-0.14357295667833134 0.4551698736748409 
-0.14346013929691076 0.45878560152333253 
-0.14346013929691076 0.45878560152333253 
-0.1435771766865485 0.45133987848269813 
-0.14352771615132837 0.4492981484521236 
-0.1432677006718572 0.4607672026445292 
-0.14300585913730154 0.46944092761038037 
-0.14300707705373064 0.4947850771718816 
-0.14301671987123166 0.49421582013571147 
-0.14301671987123166 0.49421582013571147 
-0.14301671987123166 0.49421582013571147 
-0.143211412619721 0.4764427783451413 
-0.14348822519822535 0.44756029281771237 
-0.14332886901178804 0.44412246291732105 
-0.14332886901178804 0.44412246291732105 
-0.14341445840667025 0.4336596954487361 
-0.14340443820957935 0.4341731287623609 
-0.14316193202200264 0.44664706868879583 
-0.14346916970380363 0.43951347189633183 
-0.14342224552729696 0.42977495589076664 
-0.14342224552729696 0.42977495589076664 
-0.14329313413504494 0.42200000715117253 
-0.14291661684240667 0.42409322660182397 
-0.1429440580332852 0.41870755412341126 
-0.1430403058949715 0.41747769520301675 
-0.14294267843660252 0.41493061549021903 
-0.14294267843660252 0.41493061549021903 
-0.14264308956173286 0.417448357229685 
-0.1424913832630068 0.41914064342314056 
-0.14308083079808254 0.41330238056276714 
-0.14295556652361424 0.41018211811210337 
-0.14295556652361424 0.41018211811210337 
-0.14308419197964592 0.4132689153448501 
-0.14308419197964592 0.4132689153448501 
-0.14329219253875888 0.41205848507908116 
-0.14329219253875888 0.41205848507908116 
-0.14304840122411244 0.4048003719857485 
-0.14358016872952287 0.40592817822379296 
-0.14355258436123236 0.4067147655404317 
-0.1434578396902109 0.4074332739710837 
-0.14345775047569104 0.40723313795412464 
-0.14323636571552137 0.4070236312790334 
-0.14327229920066667 0.40403043091820506 
-0.14318907954040921 0.40396400250179443 
-0.14320168304638753 0.40418624826212796 
-0.14320168304638753 0.40418624826212796 
-0.14320168304638753 0.40418624826212796 
-0.14320168304638753 0.40418624826212796 
-0.14320168304638753 0.40418624826212796 
-0.1431305787557918 0.4044098004345913 
-0.14303737749295842 0.40209171525191484 
-0.14306099312261492 0.40221588328214053 
-0.14306469724589466 0.40172131726214566 
-0.14306469724589466 0.40172131726214566 
-0.14306469724589466 0.40172131726214566 
-0.14252881552022664 0.40305987313120933 
-0.14262407139364106 0.4130696904298631 
-0.14294115045234237 0.40854009351396475 
-0.14302418157070282 0.4117588232987712 
-0.14301965668645247 0.4118204234814843 
-0.14301965668645247 0.4118204234814843 
-0.14301965668645247 0.4118204234814843 
-0.14301965668645247 0.4118204234814843 
-0.14281483642632084 0.4180109772123777 
-0.14278326312177061 0.4175405542075119 
-0.14278326312177061 0.4175405542075119 
-0.14278326312177061 0.4175405542075119 
-0.14278326312177061 0.4175405542075119 
-0.14292211035316954 0.41655975768776715 
-0.14292211035316954 0.41655975768776715 
-0.1425256518248396 0.42027601591909797 
-0.1424210146494682 0.41989194757077314 
-0.14247788701894182 0.4194120312257554 
-0.14304418366352845 0.4120087194926591 
-0.14304418366352845 0.4120087194926591 
-0.14304418366352845 0.4120087194926591 
-0.14329171604407445 0.4121154816259027 
-0.1432673568233921 0.40857709650809704 
-0.14317247111357212 0.4102935206827943 
-0.1428705768043458 0.4150605570433454 
-0.1428705768043458 0.4150605570433454 
-0.14285956060393715 0.41259921876257966 
-0.14285956060393715 0.41259921876257966 
-0.14284575482813433 0.4141022881675227 
-0.1428224274373857 0.41443507480468605 
-0.14379733205996498 0.41260721578370857 
-0.14379490320591265 0.4134776029468193 
-0.14391502275552964 0.40943958286187065 
-0.14372593754339089 0.4127200844091234 
-0.14374483933782506 0.4129059744080684 
-0.14380228378351875 0.41172632743188986 
-0.14405759558211945 0.4126732242643263 
-0.14405999047280094 0.42152730559907237 
-0.1436656152164814 0.4157138806131636 
-0.1437293113772958 0.41281495272622176 
-0.14376534053235296 0.413262439869623 
-0.14366704674794675 0.4237108394584736 
-0.14367270880303087 0.4237068820816048 
-0.14370415410644 0.41374146867972245 
-0.14377483485526357 0.4136917029725388 
-0.143665473968804 0.41091204215366234 
-0.1435617197351279 0.409816821980417 
-0.1436003378451628 0.40888553375383957 
-0.14335948367833204 0.4131031206034233 
-0.14335948367833204 0.4131031206034233 
-0.14335648546111934 0.4134335655088927 
-0.14335648546111934 0.4134335655088927 
-0.14340522174488096 0.41310425669136525 
-0.14332671138183425 0.4137283638212679 
-0.14318889621461695 0.4108406628321503 
-0.14318889621461695 0.4108406628321503 
-0.14311970155328244 0.4118808144374872 
-0.14329020889830965 0.4148613412943859 
-0.1432819424337043 0.41503507647353216 
-0.14346413570499272 0.4130424166204537 
-0.14346413570499272 0.4130424166204537 
-0.14317851938147455 0.41452392434870866 
-0.1431022923599633 0.4121879138776603 
-0.14317121605503408 0.4110304519496049 
-0.14317121605503408 0.4110304519496049 
-0.14316823059226683 0.4110100621174806 
-0.14316201717261573 0.411127601438043 
-0.14331409814153742 0.40901675348018357 
-0.14305854052487063 0.40891865507112213 
-0.14305854052487063 0.40891865507112213 
-0.14316912190320696 0.4109037792625719 
-0.1427330563798935 0.402557816110831 
-0.14317449590201062 0.41067050568123753 
-0.14317449590201062 0.41067050568123753 
-0.14329467094773587 0.41093982291928044 
-0.1433717535490478 0.41142779057134776 
-0.1433717535490478 0.41142779057134776 
-0.14324047338838702 0.41828149528672937 
-0.14340838763408226 0.4224041462188176 
-0.1434129895784443 0.4377790502303385 
-0.14368222211497467 0.4281711768339478 
-0.14368222211497467 0.4281711768339478 
-0.1436669911200488 0.4273313367687534 
-0.14394079443944127 0.41857183299382267 
-0.14428824824679887 0.4086856305439369 
-0.1441195085034759 0.4121005389457119 
-0.14417844759399795 0.4118546262588942 
-0.14417844759399795 0.4118546262588942 
-0.14424363008738014 0.4134857996194978 
-0.1437762098829092 0.4075119645758382 
-0.14374213383843548 0.41116416285394 
-0.1436426253215712 0.4104313508306368 
-0.14369640825233368 0.4028502847682099 
-0.14363528722423388 0.4030334351906604 
-0.14363528722423388 0.4030334351906604 
-0.1434886642723519 0.4006969324884816 
-0.1434886642723519 0.4006969324884816 
-0.1434886642723519 0.4006969324884816 
-0.14346558438115178 0.404444578943061 
-0.1433152203540636 0.40364884847189353 
-0.14329657403192161 0.400705208740909 
-0.14329657403192161 0.400705208740909 
-0.14329657403192161 0.400705208740909 
-0.1433016082048863 0.40111252178338663 
-0.14318658302726106 0.40058712243401673 
-0.14318658302726106 0.40058712243401673 
-0.14318812748392942 0.4005077896377915 
-0.14318812748392942 0.4005077896377915 
-0.14318753457070477 0.40062743931418326 
-0.14319432664071158 0.40129163872816714 
-0.14346427434082143 0.403790746386221 
-0.14346427434082143 0.403790746386221 
-0.14346427434082143 0.403790746386221 
-0.14348074759215124 0.40372242834993677 
-0.1435310405157915 0.40298151323125225 
-0.14352878871538924 0.40821153270765287 
