-0.13393452149890928 1.650157138169499 
-0.13397575933683442 1.6501137012010396 
-0.1340798989776459 1.6501786225630934 
-0.13411195468066525 1.6502472637770496 
-0.13411096987796742 1.650260221578707 
-0.13410356745006163 1.6502407953763814 
-0.13410085270938182 1.6502398076205096 
-0.13377832868537393 1.6505326320668623 
-0.13396535837390192 1.6501750904796824 
-0.1342564051954842 1.6503509383294699 
-0.1344305406529142 1.650798040150324 
-0.1347729808651941 1.6510473847537521 
-0.13510844554959145 1.6517597424484676 
-0.13515460991145672 1.651622794922603 
-0.13522507184360139 1.6516812005146198 
-0.1356174867461075 1.652441728260037 
-0.1356174867461075 1.652441728260037 
-0.13528583211748862 1.6515667116998587 
-0.13530468137747453 1.6516595968144872 
-0.13539038602787756 1.6522190420097684 
-0.13539038602787756 1.6522190420097684 
-0.13539038602787756 1.6522190420097684 
-0.13543406661315302 1.6524256955321528 
-0.13523202478117957 1.6511959546113786 
-0.13523202478117957 1.6511959546113786 
-0.1355374075424672 1.6508574723438412 
-0.1355374075424672 1.6508574723438412 
-0.13530770401642608 1.6494069037410626 
-0.13527968794335496 1.6492434243512062 
-0.1354537861225712 1.6511648670658516 
-0.1354340098352822 1.6125124277211864 
-0.13550752806615723 1.597082520160621 
-0.13595840367557774 1.555942911688376 
-0.13634943852765638 1.5431004885749529 
-0.13632308097065307 1.5458778364235055 
-0.13646692222545545 1.525730417835429 
-0.13723851329199194 1.4485423657362633 
-0.1372833818659801 1.4235282679519303 
-0.1372833818659801 1.4235282679519303 
-0.13837393272900048 1.322815018086103 
-0.13925608918645052 1.2624429973703437 
-0.14047961009343535 1.1562690154004645 
-0.1434093532069987 0.9224520746853985 
-0.1434093532069987 0.9224520746853985 
-0.1434093532069987 0.9224520746853985 
-0.1434093532069987 0.9224520746853985 
-0.1434093532069987 0.9224520746853985 
-0.1434093532069987 0.9224520746853985 
-0.1434093532069987 0.9224520746853985 
-0.14178834684107278 1.0404525875499289 
-0.14178834684107278 1.0404525875499289 
-0.14178834684107278 1.0404525875499289 
-0.14178834684107278 1.0404525875499289 
-0.14489567587217922 0.7520211372782016 
-0.1430250346202085 0.9064514962367778 
-0.14238717506791984 0.9382696599828914 
-0.14238717506791984 0.9382696599828914 
-0.14438794956594642 0.7686965135299784 
-0.14401624826780735 0.7788563860121305 
-0.14401624826780735 0.7788563860121305 
-0.14401624826780735 0.7788563860121305 
-0.14401624826780735 0.7788563860121305 
-0.14394578028039848 0.7836605394044126 
-0.14238248667551262 0.871086754187647 
-0.14277217115037216 0.7379034041818888 
-0.14306226699025415 0.7072282440327735 
-0.14267219746947601 0.7159907057037453 
-0.14290723199052177 0.6749601810078436 
-0.14290723199052177 0.6749601810078436 
-0.14367671256140793 0.586282822846656 
-0.1437611152193798 0.5741695141319022 
-0.14541396589089475 0.4619270375807779 
-0.14541396589089475 0.4619270375807779 
-0.1436559452583014 0.44542396334353085 
-0.1436559452583014 0.44542396334353085 
-0.1436559452583014 0.44542396334353085 
-0.1435599938523436 0.4437318465760815 
-0.1435599938523436 0.4437318465760815 
-0.1435599938523436 0.4437318465760815 
-0.1435599938523436 0.4437318465760815 
-0.1435523289588039 0.4378323309605288 
-0.14325404778472975 0.452306264900375 
-0.14325404778472975 0.452306264900375 
-0.1428531497111903 0.450557780743183 
-0.1430699865481613 0.4529403288980024 
-0.1430699865481613 0.4529403288980024 
-0.14297287699491576 0.4176255698453489 
-0.14297287699491576 0.4176255698453489 
-0.14297287699491576 0.4176255698453489 
-0.14281544012581673 0.4283390336398329 
-0.14277125571769472 0.4358857971013867 
-0.14374573239231234 0.42313690035141704 
-0.14374573239231234 0.42313690035141704 
-0.143743925208235 0.4256370391072519 
-0.1440270740511113 0.4291128073078696 
-0.14386372385829554 0.42647645786223015 
-0.14352937983214412 0.4397804484529211 
-0.14350231338306527 0.43328922303219114 
-0.1437571579778895 0.40378141585995586 
-0.14380034029755168 0.4009963853249007 
-0.14380034029755168 0.4009963853249007 
-0.14376453535234135 0.40048767075593894 
-0.14376453535234135 0.40048767075593894 
-0.14376453535234135 0.40048767075593894 
-0.14382402417110152 0.40090944589928024 
-0.14382402417110152 0.40090944589928024 
-0.14382402417110152 0.40090944589928024 
-0.14382402417110152 0.40090944589928024 
-0.14382402417110152 0.40090944589928024 
-0.14382402417110152 0.40090944589928024 
-0.1434996740690313 0.4005340512504878 
-0.14351583598075768 0.4004908910875208 
-0.1435130859019943 0.401749957001608 
-0.14346088395884113 0.4048103197121796 
-0.14345190304517905 0.40185787654156446 
-0.14345190304517905 0.40185787654156446 
-0.14345190304517905 0.40185787654156446 
-0.14345190304517905 0.40185787654156446 
-0.1435911906568679 0.4007591175440071 
-0.1435911906568679 0.4007591175440071 
-0.14358519963686575 0.40036631408726114 
-0.14358519963686575 0.40036631408726114 
-0.14358519963686575 0.40036631408726114 
-0.14358519963686575 0.40036631408726114 
-0.14358519963686575 0.40036631408726114 
-0.14355089844260358 0.4009663109787616 
-0.14355089844260358 0.4009663109787616 
-0.14355089844260358 0.4009663109787616 
-0.14391482481710016 0.4102965571118747 
-0.14391482481710016 0.4102965571118747 
-0.14382227570374567 0.4104045540866299 
-0.1435237371842513 0.417088736670351 
-0.14356652509301807 0.4144464687046575 
-0.14362092166705903 0.41346654720898174 
-0.14340233294987742 0.4126117401363326 
-0.14349604773417113 0.412350236781616 
-0.14353631629680033 0.4047564902427456 
-0.14353631629680033 0.4047564902427456 
-0.1434701727242402 0.40390303490069834 
-0.14347187275150583 0.4028946368669952 
-0.14347187275150583 0.4028946368669952 
-0.14347573065326685 0.4016431863736478 
-0.14339927904909902 0.4022383195084566 
-0.14338043238531478 0.40074820600302363 
-0.14338043238531478 0.40074820600302363 
-0.14338043238531478 0.40074820600302363 
-0.14338043238531478 0.40074820600302363 
-0.14338043238531478 0.40074820600302363 
-0.14338043238531478 0.40074820600302363 
-0.14374386379298454 0.4071994094102097 
-0.14343500009806742 0.41365664467297275 
-0.14360516358278747 0.4110977572769888 
-0.143364390098376 0.4152335080470826 
-0.14336395641375402 0.4152768051401964 
-0.1433229738178255 0.41958960496375464 
-0.14359160257446446 0.4150522719566629 
-0.1435774848676181 0.4145696904057156 
-0.14388289097717444 0.4111180340174173 
-0.14373060527790357 0.4120938971545533 
-0.14353692368407234 0.42022693767465824 
-0.1434523348894268 0.4159579763721226 
-0.14359506627526417 0.4257193449113876 
-0.14368116098798792 0.42845111083970766 
-0.14391236096980256 0.4432264052089874 
-0.14391236096980256 0.4432264052089874 
-0.1438729245421826 0.4411269969408961 
-0.14386856076429785 0.4416797107783886 
-0.14376680699786698 0.4415646670518627 
-0.14376680699786698 0.4415646670518627 
-0.14376680699786698 0.4415646670518627 
-0.14377018971433145 0.45283074735374657 
-0.14377441295913543 0.4525922618572802 
-0.14349615009436084 0.4288628137483651 
-0.14369341779059336 0.4345267939725105 
-0.1436668293928326 0.4216887851347084 
-0.14370667616839658 0.41576819139953536 
-0.14370554798195098 0.41587414319616356 
-0.1434091979233429 0.40819080540481506 
-0.14332884570199905 0.4078061191154207 
-0.14332884570199905 0.4078061191154207 
-0.1433354353625871 0.401791500107107 
-0.143256480206534 0.40149517245507815 
-0.1432463693444544 0.4044351051921409 
-0.14312493780197436 0.4048966857727816 
-0.14312493780197436 0.4048966857727816 
-0.14312493780197436 0.4048966857727816 
-0.14315903810349723 0.40529106652157143 
-0.14334123294181103 0.40116511596368154 
-0.14366182693399918 0.40033520095990893 
-0.14366182693399918 0.40033520095990893 
-0.14366182693399918 0.40033520095990893 
-0.14366182693399918 0.40033520095990893 
-0.14366182693399918 0.40033520095990893 
-0.14366182693399918 0.40033520095990893 
-0.14366182693399918 0.40033520095990893 
-0.14366182693399918 0.40033520095990893 
-0.14366015278342487 0.4004304273536965 
-0.14365382292209344 0.40025981309563574 
-0.14365382292209344 0.40025981309563574 
-0.14365382292209344 0.40025981309563574 
-0.14365382292209344 0.40025981309563574 
-0.14365382292209344 0.40025981309563574 
-0.14365382292209344 0.40025981309563574 
-0.14365382292209344 0.40025981309563574 
-0.14365382292209344 0.40025981309563574 
-0.14365382292209344 0.40025981309563574 
-0.14365382292209344 0.40025981309563574 
-0.14365382292209344 0.40025981309563574 
-0.14365382292209344 0.40025981309563574 
-0.14365382292209344 0.40025981309563574 
-0.1436475139084354 0.400525522885583 
-0.1436475139084354 0.400525522885583 
-0.1436475139084354 0.400525522885583 
-0.1436475139084354 0.400525522885583 
-0.1436475139084354 0.400525522885583 
-0.14368692267187963 0.40026076220075085 
-0.14365726406375243 0.4011093968760446 
-0.14365726406375243 0.4011093968760446 
-0.14365726406375243 0.4011093968760446 
-0.14362052343527862 0.4016279380184652 
-0.14362052343527862 0.4016279380184652 
-0.14363823759284303 0.4006029602417764 
-0.1435757404889822 0.4009924528729577 
-0.14375231187398288 0.4017035861255306 
-0.14375231187398288 0.4017035861255306 
-0.1436972746044917 0.40467722149291785 
-0.1436972746044917 0.40467722149291785 
-0.143915427330486 0.4073034304480549 
-0.14380240899352054 0.40750366685284467 
-0.14403932843422068 0.4121847212630928 
-0.14404517257303776 0.4121617025270689 
-0.1442404681407718 0.4178606032033689 
-0.14405784478208714 0.41562004958500975 
-0.14397302671452686 0.41329157167641034 
-0.14405024390999877 0.40885772416911453 
-0.14420342023905347 0.4038516339351717 
-0.14420342023905347 0.4038516339351717 
-0.1441227426721738 0.40502483163619657 
-0.1441227426721738 0.40502483163619657 
-0.1441227426721738 0.40502483163619657 
-0.14405695745533728 0.4054510642690255 
-0.14405695745533728 0.4054510642690255 
-0.14414946625684524 0.403298288261077 
-0.14410345933699886 0.4036373262236351 
-0.14414747063928932 0.4034763477873063 
-0.14414747063928932 0.4034763477873063 
-0.14414747063928932 0.4034763477873063 
-0.14414747063928932 0.4034763477873063 
-0.14414747063928932 0.4034763477873063 
-0.1442961984760049 0.40112650329253485 
-0.1442961984760049 0.40112650329253485 
-0.14428550706598617 0.4011195396612451 
-0.1441797536918066 0.40251198254836834 
-0.1441797536918066 0.40251198254836834 
-0.1439580341194866 0.40617838657469635 
-0.14396057783853372 0.4059446749211223 
-0.14396057783853372 0.4059446749211223 
-0.1443529152275472 0.4013370228186492 
-0.1443529152275472 0.4013370228186492 
-0.1443529152275472 0.4013370228186492 
-0.1443529152275472 0.4013370228186492 
-0.14403245869184444 0.4017387158975341 
-0.14403245869184444 0.4017387158975341 
-0.14403245869184444 0.4017387158975341 
-0.14403245869184444 0.4017387158975341 
-0.14367075285832107 0.4035393464331131 
-0.14367075285832107 0.4035393464331131 
-0.14367075285832107 0.4035393464331131 
-0.14390988405408714 0.4047202046524822 
-0.14391322164062634 0.40292873473724433 
-0.14391322164062634 0.40292873473724433 
-0.14391322164062634 0.40292873473724433 
-0.14391322164062634 0.40292873473724433 
-0.14391322164062634 0.40292873473724433 
-0.14391322164062634 0.40292873473724433 
-0.14391322164062634 0.40292873473724433 
-0.14391322164062634 0.40292873473724433 
-0.14391322164062634 0.40292873473724433 
-0.1438785261248059 0.4030995747279647 
-0.14384289247854581 0.40279064349300553 
-0.14384289247854581 0.40279064349300553 
-0.1438387438419735 0.40256419736815374 
-0.1438593721483042 0.40370036089298417 
-0.14375258524752557 0.40422075879276825 
-0.14375258524752557 0.40422075879276825 
-0.14405218768150962 0.40184268462202927 
-0.14405218768150962 0.40184268462202927 
-0.14408868350364393 0.4015843429814784 
-0.14398571561731874 0.40464371759904894 
-0.1439107724224748 0.40640738850268415 
-0.14405738058705042 0.40659640072722497 
-0.14405738058705042 0.40659640072722497 
-0.14398261847431382 0.4077068294387954 
-0.14407559753373242 0.41083978556686357 
-0.14395219711432128 0.41610729928853796 
-0.14394684539039956 0.41576650428801637 
-0.1439379648052817 0.41895560045458213 
-0.14393869936181222 0.42182832242446117 
-0.14393869936181222 0.42182832242446117 
-0.14393069353301732 0.421966326200706 
