-0.134100121912143 1.649800853851816 
-0.13402056544033816 1.6498016175515 
-0.13403822400070367 1.6497541161777876 
-0.13403822400070367 1.6497541161777876 
-0.13403822400070367 1.6497541161777876 
-0.13403822400070367 1.6497541161777876 
-0.1340352928834983 1.6497712686118715 
-0.13412703205174603 1.6495623452471146 
-0.13395598826806476 1.6492490292442978 
-0.13400584982307795 1.6488282687923883 
-0.13407015599924704 1.6485237582787393 
-0.13416700108531096 1.6479945181880944 
-0.13455025712774268 1.6491314500573204 
-0.13455025712774268 1.6491314500573204 
-0.1349829506762572 1.6494314355065522 
-0.1352090965223442 1.6463926057313336 
-0.13480650928584129 1.6481890484304278 
-0.13460717846170114 1.6484082511390965 
-0.1345905899281405 1.6481051800880762 
-0.13453322500144055 1.6481511999711898 
-0.13453322500144055 1.6481511999711898 
-0.13471550498435375 1.6469356821676087 
-0.13478228477909152 1.6484397066543643 
-0.13470322829973094 1.648101185038267 
-0.13452752573609264 1.6474975363477404 
-0.13452752573609264 1.6474975363477404 
-0.13435867912772562 1.6457244327033334 
-0.13428605950575986 1.6453774980166693 
-0.13462981538491273 1.6417314739165725 
-0.13454209055593397 1.6429406159596733 
-0.13454209055593397 1.6429406159596733 
-0.13477305962631 1.6431600106625868 
-0.13477305962631 1.6431600106625868 
-0.13477305962631 1.6431600106625868 
-0.13472630615985765 1.6405654205449054 
-0.13472630615985765 1.6405654205449054 
-0.13472630615985765 1.6405654205449054 
-0.13478111890171807 1.6386162617069056 
-0.13459797749993144 1.6353761082286709 
-0.13459797749993144 1.6353761082286709 
-0.13459797749993144 1.6353761082286709 
-0.1345235047359257 1.6358654018880616 
-0.1345235047359257 1.6358654018880616 
-0.13452929639767977 1.630453208556963 
-0.13452929639767977 1.630453208556963 
-0.13466066044066716 1.6212377279473564 
-0.13498137770196847 1.6165503969791313 
-0.13498137770196847 1.6165503969791313 
-0.13498137770196847 1.6165503969791313 
-0.1350161887854003 1.6137266554074605 
-0.13496051412513918 1.6025793228945429 
-0.1379537832224646 1.2171334276838062 
-0.1379537832224646 1.2171334276838062 
-0.13795570049417885 1.2177552739226698 
-0.13772028181758975 1.2203818591142115 
-0.13743442105786077 1.238969704944075 
-0.13743442105786077 1.238969704944075 
-0.13743442105786077 1.238969704944075 
-0.13743523785760645 1.2332726909420162 
-0.13818471772950955 1.1641694403404799 
-0.13863602236572978 1.1038345868291166 
-0.13863602236572978 1.1038345868291166 
-0.1398015430540744 1.058439483026761 
-0.13945130311533485 1.0667151963681298 
-0.13945130311533485 1.0667151963681298 
-0.1391334759558988 0.9508803216238868 
-0.1390855060910108 0.951690183844503 
-0.14207272888042688 0.7099558557507029 
-0.14255831586532808 0.692568056711576 
-0.14397972618586377 0.5025993292030017 
-0.14429962385223133 0.4321261975842031 
-0.14427157318895775 0.4150842506103707 
-0.14427157318895775 0.4150842506103707 
-0.14427157318895775 0.4150842506103707 
-0.14427157318895775 0.4150842506103707 
-0.14427157318895775 0.4150842506103707 
-0.14427157318895775 0.4150842506103707 
-0.14427157318895775 0.4150842506103707 
-0.14430778025833618 0.41015994132596667 
-0.14430778025833618 0.41015994132596667 
-0.14430778025833618 0.41015994132596667 
-0.14430778025833618 0.41015994132596667 
-0.14430778025833618 0.41015994132596667 
-0.14430778025833618 0.41015994132596667 
-0.14420536227937747 0.41369969176918003 
-0.14420536227937747 0.41369969176918003 
-0.14420536227937747 0.41369969176918003 
-0.14420536227937747 0.41369969176918003 
-0.14434295688234006 0.4156201335569605 
-0.14434295688234006 0.4156201335569605 
-0.14434295688234006 0.4156201335569605 
-0.14378969291070784 0.40897790904464526 
-0.14417243576731414 0.4152041124320819 
-0.1443213870434845 0.4207700259363577 
-0.1443213870434845 0.4207700259363577 
-0.1440306902330838 0.43586321819894475 
-0.1440306902330838 0.43586321819894475 
-0.14397568560516363 0.42965853561802175 
-0.14397568560516363 0.42965853561802175 
-0.1438839425122186 0.42075416530153387 
-0.14370300086353785 0.41718929495427426 
-0.14366433582627233 0.4179221515546918 
-0.14366433582627233 0.4179221515546918 
-0.14366433582627233 0.4179221515546918 
-0.143682421913544 0.41820974746419937 
-0.14372393215897858 0.41059359874357937 
-0.143605942774825 0.4121187416942452 
-0.14355423415410867 0.41857593135052457 
-0.14338982424516997 0.41663813841791253 
-0.14347675908429275 0.4169367675325089 
-0.14365002714489644 0.41621579418229104 
-0.14365002714489644 0.41621579418229104 
-0.14361121090195944 0.4159160198846268 
-0.14363501423636402 0.41362190310889246 
-0.1440829238361874 0.4155273268851923 
-0.1440829238361874 0.4155273268851923 
-0.14408910691661386 0.4152442769427269 
-0.14408910691661386 0.4152442769427269 
-0.14425144215809987 0.40516498269778234 
-0.14445810429767367 0.4051046004647784 
-0.14458242367654817 0.40371167636036775 
-0.14458242367654817 0.40371167636036775 
-0.14458242367654817 0.40371167636036775 
-0.143808795613144 0.4065345523872102 
-0.14389689105251538 0.407025008073424 
-0.14389689105251538 0.407025008073424 
-0.14400607856615832 0.4103550931464331 
-0.14393962469768826 0.41361547090507994 
-0.14395874603197412 0.4148205177480725 
-0.14395874603197412 0.4148205177480725 
-0.143939715661697 0.41528012169883227 
-0.1434976064707625 0.4265213079431622 
-0.1434804590456067 0.43271112399991957 
-0.14336527202080795 0.4355495246553876 
-0.14336527202080795 0.4355495246553876 
-0.14336134546757412 0.4377520590459862 
-0.1433558143680822 0.43930985885426765 
-0.14334170155244774 0.4301954567327626 
-0.1434102243479566 0.4255657375484004 
-0.1435064039047537 0.4313847612278306 
-0.14365113654002784 0.4316796706871864 
-0.14365802541319694 0.432753576280303 
-0.14378860981204883 0.43714765021301744 
-0.14386827677625513 0.43880963133132905 
-0.14386840047085855 0.43792149245424655 
-0.14386840047085855 0.43792149245424655 
-0.14392495049502005 0.4455416031213448 
-0.14390686084504972 0.44406446811203004 
-0.14397905982192044 0.4259831555236481 
-0.14397905982192044 0.4259831555236481 
-0.14377572518442114 0.42670916955022886 
-0.14377877722055976 0.42574210216483027 
-0.14377877722055976 0.42574210216483027 
-0.14353260597773326 0.4383310736224047 
-0.14353260597773326 0.4383310736224047 
-0.14353260597773326 0.4383310736224047 
-0.1435844111117108 0.43592050379522596 
-0.14367521278990122 0.42719786469898946 
-0.14368175126574842 0.4282709706021232 
-0.14373732482635226 0.4318281387486223 
-0.14373732482635226 0.4318281387486223 
-0.1438206637120826 0.44013409743362925 
-0.14402318597640854 0.4483974378886779 
-0.14402318597640854 0.4483974378886779 
-0.14402318597640854 0.4483974378886779 
-0.14388772577598244 0.4297505330207217 
-0.14390258637814854 0.43304757420006534 
-0.14383797168796353 0.42283692691487773 
-0.14383797168796353 0.42283692691487773 
-0.1440627600750834 0.4245969546581791 
-0.1440627600750834 0.4245969546581791 
-0.14415992227253446 0.42749939652425206 
-0.14415992227253446 0.42749939652425206 
-0.14419000316567088 0.4284719699555969 
-0.14432382777083466 0.43077337579065017 
-0.14368147706143128 0.43395594354418593 
-0.143451981247211 0.4303287267041371 
-0.143451981247211 0.4303287267041371 
-0.14315609820256 0.4443840278406975 
-0.14317528843009913 0.4420425695729653 
-0.1429741454667595 0.45179476868194224 
-0.1429741454667595 0.45179476868194224 
-0.1433330957430521 0.459822655634156 
-0.14350577451224375 0.44179224504259557 
-0.14355863939635358 0.42632650403873606 
-0.14410209088695666 0.40168795707803373 
-0.1441596436943634 0.4112103959832847 
-0.1441596436943634 0.4112103959832847 
-0.1441119173021996 0.41225698679946937 
-0.14401457421240949 0.410131002712878 
-0.14402329725799773 0.4169566197135609 
-0.14402329725799773 0.4169566197135609 
-0.14419006641722062 0.42107968885197244 
-0.14415103664012086 0.41950030166349744 
-0.14428242107068281 0.4219912342675451 
-0.14426017748182451 0.4214203973825419 
-0.14426017748182451 0.4214203973825419 
-0.14430564658653786 0.42170355347619637 
-0.1443211523490771 0.4220626087007499 
-0.1439229237020505 0.41650978992574283 
-0.14365486360844065 0.4161160662066476 
-0.14358468606878327 0.4205545222457051 
-0.14361612661932757 0.42207799325638873 
-0.14366168503661714 0.41366363956243046 
-0.14356252182737617 0.4090551606351711 
-0.14361403238340165 0.40959515153356424 
-0.14362206790471452 0.40860658332964095 
-0.14362206790471452 0.40860658332964095 
-0.14301673319268787 0.4098217654245984 
-0.14301673319268787 0.4098217654245984 
-0.14287907680387227 0.4105854081244477 
-0.14287907680387227 0.4105854081244477 
-0.14273520110629442 0.4089186544651168 
-0.14271345748590997 0.40713767716901594 
-0.14271345748590997 0.40713767716901594 
-0.1426118234715563 0.40349254076977015 
-0.1425881432343907 0.40330137874103167 
-0.1425881432343907 0.40330137874103167 
-0.14255736615701015 0.40313548327126514 
-0.14275957151369337 0.4079697674615112 
-0.14275957151369337 0.4079697674615112 
-0.14292787708389726 0.41288376743594235 
-0.1429296878280302 0.4128025285803907 
-0.1429296878280302 0.4128025285803907 
-0.14306036120393398 0.4151809418372605 
-0.14292336074203296 0.41271890977804765 
-0.14292336074203296 0.41271890977804765 
-0.14292336074203296 0.41271890977804765 
-0.1428069535048987 0.4111137490495388 
-0.1428069535048987 0.4111137490495388 
-0.1428069535048987 0.4111137490495388 
-0.1428069535048987 0.4111137490495388 
-0.1432266157908316 0.407809486684542 
-0.1432266157908316 0.407809486684542 
-0.1432591057143323 0.4060019390880307 
-0.1432591057143323 0.4060019390880307 
-0.14326918109359416 0.40598389282363834 
-0.14326918109359416 0.40598389282363834 
-0.14326918109359416 0.40598389282363834 
-0.14317419817316412 0.4194945439007627 
-0.14317419817316412 0.4194945439007627 
-0.14327934440491297 0.4105809103332518 
-0.1434656550859245 0.4083374855587354 
-0.14346619377051506 0.40826305580017574 
-0.14308915833370892 0.414024634461454 
-0.1430588268885926 0.4194285070024489 
-0.14300089617400621 0.4183010657387686 
-0.14300117314284266 0.41831344109705776 
-0.14300117314284266 0.41831344109705776 
-0.14346812706184187 0.41507003907611256 
-0.14346812706184187 0.41507003907611256 
-0.14366033885427149 0.41233171279897707 
-0.14386843358027043 0.40955605693426955 
-0.14398234142910446 0.40850744006085593 
-0.14403742289771249 0.41071884075543197 
-0.1440308613671472 0.4119650802623372 
-0.14400133057742112 0.41379889024492567 
-0.14396791241011198 0.4144765003771811 
-0.14396791241011198 0.4144765003771811 
-0.14403885704247074 0.41722057757787906 
-0.14403885704247074 0.41722057757787906 
-0.14403885704247074 0.41722057757787906 
-0.14416456927792418 0.41569214276845573 
-0.14439496914757693 0.4113296876948174 
-0.14457269616295831 0.4129169982673261 
-0.14423657239068 0.4170592559558962 
-0.14381709720486546 0.4143892743228467 
-0.14372539803592405 0.4115057109345612 
-0.14372667829345334 0.41146098759050065 
-0.14372667829345334 0.41146098759050065 
-0.1439744573464646 0.41677506224430055 
-0.14395929093736032 0.4164205560428938 
-0.14365776214447243 0.4231669719063218 
-0.14367780343395156 0.42120821650097856 
-0.14367536690745672 0.421375995345405 
-0.14345966342573066 0.42224995440836866 
-0.14364542212696002 0.4162507059342294 
-0.14360376782279363 0.4175849828552055 
-0.14360376782279363 0.4175849828552055 
-0.14389974637938766 0.42402962853986526 
-0.14389974637938766 0.42402962853986526 
-0.14389974637938766 0.42402962853986526 
-0.14389974637938766 0.42402962853986526 
-0.14389998711756646 0.4253743566786652 
-0.14389998711756646 0.4253743566786652 
-0.14382554665217162 0.4194801938985045 
-0.1438757337791463 0.41632072395166964 
-0.14395721633506117 0.41295167567737867 
-0.14380814591583366 0.40619034320934533 
-0.14367199840956144 0.40595979967445056 
-0.14375251126507302 0.41293393925227856 
-0.14375251126507302 0.41293393925227856 
-0.14374936668761126 0.4150008528269031 
-0.14386332366823112 0.41703129260101407 
-0.14372563066686095 0.4125990707573621 
-0.1437839603509644 0.4088549219503483 
-0.14379499063603976 0.4125003220867288 
-0.14392737296957933 0.41386857243489344 
-0.14392737296957933 0.41386857243489344 
-0.14386194428143978 0.42202325586819756 
