0.04860783926736835 0.4452750068121445 12.575467385876237 0.44713761010045006 0.19566248127846045 1.8838718141405835 
0.043176616968265816 0.41280916404149937 11.91894200066986 0.4393149527008847 0.1893967043174538 1.8420044841782846 
0.030967015357567587 0.4006671206127381 12.533386571904954 0.37857337566102356 0.22748931205727735 1.8162056191298266 
0.030967015357567587 0.4006671206127381 12.533386571904954 0.37857337566102356 0.22748931205727735 1.8162056191298266 
0.0445482070550198 0.4185564528307423 10.613807192627354 0.37489625193757903 0.21601643004251722 1.9885207768165147 
0.0445482070550198 0.4185564528307423 10.613807192627354 0.37489625193757903 0.21601643004251722 1.9885207768165147 
0.0445482070550198 0.4185564528307423 10.613807192627354 0.37489625193757903 0.21601643004251722 1.9885207768165147 
0.0445482070550198 0.4185564528307423 10.613807192627354 0.37489625193757903 0.21601643004251722 1.9885207768165147 
0.0445482070550198 0.4185564528307423 10.613807192627354 0.37489625193757903 0.21601643004251722 1.9885207768165147 
0.0445482070550198 0.4185564528307423 10.613807192627354 0.37489625193757903 0.21601643004251722 1.9885207768165147 
0.04345712207161878 0.42180238998208963 10.536642140435152 0.35999167396640247 0.22063189402834948 1.992295802522787 
0.044226301363251 0.38813537746343496 10.910336293480064 0.36621753187216316 0.21469909876780927 1.9671986505322452 
0.044226301363251 0.38813537746343496 10.910336293480064 0.36621753187216316 0.21469909876780927 1.9671986505322452 
0.044226301363251 0.38813537746343496 10.910336293480064 0.36621753187216316 0.21469909876780927 1.9671986505322452 
0.044226301363251 0.38813537746343496 10.910336293480064 0.36621753187216316 0.21469909876780927 1.9671986505322452 
0.044226301363251 0.38813537746343496 10.910336293480064 0.36621753187216316 0.21469909876780927 1.9671986505322452 
0.047674514929105835 0.36656643223307334 9.283754547939504 0.4522430418787302 0.20929596319499952 1.939087521058236 
0.05988190070489004 0.3757793345845186 8.661534318409979 0.5078514995159351 0.21007345398310526 2.190032111798982 
0.05988190070489004 0.3757793345845186 8.661534318409979 0.5078514995159351 0.21007345398310526 2.190032111798982 
0.05983225532940299 0.3781279325918303 8.62213340738346 0.5053363714268398 0.20999955340955798 2.2104690425302893 
0.05983225532940299 0.3781279325918303 8.62213340738346 0.5053363714268398 0.20999955340955798 2.2104690425302893 
0.06034377365958809 0.3996073852004344 8.058393143994053 0.5063529995424454 0.23184795688885765 2.203227037705819 
0.06034377365958809 0.3996073852004344 8.058393143994053 0.5063529995424454 0.23184795688885765 2.203227037705819 
0.06145115657776787 0.4097939439283077 8.694913320626696 0.4098667702547816 0.20398093445906634 2.2278984832243123 
0.06145115657776787 0.4097939439283077 8.694913320626696 0.4098667702547816 0.20398093445906634 2.2278984832243123 
0.06145115657776787 0.4097939439283077 8.694913320626696 0.4098667702547816 0.20398093445906634 2.2278984832243123 
0.06145115657776787 0.4097939439283077 8.694913320626696 0.4098667702547816 0.20398093445906634 2.2278984832243123 
0.06145115657776787 0.4097939439283077 8.694913320626696 0.4098667702547816 0.20398093445906634 2.2278984832243123 
0.06145115657776787 0.4097939439283077 8.694913320626696 0.4098667702547816 0.20398093445906634 2.2278984832243123 
0.06145115657776787 0.4097939439283077 8.694913320626696 0.4098667702547816 0.20398093445906634 2.2278984832243123 
0.06145115657776787 0.4097939439283077 8.694913320626696 0.4098667702547816 0.20398093445906634 2.2278984832243123 
0.06145115657776787 0.4097939439283077 8.694913320626696 0.4098667702547816 0.20398093445906634 2.2278984832243123 
0.06145115657776787 0.4097939439283077 8.694913320626696 0.4098667702547816 0.20398093445906634 2.2278984832243123 
0.06145115657776787 0.4097939439283077 8.694913320626696 0.4098667702547816 0.20398093445906634 2.2278984832243123 
0.06145115657776787 0.4097939439283077 8.694913320626696 0.4098667702547816 0.20398093445906634 2.2278984832243123 
0.06145115657776787 0.4097939439283077 8.694913320626696 0.4098667702547816 0.20398093445906634 2.2278984832243123 
0.06145115657776787 0.4097939439283077 8.694913320626696 0.4098667702547816 0.20398093445906634 2.2278984832243123 
0.06145115657776787 0.4097939439283077 8.694913320626696 0.4098667702547816 0.20398093445906634 2.2278984832243123 
0.06145115657776787 0.4097939439283077 8.694913320626696 0.4098667702547816 0.20398093445906634 2.2278984832243123 
0.06145115657776787 0.4097939439283077 8.694913320626696 0.4098667702547816 0.20398093445906634 2.2278984832243123 
0.06145115657776787 0.4097939439283077 8.694913320626696 0.4098667702547816 0.20398093445906634 2.2278984832243123 
0.06145115657776787 0.4097939439283077 8.694913320626696 0.4098667702547816 0.20398093445906634 2.2278984832243123 
0.06147749438098475 0.40972652406130533 8.697734086219343 0.4096531031115248 0.20409783467011808 2.228999904776158 
0.061484487812647155 0.41006884692485757 8.700510111493346 0.40918074761403306 0.20443811726251482 2.2303295551639573 
0.061484487812647155 0.41006884692485757 8.700510111493346 0.40918074761403306 0.20443811726251482 2.2303295551639573 
0.06107092162281197 0.4077934418093711 8.788966961998163 0.4042571301768668 0.2079867373474068 2.2632251268248007 
0.06107092162281197 0.4077934418093711 8.788966961998163 0.4042571301768668 0.2079867373474068 2.2632251268248007 
0.06107092162281197 0.4077934418093711 8.788966961998163 0.4042571301768668 0.2079867373474068 2.2632251268248007 
0.06107092162281197 0.4077934418093711 8.788966961998163 0.4042571301768668 0.2079867373474068 2.2632251268248007 
0.06107092162281197 0.4077934418093711 8.788966961998163 0.4042571301768668 0.2079867373474068 2.2632251268248007 
0.06107092162281197 0.4077934418093711 8.788966961998163 0.4042571301768668 0.2079867373474068 2.2632251268248007 
0.058613985913775035 0.38502574936410683 8.618324510868645 0.4233942278166478 0.1886469566438353 2.0383506654466714 
0.058613985913775035 0.38502574936410683 8.618324510868645 0.4233942278166478 0.1886469566438353 2.0383506654466714 
0.05100179206405471 0.4855450735275955 8.09446643952938 0.3102291731976478 0.19062260885462298 1.982901064961474 
0.05100179206405471 0.4855450735275955 8.09446643952938 0.3102291731976478 0.19062260885462298 1.982901064961474 
0.04862624847735908 0.4957034413725626 8.163013547887024 0.2825719436109908 0.19563580961992225 2.0887150336351237 
0.04862624847735908 0.4957034413725626 8.163013547887024 0.2825719436109908 0.19563580961992225 2.0887150336351237 
0.04881419359372448 0.5022860844735738 7.8925486532123506 0.32588387723120915 0.19996894583712338 2.124100731025095 
0.04881419359372448 0.5022860844735738 7.8925486532123506 0.32588387723120915 0.19996894583712338 2.124100731025095 
0.05862991515646023 0.4076404383161263 7.754465274503172 0.3467422146382992 0.2245403150704839 1.209477179422409 
0.05451422898607568 0.41313826998707776 7.723815713882592 0.34217524777755437 0.20683244560877515 1.2812113329906396 
0.05451422898607568 0.41313826998707776 7.723815713882592 0.34217524777755437 0.20683244560877515 1.2812113329906396 
0.05451422898607568 0.41313826998707776 7.723815713882592 0.34217524777755437 0.20683244560877515 1.2812113329906396 
0.05451422898607568 0.41313826998707776 7.723815713882592 0.34217524777755437 0.20683244560877515 1.2812113329906396 
0.05451422898607568 0.41313826998707776 7.723815713882592 0.34217524777755437 0.20683244560877515 1.2812113329906396 
0.05451422898607568 0.41313826998707776 7.723815713882592 0.34217524777755437 0.20683244560877515 1.2812113329906396 
0.05451422898607568 0.41313826998707776 7.723815713882592 0.34217524777755437 0.20683244560877515 1.2812113329906396 
0.05451422898607568 0.41313826998707776 7.723815713882592 0.34217524777755437 0.20683244560877515 1.2812113329906396 
0.05451422898607568 0.41313826998707776 7.723815713882592 0.34217524777755437 0.20683244560877515 1.2812113329906396 
0.056188025026459115 0.39204274706021397 8.075800939033385 0.3100638605578747 0.22063604560828431 1.1688586916576145 
0.056188025026459115 0.39204274706021397 8.075800939033385 0.3100638605578747 0.22063604560828431 1.1688586916576145 
0.056188025026459115 0.39204274706021397 8.075800939033385 0.3100638605578747 0.22063604560828431 1.1688586916576145 
0.055246754414426724 0.39253261217123847 8.02160674098985 0.3282715605610627 0.2138800732775403 1.2053423435537058 
0.055246754414426724 0.39253261217123847 8.02160674098985 0.3282715605610627 0.2138800732775403 1.2053423435537058 
0.055246754414426724 0.39253261217123847 8.02160674098985 0.3282715605610627 0.2138800732775403 1.2053423435537058 
0.056805742876525955 0.4197639429926477 7.752058093241995 0.2665501001370232 0.22106545608747508 1.261146853045321 
0.056805742876525955 0.4197639429926477 7.752058093241995 0.2665501001370232 0.22106545608747508 1.261146853045321 
0.056805742876525955 0.4197639429926477 7.752058093241995 0.2665501001370232 0.22106545608747508 1.261146853045321 
0.056805742876525955 0.4197639429926477 7.752058093241995 0.2665501001370232 0.22106545608747508 1.261146853045321 
0.056805742876525955 0.4197639429926477 7.752058093241995 0.2665501001370232 0.22106545608747508 1.261146853045321 
0.05596991785851366 0.41288507955065745 8.00540059198923 0.27326322590601565 0.21540455152221866 1.2837179792993678 
0.05643641227200676 0.4238368515505999 7.98991684181485 0.2521908592791636 0.22492183862697915 1.2816498060284356 
0.05643641227200676 0.4238368515505999 7.98991684181485 0.2521908592791636 0.22492183862697915 1.2816498060284356 
0.05643641227200676 0.4238368515505999 7.98991684181485 0.2521908592791636 0.22492183862697915 1.2816498060284356 
0.05643641227200676 0.4238368515505999 7.98991684181485 0.2521908592791636 0.22492183862697915 1.2816498060284356 
0.05643641227200676 0.4238368515505999 7.98991684181485 0.2521908592791636 0.22492183862697915 1.2816498060284356 
0.05643641227200676 0.4238368515505999 7.98991684181485 0.2521908592791636 0.22492183862697915 1.2816498060284356 
0.05643641227200676 0.4238368515505999 7.98991684181485 0.2521908592791636 0.22492183862697915 1.2816498060284356 
0.05643641227200676 0.4238368515505999 7.98991684181485 0.2521908592791636 0.22492183862697915 1.2816498060284356 
0.05643641227200676 0.4238368515505999 7.98991684181485 0.2521908592791636 0.22492183862697915 1.2816498060284356 
0.05643641227200676 0.4238368515505999 7.98991684181485 0.2521908592791636 0.22492183862697915 1.2816498060284356 
0.05643641227200676 0.4238368515505999 7.98991684181485 0.2521908592791636 0.22492183862697915 1.2816498060284356 
0.05643641227200676 0.4238368515505999 7.98991684181485 0.2521908592791636 0.22492183862697915 1.2816498060284356 
0.05643641227200676 0.4238368515505999 7.98991684181485 0.2521908592791636 0.22492183862697915 1.2816498060284356 
0.05643641227200676 0.4238368515505999 7.98991684181485 0.2521908592791636 0.22492183862697915 1.2816498060284356 
0.05643641227200676 0.4238368515505999 7.98991684181485 0.2521908592791636 0.22492183862697915 1.2816498060284356 
0.05643641227200676 0.4238368515505999 7.98991684181485 0.2521908592791636 0.22492183862697915 1.2816498060284356 
0.05643641227200676 0.4238368515505999 7.98991684181485 0.2521908592791636 0.22492183862697915 1.2816498060284356 
0.057547827397708015 0.40548512647300033 8.073538828205125 0.27813667628230876 0.21705236121281574 1.3722118357120223 
0.057547827397708015 0.40548512647300033 8.073538828205125 0.27813667628230876 0.21705236121281574 1.3722118357120223 
0.057547827397708015 0.40548512647300033 8.073538828205125 0.27813667628230876 0.21705236121281574 1.3722118357120223 
0.057547827397708015 0.40548512647300033 8.073538828205125 0.27813667628230876 0.21705236121281574 1.3722118357120223 
0.057547827397708015 0.40548512647300033 8.073538828205125 0.27813667628230876 0.21705236121281574 1.3722118357120223 
0.057547827397708015 0.40548512647300033 8.073538828205125 0.27813667628230876 0.21705236121281574 1.3722118357120223 
0.057547827397708015 0.40548512647300033 8.073538828205125 0.27813667628230876 0.21705236121281574 1.3722118357120223 
0.057547827397708015 0.40548512647300033 8.073538828205125 0.27813667628230876 0.21705236121281574 1.3722118357120223 
0.057547827397708015 0.40548512647300033 8.073538828205125 0.27813667628230876 0.21705236121281574 1.3722118357120223 
0.057547827397708015 0.40548512647300033 8.073538828205125 0.27813667628230876 0.21705236121281574 1.3722118357120223 
0.057547827397708015 0.40548512647300033 8.073538828205125 0.27813667628230876 0.21705236121281574 1.3722118357120223 
0.057547827397708015 0.40548512647300033 8.073538828205125 0.27813667628230876 0.21705236121281574 1.3722118357120223 
0.057547827397708015 0.40548512647300033 8.073538828205125 0.27813667628230876 0.21705236121281574 1.3722118357120223 
0.057547827397708015 0.40548512647300033 8.073538828205125 0.27813667628230876 0.21705236121281574 1.3722118357120223 
0.057547827397708015 0.40548512647300033 8.073538828205125 0.27813667628230876 0.21705236121281574 1.3722118357120223 
0.057547827397708015 0.40548512647300033 8.073538828205125 0.27813667628230876 0.21705236121281574 1.3722118357120223 
0.057547827397708015 0.40548512647300033 8.073538828205125 0.27813667628230876 0.21705236121281574 1.3722118357120223 
0.057547827397708015 0.40548512647300033 8.073538828205125 0.27813667628230876 0.21705236121281574 1.3722118357120223 
0.06222430806101624 0.2821147543959704 8.458316734828284 0.2582793721817925 0.2237760222588049 1.0835807546358083 
0.06222571094359577 0.28212744902151304 8.45840513931 0.25827916972858384 0.22375902700613381 1.0835553171409917 
0.06539037580838353 0.3097416043782 8.737139734065575 0.2584273852201703 0.19230573410145024 1.0560047434609146 
0.06539037580838353 0.3097416043782 8.737139734065575 0.2584273852201703 0.19230573410145024 1.0560047434609146 
0.06539037580838353 0.3097416043782 8.737139734065575 0.2584273852201703 0.19230573410145024 1.0560047434609146 
0.06535892583387012 0.31236871499455976 8.70831700836717 0.259446191529994 0.19151136649686004 1.0578253373709454 
0.06626562971019861 0.2994733021815537 8.852730054806942 0.25235972035032517 0.1976067608304815 1.0338587066335228 
0.06626562971019861 0.2994733021815537 8.852730054806942 0.25235972035032517 0.1976067608304815 1.0338587066335228 
0.06626562971019861 0.2994733021815537 8.852730054806942 0.25235972035032517 0.1976067608304815 1.0338587066335228 
0.06758742933733072 0.3047814274218187 8.651606526259869 0.29854265103112193 0.19630900233761156 1.0294455298586678 
0.0736238046519627 0.31262102109761686 8.396470679718021 0.3074483278182228 0.2078351449705544 0.8121967342817007 
0.0736238046519627 0.31262102109761686 8.396470679718021 0.3074483278182228 0.2078351449705544 0.8121967342817007 
0.0736238046519627 0.31262102109761686 8.396470679718021 0.3074483278182228 0.2078351449705544 0.8121967342817007 
0.0736238046519627 0.31262102109761686 8.396470679718021 0.3074483278182228 0.2078351449705544 0.8121967342817007 
0.0736238046519627 0.31262102109761686 8.396470679718021 0.3074483278182228 0.2078351449705544 0.8121967342817007 
0.0736238046519627 0.31262102109761686 8.396470679718021 0.3074483278182228 0.2078351449705544 0.8121967342817007 
0.0736238046519627 0.31262102109761686 8.396470679718021 0.3074483278182228 0.2078351449705544 0.8121967342817007 
0.0736238046519627 0.31262102109761686 8.396470679718021 0.3074483278182228 0.2078351449705544 0.8121967342817007 
0.0736238046519627 0.31262102109761686 8.396470679718021 0.3074483278182228 0.2078351449705544 0.8121967342817007 
0.0736238046519627 0.31262102109761686 8.396470679718021 0.3074483278182228 0.2078351449705544 0.8121967342817007 
0.0736238046519627 0.31262102109761686 8.396470679718021 0.3074483278182228 0.2078351449705544 0.8121967342817007 
0.07213607196127295 0.3123558994047362 8.452073968902303 0.3051585163480546 0.20733916506798017 0.8490772418124721 
0.07213607196127295 0.3123558994047362 8.452073968902303 0.3051585163480546 0.20733916506798017 0.8490772418124721 
0.07213607196127295 0.3123558994047362 8.452073968902303 0.3051585163480546 0.20733916506798017 0.8490772418124721 
0.06837571545757674 0.3385480852943217 8.290259541099873 0.2980577284746102 0.19613018981337815 0.9640047686781575 
0.06837571545757674 0.3385480852943217 8.290259541099873 0.2980577284746102 0.19613018981337815 0.9640047686781575 
0.06837571545757674 0.3385480852943217 8.290259541099873 0.2980577284746102 0.19613018981337815 0.9640047686781575 
0.06837571545757674 0.3385480852943217 8.290259541099873 0.2980577284746102 0.19613018981337815 0.9640047686781575 
0.06837571545757674 0.3385480852943217 8.290259541099873 0.2980577284746102 0.19613018981337815 0.9640047686781575 
0.06837571545757674 0.3385480852943217 8.290259541099873 0.2980577284746102 0.19613018981337815 0.9640047686781575 
0.06837571545757674 0.3385480852943217 8.290259541099873 0.2980577284746102 0.19613018981337815 0.9640047686781575 
0.07591932379374473 0.2578495185525319 9.203337652065047 0.2828949895019499 0.21896059446930322 0.9951609583863593 
0.07591932379374473 0.2578495185525319 9.203337652065047 0.2828949895019499 0.21896059446930322 0.9951609583863593 
0.07591932379374473 0.2578495185525319 9.203337652065047 0.2828949895019499 0.21896059446930322 0.9951609583863593 
0.08028788500957076 0.2565908858527858 9.172373804954779 0.26601100942449396 0.2215360223577734 0.9524014958380623 
0.08028788500957076 0.2565908858527858 9.172373804954779 0.26601100942449396 0.2215360223577734 0.9524014958380623 
0.08028788500957076 0.2565908858527858 9.172373804954779 0.26601100942449396 0.2215360223577734 0.9524014958380623 
0.08028788500957076 0.2565908858527858 9.172373804954779 0.26601100942449396 0.2215360223577734 0.9524014958380623 
0.08028788500957076 0.2565908858527858 9.172373804954779 0.26601100942449396 0.2215360223577734 0.9524014958380623 
0.07139818125737639 0.29682658321323874 8.790325619863168 0.28843050029751055 0.22272797291127328 1.2133446818363232 
0.07139818125737639 0.29682658321323874 8.790325619863168 0.28843050029751055 0.22272797291127328 1.2133446818363232 
0.07092338576781153 0.2917782747254886 8.852896742281427 0.2837387977524924 0.23227714587728293 1.216970648473731 
0.07092338576781153 0.2917782747254886 8.852896742281427 0.2837387977524924 0.23227714587728293 1.216970648473731 
0.0717196514012655 0.29542969450628387 8.77331864754931 0.2982500801049899 0.21798641279190234 1.2972274162777946 
0.0717196514012655 0.29542969450628387 8.77331864754931 0.2982500801049899 0.21798641279190234 1.2972274162777946 
0.0717196514012655 0.29542969450628387 8.77331864754931 0.2982500801049899 0.21798641279190234 1.2972274162777946 
0.0717196514012655 0.29542969450628387 8.77331864754931 0.2982500801049899 0.21798641279190234 1.2972274162777946 
0.0717196514012655 0.29542969450628387 8.77331864754931 0.2982500801049899 0.21798641279190234 1.2972274162777946 
0.06948435875894883 0.2899166712517309 8.95271871568493 0.29385493084507297 0.21014145706573711 1.2951633209982174 
0.07296744556058274 0.23133425846089123 8.908645701617449 0.3082480312897117 0.20504824095640534 1.0517432564335047 
0.06760384330246341 0.3353064368024803 8.369440700535339 0.2837558139376102 0.15966467361686146 1.072609713605315 
0.06365441682180126 0.3569787145739094 8.23513963589653 0.2863930487013777 0.16548362579271375 1.1595816440010225 
0.06327174560950959 0.3533300464598442 8.273823881999117 0.2864474706683016 0.16640862341616064 1.1394416770061147 
0.06329529562243745 0.35424173485088245 8.265993997988591 0.28697029341741775 0.16651430593428482 1.1395488887079823 
0.06329529562243745 0.35424173485088245 8.265993997988591 0.28697029341741775 0.16651430593428482 1.1395488887079823 
0.06386579915673923 0.33228244736004875 8.36975954386431 0.2874300953309452 0.15825537111122506 1.1020209738056455 
0.06386579915673923 0.33228244736004875 8.36975954386431 0.2874300953309452 0.15825537111122506 1.1020209738056455 
0.054995384604806616 0.2724955928670983 8.085402028270035 0.2774879527268302 0.18033632019601797 1.0863708104252188 
0.05753103582989944 0.2528552009527775 7.502202471077305 0.28285735284331787 0.1940609339742649 0.9208779162648708 
0.057818211638285856 0.25852883634233625 7.713002535757553 0.28006732141970614 0.18917784821390443 0.9757091529765278 
0.057818211638285856 0.25852883634233625 7.713002535757553 0.28006732141970614 0.18917784821390443 0.9757091529765278 
0.057818211638285856 0.25852883634233625 7.713002535757553 0.28006732141970614 0.18917784821390443 0.9757091529765278 
0.057818211638285856 0.25852883634233625 7.713002535757553 0.28006732141970614 0.18917784821390443 0.9757091529765278 
0.06502024115946761 0.27439308532980905 8.873286651762877 0.28603487580094256 0.1991444029483497 1.2440985399568159 
0.06502024115946761 0.27439308532980905 8.873286651762877 0.28603487580094256 0.1991444029483497 1.2440985399568159 
0.06502024115946761 0.27439308532980905 8.873286651762877 0.28603487580094256 0.1991444029483497 1.2440985399568159 
0.06509789086866145 0.281087658928995 8.870785815369297 0.2857282805101441 0.1899608503228159 1.2450029122171995 
0.06509789086866145 0.281087658928995 8.870785815369297 0.2857282805101441 0.1899608503228159 1.2450029122171995 
0.06509789086866145 0.281087658928995 8.870785815369297 0.2857282805101441 0.1899608503228159 1.2450029122171995 
0.06510429606465122 0.2838426223110679 8.837882453180184 0.2854905824392696 0.18918225884789108 1.2411533210193906 
0.06510429606465122 0.2838426223110679 8.837882453180184 0.2854905824392696 0.18918225884789108 1.2411533210193906 
0.0621705717669775 0.34575336528545436 8.250274080846106 0.30036920341195 0.16441792561208557 1.1529278834945866 
0.0621705717669775 0.34575336528545436 8.250274080846106 0.30036920341195 0.16441792561208557 1.1529278834945866 
0.0621705717669775 0.34575336528545436 8.250274080846106 0.30036920341195 0.16441792561208557 1.1529278834945866 
0.0621705717669775 0.34575336528545436 8.250274080846106 0.30036920341195 0.16441792561208557 1.1529278834945866 
0.0621705717669775 0.34575336528545436 8.250274080846106 0.30036920341195 0.16441792561208557 1.1529278834945866 
0.0621705717669775 0.34575336528545436 8.250274080846106 0.30036920341195 0.16441792561208557 1.1529278834945866 
0.05731760389770427 0.3230902134841064 8.354155942840535 0.3205711797191817 0.17582603846467784 0.89177300552919 
0.05731760389770427 0.3230902134841064 8.354155942840535 0.3205711797191817 0.17582603846467784 0.89177300552919 
0.05731760389770427 0.3230902134841064 8.354155942840535 0.3205711797191817 0.17582603846467784 0.89177300552919 
0.05731760389770427 0.3230902134841064 8.354155942840535 0.3205711797191817 0.17582603846467784 0.89177300552919 
0.05731760389770427 0.3230902134841064 8.354155942840535 0.3205711797191817 0.17582603846467784 0.89177300552919 
0.05554096171368622 0.3414594274468698 8.271308050353838 0.3134085053571471 0.17775399299114467 1.0131703971704917 
0.05554096171368622 0.3414594274468698 8.271308050353838 0.3134085053571471 0.17775399299114467 1.0131703971704917 
0.05188642626460138 0.3355829366784337 8.205492613324166 0.3277655454263567 0.18588464113814807 0.907149805059813 
0.05188642626460138 0.3355829366784337 8.205492613324166 0.3277655454263567 0.18588464113814807 0.907149805059813 
0.05188642626460138 0.3355829366784337 8.205492613324166 0.3277655454263567 0.18588464113814807 0.907149805059813 
0.051641027297384866 0.34367355695834656 8.126955727329104 0.3291544174218982 0.181437576377261 0.9009005357401786 
0.051641027297384866 0.34367355695834656 8.126955727329104 0.3291544174218982 0.181437576377261 0.9009005357401786 
0.051641027297384866 0.34367355695834656 8.126955727329104 0.3291544174218982 0.181437576377261 0.9009005357401786 
0.051641027297384866 0.34367355695834656 8.126955727329104 0.3291544174218982 0.181437576377261 0.9009005357401786 
0.054902793047705706 0.3587370206516156 8.051295340398235 0.32962859962980734 0.18046196690153105 1.0884393068333909 
0.056236302617651855 0.36031209957682153 8.04727554098168 0.32579958787205604 0.18071343091154482 1.095195681636317 
0.056236302617651855 0.36031209957682153 8.04727554098168 0.32579958787205604 0.18071343091154482 1.095195681636317 
0.04373562334477496 0.3625631036694113 8.16882962747183 0.2968313314593894 0.1911179044430198 0.8616559592536045 
0.04373562334477496 0.3625631036694113 8.16882962747183 0.2968313314593894 0.1911179044430198 0.8616559592536045 
0.04373562334477496 0.3625631036694113 8.16882962747183 0.2968313314593894 0.1911179044430198 0.8616559592536045 
0.04373562334477496 0.3625631036694113 8.16882962747183 0.2968313314593894 0.1911179044430198 0.8616559592536045 
0.04735397908904049 0.3852561871625149 7.915481028819892 0.3080715562060196 0.18344321601817232 0.9428571643538163 
0.04735397908904049 0.3852561871625149 7.915481028819892 0.3080715562060196 0.18344321601817232 0.9428571643538163 
0.04735397908904049 0.3852561871625149 7.915481028819892 0.3080715562060196 0.18344321601817232 0.9428571643538163 
0.04735397908904049 0.3852561871625149 7.915481028819892 0.3080715562060196 0.18344321601817232 0.9428571643538163 
0.04735397908904049 0.3852561871625149 7.915481028819892 0.3080715562060196 0.18344321601817232 0.9428571643538163 
0.04673200314158822 0.37925969706395185 8.210755067278923 0.3037611792437005 0.18857583706442718 1.1296923491479147 
0.04673200314158822 0.37925969706395185 8.210755067278923 0.3037611792437005 0.18857583706442718 1.1296923491479147 
0.04673200314158822 0.37925969706395185 8.210755067278923 0.3037611792437005 0.18857583706442718 1.1296923491479147 
0.047693132238884675 0.3854386743040861 8.115406296706528 0.3100009033994021 0.1866544656967486 1.1359249485434642 
0.047693132238884675 0.3854386743040861 8.115406296706528 0.3100009033994021 0.1866544656967486 1.1359249485434642 
0.047693132238884675 0.3854386743040861 8.115406296706528 0.3100009033994021 0.1866544656967486 1.1359249485434642 
0.047693132238884675 0.3854386743040861 8.115406296706528 0.3100009033994021 0.1866544656967486 1.1359249485434642 
0.047693132238884675 0.3854386743040861 8.115406296706528 0.3100009033994021 0.1866544656967486 1.1359249485434642 
0.04921333273858759 0.3871013331608981 8.047862025580057 0.3152946167713533 0.19471461280554334 1.1224490775172147 
0.04921333273858759 0.3871013331608981 8.047862025580057 0.3152946167713533 0.19471461280554334 1.1224490775172147 
0.04921333273858759 0.3871013331608981 8.047862025580057 0.3152946167713533 0.19471461280554334 1.1224490775172147 
0.04921333273858759 0.3871013331608981 8.047862025580057 0.3152946167713533 0.19471461280554334 1.1224490775172147 
0.05482325769403089 0.39677451440496764 8.21609243101306 0.3129416252279775 0.2229819234029552 0.8880497454812658 
0.05482325769403089 0.39677451440496764 8.21609243101306 0.3129416252279775 0.2229819234029552 0.8880497454812658 
0.05482325769403089 0.39677451440496764 8.21609243101306 0.3129416252279775 0.2229819234029552 0.8880497454812658 
0.05482325769403089 0.39677451440496764 8.21609243101306 0.3129416252279775 0.2229819234029552 0.8880497454812658 
0.05482325769403089 0.39677451440496764 8.21609243101306 0.3129416252279775 0.2229819234029552 0.8880497454812658 
0.05482325769403089 0.39677451440496764 8.21609243101306 0.3129416252279775 0.2229819234029552 0.8880497454812658 
0.05482325769403089 0.39677451440496764 8.21609243101306 0.3129416252279775 0.2229819234029552 0.8880497454812658 
0.05482325769403089 0.39677451440496764 8.21609243101306 0.3129416252279775 0.2229819234029552 0.8880497454812658 
0.05482325769403089 0.39677451440496764 8.21609243101306 0.3129416252279775 0.2229819234029552 0.8880497454812658 
0.05482325769403089 0.39677451440496764 8.21609243101306 0.3129416252279775 0.2229819234029552 0.8880497454812658 
0.05482325769403089 0.39677451440496764 8.21609243101306 0.3129416252279775 0.2229819234029552 0.8880497454812658 
0.05482325769403089 0.39677451440496764 8.21609243101306 0.3129416252279775 0.2229819234029552 0.8880497454812658 
0.05473519987259855 0.3949084746591485 8.228746198807826 0.3121007150420963 0.22317819164051947 0.874358433295114 
0.05473519987259855 0.3949084746591485 8.228746198807826 0.3121007150420963 0.22317819164051947 0.874358433295114 
0.05473519987259855 0.3949084746591485 8.228746198807826 0.3121007150420963 0.22317819164051947 0.874358433295114 
0.05473519987259855 0.3949084746591485 8.228746198807826 0.3121007150420963 0.22317819164051947 0.874358433295114 
0.05473519987259855 0.3949084746591485 8.228746198807826 0.3121007150420963 0.22317819164051947 0.874358433295114 
0.05473519987259855 0.3949084746591485 8.228746198807826 0.3121007150420963 0.22317819164051947 0.874358433295114 
0.05473519987259855 0.3949084746591485 8.228746198807826 0.3121007150420963 0.22317819164051947 0.874358433295114 
0.05473519987259855 0.3949084746591485 8.228746198807826 0.3121007150420963 0.22317819164051947 0.874358433295114 
0.05473519987259855 0.3949084746591485 8.228746198807826 0.3121007150420963 0.22317819164051947 0.874358433295114 
0.05473519987259855 0.3949084746591485 8.228746198807826 0.3121007150420963 0.22317819164051947 0.874358433295114 
0.05473519987259855 0.3949084746591485 8.228746198807826 0.3121007150420963 0.22317819164051947 0.874358433295114 
0.05473519987259855 0.3949084746591485 8.228746198807826 0.3121007150420963 0.22317819164051947 0.874358433295114 
0.05473519987259855 0.3949084746591485 8.228746198807826 0.3121007150420963 0.22317819164051947 0.874358433295114 
0.05473519987259855 0.3949084746591485 8.228746198807826 0.3121007150420963 0.22317819164051947 0.874358433295114 
0.05473519987259855 0.3949084746591485 8.228746198807826 0.3121007150420963 0.22317819164051947 0.874358433295114 
0.05409781211079523 0.39951928323912345 8.222307258554302 0.3122616718621624 0.2201888128412903 0.9413183747651677 
0.05409781211079523 0.39951928323912345 8.222307258554302 0.3122616718621624 0.2201888128412903 0.9413183747651677 
0.05409781211079523 0.39951928323912345 8.222307258554302 0.3122616718621624 0.2201888128412903 0.9413183747651677 
0.053242010212266475 0.3927462903558073 8.337040138996528 0.3140687907606716 0.22601422380748953 0.882763832330336 
0.053242010212266475 0.3927462903558073 8.337040138996528 0.3140687907606716 0.22601422380748953 0.882763832330336 
0.053242010212266475 0.3927462903558073 8.337040138996528 0.3140687907606716 0.22601422380748953 0.882763832330336 
0.053242010212266475 0.3927462903558073 8.337040138996528 0.3140687907606716 0.22601422380748953 0.882763832330336 
0.053242010212266475 0.3927462903558073 8.337040138996528 0.3140687907606716 0.22601422380748953 0.882763832330336 
0.053242010212266475 0.3927462903558073 8.337040138996528 0.3140687907606716 0.22601422380748953 0.882763832330336 
0.053242010212266475 0.3927462903558073 8.337040138996528 0.3140687907606716 0.22601422380748953 0.882763832330336 
0.05180998710367301 0.39787833799111166 8.221224470924644 0.3184027913337739 0.23202172545430189 0.834162584964117 
0.05180998710367301 0.39787833799111166 8.221224470924644 0.3184027913337739 0.23202172545430189 0.834162584964117 
0.05180998710367301 0.39787833799111166 8.221224470924644 0.3184027913337739 0.23202172545430189 0.834162584964117 
0.05180998710367301 0.39787833799111166 8.221224470924644 0.3184027913337739 0.23202172545430189 0.834162584964117 
0.05180998710367301 0.39787833799111166 8.221224470924644 0.3184027913337739 0.23202172545430189 0.834162584964117 
0.052177873271625506 0.3958183540586099 8.257430688878415 0.31706275234145015 0.23187893845898588 0.8626035545031298 
0.052177873271625506 0.3958183540586099 8.257430688878415 0.31706275234145015 0.23187893845898588 0.8626035545031298 
0.052177873271625506 0.3958183540586099 8.257430688878415 0.31706275234145015 0.23187893845898588 0.8626035545031298 
0.052177873271625506 0.3958183540586099 8.257430688878415 0.31706275234145015 0.23187893845898588 0.8626035545031298 
0.055322325178300706 0.41851826428693645 7.976701033809643 0.32936758895201945 0.2258648750605119 1.068784037805851 
0.055322325178300706 0.41851826428693645 7.976701033809643 0.32936758895201945 0.2258648750605119 1.068784037805851 
0.05680550159659115 0.41886845991125055 7.867872681046357 0.33686072836491826 0.22477932492015495 0.9910351154294657 
0.05680550159659115 0.41886845991125055 7.867872681046357 0.33686072836491826 0.22477932492015495 0.9910351154294657 
0.05680550159659115 0.41886845991125055 7.867872681046357 0.33686072836491826 0.22477932492015495 0.9910351154294657 
0.05680550159659115 0.41886845991125055 7.867872681046357 0.33686072836491826 0.22477932492015495 0.9910351154294657 
0.05680550159659115 0.41886845991125055 7.867872681046357 0.33686072836491826 0.22477932492015495 0.9910351154294657 
0.05680550159659115 0.41886845991125055 7.867872681046357 0.33686072836491826 0.22477932492015495 0.9910351154294657 
0.05680550159659115 0.41886845991125055 7.867872681046357 0.33686072836491826 0.22477932492015495 0.9910351154294657 
0.05680550159659115 0.41886845991125055 7.867872681046357 0.33686072836491826 0.22477932492015495 0.9910351154294657 
0.05680550159659115 0.41886845991125055 7.867872681046357 0.33686072836491826 0.22477932492015495 0.9910351154294657 
0.05680550159659115 0.41886845991125055 7.867872681046357 0.33686072836491826 0.22477932492015495 0.9910351154294657 
0.05319958585350314 0.4225315580700888 7.973461203172633 0.32503370713636304 0.2144854923384087 0.9833075849538692 
0.05319958585350314 0.4225315580700888 7.973461203172633 0.32503370713636304 0.2144854923384087 0.9833075849538692 
0.05319958585350314 0.4225315580700888 7.973461203172633 0.32503370713636304 0.2144854923384087 0.9833075849538692 
0.05319958585350314 0.4225315580700888 7.973461203172633 0.32503370713636304 0.2144854923384087 0.9833075849538692 
0.05319958585350314 0.4225315580700888 7.973461203172633 0.32503370713636304 0.2144854923384087 0.9833075849538692 
0.05319958585350314 0.4225315580700888 7.973461203172633 0.32503370713636304 0.2144854923384087 0.9833075849538692 
0.052517379688262894 0.4204595252356287 7.988060793012772 0.3250768001850916 0.21669135559993788 0.9689490451926558 
0.06658434642462259 0.4717627947610464 7.663395128479118 0.3251374273800604 0.21916217350794712 1.2285052417229587 
0.06568651876112014 0.468488350776688 7.68411699556467 0.32513355783420705 0.2190044729381751 1.211939002686078 
0.06568651876112014 0.468488350776688 7.68411699556467 0.32513355783420705 0.2190044729381751 1.211939002686078 
0.06568651876112014 0.468488350776688 7.68411699556467 0.32513355783420705 0.2190044729381751 1.211939002686078 
0.06568651876112014 0.468488350776688 7.68411699556467 0.32513355783420705 0.2190044729381751 1.211939002686078 
0.06568651876112014 0.468488350776688 7.68411699556467 0.32513355783420705 0.2190044729381751 1.211939002686078 
0.058977371641999704 0.48233181178331785 7.660258854039219 0.29892636374741804 0.21963194421658294 1.5615848256881288 
0.058977371641999704 0.48233181178331785 7.660258854039219 0.29892636374741804 0.21963194421658294 1.5615848256881288 
0.058977371641999704 0.48233181178331785 7.660258854039219 0.29892636374741804 0.21963194421658294 1.5615848256881288 
0.058977371641999704 0.48233181178331785 7.660258854039219 0.29892636374741804 0.21963194421658294 1.5615848256881288 
0.058977371641999704 0.48233181178331785 7.660258854039219 0.29892636374741804 0.21963194421658294 1.5615848256881288 
0.058977371641999704 0.48233181178331785 7.660258854039219 0.29892636374741804 0.21963194421658294 1.5615848256881288 
0.058977371641999704 0.48233181178331785 7.660258854039219 0.29892636374741804 0.21963194421658294 1.5615848256881288 
0.058977371641999704 0.48233181178331785 7.660258854039219 0.29892636374741804 0.21963194421658294 1.5615848256881288 
0.058977371641999704 0.48233181178331785 7.660258854039219 0.29892636374741804 0.21963194421658294 1.5615848256881288 
0.06404697612253467 0.4731410303440527 7.966348092098048 0.2703873402646771 0.21818392989322516 1.5844809170022176 
0.061598781430205016 0.46817049896307505 8.021136187428086 0.2719799187038056 0.21948007695605815 1.5995617081626345 
0.0529718837171709 0.46714366424924075 8.223448104185925 0.2724694167653873 0.22755284834990536 2.000638073972829 
0.0529718837171709 0.46714366424924075 8.223448104185925 0.2724694167653873 0.22755284834990536 2.000638073972829 
0.051792325131000794 0.45088053252927685 8.604461648229007 0.2430717441772801 0.22636423493656524 2.0337555528412987 
0.051792325131000794 0.45088053252927685 8.604461648229007 0.2430717441772801 0.22636423493656524 2.0337555528412987 
0.051792325131000794 0.45088053252927685 8.604461648229007 0.2430717441772801 0.22636423493656524 2.0337555528412987 
0.051792325131000794 0.45088053252927685 8.604461648229007 0.2430717441772801 0.22636423493656524 2.0337555528412987 
0.05274136724191747 0.45302214732926793 8.579879727456307 0.24309543874431797 0.2228573679065338 1.9595707044873572 
0.05274136724191747 0.45302214732926793 8.579879727456307 0.24309543874431797 0.2228573679065338 1.9595707044873572 
0.04979179017403412 0.4534777533631809 8.740321129586668 0.2423342450549394 0.23113846297170815 1.9357207695498801 
0.04979179017403412 0.4534777533631809 8.740321129586668 0.2423342450549394 0.23113846297170815 1.9357207695498801 
0.04979179017403412 0.4534777533631809 8.740321129586668 0.2423342450549394 0.23113846297170815 1.9357207695498801 
0.04979179017403412 0.4534777533631809 8.740321129586668 0.2423342450549394 0.23113846297170815 1.9357207695498801 
0.04979179017403412 0.4534777533631809 8.740321129586668 0.2423342450549394 0.23113846297170815 1.9357207695498801 
0.04979179017403412 0.4534777533631809 8.740321129586668 0.2423342450549394 0.23113846297170815 1.9357207695498801 
0.04979179017403412 0.4534777533631809 8.740321129586668 0.2423342450549394 0.23113846297170815 1.9357207695498801 
0.04979179017403412 0.4534777533631809 8.740321129586668 0.2423342450549394 0.23113846297170815 1.9357207695498801 
0.04926148072119233 0.4566219474866224 8.53913022650405 0.2540157813592959 0.22515738438146424 1.8297191754119488 
0.04937708834828741 0.46218521697910797 8.698157501616063 0.24948964874853935 0.23067586251933664 1.7804007412466176 
0.04937708834828741 0.46218521697910797 8.698157501616063 0.24948964874853935 0.23067586251933664 1.7804007412466176 
0.04937708834828741 0.46218521697910797 8.698157501616063 0.24948964874853935 0.23067586251933664 1.7804007412466176 
0.05280485602481153 0.4701919800342114 7.991782660586416 0.25224814249776395 0.17867006164228572 1.756376931801506 
0.05280485602481153 0.4701919800342114 7.991782660586416 0.25224814249776395 0.17867006164228572 1.756376931801506 
0.05280485602481153 0.4701919800342114 7.991782660586416 0.25224814249776395 0.17867006164228572 1.756376931801506 
0.04836412767936261 0.4635948426114112 8.170018317163022 0.253261589936823 0.18041391364909326 1.891311876522881 
0.04836412767936261 0.4635948426114112 8.170018317163022 0.253261589936823 0.18041391364909326 1.891311876522881 
0.04836412767936261 0.4635948426114112 8.170018317163022 0.253261589936823 0.18041391364909326 1.891311876522881 
0.04836412767936261 0.4635948426114112 8.170018317163022 0.253261589936823 0.18041391364909326 1.891311876522881 
0.04836412767936261 0.4635948426114112 8.170018317163022 0.253261589936823 0.18041391364909326 1.891311876522881 
0.04584568892178392 0.4715015352183421 8.11005748796613 0.25310848219842497 0.18041758812292572 1.995668259168823 
0.04584568892178392 0.4715015352183421 8.11005748796613 0.25310848219842497 0.18041758812292572 1.995668259168823 
0.047355100427219576 0.4710995449558876 8.185974420521694 0.2474501482256921 0.18489287139368046 1.969187741881491 
0.047355100427219576 0.4710995449558876 8.185974420521694 0.2474501482256921 0.18489287139368046 1.969187741881491 
0.047355100427219576 0.4710995449558876 8.185974420521694 0.2474501482256921 0.18489287139368046 1.969187741881491 
0.04742882608839745 0.47179661787552735 8.14994683494467 0.25118543107891006 0.1853515843134622 1.8513163219091804 
0.04742882608839745 0.47179661787552735 8.14994683494467 0.25118543107891006 0.1853515843134622 1.8513163219091804 
0.04742882608839745 0.47179661787552735 8.14994683494467 0.25118543107891006 0.1853515843134622 1.8513163219091804 
0.04742882608839745 0.47179661787552735 8.14994683494467 0.25118543107891006 0.1853515843134622 1.8513163219091804 
0.04742882608839745 0.47179661787552735 8.14994683494467 0.25118543107891006 0.1853515843134622 1.8513163219091804 
0.04742882608839745 0.47179661787552735 8.14994683494467 0.25118543107891006 0.1853515843134622 1.8513163219091804 
0.04742882608839745 0.47179661787552735 8.14994683494467 0.25118543107891006 0.1853515843134622 1.8513163219091804 
0.03611075181177776 0.5374695640369214 7.710463453639305 0.2533040990314142 0.19164293949220376 1.7235649041205567 
0.03611075181177776 0.5374695640369214 7.710463453639305 0.2533040990314142 0.19164293949220376 1.7235649041205567 
0.03478718757625178 0.5476010698991276 7.621655881368948 0.25340965772910207 0.19619460805130967 1.7740897387950934 
0.03952673969786541 0.5439257455151566 7.533449610807073 0.2545810574031731 0.1919959551591244 1.7424423050374171 
0.03952673969786541 0.5439257455151566 7.533449610807073 0.2545810574031731 0.1919959551591244 1.7424423050374171 
0.04176405939535783 0.54110439121317 7.514652249191453 0.2590940900483255 0.19228759784909882 1.7444592766607172 
0.04176405939535783 0.54110439121317 7.514652249191453 0.2590940900483255 0.19228759784909882 1.7444592766607172 
0.04176405939535783 0.54110439121317 7.514652249191453 0.2590940900483255 0.19228759784909882 1.7444592766607172 
0.034773411879874615 0.5475945775698376 7.625735318076179 0.2600704480283532 0.20641694994675833 1.6419009269358704 
0.034773411879874615 0.5475945775698376 7.625735318076179 0.2600704480283532 0.20641694994675833 1.6419009269358704 
0.034773411879874615 0.5475945775698376 7.625735318076179 0.2600704480283532 0.20641694994675833 1.6419009269358704 
0.034773411879874615 0.5475945775698376 7.625735318076179 0.2600704480283532 0.20641694994675833 1.6419009269358704 
0.034773411879874615 0.5475945775698376 7.625735318076179 0.2600704480283532 0.20641694994675833 1.6419009269358704 
0.034773411879874615 0.5475945775698376 7.625735318076179 0.2600704480283532 0.20641694994675833 1.6419009269358704 
0.034773411879874615 0.5475945775698376 7.625735318076179 0.2600704480283532 0.20641694994675833 1.6419009269358704 
0.034773411879874615 0.5475945775698376 7.625735318076179 0.2600704480283532 0.20641694994675833 1.6419009269358704 
0.034773411879874615 0.5475945775698376 7.625735318076179 0.2600704480283532 0.20641694994675833 1.6419009269358704 
0.034773411879874615 0.5475945775698376 7.625735318076179 0.2600704480283532 0.20641694994675833 1.6419009269358704 
0.034773411879874615 0.5475945775698376 7.625735318076179 0.2600704480283532 0.20641694994675833 1.6419009269358704 
0.03622759175387311 0.5473017219194796 7.594895931787015 0.26244231342701047 0.2062885100072866 1.6525808131768316 
0.044371906422981416 0.546363335368542 7.429978091359245 0.25869520975674465 0.18365228632077285 1.746152134226291 
0.044371906422981416 0.546363335368542 7.429978091359245 0.25869520975674465 0.18365228632077285 1.746152134226291 
0.044371906422981416 0.546363335368542 7.429978091359245 0.25869520975674465 0.18365228632077285 1.746152134226291 
0.044371906422981416 0.546363335368542 7.429978091359245 0.25869520975674465 0.18365228632077285 1.746152134226291 
0.044371906422981416 0.546363335368542 7.429978091359245 0.25869520975674465 0.18365228632077285 1.746152134226291 
0.044371906422981416 0.546363335368542 7.429978091359245 0.25869520975674465 0.18365228632077285 1.746152134226291 
0.044371906422981416 0.546363335368542 7.429978091359245 0.25869520975674465 0.18365228632077285 1.746152134226291 
0.049693723948597904 0.5423348401978227 7.277395329947793 0.27255841976125367 0.17328650270554147 1.6598748701178745 
0.04986437684823268 0.5419748849812064 7.2763521437477365 0.2728191316438653 0.1729564241830831 1.662240333481386 
0.04986437684823268 0.5419748849812064 7.2763521437477365 0.2728191316438653 0.1729564241830831 1.662240333481386 
0.04986437684823268 0.5419748849812064 7.2763521437477365 0.2728191316438653 0.1729564241830831 1.662240333481386 
0.04986437684823268 0.5419748849812064 7.2763521437477365 0.2728191316438653 0.1729564241830831 1.662240333481386 
0.05027684932824264 0.5389072674617311 7.280915759948608 0.26921432387110517 0.16529243777456193 1.621293991869092 
0.05027684932824264 0.5389072674617311 7.280915759948608 0.26921432387110517 0.16529243777456193 1.621293991869092 
0.05027684932824264 0.5389072674617311 7.280915759948608 0.26921432387110517 0.16529243777456193 1.621293991869092 
0.04704013638043595 0.5505602909687932 7.253602130969488 0.2597975564012904 0.15922301249568224 1.599784099866986 
0.04704013638043595 0.5505602909687932 7.253602130969488 0.2597975564012904 0.15922301249568224 1.599784099866986 
0.04750547826795456 0.5492149095000978 7.25395821307081 0.25974435342222896 0.16032099360183988 1.6085025537790054 
0.04750547826795456 0.5492149095000978 7.25395821307081 0.25974435342222896 0.16032099360183988 1.6085025537790054 
0.04750547826795456 0.5492149095000978 7.25395821307081 0.25974435342222896 0.16032099360183988 1.6085025537790054 
0.0476833318910346 0.5487865465927945 7.238263898225726 0.2625899719996443 0.1635401799742925 1.601068509101967 
0.0476833318910346 0.5487865465927945 7.238263898225726 0.2625899719996443 0.1635401799742925 1.601068509101967 
0.0476833318910346 0.5487865465927945 7.238263898225726 0.2625899719996443 0.1635401799742925 1.601068509101967 
0.0476833318910346 0.5487865465927945 7.238263898225726 0.2625899719996443 0.1635401799742925 1.601068509101967 
0.0476833318910346 0.5487865465927945 7.238263898225726 0.2625899719996443 0.1635401799742925 1.601068509101967 
0.046886669876915955 0.5473785055384667 7.257932123147157 0.2630747633283174 0.1630474281736534 1.584120510789202 
0.046886669876915955 0.5473785055384667 7.257932123147157 0.2630747633283174 0.1630474281736534 1.584120510789202 
0.046886669876915955 0.5473785055384667 7.257932123147157 0.2630747633283174 0.1630474281736534 1.584120510789202 
0.046886669876915955 0.5473785055384667 7.257932123147157 0.2630747633283174 0.1630474281736534 1.584120510789202 
0.046886669876915955 0.5473785055384667 7.257932123147157 0.2630747633283174 0.1630474281736534 1.584120510789202 
0.046886669876915955 0.5473785055384667 7.257932123147157 0.2630747633283174 0.1630474281736534 1.584120510789202 
0.046886669876915955 0.5473785055384667 7.257932123147157 0.2630747633283174 0.1630474281736534 1.584120510789202 
0.0475183232541791 0.5311676979911268 7.363706102260343 0.26337228238533356 0.17008226409003477 1.6049797426556938 
0.0475183232541791 0.5311676979911268 7.363706102260343 0.26337228238533356 0.17008226409003477 1.6049797426556938 
0.0475183232541791 0.5311676979911268 7.363706102260343 0.26337228238533356 0.17008226409003477 1.6049797426556938 
0.0475183232541791 0.5311676979911268 7.363706102260343 0.26337228238533356 0.17008226409003477 1.6049797426556938 
0.04749597946680518 0.5288951949187051 7.386585813555727 0.2633811329012621 0.16919763389728434 1.6137722935928904 
0.04749597946680518 0.5288951949187051 7.386585813555727 0.2633811329012621 0.16919763389728434 1.6137722935928904 
0.0485402095857255 0.5210249026167211 7.491365176313934 0.2633651769887124 0.17089340995981905 1.620524288690893 
0.0485402095857255 0.5210249026167211 7.491365176313934 0.2633651769887124 0.17089340995981905 1.620524288690893 
0.05407580143099558 0.5304460885995748 7.480414285342698 0.24350779645399623 0.15465732317887196 1.540304581765752 
0.05687442056630712 0.5236811390403568 7.562121965502441 0.24663019323074925 0.1598539257714296 1.54892253683571 
0.05687442056630712 0.5236811390403568 7.562121965502441 0.24663019323074925 0.1598539257714296 1.54892253683571 
0.05687442056630712 0.5236811390403568 7.562121965502441 0.24663019323074925 0.1598539257714296 1.54892253683571 
0.05707379210534625 0.5251211119758733 7.553047811575379 0.24640375998002945 0.16061774035242277 1.5415318958075985 
0.05707379210534625 0.5251211119758733 7.553047811575379 0.24640375998002945 0.16061774035242277 1.5415318958075985 
0.05707379210534625 0.5251211119758733 7.553047811575379 0.24640375998002945 0.16061774035242277 1.5415318958075985 
0.05707379210534625 0.5251211119758733 7.553047811575379 0.24640375998002945 0.16061774035242277 1.5415318958075985 
0.05477885723942402 0.5373530080129864 7.481504681511302 0.24506927269331025 0.15710223621102876 1.476432142595447 
0.054677733772988305 0.5356993755493658 7.492829211174714 0.24551287562556526 0.1565693272111761 1.4812955996277426 
0.054677733772988305 0.5356993755493658 7.492829211174714 0.24551287562556526 0.1565693272111761 1.4812955996277426 
0.054677733772988305 0.5356993755493658 7.492829211174714 0.24551287562556526 0.1565693272111761 1.4812955996277426 
0.054677733772988305 0.5356993755493658 7.492829211174714 0.24551287562556526 0.1565693272111761 1.4812955996277426 
0.054677733772988305 0.5356993755493658 7.492829211174714 0.24551287562556526 0.1565693272111761 1.4812955996277426 
0.054677733772988305 0.5356993755493658 7.492829211174714 0.24551287562556526 0.1565693272111761 1.4812955996277426 
0.054677733772988305 0.5356993755493658 7.492829211174714 0.24551287562556526 0.1565693272111761 1.4812955996277426 
0.054677733772988305 0.5356993755493658 7.492829211174714 0.24551287562556526 0.1565693272111761 1.4812955996277426 
0.054677733772988305 0.5356993755493658 7.492829211174714 0.24551287562556526 0.1565693272111761 1.4812955996277426 
0.054677733772988305 0.5356993755493658 7.492829211174714 0.24551287562556526 0.1565693272111761 1.4812955996277426 
0.054677733772988305 0.5356993755493658 7.492829211174714 0.24551287562556526 0.1565693272111761 1.4812955996277426 
0.054677733772988305 0.5356993755493658 7.492829211174714 0.24551287562556526 0.1565693272111761 1.4812955996277426 
0.054677733772988305 0.5356993755493658 7.492829211174714 0.24551287562556526 0.1565693272111761 1.4812955996277426 
0.054677733772988305 0.5356993755493658 7.492829211174714 0.24551287562556526 0.1565693272111761 1.4812955996277426 
0.054677733772988305 0.5356993755493658 7.492829211174714 0.24551287562556526 0.1565693272111761 1.4812955996277426 
0.054677733772988305 0.5356993755493658 7.492829211174714 0.24551287562556526 0.1565693272111761 1.4812955996277426 
0.05470331038949993 0.5360397831025046 7.487700939798889 0.24546705260657997 0.1565815863660388 1.480801031946018 
0.05470331038949993 0.5360397831025046 7.487700939798889 0.24546705260657997 0.1565815863660388 1.480801031946018 
0.05505367897313178 0.5362039307791797 7.435415564761755 0.2508722403312379 0.1559162753699431 1.4786761298210191 
0.05368596774693439 0.5216777192531679 7.627195739273736 0.2507527020993835 0.15961747729294387 1.5343250165661313 
0.05413546382034219 0.5235965160852285 7.596171685026273 0.2508235262492677 0.16013039300561652 1.5633683126732898 
0.055355737379427575 0.5312153485491578 7.477924692554196 0.2510195619402895 0.15724349542811286 1.533341088002322 
0.055355737379427575 0.5312153485491578 7.477924692554196 0.2510195619402895 0.15724349542811286 1.533341088002322 
0.055844307048232816 0.5345196956762484 7.447031811401315 0.2513019554318412 0.15860568063239444 1.5013622402074387 
0.055844307048232816 0.5345196956762484 7.447031811401315 0.2513019554318412 0.15860568063239444 1.5013622402074387 
0.05582497020056313 0.5344031855187034 7.448772623319955 0.2513003982110645 0.15864057504992152 1.5018678718829244 
0.05717289891677415 0.5379690133890522 7.6914033033835745 0.248036268925747 0.1264227048469109 1.2276885651214076 
0.05717289891677415 0.5379690133890522 7.6914033033835745 0.248036268925747 0.1264227048469109 1.2276885651214076 
0.05100543250880202 0.48511935268925543 8.107188743372514 0.2596601220094783 0.157168883880084 1.4713942101236972 
0.05130788202720549 0.4913173560229004 7.936172986290191 0.2594169435426248 0.16717730099431466 1.559219466949344 
0.05165055537085351 0.49289183594862385 7.907818029222524 0.25970651342605533 0.1665708333237837 1.548381913551369 
0.05165055537085351 0.49289183594862385 7.907818029222524 0.25970651342605533 0.1665708333237837 1.548381913551369 
0.05165055537085351 0.49289183594862385 7.907818029222524 0.25970651342605533 0.1665708333237837 1.548381913551369 
0.05165055537085351 0.49289183594862385 7.907818029222524 0.25970651342605533 0.1665708333237837 1.548381913551369 
0.05243330658199517 0.4925353466748318 7.846946668028174 0.26556985517154286 0.16424277435538967 1.5797435949434617 
0.05243330658199517 0.4925353466748318 7.846946668028174 0.26556985517154286 0.16424277435538967 1.5797435949434617 
0.04688994087815938 0.49614012482772196 7.97640313791055 0.27045539288007503 0.14834936255196512 1.422057590285864 
0.04688994087815938 0.49614012482772196 7.97640313791055 0.27045539288007503 0.14834936255196512 1.422057590285864 
0.04688994087815938 0.49614012482772196 7.97640313791055 0.27045539288007503 0.14834936255196512 1.422057590285864 
0.04756753727924103 0.4962121584313518 7.938254696056855 0.2717205627316322 0.15008363965257254 1.4121811156063273 
0.047909165650073936 0.49901802191792705 8.213404707757807 0.2484668940501737 0.1525057765281252 1.3150921252958168 
0.047909165650073936 0.49901802191792705 8.213404707757807 0.2484668940501737 0.1525057765281252 1.3150921252958168 
0.047909165650073936 0.49901802191792705 8.213404707757807 0.2484668940501737 0.1525057765281252 1.3150921252958168 
0.047909165650073936 0.49901802191792705 8.213404707757807 0.2484668940501737 0.1525057765281252 1.3150921252958168 
0.047909165650073936 0.49901802191792705 8.213404707757807 0.2484668940501737 0.1525057765281252 1.3150921252958168 
0.04821661981770259 0.5088436633227563 8.20351799427766 0.2485692973134241 0.14951676925982108 1.2362042099518984 
0.05027977539982963 0.48075276449723403 8.365793293545881 0.2522182076265466 0.15485511199614427 1.353777201257552 
0.05027977539982963 0.48075276449723403 8.365793293545881 0.2522182076265466 0.15485511199614427 1.353777201257552 
0.05027977539982963 0.48075276449723403 8.365793293545881 0.2522182076265466 0.15485511199614427 1.353777201257552 
0.05027977539982963 0.48075276449723403 8.365793293545881 0.2522182076265466 0.15485511199614427 1.353777201257552 
0.05027977539982963 0.48075276449723403 8.365793293545881 0.2522182076265466 0.15485511199614427 1.353777201257552 
0.05027977539982963 0.48075276449723403 8.365793293545881 0.2522182076265466 0.15485511199614427 1.353777201257552 
0.04514510131238287 0.5155224635059188 8.267657116202502 0.250480656359107 0.14570343228894805 1.3144732499216008 
0.04514510131238287 0.5155224635059188 8.267657116202502 0.250480656359107 0.14570343228894805 1.3144732499216008 
0.04471020812108784 0.5156841806555671 8.263241755786476 0.2506522808525388 0.145395079409657 1.2948337063855433 
0.040145392368351886 0.5123006532480388 8.614900861533709 0.24821502663666717 0.16087526300081212 1.313849928200295 
0.04450508190862251 0.5114404422315711 8.003720534792826 0.2634399019179106 0.1872373994830424 1.1213582123921801 
0.04298196084753164 0.5139991273609452 8.095458927000056 0.2443080747830682 0.18893321960907833 1.0850295370039262 
0.04298196084753164 0.5139991273609452 8.095458927000056 0.2443080747830682 0.18893321960907833 1.0850295370039262 
0.04298196084753164 0.5139991273609452 8.095458927000056 0.2443080747830682 0.18893321960907833 1.0850295370039262 
0.04298196084753164 0.5139991273609452 8.095458927000056 0.2443080747830682 0.18893321960907833 1.0850295370039262 
0.04298196084753164 0.5139991273609452 8.095458927000056 0.2443080747830682 0.18893321960907833 1.0850295370039262 
0.04298196084753164 0.5139991273609452 8.095458927000056 0.2443080747830682 0.18893321960907833 1.0850295370039262 
0.04298196084753164 0.5139991273609452 8.095458927000056 0.2443080747830682 0.18893321960907833 1.0850295370039262 
0.04298196084753164 0.5139991273609452 8.095458927000056 0.2443080747830682 0.18893321960907833 1.0850295370039262 
0.04298196084753164 0.5139991273609452 8.095458927000056 0.2443080747830682 0.18893321960907833 1.0850295370039262 
0.04298196084753164 0.5139991273609452 8.095458927000056 0.2443080747830682 0.18893321960907833 1.0850295370039262 
0.04298196084753164 0.5139991273609452 8.095458927000056 0.2443080747830682 0.18893321960907833 1.0850295370039262 
0.04298196084753164 0.5139991273609452 8.095458927000056 0.2443080747830682 0.18893321960907833 1.0850295370039262 
0.04298196084753164 0.5139991273609452 8.095458927000056 0.2443080747830682 0.18893321960907833 1.0850295370039262 
0.042935852717782955 0.5140451786692306 8.109378470653278 0.2426451823209538 0.189258517320971 1.0835162771233486 
0.042935852717782955 0.5140451786692306 8.109378470653278 0.2426451823209538 0.189258517320971 1.0835162771233486 
0.042935852717782955 0.5140451786692306 8.109378470653278 0.2426451823209538 0.189258517320971 1.0835162771233486 
0.042935852717782955 0.5140451786692306 8.109378470653278 0.2426451823209538 0.189258517320971 1.0835162771233486 
0.042935852717782955 0.5140451786692306 8.109378470653278 0.2426451823209538 0.189258517320971 1.0835162771233486 
0.042935852717782955 0.5140451786692306 8.109378470653278 0.2426451823209538 0.189258517320971 1.0835162771233486 
0.042935852717782955 0.5140451786692306 8.109378470653278 0.2426451823209538 0.189258517320971 1.0835162771233486 
0.042935852717782955 0.5140451786692306 8.109378470653278 0.2426451823209538 0.189258517320971 1.0835162771233486 
