0.08309742355491433 0.23603181992591327 12.892500865341754 0.24529698618108678 0.13686575188750894 0.8480654343563725 
0.031597438033037994 0.2853298835438318 10.921609512176826 0.5669050226898071 0.15447894791879124 1.6477912581873402 
0.031597438033037994 0.2853298835438318 10.921609512176826 0.5669050226898071 0.15447894791879124 1.6477912581873402 
0.03029649183607722 0.2799571469494893 10.907666719714543 0.5803839977608757 0.15311408221034087 1.6454216852866212 
0.03350846898620524 0.28454172936367267 10.464967124307746 0.5749763579503062 0.15602966777614372 1.6622639793294622 
0.03350846898620524 0.28454172936367267 10.464967124307746 0.5749763579503062 0.15602966777614372 1.6622639793294622 
0.05788958721379773 0.25247559298031375 10.874307288360004 0.543698644459765 0.12922674959205344 1.4377849313626678 
0.06157959718094218 0.2257122633481512 10.593128652355752 0.49663820737609576 0.1286956437259893 1.2899999086840157 
0.06157959718094218 0.2257122633481512 10.593128652355752 0.49663820737609576 0.1286956437259893 1.2899999086840157 
0.06157959718094218 0.2257122633481512 10.593128652355752 0.49663820737609576 0.1286956437259893 1.2899999086840157 
0.06218539099417511 0.24646185610539723 10.344772862665206 0.48105611734075815 0.14102332353350935 1.370069107973869 
0.06424003054327294 0.19716463586927502 10.67993090335591 0.5112831445953847 0.14362146555363503 1.2634344969711964 
0.06424003054327294 0.19716463586927502 10.67993090335591 0.5112831445953847 0.14362146555363503 1.2634344969711964 
0.06374505206058491 0.20056068066412464 10.650729157258889 0.5108353531727655 0.14479548579229218 1.2711186365348857 
0.06374505206058491 0.20056068066412464 10.650729157258889 0.5108353531727655 0.14479548579229218 1.2711186365348857 
0.06304679021733658 0.20173336036455486 10.712444310899805 0.5138924460151467 0.14502859911037003 1.2669941222091874 
0.06304679021733658 0.20173336036455486 10.712444310899805 0.5138924460151467 0.14502859911037003 1.2669941222091874 
0.06304679021733658 0.20173336036455486 10.712444310899805 0.5138924460151467 0.14502859911037003 1.2669941222091874 
0.06304679021733658 0.20173336036455486 10.712444310899805 0.5138924460151467 0.14502859911037003 1.2669941222091874 
0.06360904716240158 0.19656958517980283 10.93679266416663 0.5089452805954123 0.14424034703083977 1.2206332065550574 
0.06360904716240158 0.19656958517980283 10.93679266416663 0.5089452805954123 0.14424034703083977 1.2206332065550574 
0.06360904716240158 0.19656958517980283 10.93679266416663 0.5089452805954123 0.14424034703083977 1.2206332065550574 
0.06486374628349734 0.18945617107214505 10.99037275549188 0.5138088083816429 0.13816205130394613 1.2070191103477748 
0.06486374628349734 0.18945617107214505 10.99037275549188 0.5138088083816429 0.13816205130394613 1.2070191103477748 
0.06486374628349734 0.18945617107214505 10.99037275549188 0.5138088083816429 0.13816205130394613 1.2070191103477748 
0.06486374628349734 0.18945617107214505 10.99037275549188 0.5138088083816429 0.13816205130394613 1.2070191103477748 
0.06486374628349734 0.18945617107214505 10.99037275549188 0.5138088083816429 0.13816205130394613 1.2070191103477748 
0.06486374628349734 0.18945617107214505 10.99037275549188 0.5138088083816429 0.13816205130394613 1.2070191103477748 
0.06486374628349734 0.18945617107214505 10.99037275549188 0.5138088083816429 0.13816205130394613 1.2070191103477748 
0.06486374628349734 0.18945617107214505 10.99037275549188 0.5138088083816429 0.13816205130394613 1.2070191103477748 
0.06486374628349734 0.18945617107214505 10.99037275549188 0.5138088083816429 0.13816205130394613 1.2070191103477748 
0.06486374628349734 0.18945617107214505 10.99037275549188 0.5138088083816429 0.13816205130394613 1.2070191103477748 
0.06239701486804718 0.2060799872707319 10.724138037117177 0.5311452174144038 0.14003320260532395 1.3023451801641934 
0.05653408129785666 0.19933028543036976 9.894960350462993 0.5886917589624598 0.16150448251995847 1.5973558860284798 
0.05653408129785666 0.19933028543036976 9.894960350462993 0.5886917589624598 0.16150448251995847 1.5973558860284798 
0.05653408129785666 0.19933028543036976 9.894960350462993 0.5886917589624598 0.16150448251995847 1.5973558860284798 
0.049936561854981194 0.2864740032884556 8.83913253160911 0.627442334059449 0.17845376970003715 1.52207620262888 
0.049936561854981194 0.2864740032884556 8.83913253160911 0.627442334059449 0.17845376970003715 1.52207620262888 
0.05494007678913963 0.3237326969946673 7.244976215100014 0.646216308396662 0.18811253219090893 1.5610396368490862 
0.05494007678913963 0.3237326969946673 7.244976215100014 0.646216308396662 0.18811253219090893 1.5610396368490862 
0.05494007678913963 0.3237326969946673 7.244976215100014 0.646216308396662 0.18811253219090893 1.5610396368490862 
0.05005511273687209 0.3497606893316303 6.557217758008411 0.6909414380717218 0.1936138475801372 1.6602068847301588 
0.05005511273687209 0.3497606893316303 6.557217758008411 0.6909414380717218 0.1936138475801372 1.6602068847301588 
0.05005511273687209 0.3497606893316303 6.557217758008411 0.6909414380717218 0.1936138475801372 1.6602068847301588 
0.05005511273687209 0.3497606893316303 6.557217758008411 0.6909414380717218 0.1936138475801372 1.6602068847301588 
0.05154489574819796 0.3355525591759033 6.822255253269072 0.6772196625479496 0.19069537512540002 1.6853588298905313 
0.048729162042271186 0.38123767065769576 6.674956114949827 0.5861274980084326 0.17538513214479565 1.5724591406441388 
0.0489808717965192 0.38266000780094717 6.480319475689475 0.5989895447915168 0.17431731052451613 1.5781360859120432 
0.05342642388079484 0.36298306591365803 7.330614261531893 0.5665299998729064 0.16972831560349463 1.585043093171237 
0.055967993094426086 0.3553437344350766 7.282715661033273 0.5676749917638012 0.1794369627730576 1.4604387753284571 
0.055967993094426086 0.3553437344350766 7.282715661033273 0.5676749917638012 0.1794369627730576 1.4604387753284571 
0.05583277385266895 0.35597966742612713 7.24858919191234 0.5686613830574468 0.17726062554156666 1.463198732254321 
0.053931328750805405 0.3527002576504787 7.806207000892214 0.5299496220649074 0.17983894906845044 1.47070179405606 
0.05497301159207459 0.3425024480654795 7.9891844489007795 0.5229156963545535 0.18158833617682155 1.3608365919950063 
0.05497301159207459 0.3425024480654795 7.9891844489007795 0.5229156963545535 0.18158833617682155 1.3608365919950063 
0.05013009725750293 0.39054106067204497 8.46395719204586 0.4325912777486456 0.14369276993207 1.7246129900412845 
0.05013009725750293 0.39054106067204497 8.46395719204586 0.4325912777486456 0.14369276993207 1.7246129900412845 
0.05013009725750293 0.39054106067204497 8.46395719204586 0.4325912777486456 0.14369276993207 1.7246129900412845 
0.05073717519372036 0.39152715047672404 8.451908391694012 0.42843603357267895 0.1449860514911196 1.6942655058809402 
0.05586576762849172 0.3218865343897807 9.958203278722275 0.4623704885882553 0.16070572790262547 1.4802589024756774 
0.0587570272855597 0.35664614544058715 8.802485443057883 0.4783616036020091 0.16121285934991952 1.61225039407622 
0.0587570272855597 0.35664614544058715 8.802485443057883 0.4783616036020091 0.16121285934991952 1.61225039407622 
0.0587570272855597 0.35664614544058715 8.802485443057883 0.4783616036020091 0.16121285934991952 1.61225039407622 
0.0587570272855597 0.35664614544058715 8.802485443057883 0.4783616036020091 0.16121285934991952 1.61225039407622 
0.0587570272855597 0.35664614544058715 8.802485443057883 0.4783616036020091 0.16121285934991952 1.61225039407622 
0.05888263915946161 0.3555183131799674 8.73753905157184 0.48233337731870574 0.16376089148256714 1.5897812673247833 
0.05888263915946161 0.3555183131799674 8.73753905157184 0.48233337731870574 0.16376089148256714 1.5897812673247833 
0.05888263915946161 0.3555183131799674 8.73753905157184 0.48233337731870574 0.16376089148256714 1.5897812673247833 
0.058957106560803565 0.35418027746480896 8.760778275097286 0.4809548613880489 0.1638266653015742 1.5910860865708447 
0.058957106560803565 0.35418027746480896 8.760778275097286 0.4809548613880489 0.1638266653015742 1.5910860865708447 
0.058957106560803565 0.35418027746480896 8.760778275097286 0.4809548613880489 0.1638266653015742 1.5910860865708447 
0.062157654929511794 0.3471434497790317 9.041631208364773 0.46213108762911775 0.17024617996661348 1.571841728331382 
0.062297598019173096 0.3465023500505139 9.138828088931984 0.465672473400239 0.1749026091174627 1.5521469566244852 
0.05805064994945276 0.35676124381175356 9.182867197673431 0.4218932648644505 0.17437822621602667 1.5074235554542315 
0.058557881075572873 0.36128448149662074 9.251254338829453 0.4104937179379231 0.17826270091906493 1.4874881540423448 
0.058557881075572873 0.36128448149662074 9.251254338829453 0.4104937179379231 0.17826270091906493 1.4874881540423448 
0.058557881075572873 0.36128448149662074 9.251254338829453 0.4104937179379231 0.17826270091906493 1.4874881540423448 
0.04449295813564559 0.3285971461898887 9.014292964761582 0.3484320119940442 0.17644172376709785 1.6649436620981608 
0.04449295813564559 0.3285971461898887 9.014292964761582 0.3484320119940442 0.17644172376709785 1.6649436620981608 
0.03906271210150637 0.32098545860664723 9.555947762894435 0.32829079787759297 0.17646456865049814 1.9229231066963675 
0.03868538027999542 0.3197594819635893 9.611583590022578 0.326707342861668 0.1778512160131174 1.9347232979265652 
0.03868538027999542 0.3197594819635893 9.611583590022578 0.326707342861668 0.1778512160131174 1.9347232979265652 
0.03897045350264734 0.31884129253209614 9.624471399909979 0.325897499269314 0.1771509524097295 1.925156787199053 
0.03917870137205027 0.3185939537111181 9.63210823309072 0.32566339772507763 0.1767845493511751 1.9240866114157527 
0.03917870137205027 0.3185939537111181 9.63210823309072 0.32566339772507763 0.1767845493511751 1.9240866114157527 
0.041772096700104094 0.33212259338429095 9.47560480325149 0.3340937008225441 0.17301181673685018 1.9397163203891121 
0.04205460826084495 0.3281272310244322 9.547197627576068 0.3303399196800636 0.17546908498716177 1.947802831069732 
0.04205460826084495 0.3281272310244322 9.547197627576068 0.3303399196800636 0.17546908498716177 1.947802831069732 
0.04205460826084495 0.3281272310244322 9.547197627576068 0.3303399196800636 0.17546908498716177 1.947802831069732 
0.04249987395640355 0.32517905174722816 9.601044425374768 0.3281657867034259 0.17442533740650304 1.9492876543845803 
0.06287725013415875 0.3572412514693008 9.186460330772476 0.290947730779929 0.16849034944595725 1.6693756804353967 
0.06287725013415875 0.3572412514693008 9.186460330772476 0.290947730779929 0.16849034944595725 1.6693756804353967 
0.06287725013415875 0.3572412514693008 9.186460330772476 0.290947730779929 0.16849034944595725 1.6693756804353967 
0.06335506359637409 0.3615510313759311 9.10892775334168 0.29138231490292044 0.1673803109565092 1.6810078887071331 
0.06394198167982804 0.24435843219736442 9.741156784161657 0.30482429861409316 0.12367076519260609 1.5668622364916132 
0.06394198167982804 0.24435843219736442 9.741156784161657 0.30482429861409316 0.12367076519260609 1.5668622364916132 
0.07025852421455289 0.20484368321021554 10.068251386904052 0.31435722921796244 0.12333163463171912 1.7262665202309881 
0.07025852421455289 0.20484368321021554 10.068251386904052 0.31435722921796244 0.12333163463171912 1.7262665202309881 
0.07025852421455289 0.20484368321021554 10.068251386904052 0.31435722921796244 0.12333163463171912 1.7262665202309881 
0.07025852421455289 0.20484368321021554 10.068251386904052 0.31435722921796244 0.12333163463171912 1.7262665202309881 
0.07025852421455289 0.20484368321021554 10.068251386904052 0.31435722921796244 0.12333163463171912 1.7262665202309881 
0.07025852421455289 0.20484368321021554 10.068251386904052 0.31435722921796244 0.12333163463171912 1.7262665202309881 
0.07025852421455289 0.20484368321021554 10.068251386904052 0.31435722921796244 0.12333163463171912 1.7262665202309881 
0.07025852421455289 0.20484368321021554 10.068251386904052 0.31435722921796244 0.12333163463171912 1.7262665202309881 
0.06607260645972546 0.21883868344115193 9.90411374545791 0.3253458532789501 0.1262770196439516 1.7480416816866842 
0.06607260645972546 0.21883868344115193 9.90411374545791 0.3253458532789501 0.1262770196439516 1.7480416816866842 
0.06664908485389584 0.2948784172747191 9.406692512340364 0.2981277528990552 0.15345361227071824 1.3987136172581782 
0.06664908485389584 0.2948784172747191 9.406692512340364 0.2981277528990552 0.15345361227071824 1.3987136172581782 
0.06650989282530867 0.29397477639319913 9.453322773853719 0.29697581500398623 0.1551526189576491 1.3842008057346609 
0.06650989282530867 0.29397477639319913 9.453322773853719 0.29697581500398623 0.1551526189576491 1.3842008057346609 
0.08198053446918985 0.2608629563932026 8.124180076483043 0.3169533157719188 0.149519016237175 1.6332390928574854 
0.08198053446918985 0.2608629563932026 8.124180076483043 0.3169533157719188 0.149519016237175 1.6332390928574854 
0.08198053446918985 0.2608629563932026 8.124180076483043 0.3169533157719188 0.149519016237175 1.6332390928574854 
0.08198053446918985 0.2608629563932026 8.124180076483043 0.3169533157719188 0.149519016237175 1.6332390928574854 
0.08083791250123253 0.2646336303980856 8.210405863189266 0.3158243943521405 0.15230047261695562 1.6096718702434223 
0.08083791250123253 0.2646336303980856 8.210405863189266 0.3158243943521405 0.15230047261695562 1.6096718702434223 
0.0838918991538164 0.20833898240574616 8.498738809954936 0.3341415667554679 0.14529950729688187 1.5805935423322628 
0.0838918991538164 0.20833898240574616 8.498738809954936 0.3341415667554679 0.14529950729688187 1.5805935423322628 
0.076842086175901 0.2464365930471739 8.243715415792037 0.3540626822974598 0.14401507902397517 1.5485800880703222 
0.076842086175901 0.2464365930471739 8.243715415792037 0.3540626822974598 0.14401507902397517 1.5485800880703222 
0.076842086175901 0.2464365930471739 8.243715415792037 0.3540626822974598 0.14401507902397517 1.5485800880703222 
0.0753065422220376 0.2392969825468396 7.883316417579126 0.38970850193368434 0.11027285505240092 1.4923466796219613 
0.0753065422220376 0.2392969825468396 7.883316417579126 0.38970850193368434 0.11027285505240092 1.4923466796219613 
0.0753065422220376 0.2392969825468396 7.883316417579126 0.38970850193368434 0.11027285505240092 1.4923466796219613 
0.0786559227376095 0.2994669174091375 8.877711799335243 0.335119126032237 0.14945368591522454 1.6598463391141445 
0.0786559227376095 0.2994669174091375 8.877711799335243 0.335119126032237 0.14945368591522454 1.6598463391141445 
0.0786559227376095 0.2994669174091375 8.877711799335243 0.335119126032237 0.14945368591522454 1.6598463391141445 
0.0786559227376095 0.2994669174091375 8.877711799335243 0.335119126032237 0.14945368591522454 1.6598463391141445 
0.0786559227376095 0.2994669174091375 8.877711799335243 0.335119126032237 0.14945368591522454 1.6598463391141445 
0.07853286973216468 0.27568381986160334 9.123013076521229 0.31496862334395653 0.14805700049323137 1.5999924011519884 
0.07539972354725641 0.1930250355307799 10.326619981862608 0.3075456244342427 0.15311681761398732 1.679754898054773 
0.07539972354725641 0.1930250355307799 10.326619981862608 0.3075456244342427 0.15311681761398732 1.679754898054773 
0.06482999904067545 0.30184073982469717 9.244874891227287 0.2806344921213695 0.1535504006094047 1.548365247070061 
0.06725772042774425 0.2757594825224686 9.591791307346437 0.2722127629471104 0.15204459350653962 1.4823155101707062 
0.06632737664667336 0.2355402467435279 9.904117612762025 0.26328232596588763 0.1411774501446905 1.3077370815670775 
0.06193007000792884 0.2665948208227755 9.794224917633432 0.26290726663601577 0.14967526307187112 1.407394518398974 
0.06193007000792884 0.2665948208227755 9.794224917633432 0.26290726663601577 0.14967526307187112 1.407394518398974 
0.06276925904595332 0.25435885344434667 9.972501440388388 0.26336366409961026 0.15188996508520766 1.4081793352547725 
0.06276925904595332 0.25435885344434667 9.972501440388388 0.26336366409961026 0.15188996508520766 1.4081793352547725 
0.06276925904595332 0.25435885344434667 9.972501440388388 0.26336366409961026 0.15188996508520766 1.4081793352547725 
0.06276925904595332 0.25435885344434667 9.972501440388388 0.26336366409961026 0.15188996508520766 1.4081793352547725 
0.06276925904595332 0.25435885344434667 9.972501440388388 0.26336366409961026 0.15188996508520766 1.4081793352547725 
0.06276925904595332 0.25435885344434667 9.972501440388388 0.26336366409961026 0.15188996508520766 1.4081793352547725 
0.06306313050644466 0.2579327408965275 9.865882671893912 0.2727062598484277 0.14959860410736764 1.4382640838058294 
0.06306313050644466 0.2579327408965275 9.865882671893912 0.2727062598484277 0.14959860410736764 1.4382640838058294 
0.06306313050644466 0.2579327408965275 9.865882671893912 0.2727062598484277 0.14959860410736764 1.4382640838058294 
0.062033537706181696 0.2590039337647575 9.863634527332016 0.27856756759979157 0.1471755299111885 1.4686983255457857 
0.062033537706181696 0.2590039337647575 9.863634527332016 0.27856756759979157 0.1471755299111885 1.4686983255457857 
0.07034862200449925 0.2378639141794986 9.952711167923342 0.2841786244991742 0.13119896766368486 1.3817265727363341 
0.07163526698796839 0.206629504863098 10.370663299246516 0.28186175405707126 0.12215464830436074 1.4500542446704452 
0.07163526698796839 0.206629504863098 10.370663299246516 0.28186175405707126 0.12215464830436074 1.4500542446704452 
0.07163526698796839 0.206629504863098 10.370663299246516 0.28186175405707126 0.12215464830436074 1.4500542446704452 
0.07163526698796839 0.206629504863098 10.370663299246516 0.28186175405707126 0.12215464830436074 1.4500542446704452 
0.07163526698796839 0.206629504863098 10.370663299246516 0.28186175405707126 0.12215464830436074 1.4500542446704452 
0.07163526698796839 0.206629504863098 10.370663299246516 0.28186175405707126 0.12215464830436074 1.4500542446704452 
0.07153577671952574 0.20814256109621923 10.351013551640193 0.2830573174400669 0.12230096698920688 1.4470950281816357 
0.07117016960214181 0.19739184844443752 10.482441219416724 0.2830374744738435 0.12240201889147187 1.423724823241379 
0.07117016960214181 0.19739184844443752 10.482441219416724 0.2830374744738435 0.12240201889147187 1.423724823241379 
0.07117016960214181 0.19739184844443752 10.482441219416724 0.2830374744738435 0.12240201889147187 1.423724823241379 
0.07117016960214181 0.19739184844443752 10.482441219416724 0.2830374744738435 0.12240201889147187 1.423724823241379 
0.07117016960214181 0.19739184844443752 10.482441219416724 0.2830374744738435 0.12240201889147187 1.423724823241379 
0.07117016960214181 0.19739184844443752 10.482441219416724 0.2830374744738435 0.12240201889147187 1.423724823241379 
0.06515659295060659 0.26634803338722485 9.61179117368567 0.28767771947097553 0.13314604475905611 1.3950277955361117 
0.06515659295060659 0.26634803338722485 9.61179117368567 0.28767771947097553 0.13314604475905611 1.3950277955361117 
0.06515659295060659 0.26634803338722485 9.61179117368567 0.28767771947097553 0.13314604475905611 1.3950277955361117 
0.0796490617062579 0.2148910663226494 9.528464594565524 0.3096363455482538 0.09008799482833862 1.2722592486524398 
0.0796490617062579 0.2148910663226494 9.528464594565524 0.3096363455482538 0.09008799482833862 1.2722592486524398 
0.0796490617062579 0.2148910663226494 9.528464594565524 0.3096363455482538 0.09008799482833862 1.2722592486524398 
0.0796490617062579 0.2148910663226494 9.528464594565524 0.3096363455482538 0.09008799482833862 1.2722592486524398 
0.0796490617062579 0.2148910663226494 9.528464594565524 0.3096363455482538 0.09008799482833862 1.2722592486524398 
0.0796490617062579 0.2148910663226494 9.528464594565524 0.3096363455482538 0.09008799482833862 1.2722592486524398 
0.0796490617062579 0.2148910663226494 9.528464594565524 0.3096363455482538 0.09008799482833862 1.2722592486524398 
0.0796490617062579 0.2148910663226494 9.528464594565524 0.3096363455482538 0.09008799482833862 1.2722592486524398 
0.0796490617062579 0.2148910663226494 9.528464594565524 0.3096363455482538 0.09008799482833862 1.2722592486524398 
0.0796490617062579 0.2148910663226494 9.528464594565524 0.3096363455482538 0.09008799482833862 1.2722592486524398 
0.0796490617062579 0.2148910663226494 9.528464594565524 0.3096363455482538 0.09008799482833862 1.2722592486524398 
0.0796490617062579 0.2148910663226494 9.528464594565524 0.3096363455482538 0.09008799482833862 1.2722592486524398 
0.0796490617062579 0.2148910663226494 9.528464594565524 0.3096363455482538 0.09008799482833862 1.2722592486524398 
0.0796490617062579 0.2148910663226494 9.528464594565524 0.3096363455482538 0.09008799482833862 1.2722592486524398 
0.0796490617062579 0.2148910663226494 9.528464594565524 0.3096363455482538 0.09008799482833862 1.2722592486524398 
0.0796490617062579 0.2148910663226494 9.528464594565524 0.3096363455482538 0.09008799482833862 1.2722592486524398 
0.0796490617062579 0.2148910663226494 9.528464594565524 0.3096363455482538 0.09008799482833862 1.2722592486524398 
0.0796490617062579 0.2148910663226494 9.528464594565524 0.3096363455482538 0.09008799482833862 1.2722592486524398 
0.0796490617062579 0.2148910663226494 9.528464594565524 0.3096363455482538 0.09008799482833862 1.2722592486524398 
0.08286344103137432 0.20163249612564704 9.41637521233286 0.3174295659109162 0.08330238439069548 1.3033743527758332 
0.08286344103137432 0.20163249612564704 9.41637521233286 0.3174295659109162 0.08330238439069548 1.3033743527758332 
0.08286344103137432 0.20163249612564704 9.41637521233286 0.3174295659109162 0.08330238439069548 1.3033743527758332 
0.08286344103137432 0.20163249612564704 9.41637521233286 0.3174295659109162 0.08330238439069548 1.3033743527758332 
0.08286344103137432 0.20163249612564704 9.41637521233286 0.3174295659109162 0.08330238439069548 1.3033743527758332 
0.08286344103137432 0.20163249612564704 9.41637521233286 0.3174295659109162 0.08330238439069548 1.3033743527758332 
0.07782683603168605 0.33485595377212285 8.273310736989055 0.3498742622880545 0.13279005897752455 1.595629497600331 
0.0783270209298534 0.32953037972781973 8.410701221961183 0.3397856847911299 0.13522174702593776 1.5816547909185146 
0.0783270209298534 0.32953037972781973 8.410701221961183 0.3397856847911299 0.13522174702593776 1.5816547909185146 
0.0783270209298534 0.32953037972781973 8.410701221961183 0.3397856847911299 0.13522174702593776 1.5816547909185146 
0.0783270209298534 0.32953037972781973 8.410701221961183 0.3397856847911299 0.13522174702593776 1.5816547909185146 
0.0783270209298534 0.32953037972781973 8.410701221961183 0.3397856847911299 0.13522174702593776 1.5816547909185146 
0.0783270209298534 0.32953037972781973 8.410701221961183 0.3397856847911299 0.13522174702593776 1.5816547909185146 
0.08331892239273492 0.30209419194394427 8.809378992435832 0.35657446469146115 0.12785725650969304 1.4751376651928836 
0.08379887155445676 0.2880478661897091 8.985019742696098 0.37629048447474567 0.11839189374231725 1.495171613686176 
0.08379887155445676 0.2880478661897091 8.985019742696098 0.37629048447474567 0.11839189374231725 1.495171613686176 
0.08381467492671808 0.28988356942585713 8.960926825197568 0.37607948288414583 0.11836750107894681 1.4998771350389544 
0.08519554942750178 0.27833255608121976 9.011401182096415 0.3953118320454839 0.11579445568187748 1.4926037893554136 
0.08519554942750178 0.27833255608121976 9.011401182096415 0.3953118320454839 0.11579445568187748 1.4926037893554136 
0.08519554942750178 0.27833255608121976 9.011401182096415 0.3953118320454839 0.11579445568187748 1.4926037893554136 
0.07488858877511498 0.3502619112295979 8.17968393334925 0.41830224812505534 0.12091779232422246 1.32771990217931 
0.07488858877511498 0.3502619112295979 8.17968393334925 0.41830224812505534 0.12091779232422246 1.32771990217931 
0.07950340728088272 0.3724625554117531 7.9904947722607575 0.44196413081559505 0.0958825019961764 1.4079820684176023 
0.07950340728088272 0.3724625554117531 7.9904947722607575 0.44196413081559505 0.0958825019961764 1.4079820684176023 
0.07950340728088272 0.3724625554117531 7.9904947722607575 0.44196413081559505 0.0958825019961764 1.4079820684176023 
0.0801459431135167 0.40455234171379323 7.77104447599102 0.42418767170429017 0.10731302109597984 1.3659295178647255 
0.08009330076218638 0.4079448360278033 7.739598183566817 0.4254372398535927 0.10478379459910185 1.351653867782021 
0.08319204222691695 0.39549896940455953 7.709826377170666 0.44764008248820786 0.10228160112490453 1.2592428009848566 
0.08319204222691695 0.39549896940455953 7.709826377170666 0.44764008248820786 0.10228160112490453 1.2592428009848566 
0.08319204222691695 0.39549896940455953 7.709826377170666 0.44764008248820786 0.10228160112490453 1.2592428009848566 
0.08319204222691695 0.39549896940455953 7.709826377170666 0.44764008248820786 0.10228160112490453 1.2592428009848566 
0.08319204222691695 0.39549896940455953 7.709826377170666 0.44764008248820786 0.10228160112490453 1.2592428009848566 
0.08319204222691695 0.39549896940455953 7.709826377170666 0.44764008248820786 0.10228160112490453 1.2592428009848566 
0.08319204222691695 0.39549896940455953 7.709826377170666 0.44764008248820786 0.10228160112490453 1.2592428009848566 
0.08319204222691695 0.39549896940455953 7.709826377170666 0.44764008248820786 0.10228160112490453 1.2592428009848566 
0.08319204222691695 0.39549896940455953 7.709826377170666 0.44764008248820786 0.10228160112490453 1.2592428009848566 
0.08319204222691695 0.39549896940455953 7.709826377170666 0.44764008248820786 0.10228160112490453 1.2592428009848566 
0.08319204222691695 0.39549896940455953 7.709826377170666 0.44764008248820786 0.10228160112490453 1.2592428009848566 
0.08319204222691695 0.39549896940455953 7.709826377170666 0.44764008248820786 0.10228160112490453 1.2592428009848566 
0.08131253162011975 0.3640715483078637 7.865675106413336 0.450790133851993 0.12663825763880604 1.3530604657276828 
0.08131253162011975 0.3640715483078637 7.865675106413336 0.450790133851993 0.12663825763880604 1.3530604657276828 
0.08131253162011975 0.3640715483078637 7.865675106413336 0.450790133851993 0.12663825763880604 1.3530604657276828 
0.08131253162011975 0.3640715483078637 7.865675106413336 0.450790133851993 0.12663825763880604 1.3530604657276828 
0.0790438604036699 0.2896115382783495 8.363150472841022 0.5272423023859142 0.12614717701636552 0.7854200650509711 
0.0790438604036699 0.2896115382783495 8.363150472841022 0.5272423023859142 0.12614717701636552 0.7854200650509711 
0.0790438604036699 0.2896115382783495 8.363150472841022 0.5272423023859142 0.12614717701636552 0.7854200650509711 
0.0790438604036699 0.2896115382783495 8.363150472841022 0.5272423023859142 0.12614717701636552 0.7854200650509711 
0.07349689262245049 0.325873504163003 8.14588636565017 0.47936264148915386 0.14385259049621882 0.9157140549456949 
0.07349689262245049 0.325873504163003 8.14588636565017 0.47936264148915386 0.14385259049621882 0.9157140549456949 
0.07446703755973128 0.32531887472385573 8.158367070459928 0.47834368767042723 0.1433749557178101 0.9096653004960937 
0.07446703755973128 0.32531887472385573 8.158367070459928 0.47834368767042723 0.1433749557178101 0.9096653004960937 
0.08315842081148372 0.3102464858410046 8.092657910460407 0.5181039595864125 0.14874674626176868 0.7876941106067638 
0.08315842081148372 0.3102464858410046 8.092657910460407 0.5181039595864125 0.14874674626176868 0.7876941106067638 
0.08315842081148372 0.3102464858410046 8.092657910460407 0.5181039595864125 0.14874674626176868 0.7876941106067638 
0.08315842081148372 0.3102464858410046 8.092657910460407 0.5181039595864125 0.14874674626176868 0.7876941106067638 
0.08315842081148372 0.3102464858410046 8.092657910460407 0.5181039595864125 0.14874674626176868 0.7876941106067638 
0.08315842081148372 0.3102464858410046 8.092657910460407 0.5181039595864125 0.14874674626176868 0.7876941106067638 
0.07468234575994037 0.3491745809657729 7.9236952806950915 0.4790251706573813 0.13260880152193794 1.038693987940906 
0.07233555720392343 0.34381481868578373 7.958597491461365 0.5312828354476526 0.14195489724453988 0.8832634056626645 
0.07209732833529589 0.36785719742420153 7.873327615266147 0.5071965579937077 0.15587398072434872 0.9154630081703647 
0.07209732833529589 0.36785719742420153 7.873327615266147 0.5071965579937077 0.15587398072434872 0.9154630081703647 
0.07209732833529589 0.36785719742420153 7.873327615266147 0.5071965579937077 0.15587398072434872 0.9154630081703647 
0.07572518929174563 0.3622179686497055 7.983869207214422 0.5198685506889393 0.149137036244834 0.8669525993479582 
0.07343680549584167 0.368971381139749 7.922271603553686 0.48973151967173567 0.15810976070519303 0.9106290400017308 
0.07343680549584167 0.368971381139749 7.922271603553686 0.48973151967173567 0.15810976070519303 0.9106290400017308 
0.07343680549584167 0.368971381139749 7.922271603553686 0.48973151967173567 0.15810976070519303 0.9106290400017308 
0.07343680549584167 0.368971381139749 7.922271603553686 0.48973151967173567 0.15810976070519303 0.9106290400017308 
0.0709846730768592 0.3830981206121994 7.8750607759334414 0.4736510223354956 0.15909979395818286 0.9630194932465495 
0.0709846730768592 0.3830981206121994 7.8750607759334414 0.4736510223354956 0.15909979395818286 0.9630194932465495 
0.07303073861775343 0.43480228777643876 7.819409690844901 0.38175191331561364 0.16212022592481717 1.3625946201186503 
0.07303073861775343 0.43480228777643876 7.819409690844901 0.38175191331561364 0.16212022592481717 1.3625946201186503 
0.07121941821737693 0.3890301407473011 7.868675925825773 0.46310743571563623 0.15944632817825577 1.0088627555615939 
0.07121941821737693 0.3890301407473011 7.868675925825773 0.46310743571563623 0.15944632817825577 1.0088627555615939 
0.07081110518681298 0.37550150429347584 7.92669358985277 0.4539200253469215 0.16667760251073804 1.1334311449225711 
0.07343687814412048 0.40495185683048696 7.691823646254971 0.42323144916013533 0.17551822688087937 1.1202628672405228 
0.07398877327595516 0.3901777647130267 7.757278546451955 0.41179222464950344 0.1691385266182921 1.1933578135818985 
0.07938587883330364 0.46364776536883784 7.5578381780429895 0.33468389749617045 0.15609936884845454 0.8066533432097855 
0.07938587883330364 0.46364776536883784 7.5578381780429895 0.33468389749617045 0.15609936884845454 0.8066533432097855 
0.0797857187759628 0.4637953240162674 7.562439724475967 0.33413435502246175 0.15556876240898349 0.8026078648991856 
0.0797857187759628 0.4637953240162674 7.562439724475967 0.33413435502246175 0.15556876240898349 0.8026078648991856 
0.0797857187759628 0.4637953240162674 7.562439724475967 0.33413435502246175 0.15556876240898349 0.8026078648991856 
0.0797857187759628 0.4637953240162674 7.562439724475967 0.33413435502246175 0.15556876240898349 0.8026078648991856 
0.0797857187759628 0.4637953240162674 7.562439724475967 0.33413435502246175 0.15556876240898349 0.8026078648991856 
0.0797857187759628 0.4637953240162674 7.562439724475967 0.33413435502246175 0.15556876240898349 0.8026078648991856 
0.0797857187759628 0.4637953240162674 7.562439724475967 0.33413435502246175 0.15556876240898349 0.8026078648991856 
0.0797857187759628 0.4637953240162674 7.562439724475967 0.33413435502246175 0.15556876240898349 0.8026078648991856 
0.0797857187759628 0.4637953240162674 7.562439724475967 0.33413435502246175 0.15556876240898349 0.8026078648991856 
0.0797857187759628 0.4637953240162674 7.562439724475967 0.33413435502246175 0.15556876240898349 0.8026078648991856 
0.0797857187759628 0.4637953240162674 7.562439724475967 0.33413435502246175 0.15556876240898349 0.8026078648991856 
0.0797857187759628 0.4637953240162674 7.562439724475967 0.33413435502246175 0.15556876240898349 0.8026078648991856 
0.0797857187759628 0.4637953240162674 7.562439724475967 0.33413435502246175 0.15556876240898349 0.8026078648991856 
0.0797857187759628 0.4637953240162674 7.562439724475967 0.33413435502246175 0.15556876240898349 0.8026078648991856 
0.0797857187759628 0.4637953240162674 7.562439724475967 0.33413435502246175 0.15556876240898349 0.8026078648991856 
0.0797857187759628 0.4637953240162674 7.562439724475967 0.33413435502246175 0.15556876240898349 0.8026078648991856 
0.0797857187759628 0.4637953240162674 7.562439724475967 0.33413435502246175 0.15556876240898349 0.8026078648991856 
0.0797857187759628 0.4637953240162674 7.562439724475967 0.33413435502246175 0.15556876240898349 0.8026078648991856 
0.0797857187759628 0.4637953240162674 7.562439724475967 0.33413435502246175 0.15556876240898349 0.8026078648991856 
0.0797857187759628 0.4637953240162674 7.562439724475967 0.33413435502246175 0.15556876240898349 0.8026078648991856 
0.0797857187759628 0.4637953240162674 7.562439724475967 0.33413435502246175 0.15556876240898349 0.8026078648991856 
0.0797857187759628 0.4637953240162674 7.562439724475967 0.33413435502246175 0.15556876240898349 0.8026078648991856 
0.0797857187759628 0.4637953240162674 7.562439724475967 0.33413435502246175 0.15556876240898349 0.8026078648991856 
0.0797857187759628 0.4637953240162674 7.562439724475967 0.33413435502246175 0.15556876240898349 0.8026078648991856 
0.0797857187759628 0.4637953240162674 7.562439724475967 0.33413435502246175 0.15556876240898349 0.8026078648991856 
0.07834884283634047 0.46556741220796816 7.557144278762215 0.3291315352068121 0.1644021217316591 0.9665955314844759 
0.0807413355953854 0.4117026702386496 8.254826060908224 0.3874660298579138 0.1853333205426426 0.9512179807715925 
0.08067895470108845 0.41596791112611203 8.216418223723725 0.38333531083353656 0.18617191763237115 0.9888467961375706 
0.08067895470108845 0.41596791112611203 8.216418223723725 0.38333531083353656 0.18617191763237115 0.9888467961375706 
0.0757786115497973 0.4163571180090837 7.993219659867652 0.38059603323267105 0.19215395415491524 1.1209582695649492 
0.07623643851848189 0.41634676096954176 8.054190817234318 0.36416631162618646 0.1973267469951348 1.1380464798061363 
0.0739660984802906 0.414478717817761 8.084860157043225 0.35633834453817204 0.19754333321654277 1.2029349236423132 
0.0739660984802906 0.414478717817761 8.084860157043225 0.35633834453817204 0.19754333321654277 1.2029349236423132 
0.0739660984802906 0.414478717817761 8.084860157043225 0.35633834453817204 0.19754333321654277 1.2029349236423132 
0.07529541996759112 0.41215292035844475 8.082327772600197 0.3595586141433511 0.19666748391620387 1.2149110433735024 
0.07529541996759112 0.41215292035844475 8.082327772600197 0.3595586141433511 0.19666748391620387 1.2149110433735024 
0.07529541996759112 0.41215292035844475 8.082327772600197 0.3595586141433511 0.19666748391620387 1.2149110433735024 
0.07529541996759112 0.41215292035844475 8.082327772600197 0.3595586141433511 0.19666748391620387 1.2149110433735024 
0.07529541996759112 0.41215292035844475 8.082327772600197 0.3595586141433511 0.19666748391620387 1.2149110433735024 
0.07529541996759112 0.41215292035844475 8.082327772600197 0.3595586141433511 0.19666748391620387 1.2149110433735024 
0.07529541996759112 0.41215292035844475 8.082327772600197 0.3595586141433511 0.19666748391620387 1.2149110433735024 
0.07529541996759112 0.41215292035844475 8.082327772600197 0.3595586141433511 0.19666748391620387 1.2149110433735024 
0.07529541996759112 0.41215292035844475 8.082327772600197 0.3595586141433511 0.19666748391620387 1.2149110433735024 
0.07529541996759112 0.41215292035844475 8.082327772600197 0.3595586141433511 0.19666748391620387 1.2149110433735024 
0.07465061242989093 0.40076172575242386 8.074856256446537 0.3630210653749414 0.19298944793174458 1.158482726350163 
0.07465061242989093 0.40076172575242386 8.074856256446537 0.3630210653749414 0.19298944793174458 1.158482726350163 
0.07172701190110334 0.40536378665184164 7.983455386829951 0.35717027157872017 0.19253029667034005 1.193013944406593 
0.07172701190110334 0.40536378665184164 7.983455386829951 0.35717027157872017 0.19253029667034005 1.193013944406593 
0.08232009241964441 0.41798077037236636 7.487272823215833 0.4051568427371045 0.1783368555037905 1.3352924940297932 
0.08232009241964441 0.41798077037236636 7.487272823215833 0.4051568427371045 0.1783368555037905 1.3352924940297932 
0.08289412014817786 0.41041663006593604 7.424703803962598 0.4201372258778418 0.1860648911900445 1.269946702805748 
0.08289412014817786 0.41041663006593604 7.424703803962598 0.4201372258778418 0.1860648911900445 1.269946702805748 
0.08289412014817786 0.41041663006593604 7.424703803962598 0.4201372258778418 0.1860648911900445 1.269946702805748 
0.08289412014817786 0.41041663006593604 7.424703803962598 0.4201372258778418 0.1860648911900445 1.269946702805748 
0.08289412014817786 0.41041663006593604 7.424703803962598 0.4201372258778418 0.1860648911900445 1.269946702805748 
0.08289412014817786 0.41041663006593604 7.424703803962598 0.4201372258778418 0.1860648911900445 1.269946702805748 
0.08289412014817786 0.41041663006593604 7.424703803962598 0.4201372258778418 0.1860648911900445 1.269946702805748 
0.08122268706915473 0.4094972852177429 7.446233404354956 0.4107797265582504 0.18512214914542363 1.3210884971976067 
0.08122268706915473 0.4094972852177429 7.446233404354956 0.4107797265582504 0.18512214914542363 1.3210884971976067 
0.0843792741653513 0.399337659987369 7.527589766354065 0.4430373258029967 0.1870896447487389 1.232647111670429 
0.0843792741653513 0.399337659987369 7.527589766354065 0.4430373258029967 0.1870896447487389 1.232647111670429 
0.0843792741653513 0.399337659987369 7.527589766354065 0.4430373258029967 0.1870896447487389 1.232647111670429 
0.07658028215559327 0.42283860721786154 7.492312274413397 0.40055498643366877 0.16720290592273968 1.3448690922675495 
0.06363686792121467 0.4192682123797188 7.721258864724185 0.3364945763381312 0.19564975990205657 1.6844965397361498 
0.06615842023922415 0.4287600161042671 7.768542487774705 0.3371595227275865 0.20492789127397937 1.7029233783919986 
0.0634992699000059 0.4179140323047168 7.818518334449952 0.3501951197959575 0.22054722270111093 1.8302965456646394 
0.05247513036639082 0.443457354774358 7.271247124674945 0.4103463913018831 0.22192303775777725 1.802721734519817 
0.051777381180663176 0.44174079649216946 7.251579778158556 0.41758607153750404 0.2241616296058642 1.8363098135559701 
0.032430049951661384 0.48016619992556847 6.798314059942467 0.4606852276610525 0.22550063105657736 2.039592231029819 
0.032430049951661384 0.48016619992556847 6.798314059942467 0.4606852276610525 0.22550063105657736 2.039592231029819 
0.032430049951661384 0.48016619992556847 6.798314059942467 0.4606852276610525 0.22550063105657736 2.039592231029819 
0.032430049951661384 0.48016619992556847 6.798314059942467 0.4606852276610525 0.22550063105657736 2.039592231029819 
0.032430049951661384 0.48016619992556847 6.798314059942467 0.4606852276610525 0.22550063105657736 2.039592231029819 
0.029863761395046318 0.4791728753971974 6.766125545215093 0.47116922189151983 0.23167384605687383 2.098401348851497 
0.029863761395046318 0.4791728753971974 6.766125545215093 0.47116922189151983 0.23167384605687383 2.098401348851497 
0.029863761395046318 0.4791728753971974 6.766125545215093 0.47116922189151983 0.23167384605687383 2.098401348851497 
0.029863761395046318 0.4791728753971974 6.766125545215093 0.47116922189151983 0.23167384605687383 2.098401348851497 
0.029863761395046318 0.4791728753971974 6.766125545215093 0.47116922189151983 0.23167384605687383 2.098401348851497 
0.029863761395046318 0.4791728753971974 6.766125545215093 0.47116922189151983 0.23167384605687383 2.098401348851497 
0.02994644374113016 0.47729291105782823 6.799532429046806 0.4661811281827426 0.22979979933630812 2.093946700010203 
0.02994644374113016 0.47729291105782823 6.799532429046806 0.4661811281827426 0.22979979933630812 2.093946700010203 
0.02994644374113016 0.47729291105782823 6.799532429046806 0.4661811281827426 0.22979979933630812 2.093946700010203 
0.02994644374113016 0.47729291105782823 6.799532429046806 0.4661811281827426 0.22979979933630812 2.093946700010203 
0.02994644374113016 0.47729291105782823 6.799532429046806 0.4661811281827426 0.22979979933630812 2.093946700010203 
0.02994644374113016 0.47729291105782823 6.799532429046806 0.4661811281827426 0.22979979933630812 2.093946700010203 
0.02994644374113016 0.47729291105782823 6.799532429046806 0.4661811281827426 0.22979979933630812 2.093946700010203 
0.02994644374113016 0.47729291105782823 6.799532429046806 0.4661811281827426 0.22979979933630812 2.093946700010203 
0.02994644374113016 0.47729291105782823 6.799532429046806 0.4661811281827426 0.22979979933630812 2.093946700010203 
0.02994644374113016 0.47729291105782823 6.799532429046806 0.4661811281827426 0.22979979933630812 2.093946700010203 
0.02994644374113016 0.47729291105782823 6.799532429046806 0.4661811281827426 0.22979979933630812 2.093946700010203 
0.02994644374113016 0.47729291105782823 6.799532429046806 0.4661811281827426 0.22979979933630812 2.093946700010203 
0.02994644374113016 0.47729291105782823 6.799532429046806 0.4661811281827426 0.22979979933630812 2.093946700010203 
0.02994644374113016 0.47729291105782823 6.799532429046806 0.4661811281827426 0.22979979933630812 2.093946700010203 
0.02994644374113016 0.47729291105782823 6.799532429046806 0.4661811281827426 0.22979979933630812 2.093946700010203 
0.02994644374113016 0.47729291105782823 6.799532429046806 0.4661811281827426 0.22979979933630812 2.093946700010203 
0.02994644374113016 0.47729291105782823 6.799532429046806 0.4661811281827426 0.22979979933630812 2.093946700010203 
0.02994644374113016 0.47729291105782823 6.799532429046806 0.4661811281827426 0.22979979933630812 2.093946700010203 
0.02994644374113016 0.47729291105782823 6.799532429046806 0.4661811281827426 0.22979979933630812 2.093946700010203 
0.02994644374113016 0.47729291105782823 6.799532429046806 0.4661811281827426 0.22979979933630812 2.093946700010203 
0.02994644374113016 0.47729291105782823 6.799532429046806 0.4661811281827426 0.22979979933630812 2.093946700010203 
0.02994644374113016 0.47729291105782823 6.799532429046806 0.4661811281827426 0.22979979933630812 2.093946700010203 
0.02994644374113016 0.47729291105782823 6.799532429046806 0.4661811281827426 0.22979979933630812 2.093946700010203 
0.02994644374113016 0.47729291105782823 6.799532429046806 0.4661811281827426 0.22979979933630812 2.093946700010203 
0.02994644374113016 0.47729291105782823 6.799532429046806 0.4661811281827426 0.22979979933630812 2.093946700010203 
0.04646439364558505 0.5076606669959245 6.720838509174125 0.3994618596876932 0.22686357467088247 1.6534008852161244 
0.05114868675933708 0.45569092247315374 7.4423870305477315 0.33185823275519427 0.2244078156178735 1.7027521027466308 
0.05114868675933708 0.45569092247315374 7.4423870305477315 0.33185823275519427 0.2244078156178735 1.7027521027466308 
0.047293697025975516 0.4548776092192541 7.40928062716901 0.3577711450290977 0.22393629476060198 1.5513405735720842 
0.04695688975562479 0.446142035375989 7.480618930712829 0.3585473980277879 0.22421910874334125 1.4827586307295542 
0.04695688975562479 0.446142035375989 7.480618930712829 0.3585473980277879 0.22421910874334125 1.4827586307295542 
0.05584417197305068 0.4600372900134969 7.46880997430848 0.35527767917829667 0.2022996030420855 1.6290033047001167 
0.05068396331576528 0.4812441191541502 7.760262290308644 0.3907685716284536 0.20572019327915278 2.210096319814135 
0.05068396331576528 0.4812441191541502 7.760262290308644 0.3907685716284536 0.20572019327915278 2.210096319814135 
0.05121124223814022 0.4794534232249697 7.802106639256839 0.39245474613339376 0.20643040833545184 2.2314147929274757 
0.05121124223814022 0.4794534232249697 7.802106639256839 0.39245474613339376 0.20643040833545184 2.2314147929274757 
0.05121124223814022 0.4794534232249697 7.802106639256839 0.39245474613339376 0.20643040833545184 2.2314147929274757 
0.04900250390613371 0.4735609017438987 7.895604106391686 0.4084465919856506 0.21711691458761656 2.2574111365486385 
0.04900250390613371 0.4735609017438987 7.895604106391686 0.4084465919856506 0.21711691458761656 2.2574111365486385 
0.04976628588563829 0.4764354537002129 7.873414795118108 0.40297245012439226 0.21206867777438695 2.2540280406791338 
0.04985753727612542 0.4733300923669788 7.964781960991006 0.3898964650145015 0.205349213292592 2.2357897800456863 
0.04985753727612542 0.4733300923669788 7.964781960991006 0.3898964650145015 0.205349213292592 2.2357897800456863 
0.04920187789561967 0.4676406023362035 8.080761520095054 0.3995792518938922 0.20901872617300574 2.2533464731104083 
0.04920187789561967 0.4676406023362035 8.080761520095054 0.3995792518938922 0.20901872617300574 2.2533464731104083 
0.05323479267486308 0.438271993071135 8.528140657275456 0.3623340126561141 0.2149994694745475 2.011915804577029 
0.05323479267486308 0.438271993071135 8.528140657275456 0.3623340126561141 0.2149994694745475 2.011915804577029 
0.05323479267486308 0.438271993071135 8.528140657275456 0.3623340126561141 0.2149994694745475 2.011915804577029 
0.05323479267486308 0.438271993071135 8.528140657275456 0.3623340126561141 0.2149994694745475 2.011915804577029 
0.05323479267486308 0.438271993071135 8.528140657275456 0.3623340126561141 0.2149994694745475 2.011915804577029 
0.05323479267486308 0.438271993071135 8.528140657275456 0.3623340126561141 0.2149994694745475 2.011915804577029 
0.05323479267486308 0.438271993071135 8.528140657275456 0.3623340126561141 0.2149994694745475 2.011915804577029 
0.05323479267486308 0.438271993071135 8.528140657275456 0.3623340126561141 0.2149994694745475 2.011915804577029 
0.052380078383538226 0.4045564561259048 8.957589046115077 0.4054787204024995 0.22931654631785164 2.3145264126360523 
0.052380078383538226 0.4045564561259048 8.957589046115077 0.4054787204024995 0.22931654631785164 2.3145264126360523 
0.052380078383538226 0.4045564561259048 8.957589046115077 0.4054787204024995 0.22931654631785164 2.3145264126360523 
0.052380078383538226 0.4045564561259048 8.957589046115077 0.4054787204024995 0.22931654631785164 2.3145264126360523 
0.060221264018862825 0.40774056513491047 8.403706822203295 0.33944977508534835 0.2068597721042495 1.6751387380350984 
0.06019029232565787 0.4074780015776396 8.406598849075323 0.339506117961795 0.20682543457078745 1.676443370648098 
0.07982199179659936 0.344741161108159 9.3959515359109 0.33696677676799064 0.20875963379521695 1.611181258814271 
0.07982199179659936 0.344741161108159 9.3959515359109 0.33696677676799064 0.20875963379521695 1.611181258814271 
0.07982199179659936 0.344741161108159 9.3959515359109 0.33696677676799064 0.20875963379521695 1.611181258814271 
0.07982199179659936 0.344741161108159 9.3959515359109 0.33696677676799064 0.20875963379521695 1.611181258814271 
0.07982199179659936 0.344741161108159 9.3959515359109 0.33696677676799064 0.20875963379521695 1.611181258814271 
0.0816719827314161 0.33746722441290494 9.429309440866984 0.34052104798054633 0.21290480556185376 1.575239738596248 
0.08158279653173565 0.33519844549598216 9.55113522226376 0.35025432209037155 0.22965707824107384 1.4879459364289866 
0.08158279653173565 0.33519844549598216 9.55113522226376 0.35025432209037155 0.22965707824107384 1.4879459364289866 
0.08158279653173565 0.33519844549598216 9.55113522226376 0.35025432209037155 0.22965707824107384 1.4879459364289866 
0.08453150344509841 0.31774151769077824 9.937720862598988 0.3358006356008564 0.2307632814602767 1.4912276489741605 
0.08453150344509841 0.31774151769077824 9.937720862598988 0.3358006356008564 0.2307632814602767 1.4912276489741605 
0.08062715563639332 0.3666516368244027 9.260390323010615 0.31893719924656355 0.22837404117988733 1.526812395618245 
0.07481604734449018 0.3927275349323429 8.842746780981205 0.3014895350945336 0.22092216399588535 1.7364235387979967 
0.07481604734449018 0.3927275349323429 8.842746780981205 0.3014895350945336 0.22092216399588535 1.7364235387979967 
0.07481604734449018 0.3927275349323429 8.842746780981205 0.3014895350945336 0.22092216399588535 1.7364235387979967 
0.0741982809185214 0.39439949993098194 8.815298545238402 0.3010538990425739 0.22015155383273693 1.7378912002271854 
0.07857857342191533 0.3854229361616919 8.939276203784386 0.29785837155256095 0.21931828588759003 1.7216156387323074 
0.07857857342191533 0.3854229361616919 8.939276203784386 0.29785837155256095 0.21931828588759003 1.7216156387323074 
0.07857857342191533 0.3854229361616919 8.939276203784386 0.29785837155256095 0.21931828588759003 1.7216156387323074 
0.0791215738038148 0.38136390555004074 8.97036248063265 0.2998071995756505 0.2191751934216857 1.7250298101861845 
0.0791215738038148 0.38136390555004074 8.97036248063265 0.2998071995756505 0.2191751934216857 1.7250298101861845 
0.0791215738038148 0.38136390555004074 8.97036248063265 0.2998071995756505 0.2191751934216857 1.7250298101861845 
0.0791215738038148 0.38136390555004074 8.97036248063265 0.2998071995756505 0.2191751934216857 1.7250298101861845 
0.0791215738038148 0.38136390555004074 8.97036248063265 0.2998071995756505 0.2191751934216857 1.7250298101861845 
0.0791215738038148 0.38136390555004074 8.97036248063265 0.2998071995756505 0.2191751934216857 1.7250298101861845 
0.0791215738038148 0.38136390555004074 8.97036248063265 0.2998071995756505 0.2191751934216857 1.7250298101861845 
0.0791215738038148 0.38136390555004074 8.97036248063265 0.2998071995756505 0.2191751934216857 1.7250298101861845 
0.0783883426135107 0.4073956844244811 8.577625000993775 0.292425771282463 0.21565874929737264 1.743902591370329 
0.0783883426135107 0.4073956844244811 8.577625000993775 0.292425771282463 0.21565874929737264 1.743902591370329 
0.07926880715332453 0.37613670565993407 9.049224448549287 0.3012893956771572 0.2198812979268305 1.7212401421728076 
0.07499987866505001 0.3767962885160416 9.175041339885723 0.2977603340934075 0.21437487427728455 1.6635689169059467 
0.07113159070268393 0.4140474250872316 8.472360206439676 0.2832284930790233 0.18344173980307832 1.5832039946453693 
0.07274937683048921 0.41365369896667525 8.364892642065106 0.29051525681775625 0.18790612113295102 1.649876965775342 
0.07061604542030814 0.4147235210508588 8.128436247424249 0.29298811247931145 0.17414208446131083 1.5227294618077998 
0.05934876766955628 0.4316076684719584 7.78912506188036 0.30846259098720064 0.18256164550399223 1.6318618131654543 
0.05934876766955628 0.4316076684719584 7.78912506188036 0.30846259098720064 0.18256164550399223 1.6318618131654543 
0.0786204767359375 0.3306272573159052 8.113840564770856 0.30683580203485167 0.2139100864004423 1.2912081929330181 
0.0786204767359375 0.3306272573159052 8.113840564770856 0.30683580203485167 0.2139100864004423 1.2912081929330181 
0.0786204767359375 0.3306272573159052 8.113840564770856 0.30683580203485167 0.2139100864004423 1.2912081929330181 
0.07889874580921735 0.27461407591848375 8.528442011772883 0.30400864550505907 0.21126876630906596 1.3626543128752164 
0.07889874580921735 0.27461407591848375 8.528442011772883 0.30400864550505907 0.21126876630906596 1.3626543128752164 
0.07889874580921735 0.27461407591848375 8.528442011772883 0.30400864550505907 0.21126876630906596 1.3626543128752164 
0.07889874580921735 0.27461407591848375 8.528442011772883 0.30400864550505907 0.21126876630906596 1.3626543128752164 
0.07941700083214016 0.31391348404515285 8.219886956434976 0.30915550556714744 0.1931422380706557 1.4647996419074802 
0.08460142412627766 0.30666925816188007 8.183971205126369 0.31460381770095314 0.19913265780268752 1.3771704844792918 
0.08460142412627766 0.30666925816188007 8.183971205126369 0.31460381770095314 0.19913265780268752 1.3771704844792918 
0.08460142412627766 0.30666925816188007 8.183971205126369 0.31460381770095314 0.19913265780268752 1.3771704844792918 
0.08460142412627766 0.30666925816188007 8.183971205126369 0.31460381770095314 0.19913265780268752 1.3771704844792918 
0.08460142412627766 0.30666925816188007 8.183971205126369 0.31460381770095314 0.19913265780268752 1.3771704844792918 
0.08460142412627766 0.30666925816188007 8.183971205126369 0.31460381770095314 0.19913265780268752 1.3771704844792918 
0.08460142412627766 0.30666925816188007 8.183971205126369 0.31460381770095314 0.19913265780268752 1.3771704844792918 
0.08460142412627766 0.30666925816188007 8.183971205126369 0.31460381770095314 0.19913265780268752 1.3771704844792918 
0.08460142412627766 0.30666925816188007 8.183971205126369 0.31460381770095314 0.19913265780268752 1.3771704844792918 
0.08460142412627766 0.30666925816188007 8.183971205126369 0.31460381770095314 0.19913265780268752 1.3771704844792918 
0.08460142412627766 0.30666925816188007 8.183971205126369 0.31460381770095314 0.19913265780268752 1.3771704844792918 
0.08460142412627766 0.30666925816188007 8.183971205126369 0.31460381770095314 0.19913265780268752 1.3771704844792918 
0.08460142412627766 0.30666925816188007 8.183971205126369 0.31460381770095314 0.19913265780268752 1.3771704844792918 
0.08492010283695403 0.30092359923093553 8.219079705610506 0.31428613758513524 0.20153467118833218 1.3801585848335687 
0.08492010283695403 0.30092359923093553 8.219079705610506 0.31428613758513524 0.20153467118833218 1.3801585848335687 
0.08492010283695403 0.30092359923093553 8.219079705610506 0.31428613758513524 0.20153467118833218 1.3801585848335687 
0.08492010283695403 0.30092359923093553 8.219079705610506 0.31428613758513524 0.20153467118833218 1.3801585848335687 
0.08165599908082077 0.3460686274008694 8.15440221353928 0.3090540689597793 0.20020928332964927 1.527094055444925 
0.08165599908082077 0.3460686274008694 8.15440221353928 0.3090540689597793 0.20020928332964927 1.527094055444925 
0.08165599908082077 0.3460686274008694 8.15440221353928 0.3090540689597793 0.20020928332964927 1.527094055444925 
0.08241202771844858 0.3536230374479149 8.078234813591807 0.3014672150149782 0.2038724345916651 1.538868313119733 
0.08329073478165383 0.3098940171317697 8.399872182302255 0.29379530990881775 0.19647226630204834 1.598136152642076 
0.08329073478165383 0.3098940171317697 8.399872182302255 0.29379530990881775 0.19647226630204834 1.598136152642076 
0.08329073478165383 0.3098940171317697 8.399872182302255 0.29379530990881775 0.19647226630204834 1.598136152642076 
0.08329073478165383 0.3098940171317697 8.399872182302255 0.29379530990881775 0.19647226630204834 1.598136152642076 
0.08329073478165383 0.3098940171317697 8.399872182302255 0.29379530990881775 0.19647226630204834 1.598136152642076 
0.08336801350606082 0.3081876760392996 8.398852500212866 0.2941303776196113 0.19620312452468053 1.6062004341412117 
0.08336801350606082 0.3081876760392996 8.398852500212866 0.2941303776196113 0.19620312452468053 1.6062004341412117 
0.08336801350606082 0.3081876760392996 8.398852500212866 0.2941303776196113 0.19620312452468053 1.6062004341412117 
0.07815773384845925 0.351760338699863 8.233273165359932 0.2864601793423968 0.18075880221695456 1.6357080605097742 
0.0771913645153262 0.3058995199618896 8.220146433926768 0.3014016208204693 0.18177326999548635 1.5745611051187935 
0.07694376707684256 0.2870817697330199 8.23296261081001 0.3052435544215319 0.17905688914420254 1.4972405277262912 
0.07694376707684256 0.2870817697330199 8.23296261081001 0.3052435544215319 0.17905688914420254 1.4972405277262912 
0.07694376707684256 0.2870817697330199 8.23296261081001 0.3052435544215319 0.17905688914420254 1.4972405277262912 
0.08220475177252753 0.2617007893886824 8.329765993465255 0.30483213206297305 0.17729227312973295 1.4165576918060991 
0.08220475177252753 0.2617007893886824 8.329765993465255 0.30483213206297305 0.17729227312973295 1.4165576918060991 
0.08220475177252753 0.2617007893886824 8.329765993465255 0.30483213206297305 0.17729227312973295 1.4165576918060991 
0.08220475177252753 0.2617007893886824 8.329765993465255 0.30483213206297305 0.17729227312973295 1.4165576918060991 
0.07997447263526453 0.2798727098146686 8.349311634309414 0.3011521556754131 0.18157715297087998 1.364378506278606 
0.07997447263526453 0.2798727098146686 8.349311634309414 0.3011521556754131 0.18157715297087998 1.364378506278606 
0.06786591418393857 0.3581720387203339 7.900389281081641 0.3199166075253747 0.19308062790011107 1.6700331071012786 
0.06786591418393857 0.3581720387203339 7.900389281081641 0.3199166075253747 0.19308062790011107 1.6700331071012786 
0.06969364331613878 0.37253278839110504 7.948863296995735 0.31264395047083654 0.1942825683576118 1.7654942124842128 
0.06969364331613878 0.37253278839110504 7.948863296995735 0.31264395047083654 0.1942825683576118 1.7654942124842128 
0.06969364331613878 0.37253278839110504 7.948863296995735 0.31264395047083654 0.1942825683576118 1.7654942124842128 
0.07348212926267697 0.3594771910868116 8.016788972301837 0.3101288426714967 0.1946439331460525 1.7372520840097758 
0.07348212926267697 0.3594771910868116 8.016788972301837 0.3101288426714967 0.1946439331460525 1.7372520840097758 
0.07348212926267697 0.3594771910868116 8.016788972301837 0.3101288426714967 0.1946439331460525 1.7372520840097758 
0.07348212926267697 0.3594771910868116 8.016788972301837 0.3101288426714967 0.1946439331460525 1.7372520840097758 
0.07402795168002654 0.3644472985395366 7.994231339770827 0.30931440855514875 0.1952950936852712 1.7093899009807685 
0.07402795168002654 0.3644472985395366 7.994231339770827 0.30931440855514875 0.1952950936852712 1.7093899009807685 
0.07980824846404234 0.35539079152359154 8.185905795023961 0.30915091305128434 0.18707997141048469 1.6757113850569647 
0.07980824846404234 0.35539079152359154 8.185905795023961 0.30915091305128434 0.18707997141048469 1.6757113850569647 
0.07489530241726489 0.3545231595764011 8.046730928863278 0.32666144586143725 0.17490251049003067 1.700340779343574 
0.07489530241726489 0.3545231595764011 8.046730928863278 0.32666144586143725 0.17490251049003067 1.700340779343574 
0.08032176297334212 0.3211320953629886 8.43304427464488 0.3355206689731353 0.19635666921720812 1.743030167922005 
0.07752381441920649 0.28772407303977504 8.546106551173212 0.4060340503668028 0.20006399466304636 2.2932275538687446 
