0.055376775659394153 0.5424552700189726 9.149966189018492 0.681192969757034 0.08213810260001095 2.1001952415879646 
0.0532668581663904 0.524561158384634 9.288372136708826 0.6619552383792656 0.08528207027052499 2.0701652424506984 
0.0532668581663904 0.524561158384634 9.288372136708826 0.6619552383792656 0.08528207027052499 2.0701652424506984 
0.0532668581663904 0.524561158384634 9.288372136708826 0.6619552383792656 0.08528207027052499 2.0701652424506984 
0.0532668581663904 0.524561158384634 9.288372136708826 0.6619552383792656 0.08528207027052499 2.0701652424506984 
0.06729540486682742 0.4323505980610498 11.020275657431704 0.4810371943516478 0.09523470138530053 1.5552338509795915 
0.06520683846796944 0.4027464848812293 11.333438955982643 0.47488620786626584 0.11056678427195549 1.6298663632171553 
0.06520683846796944 0.4027464848812293 11.333438955982643 0.47488620786626584 0.11056678427195549 1.6298663632171553 
0.06520683846796944 0.4027464848812293 11.333438955982643 0.47488620786626584 0.11056678427195549 1.6298663632171553 
0.05934482958338927 0.37582908298339135 10.097592365900502 0.4904424563381025 0.1376944509996838 1.6528793392159038 
0.05934482958338927 0.37582908298339135 10.097592365900502 0.4904424563381025 0.1376944509996838 1.6528793392159038 
0.07433557899105697 0.3758485374068824 9.235780816901695 0.5100154134414089 0.09823140244016579 1.593374514876315 
0.07433557899105697 0.3758485374068824 9.235780816901695 0.5100154134414089 0.09823140244016579 1.593374514876315 
0.07440615604788048 0.37297055636046333 9.31922629173122 0.5135685279038452 0.09686715008441149 1.5876680914224044 
0.07440615604788048 0.37297055636046333 9.31922629173122 0.5135685279038452 0.09686715008441149 1.5876680914224044 
0.07440615604788048 0.37297055636046333 9.31922629173122 0.5135685279038452 0.09686715008441149 1.5876680914224044 
0.07440615604788048 0.37297055636046333 9.31922629173122 0.5135685279038452 0.09686715008441149 1.5876680914224044 
0.07440615604788048 0.37297055636046333 9.31922629173122 0.5135685279038452 0.09686715008441149 1.5876680914224044 
0.06992448476093921 0.34785850521463946 9.032109205199307 0.5343991507840039 0.10142229626491198 1.5813825428851953 
0.06992448476093921 0.34785850521463946 9.032109205199307 0.5343991507840039 0.10142229626491198 1.5813825428851953 
0.06992448476093921 0.34785850521463946 9.032109205199307 0.5343991507840039 0.10142229626491198 1.5813825428851953 
0.07032965347778652 0.35169950046977416 8.955299973789995 0.5349939999283148 0.09918497330325057 1.5812231368583756 
0.07032965347778652 0.35169950046977416 8.955299973789995 0.5349939999283148 0.09918497330325057 1.5812231368583756 
0.07032965347778652 0.35169950046977416 8.955299973789995 0.5349939999283148 0.09918497330325057 1.5812231368583756 
0.07032965347778652 0.35169950046977416 8.955299973789995 0.5349939999283148 0.09918497330325057 1.5812231368583756 
0.06930037371388782 0.3395407967275362 9.015540940574336 0.5505862029779851 0.09823676251641093 1.6425636522464426 
0.06930037371388782 0.3395407967275362 9.015540940574336 0.5505862029779851 0.09823676251641093 1.6425636522464426 
0.06887058378628345 0.3323651324454504 8.99057266287442 0.5615269050388902 0.09967868023674856 1.6309020328267763 
0.06887058378628345 0.3323651324454504 8.99057266287442 0.5615269050388902 0.09967868023674856 1.6309020328267763 
0.06519397941988857 0.33472997043763053 8.857896129321256 0.532282235831766 0.117595961784116 1.6748076197497936 
0.06588060649376806 0.33660978777521455 8.72615517889949 0.5408531487677262 0.11915212366741607 1.6692993486302818 
0.06499691515306409 0.30841459485446876 8.99603696841499 0.5025027465178273 0.12350531677566595 1.6979138238463158 
0.06440167921672897 0.3096504128861313 9.085627616400906 0.49798029853671444 0.12541084850715434 1.6801489131149419 
0.06775698758344696 0.31167435111528446 8.637692482944182 0.5301757338792397 0.10874588980826766 1.6413039683452582 
0.06221331066576789 0.26089634289896685 9.727083099005917 0.49993008759674107 0.11522597783470527 2.1820637867731922 
0.06221331066576789 0.26089634289896685 9.727083099005917 0.49993008759674107 0.11522597783470527 2.1820637867731922 
0.06221331066576789 0.26089634289896685 9.727083099005917 0.49993008759674107 0.11522597783470527 2.1820637867731922 
0.06218136397127136 0.2608470506989098 9.72891774987785 0.4997857147530057 0.11522929982786406 2.1813225515863857 
0.05609106233450992 0.25783766556080884 10.197877162780681 0.4694251363202605 0.08212993846255554 2.156977723923915 
0.05609106233450992 0.25783766556080884 10.197877162780681 0.4694251363202605 0.08212993846255554 2.156977723923915 
0.05935065324455502 0.26479605236229153 9.955603930533476 0.4872006406645554 0.10005843639822695 2.0151810349345456 
0.06042944911709015 0.27477071503514583 10.487117813126567 0.4373544928426243 0.10336528934460035 2.118048711964297 
0.05855740662434171 0.27783606113994874 10.322642964230434 0.4526962371464256 0.10519467550814426 2.1232843910008405 
0.06217367566254084 0.2973491744282173 9.93461217325752 0.45773144057792636 0.10226289273270511 2.0825399671522873 
0.06457966244363571 0.27180106220675937 10.625869483194615 0.46145894412663346 0.08549086414141183 2.22330863368619 
0.06408189596336228 0.2802810773823332 10.56221333658052 0.4822088697480954 0.08381871152120501 2.2323888166682195 
0.06408189596336228 0.2802810773823332 10.56221333658052 0.4822088697480954 0.08381871152120501 2.2323888166682195 
0.06408189596336228 0.2802810773823332 10.56221333658052 0.4822088697480954 0.08381871152120501 2.2323888166682195 
0.05493313332771487 0.2861625856516534 11.153854542815008 0.37309686994995944 0.1393288560428081 1.853099377643504 
0.05493313332771487 0.2861625856516534 11.153854542815008 0.37309686994995944 0.1393288560428081 1.853099377643504 
0.05493313332771487 0.2861625856516534 11.153854542815008 0.37309686994995944 0.1393288560428081 1.853099377643504 
0.05493313332771487 0.2861625856516534 11.153854542815008 0.37309686994995944 0.1393288560428081 1.853099377643504 
0.05475395623122415 0.32030591060426483 10.063276277006528 0.3817396015339455 0.14790500603572246 1.767650880973335 
0.05475395623122415 0.32030591060426483 10.063276277006528 0.3817396015339455 0.14790500603572246 1.767650880973335 
0.05814088522531867 0.41680886403634576 8.646472386175306 0.33593995867962767 0.15519406299532776 1.889727043500128 
0.05814088522531867 0.41680886403634576 8.646472386175306 0.33593995867962767 0.15519406299532776 1.889727043500128 
0.05814088522531867 0.41680886403634576 8.646472386175306 0.33593995867962767 0.15519406299532776 1.889727043500128 
0.05683268804438312 0.4494692160609106 8.610044114939853 0.33415831485252373 0.1581351202243031 1.8099487724970587 
0.0581043962536644 0.4841448797464222 8.287864953255944 0.3250512658413768 0.14098674285153578 2.0543420704088504 
0.0581043962536644 0.4841448797464222 8.287864953255944 0.3250512658413768 0.14098674285153578 2.0543420704088504 
0.0581043962536644 0.4841448797464222 8.287864953255944 0.3250512658413768 0.14098674285153578 2.0543420704088504 
0.05808331928668815 0.4858467101867391 8.277139234957216 0.3241555400573713 0.14121071244224026 2.0598326213329234 
0.05808331928668815 0.4858467101867391 8.277139234957216 0.3241555400573713 0.14121071244224026 2.0598326213329234 
0.05808331928668815 0.4858467101867391 8.277139234957216 0.3241555400573713 0.14121071244224026 2.0598326213329234 
0.05808331928668815 0.4858467101867391 8.277139234957216 0.3241555400573713 0.14121071244224026 2.0598326213329234 
0.05808331928668815 0.4858467101867391 8.277139234957216 0.3241555400573713 0.14121071244224026 2.0598326213329234 
0.05829239842588426 0.4841012146542957 8.252790676518334 0.32578558430554877 0.14265380988044513 1.9798925576164077 
0.06514973007779853 0.5188947005585333 8.593876270298171 0.25344531017100436 0.13967782275841797 1.9245716568010032 
0.06514973007779853 0.5188947005585333 8.593876270298171 0.25344531017100436 0.13967782275841797 1.9245716568010032 
0.06514973007779853 0.5188947005585333 8.593876270298171 0.25344531017100436 0.13967782275841797 1.9245716568010032 
0.06514973007779853 0.5188947005585333 8.593876270298171 0.25344531017100436 0.13967782275841797 1.9245716568010032 
0.06514973007779853 0.5188947005585333 8.593876270298171 0.25344531017100436 0.13967782275841797 1.9245716568010032 
0.06514973007779853 0.5188947005585333 8.593876270298171 0.25344531017100436 0.13967782275841797 1.9245716568010032 
0.06514973007779853 0.5188947005585333 8.593876270298171 0.25344531017100436 0.13967782275841797 1.9245716568010032 
0.06514973007779853 0.5188947005585333 8.593876270298171 0.25344531017100436 0.13967782275841797 1.9245716568010032 
0.06514973007779853 0.5188947005585333 8.593876270298171 0.25344531017100436 0.13967782275841797 1.9245716568010032 
0.06514973007779853 0.5188947005585333 8.593876270298171 0.25344531017100436 0.13967782275841797 1.9245716568010032 
0.06514973007779853 0.5188947005585333 8.593876270298171 0.25344531017100436 0.13967782275841797 1.9245716568010032 
0.06514973007779853 0.5188947005585333 8.593876270298171 0.25344531017100436 0.13967782275841797 1.9245716568010032 
0.06432392798380927 0.5187673471688314 8.526933475667805 0.2559857876862886 0.14037040977102544 1.9187781710124105 
0.06432392798380927 0.5187673471688314 8.526933475667805 0.2559857876862886 0.14037040977102544 1.9187781710124105 
0.053756209252254245 0.39628521750272383 8.717781263275425 0.28751239667344797 0.17442096009892924 1.5956016269772946 
0.053756209252254245 0.39628521750272383 8.717781263275425 0.28751239667344797 0.17442096009892924 1.5956016269772946 
0.05209628503866057 0.38231027382565186 8.836540017819559 0.31531110980572025 0.1734023153270722 1.5745992440322398 
0.05584778961313018 0.3696859292250222 9.246847719000549 0.2518183360340034 0.18743299872300095 1.3381877170654 
0.05584778961313018 0.3696859292250222 9.246847719000549 0.2518183360340034 0.18743299872300095 1.3381877170654 
0.06680265964386359 0.34892932753229744 9.690235375627495 0.24318821686021383 0.1822772563987103 1.2069643698682793 
0.06680265964386359 0.34892932753229744 9.690235375627495 0.24318821686021383 0.1822772563987103 1.2069643698682793 
0.06734387738622923 0.35082597744939104 9.70607739155188 0.24055457763028765 0.18159483196213924 1.20658759181203 
0.06734387738622923 0.35082597744939104 9.70607739155188 0.24055457763028765 0.18159483196213924 1.20658759181203 
0.06603317641660833 0.3569775467998561 9.426046849483315 0.2696273920398832 0.17826225200257506 1.1680066433444407 
0.06603317641660833 0.3569775467998561 9.426046849483315 0.2696273920398832 0.17826225200257506 1.1680066433444407 
0.06603317641660833 0.3569775467998561 9.426046849483315 0.2696273920398832 0.17826225200257506 1.1680066433444407 
0.05757386904547483 0.3619496253183519 9.902186247739122 0.2892258618110711 0.23186972346675155 1.0874118933684156 
0.05757386904547483 0.3619496253183519 9.902186247739122 0.2892258618110711 0.23186972346675155 1.0874118933684156 
0.05778316421744073 0.35788835356255483 10.001793460298888 0.28908472464050594 0.22910746397280657 1.0843513520047878 
0.05778316421744073 0.35788835356255483 10.001793460298888 0.28908472464050594 0.22910746397280657 1.0843513520047878 
0.05778316421744073 0.35788835356255483 10.001793460298888 0.28908472464050594 0.22910746397280657 1.0843513520047878 
0.05778316421744073 0.35788835356255483 10.001793460298888 0.28908472464050594 0.22910746397280657 1.0843513520047878 
0.05735728419036803 0.35805298441035077 10.028134219829056 0.29008242250294874 0.23178229822768248 1.080169281788148 
0.05735728419036803 0.35805298441035077 10.028134219829056 0.29008242250294874 0.23178229822768248 1.080169281788148 
0.05735728419036803 0.35805298441035077 10.028134219829056 0.29008242250294874 0.23178229822768248 1.080169281788148 
0.05735728419036803 0.35805298441035077 10.028134219829056 0.29008242250294874 0.23178229822768248 1.080169281788148 
0.05735728419036803 0.35805298441035077 10.028134219829056 0.29008242250294874 0.23178229822768248 1.080169281788148 
0.05735728419036803 0.35805298441035077 10.028134219829056 0.29008242250294874 0.23178229822768248 1.080169281788148 
0.05735728419036803 0.35805298441035077 10.028134219829056 0.29008242250294874 0.23178229822768248 1.080169281788148 
0.05735728419036803 0.35805298441035077 10.028134219829056 0.29008242250294874 0.23178229822768248 1.080169281788148 
0.05730817986363399 0.35803205408297134 10.034427744505404 0.28985183101135775 0.23219823453744687 1.076203304132172 
0.05313088940460106 0.3725590095621738 9.81305997134736 0.2846672446600954 0.22182344910300833 1.1007989238182745 
0.05313088940460106 0.3725590095621738 9.81305997134736 0.2846672446600954 0.22182344910300833 1.1007989238182745 
0.05313088940460106 0.3725590095621738 9.81305997134736 0.2846672446600954 0.22182344910300833 1.1007989238182745 
0.05159742581284033 0.3611277869415245 10.41698340071619 0.28693451417043675 0.22347986573917542 1.006570338456119 
0.05159742581284033 0.3611277869415245 10.41698340071619 0.28693451417043675 0.22347986573917542 1.006570338456119 
0.05159742581284033 0.3611277869415245 10.41698340071619 0.28693451417043675 0.22347986573917542 1.006570338456119 
0.05640884007244723 0.3472315545139923 10.398063182021842 0.2953050787121719 0.21795260770615132 1.0865493054263402 
0.05640884007244723 0.3472315545139923 10.398063182021842 0.2953050787121719 0.21795260770615132 1.0865493054263402 
0.0482830619002993 0.32741893592805715 11.252123467727598 0.2638413924495623 0.21698017395898123 0.8935445912089094 
0.0482830619002993 0.32741893592805715 11.252123467727598 0.2638413924495623 0.21698017395898123 0.8935445912089094 
0.0482830619002993 0.32741893592805715 11.252123467727598 0.2638413924495623 0.21698017395898123 0.8935445912089094 
0.0482830619002993 0.32741893592805715 11.252123467727598 0.2638413924495623 0.21698017395898123 0.8935445912089094 
0.0482830619002993 0.32741893592805715 11.252123467727598 0.2638413924495623 0.21698017395898123 0.8935445912089094 
0.0482830619002993 0.32741893592805715 11.252123467727598 0.2638413924495623 0.21698017395898123 0.8935445912089094 
0.0482830619002993 0.32741893592805715 11.252123467727598 0.2638413924495623 0.21698017395898123 0.8935445912089094 
0.0482830619002993 0.32741893592805715 11.252123467727598 0.2638413924495623 0.21698017395898123 0.8935445912089094 
0.05795519814226212 0.34288490435776076 10.557279242343778 0.27112267754947483 0.2126768654463603 1.2910394754744114 
0.05795519814226212 0.34288490435776076 10.557279242343778 0.27112267754947483 0.2126768654463603 1.2910394754744114 
0.05795519814226212 0.34288490435776076 10.557279242343778 0.27112267754947483 0.2126768654463603 1.2910394754744114 
0.054117994905885966 0.34592251593087747 10.995212792824695 0.24668269419645739 0.2201515534010009 1.325665945680725 
0.054117994905885966 0.34592251593087747 10.995212792824695 0.24668269419645739 0.2201515534010009 1.325665945680725 
0.054117994905885966 0.34592251593087747 10.995212792824695 0.24668269419645739 0.2201515534010009 1.325665945680725 
0.054117994905885966 0.34592251593087747 10.995212792824695 0.24668269419645739 0.2201515534010009 1.325665945680725 
0.054117994905885966 0.34592251593087747 10.995212792824695 0.24668269419645739 0.2201515534010009 1.325665945680725 
0.054117994905885966 0.34592251593087747 10.995212792824695 0.24668269419645739 0.2201515534010009 1.325665945680725 
0.054117994905885966 0.34592251593087747 10.995212792824695 0.24668269419645739 0.2201515534010009 1.325665945680725 
0.054117994905885966 0.34592251593087747 10.995212792824695 0.24668269419645739 0.2201515534010009 1.325665945680725 
0.054117994905885966 0.34592251593087747 10.995212792824695 0.24668269419645739 0.2201515534010009 1.325665945680725 
0.05468007516945998 0.33915249060815444 10.731296376405155 0.2712103512085491 0.21883250436215665 1.4163048184890186 
0.05468007516945998 0.33915249060815444 10.731296376405155 0.2712103512085491 0.21883250436215665 1.4163048184890186 
0.05420942492479391 0.3520287064049147 10.506540346930777 0.28065240698865696 0.21315098434774996 1.3686198257937519 
0.05472674622494425 0.3474020269632087 10.776030853822068 0.28139711690310226 0.21930691193860904 1.3150688659735914 
0.05472674622494425 0.3474020269632087 10.776030853822068 0.28139711690310226 0.21930691193860904 1.3150688659735914 
0.05472674622494425 0.3474020269632087 10.776030853822068 0.28139711690310226 0.21930691193860904 1.3150688659735914 
0.05916048465770825 0.34670443993833944 10.854882334659115 0.28514320953629735 0.2215147608467856 1.1791347673446901 
0.05881151518229271 0.4146220489286653 9.13574734420481 0.28021577656546226 0.2162495778649002 1.106415918723395 
0.05881151518229271 0.4146220489286653 9.13574734420481 0.28021577656546226 0.2162495778649002 1.106415918723395 
0.05881151518229271 0.4146220489286653 9.13574734420481 0.28021577656546226 0.2162495778649002 1.106415918723395 
0.06023614617391336 0.42101824351064315 8.921907496074905 0.2793902968449931 0.22034185408805085 1.0143789338053915 
0.06023614617391336 0.42101824351064315 8.921907496074905 0.2793902968449931 0.22034185408805085 1.0143789338053915 
0.06023614617391336 0.42101824351064315 8.921907496074905 0.2793902968449931 0.22034185408805085 1.0143789338053915 
0.06023614617391336 0.42101824351064315 8.921907496074905 0.2793902968449931 0.22034185408805085 1.0143789338053915 
0.058051518272133784 0.40370740464462906 8.84104230606097 0.27795862441453856 0.21995947605236052 0.9820811353516435 
0.058051518272133784 0.40370740464462906 8.84104230606097 0.27795862441453856 0.21995947605236052 0.9820811353516435 
0.059525087780311535 0.40029212206437104 8.78359114185177 0.2860473862480909 0.21577155432248402 1.0337629405151134 
0.059525087780311535 0.40029212206437104 8.78359114185177 0.2860473862480909 0.21577155432248402 1.0337629405151134 
0.059525087780311535 0.40029212206437104 8.78359114185177 0.2860473862480909 0.21577155432248402 1.0337629405151134 
0.059525087780311535 0.40029212206437104 8.78359114185177 0.2860473862480909 0.21577155432248402 1.0337629405151134 
0.059525087780311535 0.40029212206437104 8.78359114185177 0.2860473862480909 0.21577155432248402 1.0337629405151134 
0.059525087780311535 0.40029212206437104 8.78359114185177 0.2860473862480909 0.21577155432248402 1.0337629405151134 
0.059541937668606305 0.3978260944623935 8.865319547125397 0.2861029340670518 0.21954970011404154 0.9920660724974482 
0.05861936736623212 0.40207417187510847 8.867614296934825 0.28688948908713224 0.22643693019702035 0.98525370888462 
0.0581181197966788 0.3920624926125123 9.01785666445457 0.27836792810053507 0.22652694158030515 0.9799382582319576 
0.0581181197966788 0.3920624926125123 9.01785666445457 0.27836792810053507 0.22652694158030515 0.9799382582319576 
0.0581181197966788 0.3920624926125123 9.01785666445457 0.27836792810053507 0.22652694158030515 0.9799382582319576 
0.05895429882680882 0.3900127277332793 8.99597393117007 0.27761860712815184 0.22503259880936383 1.0192312034355324 
0.05895429882680882 0.3900127277332793 8.99597393117007 0.27761860712815184 0.22503259880936383 1.0192312034355324 
0.05895429882680882 0.3900127277332793 8.99597393117007 0.27761860712815184 0.22503259880936383 1.0192312034355324 
0.05895429882680882 0.3900127277332793 8.99597393117007 0.27761860712815184 0.22503259880936383 1.0192312034355324 
0.05895429882680882 0.3900127277332793 8.99597393117007 0.27761860712815184 0.22503259880936383 1.0192312034355324 
0.05895429882680882 0.3900127277332793 8.99597393117007 0.27761860712815184 0.22503259880936383 1.0192312034355324 
0.05895429882680882 0.3900127277332793 8.99597393117007 0.27761860712815184 0.22503259880936383 1.0192312034355324 
0.059087007422757194 0.38891917285070426 8.973657717506757 0.27790449749288276 0.22324363630827013 1.0229094349182979 
0.059087007422757194 0.38891917285070426 8.973657717506757 0.27790449749288276 0.22324363630827013 1.0229094349182979 
0.057835316928044576 0.4068649199982932 8.6463516380436 0.30768984429127355 0.21903911370355073 1.1425068819963737 
0.057835316928044576 0.4068649199982932 8.6463516380436 0.30768984429127355 0.21903911370355073 1.1425068819963737 
0.057835316928044576 0.4068649199982932 8.6463516380436 0.30768984429127355 0.21903911370355073 1.1425068819963737 
0.057835316928044576 0.4068649199982932 8.6463516380436 0.30768984429127355 0.21903911370355073 1.1425068819963737 
0.05638238850586246 0.3910582799301642 8.770676576015047 0.30515142411752044 0.2206248978443132 1.0514908678993424 
0.05638238850586246 0.3910582799301642 8.770676576015047 0.30515142411752044 0.2206248978443132 1.0514908678993424 
0.05638238850586246 0.3910582799301642 8.770676576015047 0.30515142411752044 0.2206248978443132 1.0514908678993424 
0.05638238850586246 0.3910582799301642 8.770676576015047 0.30515142411752044 0.2206248978443132 1.0514908678993424 
0.037333820773162586 0.36997373147638224 9.845721105435711 0.3381212912912093 0.2244500314816962 1.0974368192843575 
0.037333820773162586 0.36997373147638224 9.845721105435711 0.3381212912912093 0.2244500314816962 1.0974368192843575 
0.037333820773162586 0.36997373147638224 9.845721105435711 0.3381212912912093 0.2244500314816962 1.0974368192843575 
0.0352129356888695 0.4094424323337484 9.530963578922067 0.35046067550063714 0.2308764270156956 0.9932139970525853 
0.0352129356888695 0.4094424323337484 9.530963578922067 0.35046067550063714 0.2308764270156956 0.9932139970525853 
0.03497240094106568 0.4046067060490237 9.502516095914888 0.34490698202755626 0.22904118021058278 1.0433221104961428 
0.04334049408494724 0.3739622548913994 9.375666582859678 0.2995528141442465 0.20367639474142046 1.3343770347838504 
0.04493652081777299 0.35420969235238337 10.172595947684457 0.24886601504246017 0.22972672468878502 1.4470521955927937 
0.04493652081777299 0.35420969235238337 10.172595947684457 0.24886601504246017 0.22972672468878502 1.4470521955927937 
0.04493652081777299 0.35420969235238337 10.172595947684457 0.24886601504246017 0.22972672468878502 1.4470521955927937 
0.04493652081777299 0.35420969235238337 10.172595947684457 0.24886601504246017 0.22972672468878502 1.4470521955927937 
0.04493652081777299 0.35420969235238337 10.172595947684457 0.24886601504246017 0.22972672468878502 1.4470521955927937 
0.04493652081777299 0.35420969235238337 10.172595947684457 0.24886601504246017 0.22972672468878502 1.4470521955927937 
0.04493652081777299 0.35420969235238337 10.172595947684457 0.24886601504246017 0.22972672468878502 1.4470521955927937 
0.04493652081777299 0.35420969235238337 10.172595947684457 0.24886601504246017 0.22972672468878502 1.4470521955927937 
0.04493652081777299 0.35420969235238337 10.172595947684457 0.24886601504246017 0.22972672468878502 1.4470521955927937 
0.0389987373869212 0.3815227015397756 10.00020014061068 0.2475146874153085 0.22979726135461928 1.4522386764690387 
0.0389987373869212 0.3815227015397756 10.00020014061068 0.2475146874153085 0.22979726135461928 1.4522386764690387 
0.0389987373869212 0.3815227015397756 10.00020014061068 0.2475146874153085 0.22979726135461928 1.4522386764690387 
0.0389987373869212 0.3815227015397756 10.00020014061068 0.2475146874153085 0.22979726135461928 1.4522386764690387 
0.0389987373869212 0.3815227015397756 10.00020014061068 0.2475146874153085 0.22979726135461928 1.4522386764690387 
0.0389987373869212 0.3815227015397756 10.00020014061068 0.2475146874153085 0.22979726135461928 1.4522386764690387 
0.0389987373869212 0.3815227015397756 10.00020014061068 0.2475146874153085 0.22979726135461928 1.4522386764690387 
0.03827022850577377 0.38681853882811223 10.039859853808618 0.24684012511325693 0.23298322746014805 1.4356407013394903 
0.03817564255773762 0.38566007666422575 10.062018159461514 0.24674540725590755 0.23386628441935176 1.4368924642579735 
0.03817564255773762 0.38566007666422575 10.062018159461514 0.24674540725590755 0.23386628441935176 1.4368924642579735 
0.03817564255773762 0.38566007666422575 10.062018159461514 0.24674540725590755 0.23386628441935176 1.4368924642579735 
0.03817564255773762 0.38566007666422575 10.062018159461514 0.24674540725590755 0.23386628441935176 1.4368924642579735 
0.03817564255773762 0.38566007666422575 10.062018159461514 0.24674540725590755 0.23386628441935176 1.4368924642579735 
0.03817564255773762 0.38566007666422575 10.062018159461514 0.24674540725590755 0.23386628441935176 1.4368924642579735 
0.03817564255773762 0.38566007666422575 10.062018159461514 0.24674540725590755 0.23386628441935176 1.4368924642579735 
0.03817564255773762 0.38566007666422575 10.062018159461514 0.24674540725590755 0.23386628441935176 1.4368924642579735 
0.03817564255773762 0.38566007666422575 10.062018159461514 0.24674540725590755 0.23386628441935176 1.4368924642579735 
0.03817564255773762 0.38566007666422575 10.062018159461514 0.24674540725590755 0.23386628441935176 1.4368924642579735 
0.03817564255773762 0.38566007666422575 10.062018159461514 0.24674540725590755 0.23386628441935176 1.4368924642579735 
0.03817564255773762 0.38566007666422575 10.062018159461514 0.24674540725590755 0.23386628441935176 1.4368924642579735 
0.03817564255773762 0.38566007666422575 10.062018159461514 0.24674540725590755 0.23386628441935176 1.4368924642579735 
0.03817564255773762 0.38566007666422575 10.062018159461514 0.24674540725590755 0.23386628441935176 1.4368924642579735 
0.03817564255773762 0.38566007666422575 10.062018159461514 0.24674540725590755 0.23386628441935176 1.4368924642579735 
0.03817564255773762 0.38566007666422575 10.062018159461514 0.24674540725590755 0.23386628441935176 1.4368924642579735 
0.03817564255773762 0.38566007666422575 10.062018159461514 0.24674540725590755 0.23386628441935176 1.4368924642579735 
0.03817564255773762 0.38566007666422575 10.062018159461514 0.24674540725590755 0.23386628441935176 1.4368924642579735 
0.03817564255773762 0.38566007666422575 10.062018159461514 0.24674540725590755 0.23386628441935176 1.4368924642579735 
0.03817564255773762 0.38566007666422575 10.062018159461514 0.24674540725590755 0.23386628441935176 1.4368924642579735 
0.03817564255773762 0.38566007666422575 10.062018159461514 0.24674540725590755 0.23386628441935176 1.4368924642579735 
0.03817564255773762 0.38566007666422575 10.062018159461514 0.24674540725590755 0.23386628441935176 1.4368924642579735 
0.03817564255773762 0.38566007666422575 10.062018159461514 0.24674540725590755 0.23386628441935176 1.4368924642579735 
0.03817564255773762 0.38566007666422575 10.062018159461514 0.24674540725590755 0.23386628441935176 1.4368924642579735 
0.03817564255773762 0.38566007666422575 10.062018159461514 0.24674540725590755 0.23386628441935176 1.4368924642579735 
0.03817564255773762 0.38566007666422575 10.062018159461514 0.24674540725590755 0.23386628441935176 1.4368924642579735 
0.03817564255773762 0.38566007666422575 10.062018159461514 0.24674540725590755 0.23386628441935176 1.4368924642579735 
0.043391895051398816 0.3940322844148435 9.56354311736984 0.24827144891005795 0.2075833184715676 1.3967144990762246 
0.043391895051398816 0.3940322844148435 9.56354311736984 0.24827144891005795 0.2075833184715676 1.3967144990762246 
0.043391895051398816 0.3940322844148435 9.56354311736984 0.24827144891005795 0.2075833184715676 1.3967144990762246 
0.043391895051398816 0.3940322844148435 9.56354311736984 0.24827144891005795 0.2075833184715676 1.3967144990762246 
0.043391895051398816 0.3940322844148435 9.56354311736984 0.24827144891005795 0.2075833184715676 1.3967144990762246 
0.044320207784634996 0.40389550696021237 9.427472532130581 0.25028627607711423 0.20086584568203802 1.409479443213735 
0.043488677202024734 0.40006471462631 9.789281423270403 0.24399477462501135 0.1946850741043593 1.465293960404772 
0.043488677202024734 0.40006471462631 9.789281423270403 0.24399477462501135 0.1946850741043593 1.465293960404772 
0.043488677202024734 0.40006471462631 9.789281423270403 0.24399477462501135 0.1946850741043593 1.465293960404772 
0.044220042771838226 0.399252908811812 9.540757708205076 0.24557978503960848 0.19007480914079672 1.4260085713749204 
0.047249381017603065 0.41189578991737535 9.115845100682527 0.2790733059436702 0.18381528543476439 1.401869451949726 
0.04884965280213147 0.456846929352965 8.201361510823011 0.2711270038462881 0.17457029797920884 1.5394347144091391 
0.04884965280213147 0.456846929352965 8.201361510823011 0.2711270038462881 0.17457029797920884 1.5394347144091391 
0.048973124616920494 0.4562317991493339 8.198178632068835 0.272173206081756 0.1746362948943481 1.5376870477734872 
0.048973124616920494 0.4562317991493339 8.198178632068835 0.272173206081756 0.1746362948943481 1.5376870477734872 
0.049867506604525776 0.5080870066274844 7.453998247201287 0.2886587965123996 0.18195899208887129 1.2467916232009806 
0.049867506604525776 0.5080870066274844 7.453998247201287 0.2886587965123996 0.18195899208887129 1.2467916232009806 
0.05043185759160408 0.5517776710003439 7.388160565411124 0.3005149693794519 0.1900899964942448 1.331321844223971 
0.05043185759160408 0.5517776710003439 7.388160565411124 0.3005149693794519 0.1900899964942448 1.331321844223971 
0.05043185759160408 0.5517776710003439 7.388160565411124 0.3005149693794519 0.1900899964942448 1.331321844223971 
0.05043185759160408 0.5517776710003439 7.388160565411124 0.3005149693794519 0.1900899964942448 1.331321844223971 
0.05043185759160408 0.5517776710003439 7.388160565411124 0.3005149693794519 0.1900899964942448 1.331321844223971 
0.05043185759160408 0.5517776710003439 7.388160565411124 0.3005149693794519 0.1900899964942448 1.331321844223971 
0.05043185759160408 0.5517776710003439 7.388160565411124 0.3005149693794519 0.1900899964942448 1.331321844223971 
0.05043185759160408 0.5517776710003439 7.388160565411124 0.3005149693794519 0.1900899964942448 1.331321844223971 
0.05043185759160408 0.5517776710003439 7.388160565411124 0.3005149693794519 0.1900899964942448 1.331321844223971 
0.04465017127600113 0.5343498297531182 7.2203125319829775 0.2902163326927452 0.1833128674875965 1.3061315469169266 
0.04465017127600113 0.5343498297531182 7.2203125319829775 0.2902163326927452 0.1833128674875965 1.3061315469169266 
0.04465017127600113 0.5343498297531182 7.2203125319829775 0.2902163326927452 0.1833128674875965 1.3061315469169266 
0.04465017127600113 0.5343498297531182 7.2203125319829775 0.2902163326927452 0.1833128674875965 1.3061315469169266 
0.04465017127600113 0.5343498297531182 7.2203125319829775 0.2902163326927452 0.1833128674875965 1.3061315469169266 
0.04465017127600113 0.5343498297531182 7.2203125319829775 0.2902163326927452 0.1833128674875965 1.3061315469169266 
0.04678267091447538 0.520618898011495 7.330968196270301 0.28838965641738296 0.17800688539489332 1.3295016678318867 
0.04678267091447538 0.520618898011495 7.330968196270301 0.28838965641738296 0.17800688539489332 1.3295016678318867 
0.0454981381426217 0.5194822159986239 7.375335723443522 0.28482366113371305 0.17854435160482438 1.3104958928013684 
0.0454981381426217 0.5194822159986239 7.375335723443522 0.28482366113371305 0.17854435160482438 1.3104958928013684 
0.0454981381426217 0.5194822159986239 7.375335723443522 0.28482366113371305 0.17854435160482438 1.3104958928013684 
0.0454981381426217 0.5194822159986239 7.375335723443522 0.28482366113371305 0.17854435160482438 1.3104958928013684 
0.0454981381426217 0.5194822159986239 7.375335723443522 0.28482366113371305 0.17854435160482438 1.3104958928013684 
0.04464000849585892 0.5328368317637455 7.215491013836363 0.2864397996103929 0.17664903670413262 1.2969428546496085 
0.04464000849585892 0.5328368317637455 7.215491013836363 0.2864397996103929 0.17664903670413262 1.2969428546496085 
0.04464000849585892 0.5328368317637455 7.215491013836363 0.2864397996103929 0.17664903670413262 1.2969428546496085 
0.043579841119561404 0.5338273367494177 7.219702360750411 0.2861959946916925 0.17892575060903199 1.287734214088406 
0.043579841119561404 0.5338273367494177 7.219702360750411 0.2861959946916925 0.17892575060903199 1.287734214088406 
0.043579841119561404 0.5338273367494177 7.219702360750411 0.2861959946916925 0.17892575060903199 1.287734214088406 
0.043579841119561404 0.5338273367494177 7.219702360750411 0.2861959946916925 0.17892575060903199 1.287734214088406 
0.043579841119561404 0.5338273367494177 7.219702360750411 0.2861959946916925 0.17892575060903199 1.287734214088406 
0.043579841119561404 0.5338273367494177 7.219702360750411 0.2861959946916925 0.17892575060903199 1.287734214088406 
0.043579841119561404 0.5338273367494177 7.219702360750411 0.2861959946916925 0.17892575060903199 1.287734214088406 
0.043579841119561404 0.5338273367494177 7.219702360750411 0.2861959946916925 0.17892575060903199 1.287734214088406 
0.043579841119561404 0.5338273367494177 7.219702360750411 0.2861959946916925 0.17892575060903199 1.287734214088406 
0.043579841119561404 0.5338273367494177 7.219702360750411 0.2861959946916925 0.17892575060903199 1.287734214088406 
0.043579841119561404 0.5338273367494177 7.219702360750411 0.2861959946916925 0.17892575060903199 1.287734214088406 
0.043579841119561404 0.5338273367494177 7.219702360750411 0.2861959946916925 0.17892575060903199 1.287734214088406 
0.043579841119561404 0.5338273367494177 7.219702360750411 0.2861959946916925 0.17892575060903199 1.287734214088406 
0.043579841119561404 0.5338273367494177 7.219702360750411 0.2861959946916925 0.17892575060903199 1.287734214088406 
0.041563199532371316 0.5368507420457768 7.369018345894909 0.25522159861734106 0.17671645523867627 1.1299239474466856 
0.041563199532371316 0.5368507420457768 7.369018345894909 0.25522159861734106 0.17671645523867627 1.1299239474466856 
0.041563199532371316 0.5368507420457768 7.369018345894909 0.25522159861734106 0.17671645523867627 1.1299239474466856 
0.041563199532371316 0.5368507420457768 7.369018345894909 0.25522159861734106 0.17671645523867627 1.1299239474466856 
0.04185316573728 0.5284593132712775 7.2605047387074455 0.2569048257374763 0.17620607425776852 1.1251750724377416 
0.04287698071613736 0.5301726525520342 7.216997270521693 0.25743617511868505 0.18764134356173462 1.2884295755214115 
0.04287698071613736 0.5301726525520342 7.216997270521693 0.25743617511868505 0.18764134356173462 1.2884295755214115 
0.04480577982169137 0.5301510720029936 7.245562908982626 0.2572836464049006 0.20471531381317282 1.056572179124277 
0.04480577982169137 0.5301510720029936 7.245562908982626 0.2572836464049006 0.20471531381317282 1.056572179124277 
0.04480577982169137 0.5301510720029936 7.245562908982626 0.2572836464049006 0.20471531381317282 1.056572179124277 
0.04480577982169137 0.5301510720029936 7.245562908982626 0.2572836464049006 0.20471531381317282 1.056572179124277 
0.04480577982169137 0.5301510720029936 7.245562908982626 0.2572836464049006 0.20471531381317282 1.056572179124277 
0.04480577982169137 0.5301510720029936 7.245562908982626 0.2572836464049006 0.20471531381317282 1.056572179124277 
0.04733679596279698 0.5328237385706295 7.325922174253981 0.261631981869204 0.19786739700214365 1.0792496624319934 
0.04733679596279698 0.5328237385706295 7.325922174253981 0.261631981869204 0.19786739700214365 1.0792496624319934 
0.046617274892968706 0.533446653038634 7.3403940123539595 0.2595848764833449 0.1973080460088743 1.0763381007904074 
0.046617274892968706 0.533446653038634 7.3403940123539595 0.2595848764833449 0.1973080460088743 1.0763381007904074 
0.04544399315778647 0.5444795322717675 7.688827345638284 0.2461855516568022 0.19177595524798552 0.8921767712134105 
0.04544399315778647 0.5444795322717675 7.688827345638284 0.2461855516568022 0.19177595524798552 0.8921767712134105 
0.04544399315778647 0.5444795322717675 7.688827345638284 0.2461855516568022 0.19177595524798552 0.8921767712134105 
0.04519732894343814 0.5445679037331658 7.656167864201592 0.24943163026206724 0.1906159195248447 0.899058497761194 
0.04519732894343814 0.5445679037331658 7.656167864201592 0.24943163026206724 0.1906159195248447 0.899058497761194 
0.04519732894343814 0.5445679037331658 7.656167864201592 0.24943163026206724 0.1906159195248447 0.899058497761194 
0.04519732894343814 0.5445679037331658 7.656167864201592 0.24943163026206724 0.1906159195248447 0.899058497761194 
0.04519732894343814 0.5445679037331658 7.656167864201592 0.24943163026206724 0.1906159195248447 0.899058497761194 
0.04519732894343814 0.5445679037331658 7.656167864201592 0.24943163026206724 0.1906159195248447 0.899058497761194 
0.04519732894343814 0.5445679037331658 7.656167864201592 0.24943163026206724 0.1906159195248447 0.899058497761194 
0.04519732894343814 0.5445679037331658 7.656167864201592 0.24943163026206724 0.1906159195248447 0.899058497761194 
0.04519732894343814 0.5445679037331658 7.656167864201592 0.24943163026206724 0.1906159195248447 0.899058497761194 
0.04519732894343814 0.5445679037331658 7.656167864201592 0.24943163026206724 0.1906159195248447 0.899058497761194 
0.04519732894343814 0.5445679037331658 7.656167864201592 0.24943163026206724 0.1906159195248447 0.899058497761194 
0.04519732894343814 0.5445679037331658 7.656167864201592 0.24943163026206724 0.1906159195248447 0.899058497761194 
0.04519732894343814 0.5445679037331658 7.656167864201592 0.24943163026206724 0.1906159195248447 0.899058497761194 
0.04519732894343814 0.5445679037331658 7.656167864201592 0.24943163026206724 0.1906159195248447 0.899058497761194 
0.04519732894343814 0.5445679037331658 7.656167864201592 0.24943163026206724 0.1906159195248447 0.899058497761194 
0.04519732894343814 0.5445679037331658 7.656167864201592 0.24943163026206724 0.1906159195248447 0.899058497761194 
0.047044621593901235 0.530473762848853 7.773222208822521 0.24898224921518247 0.17732149440997755 1.0024923331231157 
0.047663451076170295 0.5241200380690925 7.720270227530216 0.2605261454104776 0.17754820610541475 1.1637052038505868 
0.047663451076170295 0.5241200380690925 7.720270227530216 0.2605261454104776 0.17754820610541475 1.1637052038505868 
0.047250979784081645 0.5250251924873458 7.7153757699188965 0.2604942958781479 0.17796191463394445 1.164940571599696 
0.048339264789641886 0.5230573229531505 7.7083752939818035 0.2615225561529976 0.1773097111774441 1.1764970498573148 
0.046252049843339915 0.5232561632511757 7.728076715215611 0.2610814440945817 0.1745002860141384 1.2149926287147355 
0.046252049843339915 0.5232561632511757 7.728076715215611 0.2610814440945817 0.1745002860141384 1.2149926287147355 
0.04478941264924126 0.5236838897274655 7.764018402751782 0.2593743627362891 0.17343889132354778 1.1748630997408043 
0.04478941264924126 0.5236838897274655 7.764018402751782 0.2593743627362891 0.17343889132354778 1.1748630997408043 
0.04478941264924126 0.5236838897274655 7.764018402751782 0.2593743627362891 0.17343889132354778 1.1748630997408043 
0.04478941264924126 0.5236838897274655 7.764018402751782 0.2593743627362891 0.17343889132354778 1.1748630997408043 
0.04478941264924126 0.5236838897274655 7.764018402751782 0.2593743627362891 0.17343889132354778 1.1748630997408043 
0.04478941264924126 0.5236838897274655 7.764018402751782 0.2593743627362891 0.17343889132354778 1.1748630997408043 
0.04478941264924126 0.5236838897274655 7.764018402751782 0.2593743627362891 0.17343889132354778 1.1748630997408043 
0.04318090427350557 0.5500349816610131 7.664686821537091 0.25544648204663123 0.17170960298969024 0.9721346915177502 
0.04318090427350557 0.5500349816610131 7.664686821537091 0.25544648204663123 0.17170960298969024 0.9721346915177502 
0.04318090427350557 0.5500349816610131 7.664686821537091 0.25544648204663123 0.17170960298969024 0.9721346915177502 
0.04318090427350557 0.5500349816610131 7.664686821537091 0.25544648204663123 0.17170960298969024 0.9721346915177502 
0.04318090427350557 0.5500349816610131 7.664686821537091 0.25544648204663123 0.17170960298969024 0.9721346915177502 
0.04318090427350557 0.5500349816610131 7.664686821537091 0.25544648204663123 0.17170960298969024 0.9721346915177502 
0.04365258781764436 0.5393850463077933 7.648933560198333 0.26578048688594735 0.16905163142718113 1.0321466959186965 
0.04365258781764436 0.5393850463077933 7.648933560198333 0.26578048688594735 0.16905163142718113 1.0321466959186965 
0.04449643604993042 0.5440654367791609 7.642802500912618 0.26471465713685643 0.16631986109042451 1.0260755275102853 
0.04449643604993042 0.5440654367791609 7.642802500912618 0.26471465713685643 0.16631986109042451 1.0260755275102853 
0.04453037799608883 0.5433993340731157 7.633206914622291 0.26519047973067683 0.16720790936620816 1.0293476897912668 
0.04453037799608883 0.5433993340731157 7.633206914622291 0.26519047973067683 0.16720790936620816 1.0293476897912668 
0.04453037799608883 0.5433993340731157 7.633206914622291 0.26519047973067683 0.16720790936620816 1.0293476897912668 
0.04453037799608883 0.5433993340731157 7.633206914622291 0.26519047973067683 0.16720790936620816 1.0293476897912668 
0.04453037799608883 0.5433993340731157 7.633206914622291 0.26519047973067683 0.16720790936620816 1.0293476897912668 
0.04453037799608883 0.5433993340731157 7.633206914622291 0.26519047973067683 0.16720790936620816 1.0293476897912668 
0.04453037799608883 0.5433993340731157 7.633206914622291 0.26519047973067683 0.16720790936620816 1.0293476897912668 
0.04453037799608883 0.5433993340731157 7.633206914622291 0.26519047973067683 0.16720790936620816 1.0293476897912668 
0.04453037799608883 0.5433993340731157 7.633206914622291 0.26519047973067683 0.16720790936620816 1.0293476897912668 
0.04453037799608883 0.5433993340731157 7.633206914622291 0.26519047973067683 0.16720790936620816 1.0293476897912668 
0.04453037799608883 0.5433993340731157 7.633206914622291 0.26519047973067683 0.16720790936620816 1.0293476897912668 
0.04453037799608883 0.5433993340731157 7.633206914622291 0.26519047973067683 0.16720790936620816 1.0293476897912668 
0.04453037799608883 0.5433993340731157 7.633206914622291 0.26519047973067683 0.16720790936620816 1.0293476897912668 
0.03329495332462477 0.5456620423287519 7.723825960169361 0.26386989169851854 0.1629509936766386 1.0581077215800465 
0.03329495332462477 0.5456620423287519 7.723825960169361 0.26386989169851854 0.1629509936766386 1.0581077215800465 
0.03329495332462477 0.5456620423287519 7.723825960169361 0.26386989169851854 0.1629509936766386 1.0581077215800465 
0.03329495332462477 0.5456620423287519 7.723825960169361 0.26386989169851854 0.1629509936766386 1.0581077215800465 
0.03221234541745904 0.5461969875913677 7.758327069021603 0.2575034500822211 0.16179030697041719 1.0505414056673272 
0.03221234541745904 0.5461969875913677 7.758327069021603 0.2575034500822211 0.16179030697041719 1.0505414056673272 
0.03221234541745904 0.5461969875913677 7.758327069021603 0.2575034500822211 0.16179030697041719 1.0505414056673272 
0.03221234541745904 0.5461969875913677 7.758327069021603 0.2575034500822211 0.16179030697041719 1.0505414056673272 
0.03221234541745904 0.5461969875913677 7.758327069021603 0.2575034500822211 0.16179030697041719 1.0505414056673272 
0.03221234541745904 0.5461969875913677 7.758327069021603 0.2575034500822211 0.16179030697041719 1.0505414056673272 
0.03560918336527911 0.5316977178246726 7.479270907018959 0.30206897156969775 0.17440469533716635 1.2207486804234429 
0.03560918336527911 0.5316977178246726 7.479270907018959 0.30206897156969775 0.17440469533716635 1.2207486804234429 
0.030861558456314414 0.5458818841178297 7.418892490296027 0.3186951809588217 0.16145384547916194 1.0736283986132698 
0.029598833007439332 0.5480872762914853 7.374621051865818 0.3208284901655397 0.16116585878915993 1.0849238344656231 
0.029598833007439332 0.5480872762914853 7.374621051865818 0.3208284901655397 0.16116585878915993 1.0849238344656231 
0.029598833007439332 0.5480872762914853 7.374621051865818 0.3208284901655397 0.16116585878915993 1.0849238344656231 
0.031882899446923976 0.5407028541190402 7.367630335518287 0.3183969493538467 0.16334827703503024 1.09656143605938 
0.031882899446923976 0.5407028541190402 7.367630335518287 0.3183969493538467 0.16334827703503024 1.09656143605938 
0.031882899446923976 0.5407028541190402 7.367630335518287 0.3183969493538467 0.16334827703503024 1.09656143605938 
0.031882899446923976 0.5407028541190402 7.367630335518287 0.3183969493538467 0.16334827703503024 1.09656143605938 
0.031855128771273014 0.5405829215998402 7.3700644884797 0.31759293289540036 0.16327901730172806 1.1003997923407995 
0.033752407877604244 0.5374794704952974 7.428534129807964 0.3106517375790986 0.16040040075182804 1.0851302756873482 
0.033752407877604244 0.5374794704952974 7.428534129807964 0.3106517375790986 0.16040040075182804 1.0851302756873482 
0.03249254691841649 0.5475951134503318 7.456026708909388 0.2771676152849725 0.15539362497006212 0.9962723752535728 
0.03249254691841649 0.5475951134503318 7.456026708909388 0.2771676152849725 0.15539362497006212 0.9962723752535728 
0.03249254691841649 0.5475951134503318 7.456026708909388 0.2771676152849725 0.15539362497006212 0.9962723752535728 
0.03249254691841649 0.5475951134503318 7.456026708909388 0.2771676152849725 0.15539362497006212 0.9962723752535728 
0.03173668628505568 0.5348236103631068 7.576066804282553 0.27167861679564087 0.1509090421013109 1.262239003210123 
0.03173668628505568 0.5348236103631068 7.576066804282553 0.27167861679564087 0.1509090421013109 1.262239003210123 
0.03173668628505568 0.5348236103631068 7.576066804282553 0.27167861679564087 0.1509090421013109 1.262239003210123 
0.03173668628505568 0.5348236103631068 7.576066804282553 0.27167861679564087 0.1509090421013109 1.262239003210123 
0.03173668628505568 0.5348236103631068 7.576066804282553 0.27167861679564087 0.1509090421013109 1.262239003210123 
0.03173668628505568 0.5348236103631068 7.576066804282553 0.27167861679564087 0.1509090421013109 1.262239003210123 
0.03173668628505568 0.5348236103631068 7.576066804282553 0.27167861679564087 0.1509090421013109 1.262239003210123 
0.03173668628505568 0.5348236103631068 7.576066804282553 0.27167861679564087 0.1509090421013109 1.262239003210123 
0.03173668628505568 0.5348236103631068 7.576066804282553 0.27167861679564087 0.1509090421013109 1.262239003210123 
0.03255611855521968 0.5220503183844423 7.611728967540518 0.2717953084186334 0.15418368816500122 1.2792557685059944 
0.03255611855521968 0.5220503183844423 7.611728967540518 0.2717953084186334 0.15418368816500122 1.2792557685059944 
0.03255611855521968 0.5220503183844423 7.611728967540518 0.2717953084186334 0.15418368816500122 1.2792557685059944 
0.03225834405328834 0.5356082713293104 7.459173001672821 0.2751544925410386 0.15044138776986418 1.2600166364045533 
0.03225834405328834 0.5356082713293104 7.459173001672821 0.2751544925410386 0.15044138776986418 1.2600166364045533 
0.03246765418016295 0.5353709221208727 7.463004295010881 0.2753580059348741 0.15117537404707032 1.2582645706634734 
0.030572119957942526 0.5398525328607033 7.481188913287378 0.27390048135443623 0.1478643021088003 1.2161695471406424 
0.030572119957942526 0.5398525328607033 7.481188913287378 0.27390048135443623 0.1478643021088003 1.2161695471406424 
0.030572119957942526 0.5398525328607033 7.481188913287378 0.27390048135443623 0.1478643021088003 1.2161695471406424 
0.030572119957942526 0.5398525328607033 7.481188913287378 0.27390048135443623 0.1478643021088003 1.2161695471406424 
0.030572119957942526 0.5398525328607033 7.481188913287378 0.27390048135443623 0.1478643021088003 1.2161695471406424 
0.030572119957942526 0.5398525328607033 7.481188913287378 0.27390048135443623 0.1478643021088003 1.2161695471406424 
0.030572119957942526 0.5398525328607033 7.481188913287378 0.27390048135443623 0.1478643021088003 1.2161695471406424 
0.030572119957942526 0.5398525328607033 7.481188913287378 0.27390048135443623 0.1478643021088003 1.2161695471406424 
0.032187579285184065 0.5361090651518408 7.480911286109666 0.2743379287710357 0.14691952007110873 1.3323260931239083 
0.032187579285184065 0.5361090651518408 7.480911286109666 0.2743379287710357 0.14691952007110873 1.3323260931239083 
0.032187579285184065 0.5361090651518408 7.480911286109666 0.2743379287710357 0.14691952007110873 1.3323260931239083 
0.032187579285184065 0.5361090651518408 7.480911286109666 0.2743379287710357 0.14691952007110873 1.3323260931239083 
0.030156476705497037 0.5484238318359491 7.357471125132717 0.2754302299343198 0.1463687147831687 1.297867601995697 
0.030156476705497037 0.5484238318359491 7.357471125132717 0.2754302299343198 0.1463687147831687 1.297867601995697 
0.030156476705497037 0.5484238318359491 7.357471125132717 0.2754302299343198 0.1463687147831687 1.297867601995697 
0.038264358272244815 0.5341589118687671 7.284546378560675 0.27461443649250405 0.150859843480996 1.313775238895552 
0.03547559524812183 0.5451527809895392 6.9964321227999005 0.26509833400736443 0.1282983306193379 1.4595543831182924 
0.03547559524812183 0.5451527809895392 6.9964321227999005 0.26509833400736443 0.1282983306193379 1.4595543831182924 
0.03547559524812183 0.5451527809895392 6.9964321227999005 0.26509833400736443 0.1282983306193379 1.4595543831182924 
0.03547559524812183 0.5451527809895392 6.9964321227999005 0.26509833400736443 0.1282983306193379 1.4595543831182924 
0.03547559524812183 0.5451527809895392 6.9964321227999005 0.26509833400736443 0.1282983306193379 1.4595543831182924 
0.03547559524812183 0.5451527809895392 6.9964321227999005 0.26509833400736443 0.1282983306193379 1.4595543831182924 
0.03547559524812183 0.5451527809895392 6.9964321227999005 0.26509833400736443 0.1282983306193379 1.4595543831182924 
0.03547559524812183 0.5451527809895392 6.9964321227999005 0.26509833400736443 0.1282983306193379 1.4595543831182924 
0.03547559524812183 0.5451527809895392 6.9964321227999005 0.26509833400736443 0.1282983306193379 1.4595543831182924 
0.044235172136854316 0.48887535121840375 7.781793680403767 0.2593285958744525 0.1591757566169511 1.3347120706060889 
0.044235172136854316 0.48887535121840375 7.781793680403767 0.2593285958744525 0.1591757566169511 1.3347120706060889 
0.044235172136854316 0.48887535121840375 7.781793680403767 0.2593285958744525 0.1591757566169511 1.3347120706060889 
0.044235172136854316 0.48887535121840375 7.781793680403767 0.2593285958744525 0.1591757566169511 1.3347120706060889 
0.04431940914339254 0.4892537879680176 7.780534682519672 0.2591045246758964 0.15905117281539516 1.3358535131167857 
0.04431940914339254 0.4892537879680176 7.780534682519672 0.2591045246758964 0.15905117281539516 1.3358535131167857 
0.04431940914339254 0.4892537879680176 7.780534682519672 0.2591045246758964 0.15905117281539516 1.3358535131167857 
0.04431940914339254 0.4892537879680176 7.780534682519672 0.2591045246758964 0.15905117281539516 1.3358535131167857 
0.04431940914339254 0.4892537879680176 7.780534682519672 0.2591045246758964 0.15905117281539516 1.3358535131167857 
0.04431940914339254 0.4892537879680176 7.780534682519672 0.2591045246758964 0.15905117281539516 1.3358535131167857 
0.04431940914339254 0.4892537879680176 7.780534682519672 0.2591045246758964 0.15905117281539516 1.3358535131167857 
0.04431940914339254 0.4892537879680176 7.780534682519672 0.2591045246758964 0.15905117281539516 1.3358535131167857 
0.04431940914339254 0.4892537879680176 7.780534682519672 0.2591045246758964 0.15905117281539516 1.3358535131167857 
0.04307120854215391 0.5051166330727457 7.780107426947892 0.2555774968181334 0.14153148836797333 1.33364020494602 
0.04307120854215391 0.5051166330727457 7.780107426947892 0.2555774968181334 0.14153148836797333 1.33364020494602 
0.04307120854215391 0.5051166330727457 7.780107426947892 0.2555774968181334 0.14153148836797333 1.33364020494602 
0.04307120854215391 0.5051166330727457 7.780107426947892 0.2555774968181334 0.14153148836797333 1.33364020494602 
0.04307120854215391 0.5051166330727457 7.780107426947892 0.2555774968181334 0.14153148836797333 1.33364020494602 
0.04307120854215391 0.5051166330727457 7.780107426947892 0.2555774968181334 0.14153148836797333 1.33364020494602 
0.04307120854215391 0.5051166330727457 7.780107426947892 0.2555774968181334 0.14153148836797333 1.33364020494602 
0.04018831453647745 0.5037195160233685 7.600603594399013 0.3049325752506305 0.16101194594432872 1.4483507447220714 
0.042880824135173426 0.48869603012080687 7.674832188418617 0.30131435959838354 0.16557655801806137 1.4274480619764705 
0.042880824135173426 0.48869603012080687 7.674832188418617 0.30131435959838354 0.16557655801806137 1.4274480619764705 
0.042880824135173426 0.48869603012080687 7.674832188418617 0.30131435959838354 0.16557655801806137 1.4274480619764705 
0.042880824135173426 0.48869603012080687 7.674832188418617 0.30131435959838354 0.16557655801806137 1.4274480619764705 
0.043384735813167964 0.4822530857932196 7.6629470995755105 0.3099937860542573 0.17059998895092382 1.2161911613296914 
0.043384735813167964 0.4822530857932196 7.6629470995755105 0.3099937860542573 0.17059998895092382 1.2161911613296914 
0.0440042796509767 0.49452331561627716 7.521182829599088 0.3114276370405623 0.16819397613693007 1.2327239739792597 
0.0429697160621466 0.5019514958532005 7.400942575351984 0.31508847714679455 0.16278549347957383 1.239731764620757 
0.04377977822436023 0.5029187679033518 7.368407618070787 0.3128921155415234 0.16190665587275088 1.2633906874741871 
0.04377977822436023 0.5029187679033518 7.368407618070787 0.3128921155415234 0.16190665587275088 1.2633906874741871 
0.04377977822436023 0.5029187679033518 7.368407618070787 0.3128921155415234 0.16190665587275088 1.2633906874741871 
0.04449693244504306 0.4999823659511926 7.322097018893135 0.31992830614592377 0.15709564453972114 1.1861126952758725 
0.04449693244504306 0.4999823659511926 7.322097018893135 0.31992830614592377 0.15709564453972114 1.1861126952758725 
0.04449693244504306 0.4999823659511926 7.322097018893135 0.31992830614592377 0.15709564453972114 1.1861126952758725 
0.04503995117296881 0.4985260518084187 7.327548726082043 0.3282402870636465 0.1517508661193013 1.071420060859733 
0.04503995117296881 0.4985260518084187 7.327548726082043 0.3282402870636465 0.1517508661193013 1.071420060859733 
0.04503995117296881 0.4985260518084187 7.327548726082043 0.3282402870636465 0.1517508661193013 1.071420060859733 
0.04464372990754331 0.49808078405023404 7.366468283405548 0.32376129454065666 0.15372594098436915 1.079144738772122 
0.04464372990754331 0.49808078405023404 7.366468283405548 0.32376129454065666 0.15372594098436915 1.079144738772122 
0.04464372990754331 0.49808078405023404 7.366468283405548 0.32376129454065666 0.15372594098436915 1.079144738772122 
0.04464372990754331 0.49808078405023404 7.366468283405548 0.32376129454065666 0.15372594098436915 1.079144738772122 
0.04464372990754331 0.49808078405023404 7.366468283405548 0.32376129454065666 0.15372594098436915 1.079144738772122 
0.04464372990754331 0.49808078405023404 7.366468283405548 0.32376129454065666 0.15372594098436915 1.079144738772122 
0.039494664325581685 0.5131898884553541 7.332396707567648 0.3266390491891988 0.14871804086981566 0.9082800020397628 
0.039494664325581685 0.5131898884553541 7.332396707567648 0.3266390491891988 0.14871804086981566 0.9082800020397628 
0.039494664325581685 0.5131898884553541 7.332396707567648 0.3266390491891988 0.14871804086981566 0.9082800020397628 
0.039494664325581685 0.5131898884553541 7.332396707567648 0.3266390491891988 0.14871804086981566 0.9082800020397628 
0.039494664325581685 0.5131898884553541 7.332396707567648 0.3266390491891988 0.14871804086981566 0.9082800020397628 
0.038734891940818625 0.5132802448859124 7.456450375575708 0.31955075812816597 0.15385746507939158 0.9206159541416076 
0.038734891940818625 0.5132802448859124 7.456450375575708 0.31955075812816597 0.15385746507939158 0.9206159541416076 
0.038734891940818625 0.5132802448859124 7.456450375575708 0.31955075812816597 0.15385746507939158 0.9206159541416076 
0.038734891940818625 0.5132802448859124 7.456450375575708 0.31955075812816597 0.15385746507939158 0.9206159541416076 
0.03459484576286232 0.5101552083714607 7.5483181478113135 0.3227929585938541 0.16219428654515622 0.9121225716846462 
0.03459484576286232 0.5101552083714607 7.5483181478113135 0.3227929585938541 0.16219428654515622 0.9121225716846462 
0.03459484576286232 0.5101552083714607 7.5483181478113135 0.3227929585938541 0.16219428654515622 0.9121225716846462 
0.04254197140315658 0.516494695753698 7.411410551184519 0.32800501036937396 0.15336252603252293 1.015815726141354 
0.04114785414977768 0.5168698739309685 7.390342221214132 0.32090673208653125 0.1607826402734802 1.1828266566639838 
0.04114785414977768 0.5168698739309685 7.390342221214132 0.32090673208653125 0.1607826402734802 1.1828266566639838 
0.03950717710422344 0.5175045829143803 7.160381195199046 0.3818997153902241 0.1120204589566359 0.7901190421087659 
0.03950717710422344 0.5175045829143803 7.160381195199046 0.3818997153902241 0.1120204589566359 0.7901190421087659 
0.03950717710422344 0.5175045829143803 7.160381195199046 0.3818997153902241 0.1120204589566359 0.7901190421087659 
0.03950717710422344 0.5175045829143803 7.160381195199046 0.3818997153902241 0.1120204589566359 0.7901190421087659 
0.03950717710422344 0.5175045829143803 7.160381195199046 0.3818997153902241 0.1120204589566359 0.7901190421087659 
0.03950717710422344 0.5175045829143803 7.160381195199046 0.3818997153902241 0.1120204589566359 0.7901190421087659 
0.03950717710422344 0.5175045829143803 7.160381195199046 0.3818997153902241 0.1120204589566359 0.7901190421087659 
0.03950717710422344 0.5175045829143803 7.160381195199046 0.3818997153902241 0.1120204589566359 0.7901190421087659 
0.03950717710422344 0.5175045829143803 7.160381195199046 0.3818997153902241 0.1120204589566359 0.7901190421087659 
0.03950717710422344 0.5175045829143803 7.160381195199046 0.3818997153902241 0.1120204589566359 0.7901190421087659 
0.03950717710422344 0.5175045829143803 7.160381195199046 0.3818997153902241 0.1120204589566359 0.7901190421087659 
0.04361488825921021 0.5206980464738173 7.170156750723783 0.3793789751273016 0.12011905151843959 0.9095351645427432 
0.04361488825921021 0.5206980464738173 7.170156750723783 0.3793789751273016 0.12011905151843959 0.9095351645427432 
0.04361488825921021 0.5206980464738173 7.170156750723783 0.3793789751273016 0.12011905151843959 0.9095351645427432 
