0.04619608860908215 0.5141880221145348 6.359010126908022 0.6655281473002852 0.2018816575296422 1.4019300867143292 
0.04372386751408368 0.5175389790282566 5.904168846601879 0.6758676838176586 0.2042657573056086 1.3928132835302254 
0.04372386751408368 0.5175389790282566 5.904168846601879 0.6758676838176586 0.2042657573056086 1.3928132835302254 
0.07240753660399825 0.40789599903699164 9.81829153563818 0.47298411007911506 0.10629301535150545 1.57726678660524 
0.07240753660399825 0.40789599903699164 9.81829153563818 0.47298411007911506 0.10629301535150545 1.57726678660524 
0.07240753660399825 0.40789599903699164 9.81829153563818 0.47298411007911506 0.10629301535150545 1.57726678660524 
0.06934330738897651 0.3938005296457684 9.763302704513912 0.49701668599632076 0.10808963261429365 1.5584200596687412 
0.06553927196123066 0.3363425402941766 10.05350076250013 0.4539033506235228 0.12167847432330758 1.6406112905576142 
0.06796799290753597 0.19448071380905482 10.498071308482222 0.5499694710763564 0.08411117955187741 1.6391254755344304 
0.06796799290753597 0.19448071380905482 10.498071308482222 0.5499694710763564 0.08411117955187741 1.6391254755344304 
0.06796799290753597 0.19448071380905482 10.498071308482222 0.5499694710763564 0.08411117955187741 1.6391254755344304 
0.06796799290753597 0.19448071380905482 10.498071308482222 0.5499694710763564 0.08411117955187741 1.6391254755344304 
0.06796799290753597 0.19448071380905482 10.498071308482222 0.5499694710763564 0.08411117955187741 1.6391254755344304 
0.06796799290753597 0.19448071380905482 10.498071308482222 0.5499694710763564 0.08411117955187741 1.6391254755344304 
0.04873734759249172 0.2746942756454546 10.851378827461517 0.42440099553465555 0.13327528045042505 1.7840651437052197 
0.04427862813113992 0.2652986918064396 10.548615175390953 0.4288514844299474 0.12940792976561113 1.8957176108610412 
0.04427862813113992 0.2652986918064396 10.548615175390953 0.4288514844299474 0.12940792976561113 1.8957176108610412 
0.04317725185221871 0.25967856501710124 10.604950659160625 0.42256627455748985 0.11607271456625722 1.9829590160626627 
0.03702789217618758 0.2319847221025142 10.717722112958649 0.4054799967264931 0.1035219919441707 2.106001434719105 
0.03702789217618758 0.2319847221025142 10.717722112958649 0.4054799967264931 0.1035219919441707 2.106001434719105 
0.03702789217618758 0.2319847221025142 10.717722112958649 0.4054799967264931 0.1035219919441707 2.106001434719105 
0.03702789217618758 0.2319847221025142 10.717722112958649 0.4054799967264931 0.1035219919441707 2.106001434719105 
0.03702789217618758 0.2319847221025142 10.717722112958649 0.4054799967264931 0.1035219919441707 2.106001434719105 
0.03694030028638962 0.22029688222685145 10.678361210559247 0.41225965666418585 0.10014900970582272 2.1621918962003708 
0.03694030028638962 0.22029688222685145 10.678361210559247 0.41225965666418585 0.10014900970582272 2.1621918962003708 
0.04215298557454286 0.2379871908707833 10.846054621759876 0.4057956180314729 0.11033118005519212 1.7491103259001557 
0.04215298557454286 0.2379871908707833 10.846054621759876 0.4057956180314729 0.11033118005519212 1.7491103259001557 
0.04215298557454286 0.2379871908707833 10.846054621759876 0.4057956180314729 0.11033118005519212 1.7491103259001557 
0.04215298557454286 0.2379871908707833 10.846054621759876 0.4057956180314729 0.11033118005519212 1.7491103259001557 
0.04123003895110971 0.2346172041841268 10.749534866005881 0.40704012941168827 0.1188619041584358 1.6996304861900586 
0.04123003895110971 0.2346172041841268 10.749534866005881 0.40704012941168827 0.1188619041584358 1.6996304861900586 
0.04123003895110971 0.2346172041841268 10.749534866005881 0.40704012941168827 0.1188619041584358 1.6996304861900586 
0.04123003895110971 0.2346172041841268 10.749534866005881 0.40704012941168827 0.1188619041584358 1.6996304861900586 
0.042070211529644255 0.2328941428215176 10.780518251599894 0.4109652973866834 0.11834170756746733 1.723708011472307 
0.042070211529644255 0.2328941428215176 10.780518251599894 0.4109652973866834 0.11834170756746733 1.723708011472307 
0.042070211529644255 0.2328941428215176 10.780518251599894 0.4109652973866834 0.11834170756746733 1.723708011472307 
0.042070211529644255 0.2328941428215176 10.780518251599894 0.4109652973866834 0.11834170756746733 1.723708011472307 
0.043012783173372926 0.23127086028576 10.829740668455347 0.4131594592427878 0.11722255438136012 1.7365683511139207 
0.043483461549720326 0.28306323677830525 10.529281693183979 0.38220665611012417 0.1169372950238347 1.6693304654020409 
0.043483461549720326 0.28306323677830525 10.529281693183979 0.38220665611012417 0.1169372950238347 1.6693304654020409 
0.043483461549720326 0.28306323677830525 10.529281693183979 0.38220665611012417 0.1169372950238347 1.6693304654020409 
0.042796015508959145 0.28736575138200404 10.546146820108932 0.37430285104835725 0.11489291745111702 1.6414560686210817 
0.042796015508959145 0.28736575138200404 10.546146820108932 0.37430285104835725 0.11489291745111702 1.6414560686210817 
0.042796015508959145 0.28736575138200404 10.546146820108932 0.37430285104835725 0.11489291745111702 1.6414560686210817 
0.042796015508959145 0.28736575138200404 10.546146820108932 0.37430285104835725 0.11489291745111702 1.6414560686210817 
0.042796015508959145 0.28736575138200404 10.546146820108932 0.37430285104835725 0.11489291745111702 1.6414560686210817 
0.042796015508959145 0.28736575138200404 10.546146820108932 0.37430285104835725 0.11489291745111702 1.6414560686210817 
0.042796015508959145 0.28736575138200404 10.546146820108932 0.37430285104835725 0.11489291745111702 1.6414560686210817 
0.036656939845257995 0.18651250193937094 12.515317532990235 0.415592959590889 0.09315218062510691 1.6964316727535094 
0.036656939845257995 0.18651250193937094 12.515317532990235 0.415592959590889 0.09315218062510691 1.6964316727535094 
0.036656939845257995 0.18651250193937094 12.515317532990235 0.415592959590889 0.09315218062510691 1.6964316727535094 
0.036656939845257995 0.18651250193937094 12.515317532990235 0.415592959590889 0.09315218062510691 1.6964316727535094 
0.04096703362216904 0.19788359546192985 11.93796289007716 0.4695338075565153 0.11118841867616908 1.502901318049835 
0.04096703362216904 0.19788359546192985 11.93796289007716 0.4695338075565153 0.11118841867616908 1.502901318049835 
0.04096703362216904 0.19788359546192985 11.93796289007716 0.4695338075565153 0.11118841867616908 1.502901318049835 
0.04096703362216904 0.19788359546192985 11.93796289007716 0.4695338075565153 0.11118841867616908 1.502901318049835 
0.040430842653318026 0.1995571414887494 11.790642195554465 0.46598038100337075 0.1177621245580807 1.543789849706767 
0.04004470381977 0.19950197044387616 11.7988615745066 0.4682324670093376 0.11599874718281349 1.5351028991431277 
0.04004470381977 0.19950197044387616 11.7988615745066 0.4682324670093376 0.11599874718281349 1.5351028991431277 
0.040921101186607155 0.20069227847050933 11.766212486588731 0.4684040347632447 0.11597058071222476 1.5266873701191614 
0.040921101186607155 0.20069227847050933 11.766212486588731 0.4684040347632447 0.11597058071222476 1.5266873701191614 
0.04032512953293718 0.19826225454669716 11.751481879375374 0.46447202029526086 0.13339876268744447 1.450860163269474 
0.04032512953293718 0.19826225454669716 11.751481879375374 0.46447202029526086 0.13339876268744447 1.450860163269474 
0.04032512953293718 0.19826225454669716 11.751481879375374 0.46447202029526086 0.13339876268744447 1.450860163269474 
0.04032512953293718 0.19826225454669716 11.751481879375374 0.46447202029526086 0.13339876268744447 1.450860163269474 
0.04058583026618741 0.2037451069891137 11.668378018370554 0.4586680220672359 0.1354962839041549 1.4549621595124016 
0.03251054287329786 0.1970015139290978 11.43311500608972 0.49157128534941663 0.13177142244191217 1.455083321490575 
0.03251054287329786 0.1970015139290978 11.43311500608972 0.49157128534941663 0.13177142244191217 1.455083321490575 
0.02947721547407315 0.18503894158939088 11.485295599189921 0.48360494495176176 0.12075270558739692 1.475725662512794 
0.02947721547407315 0.18503894158939088 11.485295599189921 0.48360494495176176 0.12075270558739692 1.475725662512794 
0.02947721547407315 0.18503894158939088 11.485295599189921 0.48360494495176176 0.12075270558739692 1.475725662512794 
0.030375866217502 0.20421218103574856 11.097157914636469 0.496731205393132 0.11903773941070031 1.5056608083417395 
0.030375866217502 0.20421218103574856 11.097157914636469 0.496731205393132 0.11903773941070031 1.5056608083417395 
0.030375866217502 0.20421218103574856 11.097157914636469 0.496731205393132 0.11903773941070031 1.5056608083417395 
0.030375866217502 0.20421218103574856 11.097157914636469 0.496731205393132 0.11903773941070031 1.5056608083417395 
0.030375866217502 0.20421218103574856 11.097157914636469 0.496731205393132 0.11903773941070031 1.5056608083417395 
0.030375866217502 0.20421218103574856 11.097157914636469 0.496731205393132 0.11903773941070031 1.5056608083417395 
0.030375866217502 0.20421218103574856 11.097157914636469 0.496731205393132 0.11903773941070031 1.5056608083417395 
0.033688779544700787 0.21558748861387533 10.935291772102874 0.48542984074502593 0.1217348222737174 1.5010490622881525 
0.033688779544700787 0.21558748861387533 10.935291772102874 0.48542984074502593 0.1217348222737174 1.5010490622881525 
0.033688779544700787 0.21558748861387533 10.935291772102874 0.48542984074502593 0.1217348222737174 1.5010490622881525 
0.033688779544700787 0.21558748861387533 10.935291772102874 0.48542984074502593 0.1217348222737174 1.5010490622881525 
0.033688779544700787 0.21558748861387533 10.935291772102874 0.48542984074502593 0.1217348222737174 1.5010490622881525 
0.033688779544700787 0.21558748861387533 10.935291772102874 0.48542984074502593 0.1217348222737174 1.5010490622881525 
0.033688779544700787 0.21558748861387533 10.935291772102874 0.48542984074502593 0.1217348222737174 1.5010490622881525 
0.033688779544700787 0.21558748861387533 10.935291772102874 0.48542984074502593 0.1217348222737174 1.5010490622881525 
0.033688779544700787 0.21558748861387533 10.935291772102874 0.48542984074502593 0.1217348222737174 1.5010490622881525 
0.033688779544700787 0.21558748861387533 10.935291772102874 0.48542984074502593 0.1217348222737174 1.5010490622881525 
0.033688779544700787 0.21558748861387533 10.935291772102874 0.48542984074502593 0.1217348222737174 1.5010490622881525 
0.033688779544700787 0.21558748861387533 10.935291772102874 0.48542984074502593 0.1217348222737174 1.5010490622881525 
0.05541525731273547 0.2910409360676385 9.995344226913874 0.3848885643355446 0.13922821783163786 1.4480193752918662 
0.05558128715039107 0.29310774406279005 9.904870254731163 0.3856970033605924 0.1402483480721305 1.4600316943011533 
0.05279302896703926 0.2007013351806971 10.574297851266957 0.4309288296495786 0.10514066415239004 1.3082187541846635 
0.05279302896703926 0.2007013351806971 10.574297851266957 0.4309288296495786 0.10514066415239004 1.3082187541846635 
0.05279302896703926 0.2007013351806971 10.574297851266957 0.4309288296495786 0.10514066415239004 1.3082187541846635 
0.05279302896703926 0.2007013351806971 10.574297851266957 0.4309288296495786 0.10514066415239004 1.3082187541846635 
0.05279302896703926 0.2007013351806971 10.574297851266957 0.4309288296495786 0.10514066415239004 1.3082187541846635 
0.06185566997463318 0.23870182801583428 9.509925164395057 0.48266723589560445 0.13609271325852643 1.429169142646378 
0.060427669345425365 0.2528846479149229 9.339872137377768 0.4706762476910409 0.14093903688367915 1.4286091086722306 
0.06220662272055004 0.2475630426262191 9.265413564973084 0.49252019610792475 0.14278902065466526 1.4364155637566607 
0.06112166592398588 0.24487942540601973 9.091618105416085 0.5102444172690661 0.13999035765318082 1.4657380301833467 
0.05913808111707851 0.27691318806104614 8.755638379863456 0.5014359817066668 0.13519887802141928 1.4031382898576388 
0.05489985012098118 0.3035607205563932 9.245775254642702 0.4318893211827191 0.138159126784809 1.3853032288559883 
0.05663759715502399 0.30345000132841193 9.358718042428338 0.44448991739193516 0.1389558880113438 1.3956637495077036 
0.057067687866967316 0.3099708156673048 9.099165021558157 0.45664266174977935 0.14230623530512437 1.3924164422223781 
0.05896835254168428 0.3110236520125296 8.973984959057395 0.4832492874155901 0.14019372736583502 1.446748998413066 
0.05857370807249487 0.33581294590766275 8.604107503740124 0.4624715376239793 0.1305019724884532 1.508088356008648 
0.05857370807249487 0.33581294590766275 8.604107503740124 0.4624715376239793 0.1305019724884532 1.508088356008648 
0.05857370807249487 0.33581294590766275 8.604107503740124 0.4624715376239793 0.1305019724884532 1.508088356008648 
0.05857370807249487 0.33581294590766275 8.604107503740124 0.4624715376239793 0.1305019724884532 1.508088356008648 
0.054491613857241855 0.33228442876076403 8.6396008393552 0.506190510956964 0.11603457518346409 1.4949245424351085 
0.05230647531053604 0.3328516719123952 8.952557417265549 0.47578664431326523 0.1172730638335118 1.6792454214440005 
0.05230647531053604 0.3328516719123952 8.952557417265549 0.47578664431326523 0.1172730638335118 1.6792454214440005 
0.0547393443463319 0.31633922923215596 9.27006547447668 0.4636699308028834 0.1150958003999912 1.6279364740368067 
0.0547393443463319 0.31633922923215596 9.27006547447668 0.4636699308028834 0.1150958003999912 1.6279364740368067 
0.0547393443463319 0.31633922923215596 9.27006547447668 0.4636699308028834 0.1150958003999912 1.6279364740368067 
0.05285060790487696 0.3188428540855884 9.247249199913288 0.4596573884163107 0.12313906337003755 1.5844735773446923 
0.05285060790487696 0.3188428540855884 9.247249199913288 0.4596573884163107 0.12313906337003755 1.5844735773446923 
0.05285060790487696 0.3188428540855884 9.247249199913288 0.4596573884163107 0.12313906337003755 1.5844735773446923 
0.056077911057136276 0.3572104275699113 8.944177053252385 0.3991170103450856 0.14153695528454915 1.4263014963471632 
0.056077911057136276 0.3572104275699113 8.944177053252385 0.3991170103450856 0.14153695528454915 1.4263014963471632 
0.05918828097907633 0.34142957741186597 9.018163340692228 0.40583673749914895 0.13889138730348188 1.3137535045928526 
0.0599378784558649 0.33055172386262704 9.190187107593063 0.4101027928326828 0.13928525490805038 1.2562311915431161 
0.0599378784558649 0.33055172386262704 9.190187107593063 0.4101027928326828 0.13928525490805038 1.2562311915431161 
0.07308106393859767 0.2743210771888669 9.224777058891931 0.52304909112909 0.0811490395945946 1.0121529301709704 
0.07308106393859767 0.2743210771888669 9.224777058891931 0.52304909112909 0.0811490395945946 1.0121529301709704 
0.07308106393859767 0.2743210771888669 9.224777058891931 0.52304909112909 0.0811490395945946 1.0121529301709704 
0.07308106393859767 0.2743210771888669 9.224777058891931 0.52304909112909 0.0811490395945946 1.0121529301709704 
0.07308106393859767 0.2743210771888669 9.224777058891931 0.52304909112909 0.0811490395945946 1.0121529301709704 
0.07308106393859767 0.2743210771888669 9.224777058891931 0.52304909112909 0.0811490395945946 1.0121529301709704 
0.07118673763973743 0.2951272878638521 8.791629092810101 0.5034563300055515 0.09032901999818 1.2171342104416758 
0.07118673763973743 0.2951272878638521 8.791629092810101 0.5034563300055515 0.09032901999818 1.2171342104416758 
0.07118673763973743 0.2951272878638521 8.791629092810101 0.5034563300055515 0.09032901999818 1.2171342104416758 
0.0723567452692145 0.2934393810416768 9.082803204599774 0.4821593969645622 0.10102459011101317 1.2669652838080583 
0.07024253841677897 0.30017517035280306 8.978316653784445 0.4841843190174083 0.103957672572093 1.2990995000388095 
0.0606245797056866 0.3192253990469895 8.953601384148962 0.3834110698619735 0.12071384214511839 1.4376334264663901 
0.0606245797056866 0.3192253990469895 8.953601384148962 0.3834110698619735 0.12071384214511839 1.4376334264663901 
0.061728338180756966 0.36333454612503824 8.230115885118805 0.4256069863032603 0.12607221603993335 1.548872567103545 
0.05930225217968538 0.3722760201452046 7.900777921897154 0.4392250608625455 0.1181548880546751 1.5393746984532868 
0.05931210561458219 0.3723094093377931 7.892639443740764 0.4400838167078611 0.11799595132859637 1.535273724872199 
0.060523312051838744 0.36247552568489516 7.991087941238 0.44663750474986175 0.11832146720482445 1.5757056770674023 
0.060523312051838744 0.36247552568489516 7.991087941238 0.44663750474986175 0.11832146720482445 1.5757056770674023 
0.05685971921135012 0.35702479039117957 8.088904482182848 0.46591730105602924 0.11417006280222732 1.600424707048799 
0.05685971921135012 0.35702479039117957 8.088904482182848 0.46591730105602924 0.11417006280222732 1.600424707048799 
0.06226710833366092 0.3527817166844733 7.6617468126423365 0.5482700270112121 0.12400847774540866 1.4592629728895328 
0.06226710833366092 0.3527817166844733 7.6617468126423365 0.5482700270112121 0.12400847774540866 1.4592629728895328 
0.0658969263147726 0.2695780177777292 8.201913737173221 0.6256021286911304 0.1335487854273498 1.2723302755551686 
0.06839515496809119 0.2843104506638364 7.700666258086084 0.6890489582515764 0.13797314258102172 1.050856510319958 
0.06371345252038435 0.3108211981803029 7.722042636515842 0.6447937864748363 0.13907196294771787 1.1894211497273304 
0.06540681979709542 0.3498031129900371 7.717672738597895 0.5869150866608532 0.160126946679979 1.2218411197536827 
0.06540681979709542 0.3498031129900371 7.717672738597895 0.5869150866608532 0.160126946679979 1.2218411197536827 
0.06540681979709542 0.3498031129900371 7.717672738597895 0.5869150866608532 0.160126946679979 1.2218411197536827 
0.06623710900143193 0.3609921427983316 7.645537865145769 0.5764430521271448 0.15893077623937024 1.2417556976289836 
0.06623710900143193 0.3609921427983316 7.645537865145769 0.5764430521271448 0.15893077623937024 1.2417556976289836 
0.06623710900143193 0.3609921427983316 7.645537865145769 0.5764430521271448 0.15893077623937024 1.2417556976289836 
0.06623710900143193 0.3609921427983316 7.645537865145769 0.5764430521271448 0.15893077623937024 1.2417556976289836 
0.05964398721585347 0.3594950761577186 7.115104190383281 0.7025295686791684 0.1552910181853703 1.1991766906446264 
0.05964398721585347 0.3594950761577186 7.115104190383281 0.7025295686791684 0.1552910181853703 1.1991766906446264 
0.05964398721585347 0.3594950761577186 7.115104190383281 0.7025295686791684 0.1552910181853703 1.1991766906446264 
0.05964398721585347 0.3594950761577186 7.115104190383281 0.7025295686791684 0.1552910181853703 1.1991766906446264 
0.05964398721585347 0.3594950761577186 7.115104190383281 0.7025295686791684 0.1552910181853703 1.1991766906446264 
0.05964398721585347 0.3594950761577186 7.115104190383281 0.7025295686791684 0.1552910181853703 1.1991766906446264 
0.05964398721585347 0.3594950761577186 7.115104190383281 0.7025295686791684 0.1552910181853703 1.1991766906446264 
0.05964398721585347 0.3594950761577186 7.115104190383281 0.7025295686791684 0.1552910181853703 1.1991766906446264 
0.05964398721585347 0.3594950761577186 7.115104190383281 0.7025295686791684 0.1552910181853703 1.1991766906446264 
0.05964398721585347 0.3594950761577186 7.115104190383281 0.7025295686791684 0.1552910181853703 1.1991766906446264 
0.05964398721585347 0.3594950761577186 7.115104190383281 0.7025295686791684 0.1552910181853703 1.1991766906446264 
0.05964398721585347 0.3594950761577186 7.115104190383281 0.7025295686791684 0.1552910181853703 1.1991766906446264 
0.05964398721585347 0.3594950761577186 7.115104190383281 0.7025295686791684 0.1552910181853703 1.1991766906446264 
0.05964398721585347 0.3594950761577186 7.115104190383281 0.7025295686791684 0.1552910181853703 1.1991766906446264 
0.05964398721585347 0.3594950761577186 7.115104190383281 0.7025295686791684 0.1552910181853703 1.1991766906446264 
0.05964398721585347 0.3594950761577186 7.115104190383281 0.7025295686791684 0.1552910181853703 1.1991766906446264 
0.06218989798855346 0.4217235438167641 6.97645209352241 0.5247262487304678 0.1480913455378906 1.4761664113516777 
0.06218989798855346 0.4217235438167641 6.97645209352241 0.5247262487304678 0.1480913455378906 1.4761664113516777 
0.06428021733493552 0.4139602966793512 7.00973041943321 0.5626490137347265 0.14733857603901618 1.5005657922818472 
0.06428021733493552 0.4139602966793512 7.00973041943321 0.5626490137347265 0.14733857603901618 1.5005657922818472 
0.06428021733493552 0.4139602966793512 7.00973041943321 0.5626490137347265 0.14733857603901618 1.5005657922818472 
0.06428021733493552 0.4139602966793512 7.00973041943321 0.5626490137347265 0.14733857603901618 1.5005657922818472 
0.06428021733493552 0.4139602966793512 7.00973041943321 0.5626490137347265 0.14733857603901618 1.5005657922818472 
0.06848812302007201 0.3711498965895421 6.930156127573335 0.6757665957633079 0.15034740567595892 1.4341965294750305 
0.06831387850320633 0.37685840068157783 6.955146532338978 0.6415850956997209 0.15684778175839545 1.4216717825848142 
0.06831387850320633 0.37685840068157783 6.955146532338978 0.6415850956997209 0.15684778175839545 1.4216717825848142 
0.06831387850320633 0.37685840068157783 6.955146532338978 0.6415850956997209 0.15684778175839545 1.4216717825848142 
0.06823044754680091 0.37553573652181915 6.96046019396299 0.64321238673046 0.15638961163132936 1.4171996038638888 
0.06823044754680091 0.37553573652181915 6.96046019396299 0.64321238673046 0.15638961163132936 1.4171996038638888 
0.06817626393980161 0.37426980406843147 6.965502405861463 0.6462704687575394 0.15682726319736254 1.4160129328301807 
0.06817626393980161 0.37426980406843147 6.965502405861463 0.6462704687575394 0.15682726319736254 1.4160129328301807 
0.06817626393980161 0.37426980406843147 6.965502405861463 0.6462704687575394 0.15682726319736254 1.4160129328301807 
0.06817626393980161 0.37426980406843147 6.965502405861463 0.6462704687575394 0.15682726319736254 1.4160129328301807 
0.06779585394687916 0.36538199865452237 7.000902555442433 0.6677405226484245 0.1598999089357558 1.407681602663476 
0.06779585394687916 0.36538199865452237 7.000902555442433 0.6677405226484245 0.1598999089357558 1.407681602663476 
0.06779585394687916 0.36538199865452237 7.000902555442433 0.6677405226484245 0.1598999089357558 1.407681602663476 
0.07204656923792825 0.4132370619330818 6.770234186522677 0.6186054350554067 0.17374318459773785 1.5190182648753832 
0.07234657337294065 0.4331174716653679 6.608149641504622 0.6903463270671951 0.19149377613782337 1.3335839218451864 
0.07234657337294065 0.4331174716653679 6.608149641504622 0.6903463270671951 0.19149377613782337 1.3335839218451864 
0.07234657337294065 0.4331174716653679 6.608149641504622 0.6903463270671951 0.19149377613782337 1.3335839218451864 
0.07234657337294065 0.4331174716653679 6.608149641504622 0.6903463270671951 0.19149377613782337 1.3335839218451864 
0.07234657337294065 0.4331174716653679 6.608149641504622 0.6903463270671951 0.19149377613782337 1.3335839218451864 
0.07234657337294065 0.4331174716653679 6.608149641504622 0.6903463270671951 0.19149377613782337 1.3335839218451864 
0.07234657337294065 0.4331174716653679 6.608149641504622 0.6903463270671951 0.19149377613782337 1.3335839218451864 
0.07234657337294065 0.4331174716653679 6.608149641504622 0.6903463270671951 0.19149377613782337 1.3335839218451864 
0.07234657337294065 0.4331174716653679 6.608149641504622 0.6903463270671951 0.19149377613782337 1.3335839218451864 
0.07234657337294065 0.4331174716653679 6.608149641504622 0.6903463270671951 0.19149377613782337 1.3335839218451864 
0.07248121337382261 0.42832634655671975 6.762877679418352 0.6554986951439046 0.1872329561344755 1.3504383791550838 
0.07248121337382261 0.42832634655671975 6.762877679418352 0.6554986951439046 0.1872329561344755 1.3504383791550838 
0.07127138353310392 0.42801751539294464 6.810349925301132 0.6399816531507114 0.18713031540148597 1.35827540070527 
0.07127138353310392 0.42801751539294464 6.810349925301132 0.6399816531507114 0.18713031540148597 1.35827540070527 
0.07127138353310392 0.42801751539294464 6.810349925301132 0.6399816531507114 0.18713031540148597 1.35827540070527 
0.07143696924090844 0.42018318581495306 6.98350184287769 0.6184010287180512 0.1831101955312031 1.331852336054299 
0.07151383152582425 0.4111044284058447 6.894728907287874 0.6767735334921138 0.17858094775688396 1.367157043275693 
0.07151383152582425 0.4111044284058447 6.894728907287874 0.6767735334921138 0.17858094775688396 1.367157043275693 
0.07151383152582425 0.4111044284058447 6.894728907287874 0.6767735334921138 0.17858094775688396 1.367157043275693 
0.07151383152582425 0.4111044284058447 6.894728907287874 0.6767735334921138 0.17858094775688396 1.367157043275693 
0.07151383152582425 0.4111044284058447 6.894728907287874 0.6767735334921138 0.17858094775688396 1.367157043275693 
0.07151383152582425 0.4111044284058447 6.894728907287874 0.6767735334921138 0.17858094775688396 1.367157043275693 
0.07151383152582425 0.4111044284058447 6.894728907287874 0.6767735334921138 0.17858094775688396 1.367157043275693 
0.07151383152582425 0.4111044284058447 6.894728907287874 0.6767735334921138 0.17858094775688396 1.367157043275693 
0.07151383152582425 0.4111044284058447 6.894728907287874 0.6767735334921138 0.17858094775688396 1.367157043275693 
0.07151383152582425 0.4111044284058447 6.894728907287874 0.6767735334921138 0.17858094775688396 1.367157043275693 
0.07151383152582425 0.4111044284058447 6.894728907287874 0.6767735334921138 0.17858094775688396 1.367157043275693 
0.07151383152582425 0.4111044284058447 6.894728907287874 0.6767735334921138 0.17858094775688396 1.367157043275693 
0.07067334714236115 0.41564608433697947 6.932116536418199 0.6609109642132149 0.1802252130157222 1.3905285735475357 
0.07067334714236115 0.41564608433697947 6.932116536418199 0.6609109642132149 0.1802252130157222 1.3905285735475357 
0.06882920946757412 0.4382319515958407 6.898557597446242 0.6000424975880503 0.19018218685190033 1.4572763631307517 
0.06882920946757412 0.4382319515958407 6.898557597446242 0.6000424975880503 0.19018218685190033 1.4572763631307517 
0.06882920946757412 0.4382319515958407 6.898557597446242 0.6000424975880503 0.19018218685190033 1.4572763631307517 
0.07036935498135813 0.4739289606251528 6.237438618481709 0.6505701439807355 0.19015438537577586 1.568168002142 
0.07022756146259017 0.49908789238691376 5.883410299338491 0.6960478039725251 0.19524492093965 1.598358619492484 
0.07022756146259017 0.49908789238691376 5.883410299338491 0.6960478039725251 0.19524492093965 1.598358619492484 
0.07022756146259017 0.49908789238691376 5.883410299338491 0.6960478039725251 0.19524492093965 1.598358619492484 
0.07022756146259017 0.49908789238691376 5.883410299338491 0.6960478039725251 0.19524492093965 1.598358619492484 
0.07022756146259017 0.49908789238691376 5.883410299338491 0.6960478039725251 0.19524492093965 1.598358619492484 
0.07022756146259017 0.49908789238691376 5.883410299338491 0.6960478039725251 0.19524492093965 1.598358619492484 
0.06744558878785438 0.4974895772759698 6.012453365541785 0.6073826190112788 0.17993007208985942 1.6512256380409558 
0.06744558878785438 0.4974895772759698 6.012453365541785 0.6073826190112788 0.17993007208985942 1.6512256380409558 
0.06744558878785438 0.4974895772759698 6.012453365541785 0.6073826190112788 0.17993007208985942 1.6512256380409558 
0.06565212900293718 0.4673829973928069 6.555138108547435 0.5012176610399199 0.17396048951470172 1.568577473503966 
0.06565212900293718 0.4673829973928069 6.555138108547435 0.5012176610399199 0.17396048951470172 1.568577473503966 
0.06791735099787098 0.4678290203331701 6.725264291562783 0.47727557858328934 0.18271506748975824 1.5498442865387216 
0.06009218344233707 0.4600094482697564 6.560958168992331 0.5740934646411803 0.16458080960386307 1.7778851403905302 
0.05933477833163678 0.457679131007197 6.664790199538384 0.559209174951441 0.16757953924712324 1.7888323990125021 
0.05933477833163678 0.457679131007197 6.664790199538384 0.559209174951441 0.16757953924712324 1.7888323990125021 
0.05916844027703393 0.4652322727058134 6.632145789851245 0.559416725342132 0.1641048181953364 1.7175933429699535 
0.06334429502507669 0.47254593397665406 6.963147742644381 0.47700699819004 0.1639373919330955 1.7792635914617054 
0.06401790097192378 0.4672769168720683 7.039707369474314 0.4319399955153958 0.1446594408688106 1.9019823282610366 
0.06195002249837115 0.45023531559772706 7.0737148761522235 0.48771210430871687 0.16014228460249602 2.187190247888844 
0.06195002249837115 0.45023531559772706 7.0737148761522235 0.48771210430871687 0.16014228460249602 2.187190247888844 
0.05308676624291078 0.47509286756487257 7.065946134347509 0.4223041980463519 0.1718705333108782 2.235896467150132 
0.054271644813603956 0.4701890200640439 7.220287595222869 0.4053888816358032 0.16785533452147147 2.169574507366397 
0.05328513234524767 0.4665357812142822 7.153962756970076 0.43003343823219387 0.16372078730750497 2.23877337945216 
0.048545530793920745 0.462244164124031 7.181400737442196 0.44697520350387154 0.16919722796363718 2.2225843310913564 
0.04345875252444921 0.43086085803855856 7.14640863305263 0.46505851688359234 0.14971445455526777 2.3086185523603064 
0.040625753384925835 0.42574932118805797 7.194129173625694 0.4737679467822099 0.15162572816637976 2.3109378310699618 
0.040625753384925835 0.42574932118805797 7.194129173625694 0.4737679467822099 0.15162572816637976 2.3109378310699618 
0.040625753384925835 0.42574932118805797 7.194129173625694 0.4737679467822099 0.15162572816637976 2.3109378310699618 
0.04430466888579794 0.3714248474831862 7.258388195677602 0.5791862804765955 0.12664601218906074 2.3112760611474026 
0.04430466888579794 0.3714248474831862 7.258388195677602 0.5791862804765955 0.12664601218906074 2.3112760611474026 
0.039826849865135246 0.3555522188690741 7.250035771305356 0.6402780960938443 0.1362910311665118 2.3098499034842312 
0.039826849865135246 0.3555522188690741 7.250035771305356 0.6402780960938443 0.1362910311665118 2.3098499034842312 
0.031154768421600317 0.31983850334982955 7.293986969316194 0.717242925520132 0.143737545597205 2.3198197829674707 
0.031154768421600317 0.31983850334982955 7.293986969316194 0.717242925520132 0.143737545597205 2.3198197829674707 
0.037441798466440655 0.3488439572756698 7.363797982808069 0.6540485244559626 0.15020626072642632 2.267784301460905 
0.037441798466440655 0.3488439572756698 7.363797982808069 0.6540485244559626 0.15020626072642632 2.267784301460905 
0.037441798466440655 0.3488439572756698 7.363797982808069 0.6540485244559626 0.15020626072642632 2.267784301460905 
0.037441798466440655 0.3488439572756698 7.363797982808069 0.6540485244559626 0.15020626072642632 2.267784301460905 
0.037441798466440655 0.3488439572756698 7.363797982808069 0.6540485244559626 0.15020626072642632 2.267784301460905 
0.036336792300345706 0.34074433572475876 7.377644279555035 0.6677251443491754 0.15279886766826103 2.3131660033858505 
0.036336792300345706 0.34074433572475876 7.377644279555035 0.6677251443491754 0.15279886766826103 2.3131660033858505 
0.036336792300345706 0.34074433572475876 7.377644279555035 0.6677251443491754 0.15279886766826103 2.3131660033858505 
0.036336792300345706 0.34074433572475876 7.377644279555035 0.6677251443491754 0.15279886766826103 2.3131660033858505 
0.036336792300345706 0.34074433572475876 7.377644279555035 0.6677251443491754 0.15279886766826103 2.3131660033858505 
0.036336792300345706 0.34074433572475876 7.377644279555035 0.6677251443491754 0.15279886766826103 2.3131660033858505 
0.036336792300345706 0.34074433572475876 7.377644279555035 0.6677251443491754 0.15279886766826103 2.3131660033858505 
0.036336792300345706 0.34074433572475876 7.377644279555035 0.6677251443491754 0.15279886766826103 2.3131660033858505 
0.04593322253012822 0.3167195005745901 7.566047603690116 0.6295330240816409 0.16598348698719143 2.141241468968129 
0.04593322253012822 0.3167195005745901 7.566047603690116 0.6295330240816409 0.16598348698719143 2.141241468968129 
0.04849470160991021 0.33623206955546503 7.4804762557023246 0.6054704236150414 0.15828610403423884 2.0800785704425073 
0.04849470160991021 0.33623206955546503 7.4804762557023246 0.6054704236150414 0.15828610403423884 2.0800785704425073 
0.04849470160991021 0.33623206955546503 7.4804762557023246 0.6054704236150414 0.15828610403423884 2.0800785704425073 
0.04168739649951987 0.2985224936928913 7.586364541592688 0.6759984891501136 0.17119712468027182 2.279412608863142 
0.04168739649951987 0.2985224936928913 7.586364541592688 0.6759984891501136 0.17119712468027182 2.279412608863142 
0.04101916497543094 0.33554021932445643 8.01102057632853 0.4843560203939543 0.18460528030835782 2.227839420615382 
0.033885610126953215 0.29567719117674723 8.340692399322409 0.5313627438452975 0.19691810312606262 2.211703871825541 
0.033885610126953215 0.29567719117674723 8.340692399322409 0.5313627438452975 0.19691810312606262 2.211703871825541 
0.033885610126953215 0.29567719117674723 8.340692399322409 0.5313627438452975 0.19691810312606262 2.211703871825541 
0.033885610126953215 0.29567719117674723 8.340692399322409 0.5313627438452975 0.19691810312606262 2.211703871825541 
0.03790109022267434 0.30908729203470653 8.257756867942764 0.5087410372399387 0.19167763681663064 2.188207052579978 
0.03790109022267434 0.30908729203470653 8.257756867942764 0.5087410372399387 0.19167763681663064 2.188207052579978 
0.03790109022267434 0.30908729203470653 8.257756867942764 0.5087410372399387 0.19167763681663064 2.188207052579978 
0.03790109022267434 0.30908729203470653 8.257756867942764 0.5087410372399387 0.19167763681663064 2.188207052579978 
0.052375644015522235 0.3713012238942147 7.772903008636584 0.44415395269656466 0.19372945584760923 1.9996249371283237 
0.052375644015522235 0.3713012238942147 7.772903008636584 0.44415395269656466 0.19372945584760923 1.9996249371283237 
0.0609431204893727 0.42548940657070816 7.426016629043348 0.3853307986228636 0.16069747368676818 1.664113077742425 
0.0609431204893727 0.42548940657070816 7.426016629043348 0.3853307986228636 0.16069747368676818 1.664113077742425 
0.0798152302848322 0.429330594306034 7.9095565510377535 0.2985030826310599 0.16194726336902593 1.357819862157497 
0.0791726624901656 0.4335155049498328 7.835372387705724 0.3123059713394119 0.1628109746417355 1.3970737951649577 
0.08364303944451179 0.4367413890689316 7.60957045450899 0.32879169441493244 0.1502441057384781 1.2670605915061495 
0.08364303944451179 0.4367413890689316 7.60957045450899 0.32879169441493244 0.1502441057384781 1.2670605915061495 
0.08364303944451179 0.4367413890689316 7.60957045450899 0.32879169441493244 0.1502441057384781 1.2670605915061495 
0.07518460052970874 0.4409746018554317 7.664625500895352 0.3219664915441291 0.16295573119774717 1.3354910502287685 
0.0769602196159725 0.4386878626842295 7.7203946021324 0.3105456614470016 0.16311499994201342 1.3558808411016532 
0.0769602196159725 0.4386878626842295 7.7203946021324 0.3105456614470016 0.16311499994201342 1.3558808411016532 
0.0769602196159725 0.4386878626842295 7.7203946021324 0.3105456614470016 0.16311499994201342 1.3558808411016532 
0.0769602196159725 0.4386878626842295 7.7203946021324 0.3105456614470016 0.16311499994201342 1.3558808411016532 
0.07291904440381385 0.3539778175613061 7.782692619567114 0.36657416513973595 0.1122640727790179 0.9709995566940828 
0.07303091757088215 0.35117284371523877 7.800428044267623 0.3709154498052394 0.10868177757658326 0.9675236631160242 
0.0699663873941543 0.411931714770868 7.527835149607038 0.3283192432885951 0.1306543071630972 1.4357378846171516 
0.0699663873941543 0.411931714770868 7.527835149607038 0.3283192432885951 0.1306543071630972 1.4357378846171516 
0.0699663873941543 0.411931714770868 7.527835149607038 0.3283192432885951 0.1306543071630972 1.4357378846171516 
0.0699663873941543 0.411931714770868 7.527835149607038 0.3283192432885951 0.1306543071630972 1.4357378846171516 
0.0699663873941543 0.411931714770868 7.527835149607038 0.3283192432885951 0.1306543071630972 1.4357378846171516 
0.07152584343277153 0.40756592653963486 7.549533795083198 0.3262058425505348 0.12739712335937453 1.3967824892889074 
0.07152584343277153 0.40756592653963486 7.549533795083198 0.3262058425505348 0.12739712335937453 1.3967824892889074 
0.07152584343277153 0.40756592653963486 7.549533795083198 0.3262058425505348 0.12739712335937453 1.3967824892889074 
0.06340097037470074 0.28821755433874763 8.780292530318738 0.31658219435182416 0.14440128077439712 1.3877814253598542 
0.06340097037470074 0.28821755433874763 8.780292530318738 0.31658219435182416 0.14440128077439712 1.3877814253598542 
0.06318256234714252 0.2843344169685702 8.794764651575708 0.3183825272603902 0.14269750734539202 1.3697865682933283 
0.06774998998340459 0.23355986074211144 9.197440466126118 0.315515368979274 0.13070609704407066 1.4236442517984518 
0.06422127442762147 0.28215130652774295 8.769834622475734 0.30170814938002927 0.1427537435305336 1.6244699095447515 
0.06422127442762147 0.28215130652774295 8.769834622475734 0.30170814938002927 0.1427537435305336 1.6244699095447515 
0.05934390257519946 0.2273823192701529 9.104102132347455 0.31431660013438906 0.15290904704344804 1.815039983650801 
0.05661428113763148 0.31491361475805313 8.656834875459058 0.3092017071232631 0.13251052350289413 1.6455942557090102 
0.05661428113763148 0.31491361475805313 8.656834875459058 0.3092017071232631 0.13251052350289413 1.6455942557090102 
0.05661428113763148 0.31491361475805313 8.656834875459058 0.3092017071232631 0.13251052350289413 1.6455942557090102 
0.05711485037764677 0.34853917271918056 8.542544070911617 0.2975041276115291 0.15294292923738081 1.5905025907374415 
0.05279171730112017 0.3073833145465411 9.113934217007657 0.32078131099560475 0.12755855333738086 1.855361427216478 
0.058094676537694234 0.2845894859383483 9.357864997065409 0.33182201421973795 0.1059997546896126 2.0737565098370334 
0.06614374515039352 0.351566132865144 8.251852475861448 0.36950061876102763 0.1280793331962577 1.795721705038924 
0.06602847792302888 0.36479523516166285 8.213479017496212 0.35857187300430915 0.13248470514197025 1.7143055049474503 
0.06516443143524499 0.3581552194079335 8.251452308863865 0.36382801787613 0.13396418627104764 1.7559466341251584 
0.06516443143524499 0.3581552194079335 8.251452308863865 0.36382801787613 0.13396418627104764 1.7559466341251584 
0.06439399429442708 0.35497832354021813 8.277404588652843 0.3625643864187491 0.12959566279346157 1.7748576186080545 
0.06393097715262405 0.3515579018995665 8.322813521921162 0.36148954490074164 0.13081337373748914 1.7811321346799813 
0.06393097715262405 0.3515579018995665 8.322813521921162 0.36148954490074164 0.13081337373748914 1.7811321346799813 
0.06868013237210792 0.3240604651613822 8.5791537571293 0.3759010059486573 0.11149813664389419 1.7693747205395247 
0.06677708334362628 0.3350790501205876 8.476434849654506 0.37012614375133 0.11923800647064897 1.774086071195249 
0.06677708334362628 0.3350790501205876 8.476434849654506 0.37012614375133 0.11923800647064897 1.774086071195249 
0.06677708334362628 0.3350790501205876 8.476434849654506 0.37012614375133 0.11923800647064897 1.774086071195249 
0.06677708334362628 0.3350790501205876 8.476434849654506 0.37012614375133 0.11923800647064897 1.774086071195249 
0.06788671853337541 0.3514370775346889 8.33429428970976 0.36355795733751817 0.12019403797197957 1.6926748904493563 
0.06788671853337541 0.3514370775346889 8.33429428970976 0.36355795733751817 0.12019403797197957 1.6926748904493563 
0.06711437979389684 0.3871063577235286 7.9350933473722005 0.4050705808607735 0.09705059472570667 1.4410055059773268 
0.06711437979389684 0.3871063577235286 7.9350933473722005 0.4050705808607735 0.09705059472570667 1.4410055059773268 
0.06570548873206614 0.3455880189776582 8.24432179933279 0.4445224975207819 0.09742164254983789 1.2837769140836552 
0.06570548873206614 0.3455880189776582 8.24432179933279 0.4445224975207819 0.09742164254983789 1.2837769140836552 
0.06570548873206614 0.3455880189776582 8.24432179933279 0.4445224975207819 0.09742164254983789 1.2837769140836552 
0.06582914900195747 0.3996485971170953 7.935950964030561 0.4106895807483636 0.10748390210102927 1.5428146426680838 
0.0654095756446743 0.43084804210313105 7.523254926861961 0.4424218934217378 0.1430315150779477 1.5526011124309325 
0.0654095756446743 0.43084804210313105 7.523254926861961 0.4424218934217378 0.1430315150779477 1.5526011124309325 
0.08166635216702207 0.4054295399382225 6.9122266945109985 0.5608148198668426 0.10487440463288808 1.0422913004975332 
0.07285303115659644 0.4605705252737806 7.095597413880913 0.4381635524968402 0.09563935651879453 1.1899011711498808 
0.06938576112729605 0.4416541934856659 7.562939702717742 0.3932533881036706 0.12715813149058547 1.1742295638666642 
0.06938576112729605 0.4416541934856659 7.562939702717742 0.3932533881036706 0.12715813149058547 1.1742295638666642 
0.06938576112729605 0.4416541934856659 7.562939702717742 0.3932533881036706 0.12715813149058547 1.1742295638666642 
0.07055265414142665 0.42475346851355983 7.631284298875483 0.4074847415610374 0.12482874577263539 0.9991524875657398 
0.06958961351202053 0.4540313861443702 7.4491794077221725 0.3356281677639938 0.11485031921664825 1.066834496663225 
0.07308723754543278 0.47430981478118217 7.2235552089698345 0.33518782477010506 0.10425530323951243 0.9638448108840676 
0.07308723754543278 0.47430981478118217 7.2235552089698345 0.33518782477010506 0.10425530323951243 0.9638448108840676 
0.07308723754543278 0.47430981478118217 7.2235552089698345 0.33518782477010506 0.10425530323951243 0.9638448108840676 
0.07003045235836655 0.46912693543361994 7.2336085582680845 0.3336787309418469 0.11352377826242684 1.0121344732479847 
0.07594301881702852 0.4746296545802895 6.963484005003598 0.3477618829086131 0.09491608137802407 0.7853510025386274 
0.07594301881702852 0.4746296545802895 6.963484005003598 0.3477618829086131 0.09491608137802407 0.7853510025386274 
0.07594301881702852 0.4746296545802895 6.963484005003598 0.3477618829086131 0.09491608137802407 0.7853510025386274 
0.07594301881702852 0.4746296545802895 6.963484005003598 0.3477618829086131 0.09491608137802407 0.7853510025386274 
0.07594301881702852 0.4746296545802895 6.963484005003598 0.3477618829086131 0.09491608137802407 0.7853510025386274 
0.07594301881702852 0.4746296545802895 6.963484005003598 0.3477618829086131 0.09491608137802407 0.7853510025386274 
0.07594301881702852 0.4746296545802895 6.963484005003598 0.3477618829086131 0.09491608137802407 0.7853510025386274 
0.07594301881702852 0.4746296545802895 6.963484005003598 0.3477618829086131 0.09491608137802407 0.7853510025386274 
0.07594301881702852 0.4746296545802895 6.963484005003598 0.3477618829086131 0.09491608137802407 0.7853510025386274 
0.07594301881702852 0.4746296545802895 6.963484005003598 0.3477618829086131 0.09491608137802407 0.7853510025386274 
0.07594301881702852 0.4746296545802895 6.963484005003598 0.3477618829086131 0.09491608137802407 0.7853510025386274 
0.07594301881702852 0.4746296545802895 6.963484005003598 0.3477618829086131 0.09491608137802407 0.7853510025386274 
0.07594301881702852 0.4746296545802895 6.963484005003598 0.3477618829086131 0.09491608137802407 0.7853510025386274 
0.07594301881702852 0.4746296545802895 6.963484005003598 0.3477618829086131 0.09491608137802407 0.7853510025386274 
0.07594301881702852 0.4746296545802895 6.963484005003598 0.3477618829086131 0.09491608137802407 0.7853510025386274 
0.07566406914298751 0.47913283864551204 6.986663163730992 0.34530037057768453 0.10412109653926202 0.8379116111441008 
0.07566406914298751 0.47913283864551204 6.986663163730992 0.34530037057768453 0.10412109653926202 0.8379116111441008 
0.07566406914298751 0.47913283864551204 6.986663163730992 0.34530037057768453 0.10412109653926202 0.8379116111441008 
0.06784947234171858 0.47512627253232675 7.333977182996396 0.32724713957355206 0.12623210105601035 1.177037940880326 
0.06831519235833744 0.4800182211692894 7.300947983254368 0.3274367690019629 0.13253192684984205 1.2337073920340795 
0.06831519235833744 0.4800182211692894 7.300947983254368 0.3274367690019629 0.13253192684984205 1.2337073920340795 
0.06831519235833744 0.4800182211692894 7.300947983254368 0.3274367690019629 0.13253192684984205 1.2337073920340795 
0.06831519235833744 0.4800182211692894 7.300947983254368 0.3274367690019629 0.13253192684984205 1.2337073920340795 
0.06582464058913155 0.48481619154078315 7.4467735537348565 0.3308538964494822 0.13386419040134598 1.3058393736134248 
0.06131202962493114 0.49874776786450553 7.354651795149473 0.34085541907207145 0.14030327078966798 1.4401674135765816 
0.06131202962493114 0.49874776786450553 7.354651795149473 0.34085541907207145 0.14030327078966798 1.4401674135765816 
0.06053859952435501 0.49319043771886173 7.3180055401810415 0.3526860509017178 0.143800096119036 1.3347513520254355 
0.06435115529869165 0.507334304214116 7.3111236283297 0.36580175635259354 0.14170859301498429 1.3825659968469655 
0.06435115529869165 0.507334304214116 7.3111236283297 0.36580175635259354 0.14170859301498429 1.3825659968469655 
0.06435115529869165 0.507334304214116 7.3111236283297 0.36580175635259354 0.14170859301498429 1.3825659968469655 
0.06435115529869165 0.507334304214116 7.3111236283297 0.36580175635259354 0.14170859301498429 1.3825659968469655 
0.07427667795420377 0.5304247203892372 7.687407364189106 0.34563306446172815 0.09941203453922462 1.72071754032382 
0.07427667795420377 0.5304247203892372 7.687407364189106 0.34563306446172815 0.09941203453922462 1.72071754032382 
0.0753833420297777 0.5026538854360825 7.766413316937449 0.3406258443291766 0.11323432104524646 1.7697033434534237 
0.0753833420297777 0.5026538854360825 7.766413316937449 0.3406258443291766 0.11323432104524646 1.7697033434534237 
0.08234286656987465 0.495689142932196 7.796194282726067 0.36519546403005276 0.10177307771641814 2.045390417005243 
0.08234286656987465 0.495689142932196 7.796194282726067 0.36519546403005276 0.10177307771641814 2.045390417005243 
0.0823541878591398 0.5381102605597539 7.209991782086015 0.38505071257194723 0.07868684021054048 2.085013347962027 
0.0823541878591398 0.5381102605597539 7.209991782086015 0.38505071257194723 0.07868684021054048 2.085013347962027 
0.0823541878591398 0.5381102605597539 7.209991782086015 0.38505071257194723 0.07868684021054048 2.085013347962027 
0.0823541878591398 0.5381102605597539 7.209991782086015 0.38505071257194723 0.07868684021054048 2.085013347962027 
0.0823541878591398 0.5381102605597539 7.209991782086015 0.38505071257194723 0.07868684021054048 2.085013347962027 
0.07148287079697516 0.48892676918554623 7.404408124084627 0.3332691015376136 0.13105103641631372 2.072337234888442 
0.07148287079697516 0.48892676918554623 7.404408124084627 0.3332691015376136 0.13105103641631372 2.072337234888442 
0.0792860945379462 0.5274692942365149 6.736356052440646 0.3471098839093424 0.11794965657428112 2.070143053779279 
0.0792860945379462 0.5274692942365149 6.736356052440646 0.3471098839093424 0.11794965657428112 2.070143053779279 
0.0792860945379462 0.5274692942365149 6.736356052440646 0.3471098839093424 0.11794965657428112 2.070143053779279 
0.0792860945379462 0.5274692942365149 6.736356052440646 0.3471098839093424 0.11794965657428112 2.070143053779279 
0.0792860945379462 0.5274692942365149 6.736356052440646 0.3471098839093424 0.11794965657428112 2.070143053779279 
0.0792860945379462 0.5274692942365149 6.736356052440646 0.3471098839093424 0.11794965657428112 2.070143053779279 
0.0791473512331405 0.5508117725996997 6.362942515077331 0.3549957854228648 0.10809379325418786 2.0927261790407536 
0.0791473512331405 0.5508117725996997 6.362942515077331 0.3549957854228648 0.10809379325418786 2.0927261790407536 
0.07982849587956492 0.525742826464743 6.728365761911606 0.34425634115072556 0.12904098198235692 2.1270973195025435 
0.07982849587956492 0.525742826464743 6.728365761911606 0.34425634115072556 0.12904098198235692 2.1270973195025435 
0.07982849587956492 0.525742826464743 6.728365761911606 0.34425634115072556 0.12904098198235692 2.1270973195025435 
0.07982849587956492 0.525742826464743 6.728365761911606 0.34425634115072556 0.12904098198235692 2.1270973195025435 
0.08090354575518552 0.46726033171804304 7.158991923316058 0.34491533184444784 0.17022216377261126 2.1268212523862315 
0.08090354575518552 0.46726033171804304 7.158991923316058 0.34491533184444784 0.17022216377261126 2.1268212523862315 
0.0802130166355724 0.4657456011992722 7.19378794963025 0.3434769788539071 0.17051956442887098 2.1292344449922562 
0.07991056255947245 0.4564554652086542 7.2256805708852045 0.35916380202931697 0.1775553724828366 2.2793970268654196 
0.07991056255947245 0.4564554652086542 7.2256805708852045 0.35916380202931697 0.1775553724828366 2.2793970268654196 
0.07991056255947245 0.4564554652086542 7.2256805708852045 0.35916380202931697 0.1775553724828366 2.2793970268654196 
0.07991056255947245 0.4564554652086542 7.2256805708852045 0.35916380202931697 0.1775553724828366 2.2793970268654196 
0.07991056255947245 0.4564554652086542 7.2256805708852045 0.35916380202931697 0.1775553724828366 2.2793970268654196 
0.07991056255947245 0.4564554652086542 7.2256805708852045 0.35916380202931697 0.1775553724828366 2.2793970268654196 
0.07991056255947245 0.4564554652086542 7.2256805708852045 0.35916380202931697 0.1775553724828366 2.2793970268654196 
0.07991056255947245 0.4564554652086542 7.2256805708852045 0.35916380202931697 0.1775553724828366 2.2793970268654196 
0.07991056255947245 0.4564554652086542 7.2256805708852045 0.35916380202931697 0.1775553724828366 2.2793970268654196 
0.07991056255947245 0.4564554652086542 7.2256805708852045 0.35916380202931697 0.1775553724828366 2.2793970268654196 
0.07991056255947245 0.4564554652086542 7.2256805708852045 0.35916380202931697 0.1775553724828366 2.2793970268654196 
0.07991056255947245 0.4564554652086542 7.2256805708852045 0.35916380202931697 0.1775553724828366 2.2793970268654196 
0.07991056255947245 0.4564554652086542 7.2256805708852045 0.35916380202931697 0.1775553724828366 2.2793970268654196 
0.07991056255947245 0.4564554652086542 7.2256805708852045 0.35916380202931697 0.1775553724828366 2.2793970268654196 
0.07991056255947245 0.4564554652086542 7.2256805708852045 0.35916380202931697 0.1775553724828366 2.2793970268654196 
0.08043271094714416 0.4560093341399872 7.223119850489964 0.3600314618975279 0.17815714152738926 2.2832001451138684 
0.07870317671805976 0.45587813777766634 7.269603897844518 0.3545662539243889 0.17565022332584307 2.283429043182826 
0.07870317671805976 0.45587813777766634 7.269603897844518 0.3545662539243889 0.17565022332584307 2.283429043182826 
0.07863000587959253 0.450977870235207 7.377925983601074 0.33867109204973755 0.17248604105987253 2.290004097368905 
0.07919643856953008 0.4535453785402693 7.348304842353951 0.34326030583380446 0.17069300201264204 2.334920547621487 
0.07919643856953008 0.4535453785402693 7.348304842353951 0.34326030583380446 0.17069300201264204 2.334920547621487 
0.07919643856953008 0.4535453785402693 7.348304842353951 0.34326030583380446 0.17069300201264204 2.334920547621487 
0.07919643856953008 0.4535453785402693 7.348304842353951 0.34326030583380446 0.17069300201264204 2.334920547621487 
0.07879874064546107 0.45262820076514415 7.364411936371939 0.34292547927843553 0.17097530089863391 2.329547912742164 
0.07879874064546107 0.45262820076514415 7.364411936371939 0.34292547927843553 0.17097530089863391 2.329547912742164 
0.08016837632257437 0.45028592862002065 7.377534698900752 0.34403582499684 0.1701859406903491 2.3470682090986648 
0.08016837632257437 0.45028592862002065 7.377534698900752 0.34403582499684 0.1701859406903491 2.3470682090986648 
0.08016837632257437 0.45028592862002065 7.377534698900752 0.34403582499684 0.1701859406903491 2.3470682090986648 
0.08016837632257437 0.45028592862002065 7.377534698900752 0.34403582499684 0.1701859406903491 2.3470682090986648 
0.08016837632257437 0.45028592862002065 7.377534698900752 0.34403582499684 0.1701859406903491 2.3470682090986648 
0.07994743454810962 0.4524929566294252 7.369780871377999 0.3423933365322384 0.16904949141413234 2.3362804676950573 
0.07994743454810962 0.4524929566294252 7.369780871377999 0.3423933365322384 0.16904949141413234 2.3362804676950573 
0.07994743454810962 0.4524929566294252 7.369780871377999 0.3423933365322384 0.16904949141413234 2.3362804676950573 
0.07994743454810962 0.4524929566294252 7.369780871377999 0.3423933365322384 0.16904949141413234 2.3362804676950573 
0.07994743454810962 0.4524929566294252 7.369780871377999 0.3423933365322384 0.16904949141413234 2.3362804676950573 
0.07994743454810962 0.4524929566294252 7.369780871377999 0.3423933365322384 0.16904949141413234 2.3362804676950573 
0.08005927111160391 0.45203380922957326 7.365817658271541 0.34335338568374946 0.16869962121260432 2.346084322110632 
0.08005927111160391 0.45203380922957326 7.365817658271541 0.34335338568374946 0.16869962121260432 2.346084322110632 
0.08005927111160391 0.45203380922957326 7.365817658271541 0.34335338568374946 0.16869962121260432 2.346084322110632 
0.08005927111160391 0.45203380922957326 7.365817658271541 0.34335338568374946 0.16869962121260432 2.346084322110632 
0.08005927111160391 0.45203380922957326 7.365817658271541 0.34335338568374946 0.16869962121260432 2.346084322110632 
0.08005927111160391 0.45203380922957326 7.365817658271541 0.34335338568374946 0.16869962121260432 2.346084322110632 
0.08005927111160391 0.45203380922957326 7.365817658271541 0.34335338568374946 0.16869962121260432 2.346084322110632 
0.08005927111160391 0.45203380922957326 7.365817658271541 0.34335338568374946 0.16869962121260432 2.346084322110632 
0.08005927111160391 0.45203380922957326 7.365817658271541 0.34335338568374946 0.16869962121260432 2.346084322110632 
0.08005927111160391 0.45203380922957326 7.365817658271541 0.34335338568374946 0.16869962121260432 2.346084322110632 
0.08005927111160391 0.45203380922957326 7.365817658271541 0.34335338568374946 0.16869962121260432 2.346084322110632 
0.08005927111160391 0.45203380922957326 7.365817658271541 0.34335338568374946 0.16869962121260432 2.346084322110632 
0.08005927111160391 0.45203380922957326 7.365817658271541 0.34335338568374946 0.16869962121260432 2.346084322110632 
0.08005927111160391 0.45203380922957326 7.365817658271541 0.34335338568374946 0.16869962121260432 2.346084322110632 
0.08005927111160391 0.45203380922957326 7.365817658271541 0.34335338568374946 0.16869962121260432 2.346084322110632 
0.08005927111160391 0.45203380922957326 7.365817658271541 0.34335338568374946 0.16869962121260432 2.346084322110632 
0.08005927111160391 0.45203380922957326 7.365817658271541 0.34335338568374946 0.16869962121260432 2.346084322110632 
0.08005927111160391 0.45203380922957326 7.365817658271541 0.34335338568374946 0.16869962121260432 2.346084322110632 
0.08005927111160391 0.45203380922957326 7.365817658271541 0.34335338568374946 0.16869962121260432 2.346084322110632 
0.08005927111160391 0.45203380922957326 7.365817658271541 0.34335338568374946 0.16869962121260432 2.346084322110632 
0.08005927111160391 0.45203380922957326 7.365817658271541 0.34335338568374946 0.16869962121260432 2.346084322110632 
0.08005927111160391 0.45203380922957326 7.365817658271541 0.34335338568374946 0.16869962121260432 2.346084322110632 
0.08027407235802074 0.45188940275676304 7.363428220087831 0.343963062608584 0.16864342116428263 2.351711022756775 
0.07477476963021748 0.46970494257623413 7.3746495046784455 0.3245554779422255 0.1641320084475849 2.2337062971852917 
0.07477476963021748 0.46970494257623413 7.3746495046784455 0.3245554779422255 0.1641320084475849 2.2337062971852917 
0.07477476963021748 0.46970494257623413 7.3746495046784455 0.3245554779422255 0.1641320084475849 2.2337062971852917 
0.07477476963021748 0.46970494257623413 7.3746495046784455 0.3245554779422255 0.1641320084475849 2.2337062971852917 
0.07477476963021748 0.46970494257623413 7.3746495046784455 0.3245554779422255 0.1641320084475849 2.2337062971852917 
0.07477476963021748 0.46970494257623413 7.3746495046784455 0.3245554779422255 0.1641320084475849 2.2337062971852917 
0.07477476963021748 0.46970494257623413 7.3746495046784455 0.3245554779422255 0.1641320084475849 2.2337062971852917 
0.07477476963021748 0.46970494257623413 7.3746495046784455 0.3245554779422255 0.1641320084475849 2.2337062971852917 
0.07477476963021748 0.46970494257623413 7.3746495046784455 0.3245554779422255 0.1641320084475849 2.2337062971852917 
0.07477476963021748 0.46970494257623413 7.3746495046784455 0.3245554779422255 0.1641320084475849 2.2337062971852917 
0.07477476963021748 0.46970494257623413 7.3746495046784455 0.3245554779422255 0.1641320084475849 2.2337062971852917 
0.08208023618826062 0.446692136564391 7.332047016908949 0.3469201513697492 0.17537770611583633 2.2813934756924192 
0.08208023618826062 0.446692136564391 7.332047016908949 0.3469201513697492 0.17537770611583633 2.2813934756924192 
0.08208023618826062 0.446692136564391 7.332047016908949 0.3469201513697492 0.17537770611583633 2.2813934756924192 
0.08208023618826062 0.446692136564391 7.332047016908949 0.3469201513697492 0.17537770611583633 2.2813934756924192 
0.08208023618826062 0.446692136564391 7.332047016908949 0.3469201513697492 0.17537770611583633 2.2813934756924192 
0.08208023618826062 0.446692136564391 7.332047016908949 0.3469201513697492 0.17537770611583633 2.2813934756924192 
0.06904952186078298 0.45749146305010296 7.384714321519071 0.3451280348685657 0.18943111890028877 2.1804078266887363 
0.06904952186078298 0.45749146305010296 7.384714321519071 0.3451280348685657 0.18943111890028877 2.1804078266887363 
0.06904952186078298 0.45749146305010296 7.384714321519071 0.3451280348685657 0.18943111890028877 2.1804078266887363 
0.06904952186078298 0.45749146305010296 7.384714321519071 0.3451280348685657 0.18943111890028877 2.1804078266887363 
0.06904952186078298 0.45749146305010296 7.384714321519071 0.3451280348685657 0.18943111890028877 2.1804078266887363 
