0.055550093607297596 0.49004385613099866 8.909081965810309 0.26826032829839985 0.11119175475648677 2.2968739556819155 
0.050762437249141375 0.3589200100679209 10.88408112612948 0.4193059934558917 0.11324553915809767 1.1725311857090515 
0.050762437249141375 0.3589200100679209 10.88408112612948 0.4193059934558917 0.11324553915809767 1.1725311857090515 
0.05340060987719051 0.3528755654164704 10.902706723858909 0.42238966273799416 0.11485403861243143 1.0979663603078682 
0.05340060987719051 0.3528755654164704 10.902706723858909 0.42238966273799416 0.11485403861243143 1.0979663603078682 
0.04538892559259904 0.30804288679843417 11.524951384236182 0.3717699346751351 0.11930786613342195 0.814786592515917 
0.04538892559259904 0.30804288679843417 11.524951384236182 0.3717699346751351 0.11930786613342195 0.814786592515917 
0.04538892559259904 0.30804288679843417 11.524951384236182 0.3717699346751351 0.11930786613342195 0.814786592515917 
0.04538892559259904 0.30804288679843417 11.524951384236182 0.3717699346751351 0.11930786613342195 0.814786592515917 
0.04538892559259904 0.30804288679843417 11.524951384236182 0.3717699346751351 0.11930786613342195 0.814786592515917 
0.04538892559259904 0.30804288679843417 11.524951384236182 0.3717699346751351 0.11930786613342195 0.814786592515917 
0.04538892559259904 0.30804288679843417 11.524951384236182 0.3717699346751351 0.11930786613342195 0.814786592515917 
0.04538892559259904 0.30804288679843417 11.524951384236182 0.3717699346751351 0.11930786613342195 0.814786592515917 
0.04538892559259904 0.30804288679843417 11.524951384236182 0.3717699346751351 0.11930786613342195 0.814786592515917 
0.04538892559259904 0.30804288679843417 11.524951384236182 0.3717699346751351 0.11930786613342195 0.814786592515917 
0.04538892559259904 0.30804288679843417 11.524951384236182 0.3717699346751351 0.11930786613342195 0.814786592515917 
0.04538892559259904 0.30804288679843417 11.524951384236182 0.3717699346751351 0.11930786613342195 0.814786592515917 
0.04538892559259904 0.30804288679843417 11.524951384236182 0.3717699346751351 0.11930786613342195 0.814786592515917 
0.04469136649672592 0.3075864937407311 11.582522776646886 0.3686647359928401 0.1174665077991437 0.7877617919811502 
0.04469136649672592 0.3075864937407311 11.582522776646886 0.3686647359928401 0.1174665077991437 0.7877617919811502 
0.04469136649672592 0.3075864937407311 11.582522776646886 0.3686647359928401 0.1174665077991437 0.7877617919811502 
0.053258001078675385 0.27567432157292315 11.203305794309298 0.39202474078347765 0.13202310146323196 0.8690884199008219 
0.053258001078675385 0.27567432157292315 11.203305794309298 0.39202474078347765 0.13202310146323196 0.8690884199008219 
0.053258001078675385 0.27567432157292315 11.203305794309298 0.39202474078347765 0.13202310146323196 0.8690884199008219 
0.053258001078675385 0.27567432157292315 11.203305794309298 0.39202474078347765 0.13202310146323196 0.8690884199008219 
0.053258001078675385 0.27567432157292315 11.203305794309298 0.39202474078347765 0.13202310146323196 0.8690884199008219 
0.053258001078675385 0.27567432157292315 11.203305794309298 0.39202474078347765 0.13202310146323196 0.8690884199008219 
0.053258001078675385 0.27567432157292315 11.203305794309298 0.39202474078347765 0.13202310146323196 0.8690884199008219 
0.053258001078675385 0.27567432157292315 11.203305794309298 0.39202474078347765 0.13202310146323196 0.8690884199008219 
0.05301320655556338 0.27604121828028955 11.204779986156373 0.3950095851868115 0.13264974275451766 0.8669940607810706 
0.05301320655556338 0.27604121828028955 11.204779986156373 0.3950095851868115 0.13264974275451766 0.8669940607810706 
0.04925042568173288 0.2808944284074178 11.45386794204686 0.411758893468074 0.1426589907609269 0.8017164843221384 
0.04846731356034289 0.3062436059065028 11.280640133372454 0.3923918994347816 0.1442287790196897 0.907450834538821 
0.04846731356034289 0.3062436059065028 11.280640133372454 0.3923918994347816 0.1442287790196897 0.907450834538821 
0.04846731356034289 0.3062436059065028 11.280640133372454 0.3923918994347816 0.1442287790196897 0.907450834538821 
0.04846731356034289 0.3062436059065028 11.280640133372454 0.3923918994347816 0.1442287790196897 0.907450834538821 
0.04106951707123035 0.2908116907585939 9.963776193597958 0.4048589505142284 0.11890123474872275 1.070415058897039 
0.04106951707123035 0.2908116907585939 9.963776193597958 0.4048589505142284 0.11890123474872275 1.070415058897039 
0.04106951707123035 0.2908116907585939 9.963776193597958 0.4048589505142284 0.11890123474872275 1.070415058897039 
0.04106951707123035 0.2908116907585939 9.963776193597958 0.4048589505142284 0.11890123474872275 1.070415058897039 
0.04106951707123035 0.2908116907585939 9.963776193597958 0.4048589505142284 0.11890123474872275 1.070415058897039 
0.04106951707123035 0.2908116907585939 9.963776193597958 0.4048589505142284 0.11890123474872275 1.070415058897039 
0.04107742748702499 0.2908156870281742 9.963422110363076 0.404929716516066 0.11889633865617594 1.0706385383117576 
0.03117014592622156 0.3226472320062791 10.240073717958026 0.3057186015793411 0.10288381145359572 1.0975225471355645 
0.03117014592622156 0.3226472320062791 10.240073717958026 0.3057186015793411 0.10288381145359572 1.0975225471355645 
0.03117014592622156 0.3226472320062791 10.240073717958026 0.3057186015793411 0.10288381145359572 1.0975225471355645 
0.0352765215032073 0.3137936968145085 9.964878682307221 0.33189183215782203 0.10955683178401072 1.2919526641873778 
0.0352765215032073 0.3137936968145085 9.964878682307221 0.33189183215782203 0.10955683178401072 1.2919526641873778 
0.0352765215032073 0.3137936968145085 9.964878682307221 0.33189183215782203 0.10955683178401072 1.2919526641873778 
0.0352765215032073 0.3137936968145085 9.964878682307221 0.33189183215782203 0.10955683178401072 1.2919526641873778 
0.032839375296912485 0.31031064699295613 10.279991217704197 0.3203229478072081 0.10637686624129626 1.3433796474065156 
0.032839375296912485 0.31031064699295613 10.279991217704197 0.3203229478072081 0.10637686624129626 1.3433796474065156 
0.032839375296912485 0.31031064699295613 10.279991217704197 0.3203229478072081 0.10637686624129626 1.3433796474065156 
0.032839375296912485 0.31031064699295613 10.279991217704197 0.3203229478072081 0.10637686624129626 1.3433796474065156 
0.032839375296912485 0.31031064699295613 10.279991217704197 0.3203229478072081 0.10637686624129626 1.3433796474065156 
0.032839375296912485 0.31031064699295613 10.279991217704197 0.3203229478072081 0.10637686624129626 1.3433796474065156 
0.032839375296912485 0.31031064699295613 10.279991217704197 0.3203229478072081 0.10637686624129626 1.3433796474065156 
0.032839375296912485 0.31031064699295613 10.279991217704197 0.3203229478072081 0.10637686624129626 1.3433796474065156 
0.032839375296912485 0.31031064699295613 10.279991217704197 0.3203229478072081 0.10637686624129626 1.3433796474065156 
0.032839375296912485 0.31031064699295613 10.279991217704197 0.3203229478072081 0.10637686624129626 1.3433796474065156 
0.032839375296912485 0.31031064699295613 10.279991217704197 0.3203229478072081 0.10637686624129626 1.3433796474065156 
0.032839375296912485 0.31031064699295613 10.279991217704197 0.3203229478072081 0.10637686624129626 1.3433796474065156 
0.03071894482839487 0.30213197941155 10.674320830657063 0.31484777410141057 0.10657574327484319 1.4156178416140317 
0.03071894482839487 0.30213197941155 10.674320830657063 0.31484777410141057 0.10657574327484319 1.4156178416140317 
0.03071894482839487 0.30213197941155 10.674320830657063 0.31484777410141057 0.10657574327484319 1.4156178416140317 
0.03071894482839487 0.30213197941155 10.674320830657063 0.31484777410141057 0.10657574327484319 1.4156178416140317 
0.03071894482839487 0.30213197941155 10.674320830657063 0.31484777410141057 0.10657574327484319 1.4156178416140317 
0.03985889837176436 0.3078353528555014 10.33826628670958 0.2996771887547613 0.10714007245856016 1.3920568670956872 
0.03985889837176436 0.3078353528555014 10.33826628670958 0.2996771887547613 0.10714007245856016 1.3920568670956872 
0.03985889837176436 0.3078353528555014 10.33826628670958 0.2996771887547613 0.10714007245856016 1.3920568670956872 
0.04269507906358468 0.2986565461512584 10.299006525316443 0.3034767174767185 0.10500297149006596 1.3904662708528188 
0.04269507906358468 0.2986565461512584 10.299006525316443 0.3034767174767185 0.10500297149006596 1.3904662708528188 
0.041123119696933594 0.30782436071797525 10.273365797077128 0.29018811803386 0.10534725743695192 1.4077352685180464 
0.04140768024041613 0.31483728432134356 10.11290792029096 0.29217036389896067 0.10586130518550238 1.4084539989763423 
0.04140768024041613 0.31483728432134356 10.11290792029096 0.29217036389896067 0.10586130518550238 1.4084539989763423 
0.04140768024041613 0.31483728432134356 10.11290792029096 0.29217036389896067 0.10586130518550238 1.4084539989763423 
0.04140768024041613 0.31483728432134356 10.11290792029096 0.29217036389896067 0.10586130518550238 1.4084539989763423 
0.04140768024041613 0.31483728432134356 10.11290792029096 0.29217036389896067 0.10586130518550238 1.4084539989763423 
0.04140768024041613 0.31483728432134356 10.11290792029096 0.29217036389896067 0.10586130518550238 1.4084539989763423 
0.04140768024041613 0.31483728432134356 10.11290792029096 0.29217036389896067 0.10586130518550238 1.4084539989763423 
0.04140768024041613 0.31483728432134356 10.11290792029096 0.29217036389896067 0.10586130518550238 1.4084539989763423 
0.04272458088600878 0.30734039204334584 9.748368496909231 0.2830814508942002 0.10321256589057291 1.3740961323737015 
0.041103806183935124 0.2963217060288275 9.956396652657448 0.27135752180675715 0.10373248569435127 1.3392266990103012 
0.041103806183935124 0.2963217060288275 9.956396652657448 0.27135752180675715 0.10373248569435127 1.3392266990103012 
0.041103806183935124 0.2963217060288275 9.956396652657448 0.27135752180675715 0.10373248569435127 1.3392266990103012 
0.041103806183935124 0.2963217060288275 9.956396652657448 0.27135752180675715 0.10373248569435127 1.3392266990103012 
0.041103806183935124 0.2963217060288275 9.956396652657448 0.27135752180675715 0.10373248569435127 1.3392266990103012 
0.04369987968656536 0.2567979110435319 10.588441421107126 0.24791940377703775 0.1066776068927516 1.3910181652222777 
0.03494720299471942 0.2351327512388411 10.753313851915813 0.2473692063428803 0.07827820627655468 1.4853222227946294 
0.03494720299471942 0.2351327512388411 10.753313851915813 0.2473692063428803 0.07827820627655468 1.4853222227946294 
0.03494720299471942 0.2351327512388411 10.753313851915813 0.2473692063428803 0.07827820627655468 1.4853222227946294 
0.03494720299471942 0.2351327512388411 10.753313851915813 0.2473692063428803 0.07827820627655468 1.4853222227946294 
0.03494720299471942 0.2351327512388411 10.753313851915813 0.2473692063428803 0.07827820627655468 1.4853222227946294 
0.03494720299471942 0.2351327512388411 10.753313851915813 0.2473692063428803 0.07827820627655468 1.4853222227946294 
0.03494720299471942 0.2351327512388411 10.753313851915813 0.2473692063428803 0.07827820627655468 1.4853222227946294 
0.03721969571989994 0.24377715619682122 10.498022320881356 0.2847104689705076 0.08860931863076997 1.5487857920157961 
0.03721969571989994 0.24377715619682122 10.498022320881356 0.2847104689705076 0.08860931863076997 1.5487857920157961 
0.0291482587961352 0.2069087256049057 11.490878976066986 0.30574277597760585 0.08555995347491885 1.7545697189342748 
0.031112452530872057 0.22738174464786046 11.25208542157228 0.3045263214384364 0.094963100174092 1.7630855449577345 
0.031112452530872057 0.22738174464786046 11.25208542157228 0.3045263214384364 0.094963100174092 1.7630855449577345 
0.031112452530872057 0.22738174464786046 11.25208542157228 0.3045263214384364 0.094963100174092 1.7630855449577345 
0.031112452530872057 0.22738174464786046 11.25208542157228 0.3045263214384364 0.094963100174092 1.7630855449577345 
0.03542467603671228 0.2576382945887293 10.799586229013833 0.3073660081183392 0.10261526078662786 1.7531175432513402 
0.03542467603671228 0.2576382945887293 10.799586229013833 0.3073660081183392 0.10261526078662786 1.7531175432513402 
0.03271501500909929 0.2350112641663844 11.254538544140626 0.2995200752808164 0.09479995941483275 1.7510340529739021 
0.03271501500909929 0.2350112641663844 11.254538544140626 0.2995200752808164 0.09479995941483275 1.7510340529739021 
0.03271501500909929 0.2350112641663844 11.254538544140626 0.2995200752808164 0.09479995941483275 1.7510340529739021 
0.03271501500909929 0.2350112641663844 11.254538544140626 0.2995200752808164 0.09479995941483275 1.7510340529739021 
0.035648281713470564 0.2378623310710888 11.66278232253163 0.30225926762312383 0.11173257764742388 1.740096263607727 
0.035648281713470564 0.2378623310710888 11.66278232253163 0.30225926762312383 0.11173257764742388 1.740096263607727 
0.035648281713470564 0.2378623310710888 11.66278232253163 0.30225926762312383 0.11173257764742388 1.740096263607727 
0.035648281713470564 0.2378623310710888 11.66278232253163 0.30225926762312383 0.11173257764742388 1.740096263607727 
0.035648281713470564 0.2378623310710888 11.66278232253163 0.30225926762312383 0.11173257764742388 1.740096263607727 
0.035648281713470564 0.2378623310710888 11.66278232253163 0.30225926762312383 0.11173257764742388 1.740096263607727 
0.04450002502560317 0.3590732725284037 9.448410852905742 0.32169553192533884 0.13614037812134921 1.4062371605978026 
0.0428703787332591 0.26917088884071455 10.226353810578878 0.34889811939312987 0.13145695980125277 1.2663418224921033 
0.0428703787332591 0.26917088884071455 10.226353810578878 0.34889811939312987 0.13145695980125277 1.2663418224921033 
0.0428703787332591 0.26917088884071455 10.226353810578878 0.34889811939312987 0.13145695980125277 1.2663418224921033 
0.038152164862073984 0.2827379794677605 10.365567602376332 0.3269189630521653 0.10198777197923291 1.3996213897261656 
0.03851128540419819 0.2829864053889802 10.293222014361131 0.3244519848362851 0.10383315988633532 1.439019818233088 
0.03851128540419819 0.2829864053889802 10.293222014361131 0.3244519848362851 0.10383315988633532 1.439019818233088 
0.04787857940911405 0.28604225749148293 10.221632478624727 0.30377820777832293 0.11134553344325579 1.6559810345403752 
0.04787857940911405 0.28604225749148293 10.221632478624727 0.30377820777832293 0.11134553344325579 1.6559810345403752 
0.04787857940911405 0.28604225749148293 10.221632478624727 0.30377820777832293 0.11134553344325579 1.6559810345403752 
0.04787857940911405 0.28604225749148293 10.221632478624727 0.30377820777832293 0.11134553344325579 1.6559810345403752 
0.04787857940911405 0.28604225749148293 10.221632478624727 0.30377820777832293 0.11134553344325579 1.6559810345403752 
0.04787857940911405 0.28604225749148293 10.221632478624727 0.30377820777832293 0.11134553344325579 1.6559810345403752 
0.04787857940911405 0.28604225749148293 10.221632478624727 0.30377820777832293 0.11134553344325579 1.6559810345403752 
0.044741837946914664 0.28484102393824884 10.40871237311631 0.2915242888513959 0.10732270238092095 1.6993688740233313 
0.044741837946914664 0.28484102393824884 10.40871237311631 0.2915242888513959 0.10732270238092095 1.6993688740233313 
0.044741837946914664 0.28484102393824884 10.40871237311631 0.2915242888513959 0.10732270238092095 1.6993688740233313 
0.044741837946914664 0.28484102393824884 10.40871237311631 0.2915242888513959 0.10732270238092095 1.6993688740233313 
0.044741837946914664 0.28484102393824884 10.40871237311631 0.2915242888513959 0.10732270238092095 1.6993688740233313 
0.039121582544267966 0.24009721138310575 11.060578851337205 0.29953962510655374 0.08440279017317495 1.5675868060806213 
0.039121582544267966 0.24009721138310575 11.060578851337205 0.29953962510655374 0.08440279017317495 1.5675868060806213 
0.039121582544267966 0.24009721138310575 11.060578851337205 0.29953962510655374 0.08440279017317495 1.5675868060806213 
0.039121582544267966 0.24009721138310575 11.060578851337205 0.29953962510655374 0.08440279017317495 1.5675868060806213 
0.04048224173180691 0.2697556518801659 10.396276627060589 0.2903074138139575 0.08714375515353592 1.7921830025372774 
0.04048224173180691 0.2697556518801659 10.396276627060589 0.2903074138139575 0.08714375515353592 1.7921830025372774 
0.04048224173180691 0.2697556518801659 10.396276627060589 0.2903074138139575 0.08714375515353592 1.7921830025372774 
0.04059926092299945 0.260460130188469 10.57606680315762 0.2873022249673285 0.08029437089200764 1.7715025674150737 
0.04059926092299945 0.260460130188469 10.57606680315762 0.2873022249673285 0.08029437089200764 1.7715025674150737 
0.04059926092299945 0.260460130188469 10.57606680315762 0.2873022249673285 0.08029437089200764 1.7715025674150737 
0.0409023181170702 0.32283757225890886 10.13359263400103 0.275889683047269 0.11444673738558964 1.8687785207925152 
0.040915838308436585 0.33595125516371316 9.846855207554851 0.27062014404746515 0.11295401767605695 1.974031076325532 
0.029792127867790265 0.3072125316279076 10.713400060080067 0.26518809665174753 0.09192041253287196 2.2241674554565085 
0.029792127867790265 0.3072125316279076 10.713400060080067 0.26518809665174753 0.09192041253287196 2.2241674554565085 
0.029792127867790265 0.3072125316279076 10.713400060080067 0.26518809665174753 0.09192041253287196 2.2241674554565085 
0.029792127867790265 0.3072125316279076 10.713400060080067 0.26518809665174753 0.09192041253287196 2.2241674554565085 
0.029792127867790265 0.3072125316279076 10.713400060080067 0.26518809665174753 0.09192041253287196 2.2241674554565085 
0.034035559845851646 0.31288097004792087 10.540434347591662 0.26787365875641683 0.0988965218003119 2.1543891481084625 
0.034035559845851646 0.31288097004792087 10.540434347591662 0.26787365875641683 0.0988965218003119 2.1543891481084625 
0.034035559845851646 0.31288097004792087 10.540434347591662 0.26787365875641683 0.0988965218003119 2.1543891481084625 
0.034035559845851646 0.31288097004792087 10.540434347591662 0.26787365875641683 0.0988965218003119 2.1543891481084625 
0.034035559845851646 0.31288097004792087 10.540434347591662 0.26787365875641683 0.0988965218003119 2.1543891481084625 
0.034035559845851646 0.31288097004792087 10.540434347591662 0.26787365875641683 0.0988965218003119 2.1543891481084625 
0.034035559845851646 0.31288097004792087 10.540434347591662 0.26787365875641683 0.0988965218003119 2.1543891481084625 
0.034035559845851646 0.31288097004792087 10.540434347591662 0.26787365875641683 0.0988965218003119 2.1543891481084625 
0.03168714396041007 0.3046464374816537 10.725497484359948 0.2683896973914889 0.09783175866918954 2.294983571980036 
0.03168714396041007 0.3046464374816537 10.725497484359948 0.2683896973914889 0.09783175866918954 2.294983571980036 
0.036528997083127505 0.3347699374908366 10.213612746272434 0.28429106242858776 0.1171329503531223 2.105182708190715 
0.036528997083127505 0.3347699374908366 10.213612746272434 0.28429106242858776 0.1171329503531223 2.105182708190715 
0.036528997083127505 0.3347699374908366 10.213612746272434 0.28429106242858776 0.1171329503531223 2.105182708190715 
0.036528997083127505 0.3347699374908366 10.213612746272434 0.28429106242858776 0.1171329503531223 2.105182708190715 
0.036528997083127505 0.3347699374908366 10.213612746272434 0.28429106242858776 0.1171329503531223 2.105182708190715 
0.03649783093212644 0.33037151258580677 10.294251710121593 0.28187467757576656 0.1162518494984896 2.152094953639942 
0.04017692116892052 0.3669693618909935 9.404998535761976 0.2723525033781765 0.14945334742614083 2.139618334602001 
0.04017692116892052 0.3669693618909935 9.404998535761976 0.2723525033781765 0.14945334742614083 2.139618334602001 
0.04017692116892052 0.3669693618909935 9.404998535761976 0.2723525033781765 0.14945334742614083 2.139618334602001 
0.0433882969711669 0.3803431895074185 9.200578351929456 0.27448459612966125 0.14506038444196065 2.1378090839722588 
0.0433882969711669 0.3803431895074185 9.200578351929456 0.27448459612966125 0.14506038444196065 2.1378090839722588 
0.0433882969711669 0.3803431895074185 9.200578351929456 0.27448459612966125 0.14506038444196065 2.1378090839722588 
0.0433882969711669 0.3803431895074185 9.200578351929456 0.27448459612966125 0.14506038444196065 2.1378090839722588 
0.0433882969711669 0.3803431895074185 9.200578351929456 0.27448459612966125 0.14506038444196065 2.1378090839722588 
0.04236300766618975 0.3566135245774155 9.688029175333835 0.2581708920671581 0.14564670106255911 2.33568961178836 
0.039663923498501744 0.34946032833952506 9.996635182731085 0.25686114790797876 0.14631142839280215 2.3531592491063322 
0.039663923498501744 0.34946032833952506 9.996635182731085 0.25686114790797876 0.14631142839280215 2.3531592491063322 
0.039663923498501744 0.34946032833952506 9.996635182731085 0.25686114790797876 0.14631142839280215 2.3531592491063322 
0.039663923498501744 0.34946032833952506 9.996635182731085 0.25686114790797876 0.14631142839280215 2.3531592491063322 
0.039663923498501744 0.34946032833952506 9.996635182731085 0.25686114790797876 0.14631142839280215 2.3531592491063322 
0.039663923498501744 0.34946032833952506 9.996635182731085 0.25686114790797876 0.14631142839280215 2.3531592491063322 
0.04451660578764267 0.3639004613624165 9.5670730008427 0.26044156364731 0.13801265935742502 2.2654051009874374 
0.04451660578764267 0.3639004613624165 9.5670730008427 0.26044156364731 0.13801265935742502 2.2654051009874374 
0.044925143641316445 0.3676376473719549 9.587374427226024 0.260777547384885 0.14045022747034971 2.2863340126176337 
0.044925143641316445 0.3676376473719549 9.587374427226024 0.260777547384885 0.14045022747034971 2.2863340126176337 
0.044925143641316445 0.3676376473719549 9.587374427226024 0.260777547384885 0.14045022747034971 2.2863340126176337 
0.04493227728679333 0.3674722506261483 9.590264158780954 0.2606761885525777 0.1403596199909275 2.287712496337667 
0.04493227728679333 0.3674722506261483 9.590264158780954 0.2606761885525777 0.1403596199909275 2.287712496337667 
0.04493227728679333 0.3674722506261483 9.590264158780954 0.2606761885525777 0.1403596199909275 2.287712496337667 
0.04493227728679333 0.3674722506261483 9.590264158780954 0.2606761885525777 0.1403596199909275 2.287712496337667 
0.04493227728679333 0.3674722506261483 9.590264158780954 0.2606761885525777 0.1403596199909275 2.287712496337667 
0.04493227728679333 0.3674722506261483 9.590264158780954 0.2606761885525777 0.1403596199909275 2.287712496337667 
0.04493227728679333 0.3674722506261483 9.590264158780954 0.2606761885525777 0.1403596199909275 2.287712496337667 
0.04493227728679333 0.3674722506261483 9.590264158780954 0.2606761885525777 0.1403596199909275 2.287712496337667 
0.04493227728679333 0.3674722506261483 9.590264158780954 0.2606761885525777 0.1403596199909275 2.287712496337667 
0.04493227728679333 0.3674722506261483 9.590264158780954 0.2606761885525777 0.1403596199909275 2.287712496337667 
0.04493227728679333 0.3674722506261483 9.590264158780954 0.2606761885525777 0.1403596199909275 2.287712496337667 
0.04493227728679333 0.3674722506261483 9.590264158780954 0.2606761885525777 0.1403596199909275 2.287712496337667 
0.04493227728679333 0.3674722506261483 9.590264158780954 0.2606761885525777 0.1403596199909275 2.287712496337667 
0.04493227728679333 0.3674722506261483 9.590264158780954 0.2606761885525777 0.1403596199909275 2.287712496337667 
0.042725255110625804 0.36649164911699056 9.772350739356037 0.242795542080742 0.13631443034888968 2.3439262652683666 
0.042725255110625804 0.36649164911699056 9.772350739356037 0.242795542080742 0.13631443034888968 2.3439262652683666 
0.0453456220919685 0.33612718887272286 10.135291146283983 0.2456872650199607 0.15448119464721258 2.1421576909112936 
0.0453456220919685 0.33612718887272286 10.135291146283983 0.2456872650199607 0.15448119464721258 2.1421576909112936 
0.0453456220919685 0.33612718887272286 10.135291146283983 0.2456872650199607 0.15448119464721258 2.1421576909112936 
0.0453456220919685 0.33612718887272286 10.135291146283983 0.2456872650199607 0.15448119464721258 2.1421576909112936 
0.0453456220919685 0.33612718887272286 10.135291146283983 0.2456872650199607 0.15448119464721258 2.1421576909112936 
0.0453456220919685 0.33612718887272286 10.135291146283983 0.2456872650199607 0.15448119464721258 2.1421576909112936 
0.0453456220919685 0.33612718887272286 10.135291146283983 0.2456872650199607 0.15448119464721258 2.1421576909112936 
0.0453456220919685 0.33612718887272286 10.135291146283983 0.2456872650199607 0.15448119464721258 2.1421576909112936 
0.0453456220919685 0.33612718887272286 10.135291146283983 0.2456872650199607 0.15448119464721258 2.1421576909112936 
0.0453456220919685 0.33612718887272286 10.135291146283983 0.2456872650199607 0.15448119464721258 2.1421576909112936 
0.0453456220919685 0.33612718887272286 10.135291146283983 0.2456872650199607 0.15448119464721258 2.1421576909112936 
0.046081190217903106 0.32631785036777605 9.986539794957514 0.2686889210094683 0.16123555846863613 1.9670985285053293 
0.045880809702060536 0.4108772021368763 8.817927365681157 0.25815870916249917 0.16817271133824926 2.0065234248043944 
0.045880809702060536 0.4108772021368763 8.817927365681157 0.25815870916249917 0.16817271133824926 2.0065234248043944 
0.045880809702060536 0.4108772021368763 8.817927365681157 0.25815870916249917 0.16817271133824926 2.0065234248043944 
0.046201566120556196 0.421297041257112 8.693238527072745 0.2570309265953208 0.16722896026505946 2.04758941999596 
0.046201566120556196 0.421297041257112 8.693238527072745 0.2570309265953208 0.16722896026505946 2.04758941999596 
0.047109134930780054 0.417872484767513 8.74905789971751 0.25710060736044793 0.1673910835124231 2.042028619966154 
0.047109134930780054 0.417872484767513 8.74905789971751 0.25710060736044793 0.1673910835124231 2.042028619966154 
0.0466374805180219 0.4180192787012638 8.759442895740175 0.2544310759038591 0.16652917910187753 2.057120003145271 
0.04409643554509653 0.45171478223170924 8.687519429581135 0.2506316695463564 0.1678257783720954 2.150966095788035 
0.04409643554509653 0.45171478223170924 8.687519429581135 0.2506316695463564 0.1678257783720954 2.150966095788035 
0.04409643554509653 0.45171478223170924 8.687519429581135 0.2506316695463564 0.1678257783720954 2.150966095788035 
0.04409643554509653 0.45171478223170924 8.687519429581135 0.2506316695463564 0.1678257783720954 2.150966095788035 
0.028877918254099487 0.4811322762938215 9.17957854949743 0.24722919764521542 0.23015756516963612 2.2619192984387824 
0.028877918254099487 0.4811322762938215 9.17957854949743 0.24722919764521542 0.23015756516963612 2.2619192984387824 
0.028877918254099487 0.4811322762938215 9.17957854949743 0.24722919764521542 0.23015756516963612 2.2619192984387824 
0.028877918254099487 0.4811322762938215 9.17957854949743 0.24722919764521542 0.23015756516963612 2.2619192984387824 
0.028877918254099487 0.4811322762938215 9.17957854949743 0.24722919764521542 0.23015756516963612 2.2619192984387824 
0.028877918254099487 0.4811322762938215 9.17957854949743 0.24722919764521542 0.23015756516963612 2.2619192984387824 
0.028877918254099487 0.4811322762938215 9.17957854949743 0.24722919764521542 0.23015756516963612 2.2619192984387824 
0.028877918254099487 0.4811322762938215 9.17957854949743 0.24722919764521542 0.23015756516963612 2.2619192984387824 
0.028877918254099487 0.4811322762938215 9.17957854949743 0.24722919764521542 0.23015756516963612 2.2619192984387824 
0.028877918254099487 0.4811322762938215 9.17957854949743 0.24722919764521542 0.23015756516963612 2.2619192984387824 
0.037462255730594196 0.49328730264530557 8.568633895791294 0.24506333115873236 0.22709450389960556 2.05609679912905 
0.03621909880932224 0.4920268798687761 8.193520745163049 0.2837172875552427 0.2095174988711606 1.804770669581631 
0.03621909880932224 0.4920268798687761 8.193520745163049 0.2837172875552427 0.2095174988711606 1.804770669581631 
0.03621909880932224 0.4920268798687761 8.193520745163049 0.2837172875552427 0.2095174988711606 1.804770669581631 
0.03621909880932224 0.4920268798687761 8.193520745163049 0.2837172875552427 0.2095174988711606 1.804770669581631 
0.03621909880932224 0.4920268798687761 8.193520745163049 0.2837172875552427 0.2095174988711606 1.804770669581631 
0.03621909880932224 0.4920268798687761 8.193520745163049 0.2837172875552427 0.2095174988711606 1.804770669581631 
0.03621909880932224 0.4920268798687761 8.193520745163049 0.2837172875552427 0.2095174988711606 1.804770669581631 
0.03621909880932224 0.4920268798687761 8.193520745163049 0.2837172875552427 0.2095174988711606 1.804770669581631 
0.03581794102683615 0.49147002564501796 8.211713988572276 0.2846750627529379 0.20925804165278603 1.8081082451674484 
0.03581794102683615 0.49147002564501796 8.211713988572276 0.2846750627529379 0.20925804165278603 1.8081082451674484 
0.03581794102683615 0.49147002564501796 8.211713988572276 0.2846750627529379 0.20925804165278603 1.8081082451674484 
0.03581794102683615 0.49147002564501796 8.211713988572276 0.2846750627529379 0.20925804165278603 1.8081082451674484 
0.03581794102683615 0.49147002564501796 8.211713988572276 0.2846750627529379 0.20925804165278603 1.8081082451674484 
0.03581794102683615 0.49147002564501796 8.211713988572276 0.2846750627529379 0.20925804165278603 1.8081082451674484 
0.03581794102683615 0.49147002564501796 8.211713988572276 0.2846750627529379 0.20925804165278603 1.8081082451674484 
0.03581794102683615 0.49147002564501796 8.211713988572276 0.2846750627529379 0.20925804165278603 1.8081082451674484 
0.037901698054471175 0.5050904348864704 7.901555333878747 0.29734419834687403 0.203904623267528 1.7690065936073396 
0.033940123027437374 0.5226165452857096 8.008216818185078 0.2926317539577214 0.20606268346575907 1.841047979013885 
0.033940123027437374 0.5226165452857096 8.008216818185078 0.2926317539577214 0.20606268346575907 1.841047979013885 
0.033940123027437374 0.5226165452857096 8.008216818185078 0.2926317539577214 0.20606268346575907 1.841047979013885 
0.033940123027437374 0.5226165452857096 8.008216818185078 0.2926317539577214 0.20606268346575907 1.841047979013885 
0.033940123027437374 0.5226165452857096 8.008216818185078 0.2926317539577214 0.20606268346575907 1.841047979013885 
0.033940123027437374 0.5226165452857096 8.008216818185078 0.2926317539577214 0.20606268346575907 1.841047979013885 
0.033940123027437374 0.5226165452857096 8.008216818185078 0.2926317539577214 0.20606268346575907 1.841047979013885 
0.033940123027437374 0.5226165452857096 8.008216818185078 0.2926317539577214 0.20606268346575907 1.841047979013885 
0.03119145885229106 0.5223609771359665 8.06397958661722 0.2961611484062372 0.20873555526018903 1.9220653348180496 
0.031078425673579456 0.5225742893504386 8.068369578616977 0.2963062569234329 0.2089261630586688 1.9242014071209874 
0.031078425673579456 0.5225742893504386 8.068369578616977 0.2963062569234329 0.2089261630586688 1.9242014071209874 
0.031078425673579456 0.5225742893504386 8.068369578616977 0.2963062569234329 0.2089261630586688 1.9242014071209874 
0.031078425673579456 0.5225742893504386 8.068369578616977 0.2963062569234329 0.2089261630586688 1.9242014071209874 
0.031155813302243776 0.5222188500917248 8.063742410124775 0.29743957703056223 0.20844203529292693 1.9192839213646853 
0.031155813302243776 0.5222188500917248 8.063742410124775 0.29743957703056223 0.20844203529292693 1.9192839213646853 
0.03147902359583009 0.5225680122439199 7.908479263764229 0.3034827137422106 0.1992879667187513 1.7650244292302975 
0.03147902359583009 0.5225680122439199 7.908479263764229 0.3034827137422106 0.1992879667187513 1.7650244292302975 
0.03147902359583009 0.5225680122439199 7.908479263764229 0.3034827137422106 0.1992879667187513 1.7650244292302975 
0.03147902359583009 0.5225680122439199 7.908479263764229 0.3034827137422106 0.1992879667187513 1.7650244292302975 
0.03147902359583009 0.5225680122439199 7.908479263764229 0.3034827137422106 0.1992879667187513 1.7650244292302975 
0.03147902359583009 0.5225680122439199 7.908479263764229 0.3034827137422106 0.1992879667187513 1.7650244292302975 
0.03147902359583009 0.5225680122439199 7.908479263764229 0.3034827137422106 0.1992879667187513 1.7650244292302975 
0.03147902359583009 0.5225680122439199 7.908479263764229 0.3034827137422106 0.1992879667187513 1.7650244292302975 
0.0448446797531431 0.5131901683281761 7.662003841293816 0.3159256702002938 0.17839664678429734 1.564842028707813 
0.03844725169168314 0.5438228087138491 7.457244349797536 0.32723441115908475 0.18792753045650418 1.5357694125114787 
0.03844725169168314 0.5438228087138491 7.457244349797536 0.32723441115908475 0.18792753045650418 1.5357694125114787 
0.03279151227330017 0.5507607685749161 7.740006183561829 0.3669884364435163 0.2336848020762346 1.5023600807227837 
0.051709838895453365 0.5263720484789883 7.531296480135678 0.33061634852568605 0.1822234636826125 1.5348910552828878 
0.051709838895453365 0.5263720484789883 7.531296480135678 0.33061634852568605 0.1822234636826125 1.5348910552828878 
0.051709838895453365 0.5263720484789883 7.531296480135678 0.33061634852568605 0.1822234636826125 1.5348910552828878 
0.051709838895453365 0.5263720484789883 7.531296480135678 0.33061634852568605 0.1822234636826125 1.5348910552828878 
0.04275698805439185 0.511691466413916 7.096581187067826 0.36688264673732235 0.1767298817390529 1.8330925338885162 
0.04275698805439185 0.511691466413916 7.096581187067826 0.36688264673732235 0.1767298817390529 1.8330925338885162 
0.04275698805439185 0.511691466413916 7.096581187067826 0.36688264673732235 0.1767298817390529 1.8330925338885162 
0.04451343738183364 0.5131947477360504 6.934371622907358 0.37737543071066565 0.1943657517474893 1.9248472853200287 
0.04451343738183364 0.5131947477360504 6.934371622907358 0.37737543071066565 0.1943657517474893 1.9248472853200287 
0.04451343738183364 0.5131947477360504 6.934371622907358 0.37737543071066565 0.1943657517474893 1.9248472853200287 
0.03777211828117838 0.5203602666561826 6.885447503528112 0.40763148140491967 0.19931557911534614 2.1080016546413782 
0.038160059610852864 0.5152865406706427 6.93120494574104 0.40199430022339433 0.19579221828012808 2.059115637831033 
0.038160059610852864 0.5152865406706427 6.93120494574104 0.40199430022339433 0.19579221828012808 2.059115637831033 
0.038160059610852864 0.5152865406706427 6.93120494574104 0.40199430022339433 0.19579221828012808 2.059115637831033 
0.038160059610852864 0.5152865406706427 6.93120494574104 0.40199430022339433 0.19579221828012808 2.059115637831033 
0.038160059610852864 0.5152865406706427 6.93120494574104 0.40199430022339433 0.19579221828012808 2.059115637831033 
0.038160059610852864 0.5152865406706427 6.93120494574104 0.40199430022339433 0.19579221828012808 2.059115637831033 
0.03911999559940183 0.5114310953942466 6.987631070568266 0.3970143374140287 0.19393893461381342 2.0083026067910543 
0.039524908871703596 0.5119479768808146 6.993336864959707 0.39439246286661866 0.19339964490767297 1.9912007708576271 
0.039524908871703596 0.5119479768808146 6.993336864959707 0.39439246286661866 0.19339964490767297 1.9912007708576271 
0.0392395521379506 0.5194982091046753 7.017213597983615 0.3976429138047923 0.18923773466157967 2.1458242510562036 
0.0392395521379506 0.5194982091046753 7.017213597983615 0.3976429138047923 0.18923773466157967 2.1458242510562036 
0.0392395521379506 0.5194982091046753 7.017213597983615 0.3976429138047923 0.18923773466157967 2.1458242510562036 
0.0392395521379506 0.5194982091046753 7.017213597983615 0.3976429138047923 0.18923773466157967 2.1458242510562036 
0.0392395521379506 0.5194982091046753 7.017213597983615 0.3976429138047923 0.18923773466157967 2.1458242510562036 
0.03859701572292908 0.5191336089775661 7.072582339017563 0.3857850809401739 0.18087406697167446 2.0433949576328096 
0.03925924046963728 0.5202963364890811 7.0175206628456 0.3851838325370523 0.17592065491155034 2.0495778753205234 
0.03925924046963728 0.5202963364890811 7.0175206628456 0.3851838325370523 0.17592065491155034 2.0495778753205234 
0.03925924046963728 0.5202963364890811 7.0175206628456 0.3851838325370523 0.17592065491155034 2.0495778753205234 
0.03925924046963728 0.5202963364890811 7.0175206628456 0.3851838325370523 0.17592065491155034 2.0495778753205234 
0.039801739068255966 0.5124345136217066 7.089674611227285 0.378102630288942 0.17715428999373234 2.029181801780894 
0.039801739068255966 0.5124345136217066 7.089674611227285 0.378102630288942 0.17715428999373234 2.029181801780894 
0.039801739068255966 0.5124345136217066 7.089674611227285 0.378102630288942 0.17715428999373234 2.029181801780894 
0.039801739068255966 0.5124345136217066 7.089674611227285 0.378102630288942 0.17715428999373234 2.029181801780894 
0.040625279805861295 0.5125990891159077 7.116871042831833 0.36074643550988134 0.18295802382009982 1.9980921227243804 
0.040625279805861295 0.5125990891159077 7.116871042831833 0.36074643550988134 0.18295802382009982 1.9980921227243804 
0.040625279805861295 0.5125990891159077 7.116871042831833 0.36074643550988134 0.18295802382009982 1.9980921227243804 
0.040625279805861295 0.5125990891159077 7.116871042831833 0.36074643550988134 0.18295802382009982 1.9980921227243804 
0.040625279805861295 0.5125990891159077 7.116871042831833 0.36074643550988134 0.18295802382009982 1.9980921227243804 
0.04126922759548036 0.5287525085010657 6.877200364678252 0.389685150404692 0.20610145562512316 1.8551121814561176 
0.04126922759548036 0.5287525085010657 6.877200364678252 0.389685150404692 0.20610145562512316 1.8551121814561176 
0.04126922759548036 0.5287525085010657 6.877200364678252 0.389685150404692 0.20610145562512316 1.8551121814561176 
0.04126922759548036 0.5287525085010657 6.877200364678252 0.389685150404692 0.20610145562512316 1.8551121814561176 
0.04126922759548036 0.5287525085010657 6.877200364678252 0.389685150404692 0.20610145562512316 1.8551121814561176 
0.04126922759548036 0.5287525085010657 6.877200364678252 0.389685150404692 0.20610145562512316 1.8551121814561176 
0.04774771984401921 0.5244280938955468 6.821751296945029 0.37244241987126414 0.1811291975997619 1.62900689484474 
0.04777482819062999 0.5243514766184856 6.823343247580525 0.3723065010115364 0.18121002623508808 1.630064460968021 
0.04777482819062999 0.5243514766184856 6.823343247580525 0.3723065010115364 0.18121002623508808 1.630064460968021 
0.04777482819062999 0.5243514766184856 6.823343247580525 0.3723065010115364 0.18121002623508808 1.630064460968021 
0.05147716884088094 0.5269250986704617 6.736015675239602 0.3289093432388914 0.1935683592090145 1.50784453103678 
0.05147716884088094 0.5269250986704617 6.736015675239602 0.3289093432388914 0.1935683592090145 1.50784453103678 
0.05147716884088094 0.5269250986704617 6.736015675239602 0.3289093432388914 0.1935683592090145 1.50784453103678 
0.05806773352223285 0.515197627244269 6.850637907857771 0.33269055463658936 0.17780008834254207 1.575692243098267 
0.05806773352223285 0.515197627244269 6.850637907857771 0.33269055463658936 0.17780008834254207 1.575692243098267 
0.06224170878177163 0.5436870788899327 6.305169770241796 0.3618318279647692 0.17769334273253695 1.5119994920548931 
0.06224170878177163 0.5436870788899327 6.305169770241796 0.3618318279647692 0.17769334273253695 1.5119994920548931 
0.06224170878177163 0.5436870788899327 6.305169770241796 0.3618318279647692 0.17769334273253695 1.5119994920548931 
0.06224170878177163 0.5436870788899327 6.305169770241796 0.3618318279647692 0.17769334273253695 1.5119994920548931 
0.06224170878177163 0.5436870788899327 6.305169770241796 0.3618318279647692 0.17769334273253695 1.5119994920548931 
0.06224170878177163 0.5436870788899327 6.305169770241796 0.3618318279647692 0.17769334273253695 1.5119994920548931 
0.06224170878177163 0.5436870788899327 6.305169770241796 0.3618318279647692 0.17769334273253695 1.5119994920548931 
0.06255277082021365 0.543821593917659 6.310854267548938 0.36189925710396764 0.17654201378054946 1.5078264989273624 
0.06222164418387763 0.5458252317804595 6.291883252099098 0.3636364183794799 0.17711774998639213 1.5177020230391716 
0.06222164418387763 0.5458252317804595 6.291883252099098 0.3636364183794799 0.17711774998639213 1.5177020230391716 
0.06218773406036549 0.5353200477307718 6.473770414463067 0.3599302490563569 0.17878556244845537 1.563260301141252 
0.06117441159369207 0.5252003898738904 6.551537123744829 0.36420903240877756 0.17780722916403588 1.5473025026306846 
0.056049500812688474 0.5100075477455872 6.8195283906259 0.34099211696586085 0.1727900214323189 1.675770124000179 
0.05502601594601527 0.5023935693242858 6.20111913463614 0.3844026981194734 0.16205136827467942 1.7010815795459733 
0.05502601594601527 0.5023935693242858 6.20111913463614 0.3844026981194734 0.16205136827467942 1.7010815795459733 
0.05488311160699906 0.4997181778729194 6.213541581186296 0.3857272431777309 0.16292698098194847 1.692871051981774 
0.061479911383769986 0.4811959100094686 6.508199193827799 0.3551811602982403 0.15779588349124052 1.5065902483305789 
0.061479911383769986 0.4811959100094686 6.508199193827799 0.3551811602982403 0.15779588349124052 1.5065902483305789 
0.061479911383769986 0.4811959100094686 6.508199193827799 0.3551811602982403 0.15779588349124052 1.5065902483305789 
0.061479911383769986 0.4811959100094686 6.508199193827799 0.3551811602982403 0.15779588349124052 1.5065902483305789 
0.061479911383769986 0.4811959100094686 6.508199193827799 0.3551811602982403 0.15779588349124052 1.5065902483305789 
0.05624450227295036 0.46667457407850865 6.188197559149114 0.39098737028627484 0.15635956839679144 1.6621425067010223 
0.05194417025711121 0.485989604672349 6.734093668116436 0.3474919456017768 0.15975164637713793 1.891961394440404 
0.05194417025711121 0.485989604672349 6.734093668116436 0.3474919456017768 0.15975164637713793 1.891961394440404 
0.05194417025711121 0.485989604672349 6.734093668116436 0.3474919456017768 0.15975164637713793 1.891961394440404 
0.05194417025711121 0.485989604672349 6.734093668116436 0.3474919456017768 0.15975164637713793 1.891961394440404 
0.05194417025711121 0.485989604672349 6.734093668116436 0.3474919456017768 0.15975164637713793 1.891961394440404 
0.06003756283089291 0.4730160727101407 7.123365336889442 0.34647766108114947 0.14253431409614942 1.6621706593780732 
0.06003756283089291 0.4730160727101407 7.123365336889442 0.34647766108114947 0.14253431409614942 1.6621706593780732 
0.06003756283089291 0.4730160727101407 7.123365336889442 0.34647766108114947 0.14253431409614942 1.6621706593780732 
0.05967529470574771 0.47045563339274654 7.110372701051871 0.349607148454319 0.14121328629439334 1.6877823193654626 
0.05967529470574771 0.47045563339274654 7.110372701051871 0.349607148454319 0.14121328629439334 1.6877823193654626 
0.05967529470574771 0.47045563339274654 7.110372701051871 0.349607148454319 0.14121328629439334 1.6877823193654626 
0.06393153948268371 0.4901653484077112 6.175919810561492 0.43578107296367774 0.13751104651235097 2.0148494733167475 
0.06393153948268371 0.4901653484077112 6.175919810561492 0.43578107296367774 0.13751104651235097 2.0148494733167475 
0.06373890834656712 0.4874680699035948 6.350983748956637 0.41872414696875815 0.14556808407886135 2.029409251954079 
0.06373890834656712 0.4874680699035948 6.350983748956637 0.41872414696875815 0.14556808407886135 2.029409251954079 
0.06373890834656712 0.4874680699035948 6.350983748956637 0.41872414696875815 0.14556808407886135 2.029409251954079 
0.06550230545851782 0.48245867244504403 6.3618035974767135 0.4181343589925847 0.13635665277920783 2.026775874167464 
0.06550230545851782 0.48245867244504403 6.3618035974767135 0.4181343589925847 0.13635665277920783 2.026775874167464 
0.06550230545851782 0.48245867244504403 6.3618035974767135 0.4181343589925847 0.13635665277920783 2.026775874167464 
0.06726149446203296 0.49212011341658646 6.535668500298557 0.36428912401960545 0.12868791971192556 1.6917433198704095 
0.06977464532983277 0.4934081797774928 6.4946512103717335 0.37157150133236966 0.12431434591988547 1.8214601318306243 
0.06977464532983277 0.4934081797774928 6.4946512103717335 0.37157150133236966 0.12431434591988547 1.8214601318306243 
0.06977464532983277 0.4934081797774928 6.4946512103717335 0.37157150133236966 0.12431434591988547 1.8214601318306243 
0.0683595274316689 0.4988885124204043 6.3857396321504245 0.3817559185456148 0.12306213035543903 1.7779246014336538 
0.0683595274316689 0.4988885124204043 6.3857396321504245 0.3817559185456148 0.12306213035543903 1.7779246014336538 
0.0683595274316689 0.4988885124204043 6.3857396321504245 0.3817559185456148 0.12306213035543903 1.7779246014336538 
0.0683595274316689 0.4988885124204043 6.3857396321504245 0.3817559185456148 0.12306213035543903 1.7779246014336538 
0.06732721444655375 0.4932404553988614 6.254422348762464 0.4139919951750466 0.12003853160980119 1.9509184898002645 
0.06732721444655375 0.4932404553988614 6.254422348762464 0.4139919951750466 0.12003853160980119 1.9509184898002645 
0.07137194501947251 0.49766553298569033 6.708376568461682 0.36337210382936 0.1172747772104316 1.9009900320936564 
0.06775274737031119 0.5024568640071644 7.072437838399332 0.31957587822732514 0.1490178751610401 1.8558717041733115 
0.06860968819045388 0.547874195202328 6.250344325456019 0.32806355766142814 0.13256794149775875 1.8036778738610841 
0.06860968819045388 0.547874195202328 6.250344325456019 0.32806355766142814 0.13256794149775875 1.8036778738610841 
0.06860968819045388 0.547874195202328 6.250344325456019 0.32806355766142814 0.13256794149775875 1.8036778738610841 
0.061209843977452175 0.5469279178645331 6.63083497785526 0.31001778198666985 0.14490741314662625 1.6599775846361429 
0.061209843977452175 0.5469279178645331 6.63083497785526 0.31001778198666985 0.14490741314662625 1.6599775846361429 
0.061209843977452175 0.5469279178645331 6.63083497785526 0.31001778198666985 0.14490741314662625 1.6599775846361429 
0.061209843977452175 0.5469279178645331 6.63083497785526 0.31001778198666985 0.14490741314662625 1.6599775846361429 
0.061209843977452175 0.5469279178645331 6.63083497785526 0.31001778198666985 0.14490741314662625 1.6599775846361429 
0.061209843977452175 0.5469279178645331 6.63083497785526 0.31001778198666985 0.14490741314662625 1.6599775846361429 
0.05565925102831687 0.53199656781128 6.917230431861636 0.2976900949361996 0.14666972650850232 1.743599137464003 
0.05565925102831687 0.53199656781128 6.917230431861636 0.2976900949361996 0.14666972650850232 1.743599137464003 
0.05565925102831687 0.53199656781128 6.917230431861636 0.2976900949361996 0.14666972650850232 1.743599137464003 
0.05565925102831687 0.53199656781128 6.917230431861636 0.2976900949361996 0.14666972650850232 1.743599137464003 
0.05565925102831687 0.53199656781128 6.917230431861636 0.2976900949361996 0.14666972650850232 1.743599137464003 
0.05302216826388369 0.5417301260725379 6.158144983375719 0.3258511507533337 0.17746168571066095 2.240196929963915 
0.05302216826388369 0.5417301260725379 6.158144983375719 0.3258511507533337 0.17746168571066095 2.240196929963915 
0.05302216826388369 0.5417301260725379 6.158144983375719 0.3258511507533337 0.17746168571066095 2.240196929963915 
0.05710488909200066 0.5421382965085064 6.288378110202814 0.3426791125085093 0.179600900919792 2.1392675907944843 
0.05710488909200066 0.5421382965085064 6.288378110202814 0.3426791125085093 0.179600900919792 2.1392675907944843 
0.05710488909200066 0.5421382965085064 6.288378110202814 0.3426791125085093 0.179600900919792 2.1392675907944843 
0.05710488909200066 0.5421382965085064 6.288378110202814 0.3426791125085093 0.179600900919792 2.1392675907944843 
0.05209138474490585 0.5373743181954118 6.632443052894447 0.3109990026605296 0.14974527596323509 2.0615050271727036 
0.05305572708972586 0.5428718424378174 6.525928308043045 0.3188272045836197 0.13636030008110317 2.16423983724789 
0.04857998843195955 0.5431615064251141 6.421455302673433 0.32964166528203814 0.12676403914844186 2.3248069457147342 
0.04820458627540587 0.5339257258676212 6.547547271699515 0.32964420998017524 0.12873040043974782 2.306636410895909 
0.048267154103175766 0.5271491267184707 6.547418628295237 0.34714048410366566 0.12784609041762746 2.1005809374487896 
0.048267154103175766 0.5271491267184707 6.547418628295237 0.34714048410366566 0.12784609041762746 2.1005809374487896 
0.04825612840975764 0.5274368554450038 6.555327150438255 0.34046801989258185 0.12584146429596146 2.1351046408561727 
0.04825612840975764 0.5274368554450038 6.555327150438255 0.34046801989258185 0.12584146429596146 2.1351046408561727 
0.04825612840975764 0.5274368554450038 6.555327150438255 0.34046801989258185 0.12584146429596146 2.1351046408561727 
0.04825612840975764 0.5274368554450038 6.555327150438255 0.34046801989258185 0.12584146429596146 2.1351046408561727 
0.047599337835655814 0.525877490858063 6.68585714608767 0.3294267601860287 0.13873905302656525 2.0710594772121405 
0.047599337835655814 0.525877490858063 6.68585714608767 0.3294267601860287 0.13873905302656525 2.0710594772121405 
0.047599337835655814 0.525877490858063 6.68585714608767 0.3294267601860287 0.13873905302656525 2.0710594772121405 
0.047599337835655814 0.525877490858063 6.68585714608767 0.3294267601860287 0.13873905302656525 2.0710594772121405 
0.047599337835655814 0.525877490858063 6.68585714608767 0.3294267601860287 0.13873905302656525 2.0710594772121405 
0.047599337835655814 0.525877490858063 6.68585714608767 0.3294267601860287 0.13873905302656525 2.0710594772121405 
0.05073712678704369 0.5272481464946173 6.634371826623697 0.3278816873746802 0.13885438439209372 2.051492962177832 
0.05073712678704369 0.5272481464946173 6.634371826623697 0.3278816873746802 0.13885438439209372 2.051492962177832 
0.06613140419832522 0.5133010180844734 6.4358646440215095 0.38675755778110554 0.15880079175206938 1.9950052310788335 
0.06295415318271078 0.5389097243464931 5.833131994516709 0.40148033611769846 0.21256735051212183 2.334281540444809 
0.06295415318271078 0.5389097243464931 5.833131994516709 0.40148033611769846 0.21256735051212183 2.334281540444809 
0.06295415318271078 0.5389097243464931 5.833131994516709 0.40148033611769846 0.21256735051212183 2.334281540444809 
0.06295415318271078 0.5389097243464931 5.833131994516709 0.40148033611769846 0.21256735051212183 2.334281540444809 
0.0593103804139844 0.4288717858777086 7.719546516238873 0.3634427254015302 0.207099297188009 1.923490214473592 
0.06282399285924711 0.3925211263161506 7.9089630628416705 0.4138039081552939 0.231507782903144 1.8013557717061992 
0.06282399285924711 0.3925211263161506 7.9089630628416705 0.4138039081552939 0.231507782903144 1.8013557717061992 
0.06282399285924711 0.3925211263161506 7.9089630628416705 0.4138039081552939 0.231507782903144 1.8013557717061992 
0.06282399285924711 0.3925211263161506 7.9089630628416705 0.4138039081552939 0.231507782903144 1.8013557717061992 
0.06282399285924711 0.3925211263161506 7.9089630628416705 0.4138039081552939 0.231507782903144 1.8013557717061992 
0.06282399285924711 0.3925211263161506 7.9089630628416705 0.4138039081552939 0.231507782903144 1.8013557717061992 
0.06282399285924711 0.3925211263161506 7.9089630628416705 0.4138039081552939 0.231507782903144 1.8013557717061992 
0.06282399285924711 0.3925211263161506 7.9089630628416705 0.4138039081552939 0.231507782903144 1.8013557717061992 
0.06282399285924711 0.3925211263161506 7.9089630628416705 0.4138039081552939 0.231507782903144 1.8013557717061992 
0.06305720978656769 0.3946107997402388 7.933020959074111 0.40675094865759054 0.23123260325133446 1.809840203674418 
0.06056974835958159 0.3729323439122327 8.289759875491358 0.379517340367413 0.22039792187970406 1.8009725424365832 
0.06056974835958159 0.3729323439122327 8.289759875491358 0.379517340367413 0.22039792187970406 1.8009725424365832 
0.05842603628492036 0.4035200684519521 8.033150227392817 0.3476679120458637 0.19937904368406276 1.7450154733716678 
0.05842511282120129 0.4038196140338093 8.03037439127286 0.3473944901126045 0.19929803816831543 1.742965789800202 
0.056626809402195985 0.41526208675374177 7.929137767351337 0.3567643732462583 0.20304379707371417 1.7509409217505396 
0.056626809402195985 0.41526208675374177 7.929137767351337 0.3567643732462583 0.20304379707371417 1.7509409217505396 
0.054475538759918174 0.41425977045903767 7.946534916688813 0.3597964614140306 0.20210333002967018 1.7851400516151334 
0.056163141708620676 0.4132160356124465 8.01573049376796 0.36864314672313947 0.20039916005663622 1.8371573639796528 
0.056163141708620676 0.4132160356124465 8.01573049376796 0.36864314672313947 0.20039916005663622 1.8371573639796528 
0.056163141708620676 0.4132160356124465 8.01573049376796 0.36864314672313947 0.20039916005663622 1.8371573639796528 
0.054780676643040364 0.45341803178686224 7.331689478447496 0.3949674576750287 0.20501415381864602 1.9841190724203965 
0.054780676643040364 0.45341803178686224 7.331689478447496 0.3949674576750287 0.20501415381864602 1.9841190724203965 
0.054780676643040364 0.45341803178686224 7.331689478447496 0.3949674576750287 0.20501415381864602 1.9841190724203965 
0.05456084838728486 0.4518763399558895 7.339292451299707 0.39793791872623685 0.2046933677682684 1.99467489679639 
0.05456084838728486 0.4518763399558895 7.339292451299707 0.39793791872623685 0.2046933677682684 1.99467489679639 
0.05456084838728486 0.4518763399558895 7.339292451299707 0.39793791872623685 0.2046933677682684 1.99467489679639 
0.05456084838728486 0.4518763399558895 7.339292451299707 0.39793791872623685 0.2046933677682684 1.99467489679639 
0.054320727540218994 0.4582079978723469 7.115567707194167 0.41600420735769605 0.20084050903075776 2.1121477446133485 
0.05319388227133666 0.46715536231829985 7.013684764135567 0.42494754556959197 0.20391404772893632 2.1358917314115775 
0.05319388227133666 0.46715536231829985 7.013684764135567 0.42494754556959197 0.20391404772893632 2.1358917314115775 
0.0619568853334058 0.48023758046828985 7.163394112665869 0.3727616517142889 0.21001461517334644 2.1974696727951715 
0.0619568853334058 0.48023758046828985 7.163394112665869 0.3727616517142889 0.21001461517334644 2.1974696727951715 
0.0619568853334058 0.48023758046828985 7.163394112665869 0.3727616517142889 0.21001461517334644 2.1974696727951715 
0.061290503206536506 0.4799286397256805 7.1605801991865 0.3685889134357576 0.20944607882213243 2.160530632158952 
0.06160261798237738 0.48124760701961544 7.100778104521984 0.3800111298968035 0.21030684790197957 2.084241308191274 
0.06160261798237738 0.48124760701961544 7.100778104521984 0.3800111298968035 0.21030684790197957 2.084241308191274 
0.06184129838999491 0.48370050534760634 7.034324416410077 0.38974162827762504 0.20990788256436357 2.019183275203585 
0.06184129838999491 0.48370050534760634 7.034324416410077 0.38974162827762504 0.20990788256436357 2.019183275203585 
0.06187586617580765 0.4868505461172624 7.033164337676672 0.3888964814448002 0.21017786034726416 2.0124582859177096 
0.06184052151397928 0.48728818675156393 7.024652876800446 0.3902245743009438 0.2108381981831964 2.013377664746478 
0.06184052151397928 0.48728818675156393 7.024652876800446 0.3902245743009438 0.2108381981831964 2.013377664746478 
0.061323773329330575 0.4930798431643715 7.003642826520892 0.37829086642381493 0.21212895499500994 1.9592876018375691 
0.06139313884593412 0.4935604362926229 6.999314369548177 0.3788486372566263 0.21213991624781856 1.9614204559845374 
0.06139313884593412 0.4935604362926229 6.999314369548177 0.3788486372566263 0.21213991624781856 1.9614204559845374 
0.06285505999746788 0.5001448028669688 6.852922126535727 0.4010424146397479 0.2085286155510209 2.097850832462121 
0.06285505999746788 0.5001448028669688 6.852922126535727 0.4010424146397479 0.2085286155510209 2.097850832462121 
0.06285505999746788 0.5001448028669688 6.852922126535727 0.4010424146397479 0.2085286155510209 2.097850832462121 
0.05915426353776412 0.5027247746495309 7.084309076176382 0.371855125547122 0.2048795333730825 1.9092418270792693 
0.05915426353776412 0.5027247746495309 7.084309076176382 0.371855125547122 0.2048795333730825 1.9092418270792693 
0.06171764109035975 0.5010929971393139 7.064486193988251 0.3807809315422237 0.20541022630680925 1.894231919533933 
0.06171764109035975 0.5010929971393139 7.064486193988251 0.3807809315422237 0.20541022630680925 1.894231919533933 
0.06171764109035975 0.5010929971393139 7.064486193988251 0.3807809315422237 0.20541022630680925 1.894231919533933 
0.06171764109035975 0.5010929971393139 7.064486193988251 0.3807809315422237 0.20541022630680925 1.894231919533933 
0.06171764109035975 0.5010929971393139 7.064486193988251 0.3807809315422237 0.20541022630680925 1.894231919533933 
0.07249454098056186 0.49423271124311974 6.981147234941646 0.41830662398311036 0.20764135476988693 1.8311275708150008 
0.07317485179319198 0.48485529389962106 7.272648622662128 0.39809077077624294 0.20878026616610637 1.9099799076665565 
0.07457461293226235 0.4833568245895594 7.214188945359401 0.4066918847699549 0.2097929985233788 1.9081199833032894 
0.07457461293226235 0.4833568245895594 7.214188945359401 0.4066918847699549 0.2097929985233788 1.9081199833032894 
0.07457461293226235 0.4833568245895594 7.214188945359401 0.4066918847699549 0.2097929985233788 1.9081199833032894 
0.07746000170695613 0.4991848758416009 6.845160480051302 0.4164624527692971 0.2086344086062042 1.9421820977472095 
0.07746000170695613 0.4991848758416009 6.845160480051302 0.4164624527692971 0.2086344086062042 1.9421820977472095 
0.07746000170695613 0.4991848758416009 6.845160480051302 0.4164624527692971 0.2086344086062042 1.9421820977472095 
0.07783577319653828 0.49817872688224063 6.851243861254418 0.4177282361361322 0.20920944753801587 1.9428794384536565 
0.07783577319653828 0.49817872688224063 6.851243861254418 0.4177282361361322 0.20920944753801587 1.9428794384536565 
0.08256544316692857 0.4884325466781322 6.861046885739756 0.4381306768251765 0.2032042051745059 1.8748460390974924 
0.08256544316692857 0.4884325466781322 6.861046885739756 0.4381306768251765 0.2032042051745059 1.8748460390974924 
0.08256544316692857 0.4884325466781322 6.861046885739756 0.4381306768251765 0.2032042051745059 1.8748460390974924 
