0.07798375383449017 0.39731329125919634 6.951603361489428 0.26377104416987784 0.15868168329000254 0.8626459006430012 
0.02900940967283665 0.4440132106661842 9.443454583523605 0.5001124641749861 0.23346385562284538 2.251269119078564 
0.02900940967283665 0.4440132106661842 9.443454583523605 0.5001124641749861 0.23346385562284538 2.251269119078564 
0.04852838649570935 0.47397105073611934 10.657616667067986 0.29099340738792373 0.17433205033603877 2.343342704961979 
0.04852838649570935 0.47397105073611934 10.657616667067986 0.29099340738792373 0.17433205033603877 2.343342704961979 
0.04852838649570935 0.47397105073611934 10.657616667067986 0.29099340738792373 0.17433205033603877 2.343342704961979 
0.04852838649570935 0.47397105073611934 10.657616667067986 0.29099340738792373 0.17433205033603877 2.343342704961979 
0.04852838649570935 0.47397105073611934 10.657616667067986 0.29099340738792373 0.17433205033603877 2.343342704961979 
0.04852838649570935 0.47397105073611934 10.657616667067986 0.29099340738792373 0.17433205033603877 2.343342704961979 
0.04852838649570935 0.47397105073611934 10.657616667067986 0.29099340738792373 0.17433205033603877 2.343342704961979 
0.04852838649570935 0.47397105073611934 10.657616667067986 0.29099340738792373 0.17433205033603877 2.343342704961979 
0.04852838649570935 0.47397105073611934 10.657616667067986 0.29099340738792373 0.17433205033603877 2.343342704961979 
0.04852838649570935 0.47397105073611934 10.657616667067986 0.29099340738792373 0.17433205033603877 2.343342704961979 
0.04852838649570935 0.47397105073611934 10.657616667067986 0.29099340738792373 0.17433205033603877 2.343342704961979 
0.04852838649570935 0.47397105073611934 10.657616667067986 0.29099340738792373 0.17433205033603877 2.343342704961979 
0.04852838649570935 0.47397105073611934 10.657616667067986 0.29099340738792373 0.17433205033603877 2.343342704961979 
0.048824694686208564 0.44256829916778617 10.556709723973539 0.30508561459393774 0.18908917412256604 2.222204753683125 
0.048824694686208564 0.44256829916778617 10.556709723973539 0.30508561459393774 0.18908917412256604 2.222204753683125 
0.048824694686208564 0.44256829916778617 10.556709723973539 0.30508561459393774 0.18908917412256604 2.222204753683125 
0.048824694686208564 0.44256829916778617 10.556709723973539 0.30508561459393774 0.18908917412256604 2.222204753683125 
0.048824694686208564 0.44256829916778617 10.556709723973539 0.30508561459393774 0.18908917412256604 2.222204753683125 
0.048479866011684275 0.42462841517716077 9.31014173607413 0.39706480794061877 0.17015003314435007 1.967752616104714 
0.05161806161419516 0.37890996352025796 9.511000288649182 0.4383627897915409 0.16988007937937627 1.825581760951853 
0.05256299049465166 0.3642742956143381 9.575188040900903 0.431690062378988 0.16705142194191483 1.8259557215717115 
0.05531226684587437 0.39790703067530087 7.348503856957988 0.4107395400719713 0.14162736622543023 1.1538428927628996 
0.05168361475074125 0.48502726921966954 6.073673366064516 0.4353759412604799 0.14514144778635574 0.870028302862533 
0.05168361475074125 0.48502726921966954 6.073673366064516 0.4353759412604799 0.14514144778635574 0.870028302862533 
0.052097224696560966 0.47778187525736704 6.25223895739099 0.44427450007651365 0.1451344515686122 0.9061037301562068 
0.057985076997300315 0.410130135870801 7.150411089980466 0.5010576452084625 0.14958287079117566 1.709827978623341 
0.057985076997300315 0.410130135870801 7.150411089980466 0.5010576452084625 0.14958287079117566 1.709827978623341 
0.057985076997300315 0.410130135870801 7.150411089980466 0.5010576452084625 0.14958287079117566 1.709827978623341 
0.05815580965616181 0.4114035693277208 7.160877403565087 0.49973602721232235 0.15004288239370187 1.7106464495544038 
0.06070704707837925 0.5126834865743571 6.244594805643612 0.39401979049433006 0.14509680783652232 2.11354358907094 
0.06070704707837925 0.5126834865743571 6.244594805643612 0.39401979049433006 0.14509680783652232 2.11354358907094 
0.06636434483859378 0.5455112934890478 6.061680554807396 0.6006254226300485 0.21336046590950333 1.9702600198941753 
0.06636434483859378 0.5455112934890478 6.061680554807396 0.6006254226300485 0.21336046590950333 1.9702600198941753 
0.06636434483859378 0.5455112934890478 6.061680554807396 0.6006254226300485 0.21336046590950333 1.9702600198941753 
0.06636434483859378 0.5455112934890478 6.061680554807396 0.6006254226300485 0.21336046590950333 1.9702600198941753 
0.06636434483859378 0.5455112934890478 6.061680554807396 0.6006254226300485 0.21336046590950333 1.9702600198941753 
0.06636434483859378 0.5455112934890478 6.061680554807396 0.6006254226300485 0.21336046590950333 1.9702600198941753 
0.051077812976816905 0.20643841613053926 11.707400465410789 0.24563902920046926 0.16375322887293553 1.585087867496674 
0.051077812976816905 0.20643841613053926 11.707400465410789 0.24563902920046926 0.16375322887293553 1.585087867496674 
0.051077812976816905 0.20643841613053926 11.707400465410789 0.24563902920046926 0.16375322887293553 1.585087867496674 
0.051077812976816905 0.20643841613053926 11.707400465410789 0.24563902920046926 0.16375322887293553 1.585087867496674 
0.051077812976816905 0.20643841613053926 11.707400465410789 0.24563902920046926 0.16375322887293553 1.585087867496674 
0.051077812976816905 0.20643841613053926 11.707400465410789 0.24563902920046926 0.16375322887293553 1.585087867496674 
0.051077812976816905 0.20643841613053926 11.707400465410789 0.24563902920046926 0.16375322887293553 1.585087867496674 
0.051077812976816905 0.20643841613053926 11.707400465410789 0.24563902920046926 0.16375322887293553 1.585087867496674 
0.051077812976816905 0.20643841613053926 11.707400465410789 0.24563902920046926 0.16375322887293553 1.585087867496674 
0.051077812976816905 0.20643841613053926 11.707400465410789 0.24563902920046926 0.16375322887293553 1.585087867496674 
0.051077812976816905 0.20643841613053926 11.707400465410789 0.24563902920046926 0.16375322887293553 1.585087867496674 
0.051077812976816905 0.20643841613053926 11.707400465410789 0.24563902920046926 0.16375322887293553 1.585087867496674 
0.051077812976816905 0.20643841613053926 11.707400465410789 0.24563902920046926 0.16375322887293553 1.585087867496674 
0.051077812976816905 0.20643841613053926 11.707400465410789 0.24563902920046926 0.16375322887293553 1.585087867496674 
0.051077812976816905 0.20643841613053926 11.707400465410789 0.24563902920046926 0.16375322887293553 1.585087867496674 
0.051077812976816905 0.20643841613053926 11.707400465410789 0.24563902920046926 0.16375322887293553 1.585087867496674 
0.051077812976816905 0.20643841613053926 11.707400465410789 0.24563902920046926 0.16375322887293553 1.585087867496674 
0.051077812976816905 0.20643841613053926 11.707400465410789 0.24563902920046926 0.16375322887293553 1.585087867496674 
0.051077812976816905 0.20643841613053926 11.707400465410789 0.24563902920046926 0.16375322887293553 1.585087867496674 
0.051077812976816905 0.20643841613053926 11.707400465410789 0.24563902920046926 0.16375322887293553 1.585087867496674 
0.051077812976816905 0.20643841613053926 11.707400465410789 0.24563902920046926 0.16375322887293553 1.585087867496674 
0.051077812976816905 0.20643841613053926 11.707400465410789 0.24563902920046926 0.16375322887293553 1.585087867496674 
0.051077812976816905 0.20643841613053926 11.707400465410789 0.24563902920046926 0.16375322887293553 1.585087867496674 
0.051077812976816905 0.20643841613053926 11.707400465410789 0.24563902920046926 0.16375322887293553 1.585087867496674 
0.05110913040401682 0.20620738069843905 11.711806441751865 0.24512604049093395 0.16387875227722531 1.5844228646337533 
0.05110913040401682 0.20620738069843905 11.711806441751865 0.24512604049093395 0.16387875227722531 1.5844228646337533 
0.05110913040401682 0.20620738069843905 11.711806441751865 0.24512604049093395 0.16387875227722531 1.5844228646337533 
0.05110913040401682 0.20620738069843905 11.711806441751865 0.24512604049093395 0.16387875227722531 1.5844228646337533 
0.05110913040401682 0.20620738069843905 11.711806441751865 0.24512604049093395 0.16387875227722531 1.5844228646337533 
0.05110913040401682 0.20620738069843905 11.711806441751865 0.24512604049093395 0.16387875227722531 1.5844228646337533 
0.049353526063970754 0.19151103594822713 11.101657966236717 0.2453376564909703 0.17075498090580127 1.43790819987361 
0.049580535854796576 0.19465496077197258 11.069907853269935 0.24573839434563477 0.17065312808047936 1.4416040360429994 
0.049580535854796576 0.19465496077197258 11.069907853269935 0.24573839434563477 0.17065312808047936 1.4416040360429994 
0.04977762193906883 0.1972351791256626 11.028227330621618 0.24613238685490677 0.17059068719099243 1.4335612212369493 
0.04977762193906883 0.1972351791256626 11.028227330621618 0.24613238685490677 0.17059068719099243 1.4335612212369493 
0.04977762193906883 0.1972351791256626 11.028227330621618 0.24613238685490677 0.17059068719099243 1.4335612212369493 
0.04977762193906883 0.1972351791256626 11.028227330621618 0.24613238685490677 0.17059068719099243 1.4335612212369493 
0.04711993492001909 0.21406752867810547 11.008614956608335 0.2581162914554402 0.16543030712642426 1.4350007837770762 
0.04711993492001909 0.21406752867810547 11.008614956608335 0.2581162914554402 0.16543030712642426 1.4350007837770762 
0.04711993492001909 0.21406752867810547 11.008614956608335 0.2581162914554402 0.16543030712642426 1.4350007837770762 
0.04711993492001909 0.21406752867810547 11.008614956608335 0.2581162914554402 0.16543030712642426 1.4350007837770762 
0.04711993492001909 0.21406752867810547 11.008614956608335 0.2581162914554402 0.16543030712642426 1.4350007837770762 
0.04711993492001909 0.21406752867810547 11.008614956608335 0.2581162914554402 0.16543030712642426 1.4350007837770762 
0.04711993492001909 0.21406752867810547 11.008614956608335 0.2581162914554402 0.16543030712642426 1.4350007837770762 
0.04711993492001909 0.21406752867810547 11.008614956608335 0.2581162914554402 0.16543030712642426 1.4350007837770762 
0.04410181156436979 0.20890789362067852 11.323204159606831 0.2563694821922567 0.17046412419676316 1.3471639134363618 
0.04410181156436979 0.20890789362067852 11.323204159606831 0.2563694821922567 0.17046412419676316 1.3471639134363618 
0.04410181156436979 0.20890789362067852 11.323204159606831 0.2563694821922567 0.17046412419676316 1.3471639134363618 
0.04410181156436979 0.20890789362067852 11.323204159606831 0.2563694821922567 0.17046412419676316 1.3471639134363618 
0.04528084967768831 0.22126706681086916 11.180157690400675 0.2557582359226643 0.16845525904887712 1.3851945827408025 
0.04627774223832519 0.22549109338065876 11.0897847494656 0.2587089880006529 0.1657696918172488 1.4194798213550641 
0.04627774223832519 0.22549109338065876 11.0897847494656 0.2587089880006529 0.1657696918172488 1.4194798213550641 
0.04627774223832519 0.22549109338065876 11.0897847494656 0.2587089880006529 0.1657696918172488 1.4194798213550641 
0.04627774223832519 0.22549109338065876 11.0897847494656 0.2587089880006529 0.1657696918172488 1.4194798213550641 
0.04627774223832519 0.22549109338065876 11.0897847494656 0.2587089880006529 0.1657696918172488 1.4194798213550641 
0.04627774223832519 0.22549109338065876 11.0897847494656 0.2587089880006529 0.1657696918172488 1.4194798213550641 
0.04627774223832519 0.22549109338065876 11.0897847494656 0.2587089880006529 0.1657696918172488 1.4194798213550641 
0.04627774223832519 0.22549109338065876 11.0897847494656 0.2587089880006529 0.1657696918172488 1.4194798213550641 
0.04627774223832519 0.22549109338065876 11.0897847494656 0.2587089880006529 0.1657696918172488 1.4194798213550641 
0.04487043946230232 0.19673228249077118 11.746353800432951 0.2558963707473758 0.16577921944902066 1.4983461507363853 
0.04487043946230232 0.19673228249077118 11.746353800432951 0.2558963707473758 0.16577921944902066 1.4983461507363853 
0.04487043946230232 0.19673228249077118 11.746353800432951 0.2558963707473758 0.16577921944902066 1.4983461507363853 
0.05160930401271429 0.22748267274373607 10.970020860737261 0.32238640628422593 0.16999523256639928 1.4243450394424944 
0.05160930401271429 0.22748267274373607 10.970020860737261 0.32238640628422593 0.16999523256639928 1.4243450394424944 
0.05160930401271429 0.22748267274373607 10.970020860737261 0.32238640628422593 0.16999523256639928 1.4243450394424944 
0.05160930401271429 0.22748267274373607 10.970020860737261 0.32238640628422593 0.16999523256639928 1.4243450394424944 
0.05160930401271429 0.22748267274373607 10.970020860737261 0.32238640628422593 0.16999523256639928 1.4243450394424944 
0.05645910784294168 0.2823476814694659 10.261391374374982 0.3136745285705238 0.15580654998283855 1.5299713684830092 
0.056420148671292324 0.28589618458241517 10.176316315899529 0.3152566123989533 0.15571894337495798 1.5119530595730726 
0.056420148671292324 0.28589618458241517 10.176316315899529 0.3152566123989533 0.15571894337495798 1.5119530595730726 
0.055005553168786546 0.29514183679100514 9.978069193511914 0.3146048210451716 0.15662297898440608 1.5145975107386827 
0.05503199566757178 0.2955286806405214 9.970079803828419 0.3145190975372287 0.15668662424430457 1.5158131663347159 
0.059089048651798724 0.3036714619895408 10.631548743743304 0.2967496835297966 0.14993385921404231 2.0138385201537035 
0.059089048651798724 0.3036714619895408 10.631548743743304 0.2967496835297966 0.14993385921404231 2.0138385201537035 
0.05219161278511307 0.2319510343621564 11.965289700989356 0.29318981843270864 0.1785117917237571 1.9332851724748714 
0.054071063817622916 0.2792995042511361 10.929067637165584 0.31970067063529234 0.1663237522328853 1.8265299421768155 
0.054071063817622916 0.2792995042511361 10.929067637165584 0.31970067063529234 0.1663237522328853 1.8265299421768155 
0.054071063817622916 0.2792995042511361 10.929067637165584 0.31970067063529234 0.1663237522328853 1.8265299421768155 
0.043503483523598625 0.24370595879695162 11.503929793298951 0.35064975738214593 0.14423619474549737 2.1740362131539595 
0.043503483523598625 0.24370595879695162 11.503929793298951 0.35064975738214593 0.14423619474549737 2.1740362131539595 
0.043503483523598625 0.24370595879695162 11.503929793298951 0.35064975738214593 0.14423619474549737 2.1740362131539595 
0.043503483523598625 0.24370595879695162 11.503929793298951 0.35064975738214593 0.14423619474549737 2.1740362131539595 
0.043503483523598625 0.24370595879695162 11.503929793298951 0.35064975738214593 0.14423619474549737 2.1740362131539595 
0.05713962598829757 0.32300849452473895 9.631408479540427 0.4031256922764274 0.17060658435907977 1.836989887673248 
0.061293853522720106 0.3530548719643143 8.861959044552352 0.4209125383066752 0.17992632649970938 2.04158772394746 
0.061293853522720106 0.3530548719643143 8.861959044552352 0.4209125383066752 0.17992632649970938 2.04158772394746 
0.061293853522720106 0.3530548719643143 8.861959044552352 0.4209125383066752 0.17992632649970938 2.04158772394746 
0.05585208850114472 0.33040394727236283 8.835450296404568 0.3916146566065323 0.18389252718184307 1.7994594826067205 
0.05684171513671333 0.3372301247191839 8.624893076773022 0.40056010137213727 0.18606704087083548 1.8504781290733718 
0.05684171513671333 0.3372301247191839 8.624893076773022 0.40056010137213727 0.18606704087083548 1.8504781290733718 
0.06325684962534565 0.3861818718140192 7.128423190558843 0.4270913910235389 0.20645782997995973 2.180459564418907 
0.06325684962534565 0.3861818718140192 7.128423190558843 0.4270913910235389 0.20645782997995973 2.180459564418907 
0.06325684962534565 0.3861818718140192 7.128423190558843 0.4270913910235389 0.20645782997995973 2.180459564418907 
0.06739035256425721 0.39991413341185844 6.745282366854426 0.4634268232410868 0.21372190381392306 2.2301666176652777 
0.06739035256425721 0.39991413341185844 6.745282366854426 0.4634268232410868 0.21372190381392306 2.2301666176652777 
0.06739035256425721 0.39991413341185844 6.745282366854426 0.4634268232410868 0.21372190381392306 2.2301666176652777 
0.06535998222908423 0.3971973493106415 6.829224087400792 0.4692614996442734 0.20436038817623378 2.057640521138061 
0.06835528840874013 0.3655961250859857 6.871386625843296 0.4638274276249229 0.20903134178715754 2.192001960472461 
0.06835528840874013 0.3655961250859857 6.871386625843296 0.4638274276249229 0.20903134178715754 2.192001960472461 
0.06835528840874013 0.3655961250859857 6.871386625843296 0.4638274276249229 0.20903134178715754 2.192001960472461 
0.06795612723153541 0.36556018010681457 6.840069836669196 0.4650201265377231 0.2100853207067165 2.216837641786488 
0.06673873549337697 0.36788775558801057 6.784909433495435 0.4776397389233878 0.21793983587125343 2.2407948071858943 
0.06721503906311281 0.3684114989399251 6.722039054615945 0.47820492060168784 0.22294295682302037 2.271669395904035 
0.06721503906311281 0.3684114989399251 6.722039054615945 0.47820492060168784 0.22294295682302037 2.271669395904035 
0.06721503906311281 0.3684114989399251 6.722039054615945 0.47820492060168784 0.22294295682302037 2.271669395904035 
0.06721503906311281 0.3684114989399251 6.722039054615945 0.47820492060168784 0.22294295682302037 2.271669395904035 
0.06721503906311281 0.3684114989399251 6.722039054615945 0.47820492060168784 0.22294295682302037 2.271669395904035 
0.06721503906311281 0.3684114989399251 6.722039054615945 0.47820492060168784 0.22294295682302037 2.271669395904035 
0.0617381083423883 0.4100121966792303 6.822108705194242 0.43638145727839434 0.22215139060214234 2.0664514371440452 
0.061620978585870054 0.42107036025117917 6.597138305519606 0.44814342384524664 0.22857412953021697 2.1091827904382754 
0.061620978585870054 0.42107036025117917 6.597138305519606 0.44814342384524664 0.22857412953021697 2.1091827904382754 
0.06235262367584461 0.4229506530777709 6.505681187623145 0.45204886269804534 0.22975979306645625 2.110171674681839 
0.05840700292609871 0.40677459991026926 7.453970033932443 0.41740175033317584 0.21567860473885186 2.1024915623088596 
0.05840700292609871 0.40677459991026926 7.453970033932443 0.41740175033317584 0.21567860473885186 2.1024915623088596 
0.05840700292609871 0.40677459991026926 7.453970033932443 0.41740175033317584 0.21567860473885186 2.1024915623088596 
0.05840700292609871 0.40677459991026926 7.453970033932443 0.41740175033317584 0.21567860473885186 2.1024915623088596 
0.05840700292609871 0.40677459991026926 7.453970033932443 0.41740175033317584 0.21567860473885186 2.1024915623088596 
0.054330393117111186 0.41720753502673347 7.491418326022746 0.3977871818704126 0.21678003812416868 2.130348849509483 
0.054330393117111186 0.41720753502673347 7.491418326022746 0.3977871818704126 0.21678003812416868 2.130348849509483 
0.05406085756019144 0.41757506462103333 7.498184728958706 0.39800426427773394 0.21458305893202367 2.0992153957048605 
0.05406085756019144 0.41757506462103333 7.498184728958706 0.39800426427773394 0.21458305893202367 2.0992153957048605 
0.05406085756019144 0.41757506462103333 7.498184728958706 0.39800426427773394 0.21458305893202367 2.0992153957048605 
0.05271606937196244 0.4204631289667773 7.3702477983514125 0.40720487857918486 0.21742014282723457 2.154814033054728 
0.05271606937196244 0.4204631289667773 7.3702477983514125 0.40720487857918486 0.21742014282723457 2.154814033054728 
0.05272008314648359 0.42021632829746813 7.37475498432044 0.40702543211527575 0.21738715514438597 2.15485918820596 
0.05308822172582514 0.40707063905997815 7.455823334859764 0.3821309704079271 0.22564120941573057 2.1604142645704063 
0.05308822172582514 0.40707063905997815 7.455823334859764 0.3821309704079271 0.22564120941573057 2.1604142645704063 
0.05308822172582514 0.40707063905997815 7.455823334859764 0.3821309704079271 0.22564120941573057 2.1604142645704063 
0.05308822172582514 0.40707063905997815 7.455823334859764 0.3821309704079271 0.22564120941573057 2.1604142645704063 
0.05308822172582514 0.40707063905997815 7.455823334859764 0.3821309704079271 0.22564120941573057 2.1604142645704063 
0.05308822172582514 0.40707063905997815 7.455823334859764 0.3821309704079271 0.22564120941573057 2.1604142645704063 
0.05308822172582514 0.40707063905997815 7.455823334859764 0.3821309704079271 0.22564120941573057 2.1604142645704063 
0.05374245916114567 0.4128585159126838 7.407030000433625 0.38272153007118753 0.22256032177658774 2.1179066218805946 
0.05374245916114567 0.4128585159126838 7.407030000433625 0.38272153007118753 0.22256032177658774 2.1179066218805946 
0.05374245916114567 0.4128585159126838 7.407030000433625 0.38272153007118753 0.22256032177658774 2.1179066218805946 
0.05154567513249194 0.42149531965885917 7.346136827799481 0.36951104525804507 0.2291572524087089 2.2668476544640894 
0.05154567513249194 0.42149531965885917 7.346136827799481 0.36951104525804507 0.2291572524087089 2.2668476544640894 
0.05154567513249194 0.42149531965885917 7.346136827799481 0.36951104525804507 0.2291572524087089 2.2668476544640894 
0.05154567513249194 0.42149531965885917 7.346136827799481 0.36951104525804507 0.2291572524087089 2.2668476544640894 
0.05163905712297994 0.42079128231372037 7.350359419666342 0.3693431311290963 0.22931640046636118 2.2725354827070734 
0.05163905712297994 0.42079128231372037 7.350359419666342 0.3693431311290963 0.22931640046636118 2.2725354827070734 
0.0478965174935875 0.4450454411676481 7.83423522295709 0.3118123241697505 0.20393404893137704 1.558263227534417 
0.03664448306135836 0.44853990034420954 7.6050231724392665 0.32368495676479747 0.1928157107978175 1.7391086858886995 
0.03664448306135836 0.44853990034420954 7.6050231724392665 0.32368495676479747 0.1928157107978175 1.7391086858886995 
0.03664448306135836 0.44853990034420954 7.6050231724392665 0.32368495676479747 0.1928157107978175 1.7391086858886995 
0.03664448306135836 0.44853990034420954 7.6050231724392665 0.32368495676479747 0.1928157107978175 1.7391086858886995 
0.03664448306135836 0.44853990034420954 7.6050231724392665 0.32368495676479747 0.1928157107978175 1.7391086858886995 
0.03648299182516188 0.437862294720822 7.568441442322669 0.3317251946621786 0.20513763207041097 1.7871950030675936 
0.03586511086767831 0.43780669640290537 7.576323531714502 0.3325085273326587 0.20654316666236588 1.7825759945483655 
0.035825615301345655 0.43965896252889364 7.552233682735525 0.33344644621410585 0.20751463913673462 1.7892787989178494 
0.035825615301345655 0.43965896252889364 7.552233682735525 0.33344644621410585 0.20751463913673462 1.7892787989178494 
0.035825615301345655 0.43965896252889364 7.552233682735525 0.33344644621410585 0.20751463913673462 1.7892787989178494 
0.035825615301345655 0.43965896252889364 7.552233682735525 0.33344644621410585 0.20751463913673462 1.7892787989178494 
0.04010715589662747 0.43653621429193307 7.629375364472075 0.33086283570564623 0.20058972734639385 1.701558675270612 
0.04010715589662747 0.43653621429193307 7.629375364472075 0.33086283570564623 0.20058972734639385 1.701558675270612 
0.04010715589662747 0.43653621429193307 7.629375364472075 0.33086283570564623 0.20058972734639385 1.701558675270612 
0.04010715589662747 0.43653621429193307 7.629375364472075 0.33086283570564623 0.20058972734639385 1.701558675270612 
0.04010715589662747 0.43653621429193307 7.629375364472075 0.33086283570564623 0.20058972734639385 1.701558675270612 
0.04010715589662747 0.43653621429193307 7.629375364472075 0.33086283570564623 0.20058972734639385 1.701558675270612 
0.04010715589662747 0.43653621429193307 7.629375364472075 0.33086283570564623 0.20058972734639385 1.701558675270612 
0.04010715589662747 0.43653621429193307 7.629375364472075 0.33086283570564623 0.20058972734639385 1.701558675270612 
0.04010715589662747 0.43653621429193307 7.629375364472075 0.33086283570564623 0.20058972734639385 1.701558675270612 
0.043920754973973374 0.38037914604903933 8.12573099627151 0.29948263794810365 0.19822686534233386 1.9251300718433355 
0.043920754973973374 0.38037914604903933 8.12573099627151 0.29948263794810365 0.19822686534233386 1.9251300718433355 
0.04491313855671787 0.3756609155925685 8.125888426339248 0.30329672449674977 0.19606872712687656 1.7934729833351368 
0.051591254585820964 0.3396329803209452 8.80475764856181 0.2919767742196061 0.20402533807480075 1.7060019188391347 
0.051591254585820964 0.3396329803209452 8.80475764856181 0.2919767742196061 0.20402533807480075 1.7060019188391347 
0.05174634833723129 0.3588410181157689 8.497188484441512 0.2917662483393866 0.20570408770700413 1.8331937878239382 
0.05174634833723129 0.3588410181157689 8.497188484441512 0.2917662483393866 0.20570408770700413 1.8331937878239382 
0.05077865669625469 0.35454985104155834 8.203744865065417 0.29672685728563003 0.2234716339699297 1.9035384815600531 
0.05068479017255854 0.3601345939721943 8.042423199887494 0.2991123840952442 0.22455180442973527 1.9206977696599845 
0.05068479017255854 0.3601345939721943 8.042423199887494 0.2991123840952442 0.22455180442973527 1.9206977696599845 
0.05218277654150369 0.3615872824380982 8.004344671573767 0.30820282104493973 0.21942657773454985 1.9109774378223134 
0.05218277654150369 0.3615872824380982 8.004344671573767 0.30820282104493973 0.21942657773454985 1.9109774378223134 
0.05218277654150369 0.3615872824380982 8.004344671573767 0.30820282104493973 0.21942657773454985 1.9109774378223134 
0.05218277654150369 0.3615872824380982 8.004344671573767 0.30820282104493973 0.21942657773454985 1.9109774378223134 
0.05218277654150369 0.3615872824380982 8.004344671573767 0.30820282104493973 0.21942657773454985 1.9109774378223134 
0.053677775989723966 0.383919724142252 7.780747350626463 0.31648584445888356 0.21077679573709868 1.7654053946591168 
0.053549666939265675 0.37889923090227684 7.810256961916124 0.3189593878910023 0.21451827705173038 1.7762346141225926 
0.053549666939265675 0.37889923090227684 7.810256961916124 0.3189593878910023 0.21451827705173038 1.7762346141225926 
0.04604629292152981 0.36923630786509876 7.7168042146757605 0.28473626758854587 0.21228191386074885 1.9969362303637663 
0.045567016560761404 0.36646992878097706 7.939502177529091 0.2831789992619157 0.2113356685102256 1.9444115510951887 
0.045567016560761404 0.36646992878097706 7.939502177529091 0.2831789992619157 0.2113356685102256 1.9444115510951887 
0.04575423431966186 0.3593196293435953 7.9730116322392455 0.278865828858283 0.21148762023813256 1.9967749301456614 
0.04575423431966186 0.3593196293435953 7.9730116322392455 0.278865828858283 0.21148762023813256 1.9967749301456614 
0.04575423431966186 0.3593196293435953 7.9730116322392455 0.278865828858283 0.21148762023813256 1.9967749301456614 
0.04575423431966186 0.3593196293435953 7.9730116322392455 0.278865828858283 0.21148762023813256 1.9967749301456614 
0.04657930320073772 0.3455663595048222 7.895113444536177 0.28234684887682954 0.2106719874134049 1.9609212237534943 
0.039582036876802645 0.31190435967792896 8.401242579088366 0.2541903876740331 0.21019561191478095 1.8562057705907922 
0.039582036876802645 0.31190435967792896 8.401242579088366 0.2541903876740331 0.21019561191478095 1.8562057705907922 
0.03977008988540551 0.3138345843298709 8.3849341842449 0.2542687552420762 0.21020831741187362 1.8495554175669149 
0.03977008988540551 0.3138345843298709 8.3849341842449 0.2542687552420762 0.21020831741187362 1.8495554175669149 
0.03977008988540551 0.3138345843298709 8.3849341842449 0.2542687552420762 0.21020831741187362 1.8495554175669149 
0.03903637462337041 0.3121557871259017 8.40725917495102 0.25276652507840214 0.21303664458438043 1.8632805946546886 
0.03903637462337041 0.3121557871259017 8.40725917495102 0.25276652507840214 0.21303664458438043 1.8632805946546886 
0.03903637462337041 0.3121557871259017 8.40725917495102 0.25276652507840214 0.21303664458438043 1.8632805946546886 
0.04103310641935666 0.32334585071972344 8.355527032781177 0.254314892699473 0.21141081741946854 1.8123467411526197 
0.04103310641935666 0.32334585071972344 8.355527032781177 0.254314892699473 0.21141081741946854 1.8123467411526197 
0.04103310641935666 0.32334585071972344 8.355527032781177 0.254314892699473 0.21141081741946854 1.8123467411526197 
0.04103310641935666 0.32334585071972344 8.355527032781177 0.254314892699473 0.21141081741946854 1.8123467411526197 
0.038947382193204275 0.2966146550829026 8.547230276279993 0.25425293609645516 0.22636952892784884 1.7714612050093328 
0.038947382193204275 0.2966146550829026 8.547230276279993 0.25425293609645516 0.22636952892784884 1.7714612050093328 
0.03593194586050023 0.2839297715398479 8.610451182723457 0.24930996009452092 0.22561202611849757 1.8865921919264204 
0.03587621704743719 0.28356188105907976 8.6131447891757 0.24916688635170525 0.22567511018770517 1.888581674487048 
0.03587621704743719 0.28356188105907976 8.6131447891757 0.24916688635170525 0.22567511018770517 1.888581674487048 
0.03587621704743719 0.28356188105907976 8.6131447891757 0.24916688635170525 0.22567511018770517 1.888581674487048 
0.03587621704743719 0.28356188105907976 8.6131447891757 0.24916688635170525 0.22567511018770517 1.888581674487048 
0.03587621704743719 0.28356188105907976 8.6131447891757 0.24916688635170525 0.22567511018770517 1.888581674487048 
0.03587621704743719 0.28356188105907976 8.6131447891757 0.24916688635170525 0.22567511018770517 1.888581674487048 
0.034841773505068147 0.33260430830523036 8.175109070214654 0.29221314009333144 0.2059933160405309 1.6425940233053888 
0.034841773505068147 0.33260430830523036 8.175109070214654 0.29221314009333144 0.2059933160405309 1.6425940233053888 
0.034841773505068147 0.33260430830523036 8.175109070214654 0.29221314009333144 0.2059933160405309 1.6425940233053888 
0.03438104156415501 0.3573174516951464 8.087126025462915 0.2922390926817011 0.20508728829757403 1.6166559420007125 
0.03555649758021826 0.2942673123539562 8.311595375384744 0.2921728803716297 0.2073988184230264 1.6828312404926995 
0.02981534341721713 0.2588617208386199 8.546779374802606 0.29310032618856485 0.21049295519095743 1.6393054382446264 
0.02981534341721713 0.2588617208386199 8.546779374802606 0.29310032618856485 0.21049295519095743 1.6393054382446264 
0.04724338416251838 0.3307438870889363 8.240595657863185 0.2893970700709368 0.1983680905911607 1.5736352951122952 
0.04661463019817858 0.3171421480559564 8.303118110516577 0.288232788151888 0.19792153320772446 1.5911037196990192 
0.0460524349036404 0.37247173960412105 8.221919526764175 0.27486947567618164 0.17396250770193702 1.4842288252383682 
0.04581220324419728 0.3744084925598696 8.288887828968937 0.27401360591722485 0.17270931730593483 1.525615085492265 
0.040204063720957736 0.35211063100584644 8.219523990523633 0.2664549044560532 0.16775321381553576 1.675753851052944 
0.03620542392310088 0.3498954329944341 8.33251551912425 0.2417037843293386 0.17964664863519192 1.7438867822161759 
0.03620542392310088 0.3498954329944341 8.33251551912425 0.2417037843293386 0.17964664863519192 1.7438867822161759 
0.035139454737812575 0.33628131318782994 8.38378387962572 0.241370229470066 0.17895872573337532 1.722874078052806 
0.035139454737812575 0.33628131318782994 8.38378387962572 0.241370229470066 0.17895872573337532 1.722874078052806 
0.033381903992404684 0.37887220337847405 8.430111929573286 0.2585702123754423 0.1798779197716412 1.8159862666935975 
0.033381903992404684 0.37887220337847405 8.430111929573286 0.2585702123754423 0.1798779197716412 1.8159862666935975 
0.03244744936577157 0.3734150509814068 8.465297288353899 0.2589721007068824 0.1800103803819285 1.8426231440504113 
0.03244744936577157 0.3734150509814068 8.465297288353899 0.2589721007068824 0.1800103803819285 1.8426231440504113 
0.03244744936577157 0.3734150509814068 8.465297288353899 0.2589721007068824 0.1800103803819285 1.8426231440504113 
0.03244744936577157 0.3734150509814068 8.465297288353899 0.2589721007068824 0.1800103803819285 1.8426231440504113 
0.030225028726345627 0.36691117957671965 8.611737612836535 0.24758078980225076 0.18912237649604968 1.8082990265013197 
0.030225028726345627 0.36691117957671965 8.611737612836535 0.24758078980225076 0.18912237649604968 1.8082990265013197 
0.030225028726345627 0.36691117957671965 8.611737612836535 0.24758078980225076 0.18912237649604968 1.8082990265013197 
0.030430146802530884 0.37258649591107673 8.537614499707711 0.24965079484407782 0.1881706362626984 1.7809275530095232 
0.030430146802530884 0.37258649591107673 8.537614499707711 0.24965079484407782 0.1881706362626984 1.7809275530095232 
0.031179385445957827 0.380736254992391 8.417817258190333 0.2502789905744338 0.18677706135747799 1.7249765109451316 
0.031179385445957827 0.380736254992391 8.417817258190333 0.2502789905744338 0.18677706135747799 1.7249765109451316 
0.031179385445957827 0.380736254992391 8.417817258190333 0.2502789905744338 0.18677706135747799 1.7249765109451316 
0.031179385445957827 0.380736254992391 8.417817258190333 0.2502789905744338 0.18677706135747799 1.7249765109451316 
0.031179385445957827 0.380736254992391 8.417817258190333 0.2502789905744338 0.18677706135747799 1.7249765109451316 
0.03283898594860232 0.3891571756119093 8.673533545041684 0.25111448894953703 0.1936882911817543 1.7206599662063649 
0.03283898594860232 0.3891571756119093 8.673533545041684 0.25111448894953703 0.1936882911817543 1.7206599662063649 
0.03521597068084328 0.3907561199541553 8.655955938747907 0.2507044803851023 0.19273120228601587 1.728009362177739 
0.03718062594343143 0.4623768398757788 7.791926212129168 0.24136340385251667 0.17044129892811669 1.7577812472298793 
0.03718062594343143 0.4623768398757788 7.791926212129168 0.24136340385251667 0.17044129892811669 1.7577812472298793 
0.03718062594343143 0.4623768398757788 7.791926212129168 0.24136340385251667 0.17044129892811669 1.7577812472298793 
0.03718062594343143 0.4623768398757788 7.791926212129168 0.24136340385251667 0.17044129892811669 1.7577812472298793 
0.03718062594343143 0.4623768398757788 7.791926212129168 0.24136340385251667 0.17044129892811669 1.7577812472298793 
0.0388568261240711 0.4566654301930668 7.781118172004514 0.25748425958496074 0.17350661396334066 1.7635409775142215 
0.03956970512412937 0.44634920592820143 7.707966557424156 0.24069815244755377 0.18927521998539748 1.894221515171717 
0.0455627391538138 0.4457259850021648 7.740659867057966 0.25553976583434634 0.19099827113813636 1.7820025146464937 
0.0455627391538138 0.4457259850021648 7.740659867057966 0.25553976583434634 0.19099827113813636 1.7820025146464937 
0.04634318774198281 0.444113767231486 7.741429309360146 0.25561517720468935 0.19108406422445914 1.7690499046548709 
0.04634318774198281 0.444113767231486 7.741429309360146 0.25561517720468935 0.19108406422445914 1.7690499046548709 
0.04771812793714558 0.43199193582644746 7.920851322556784 0.25595995029827584 0.19043421114847198 1.7592590365133218 
0.04771812793714558 0.43199193582644746 7.920851322556784 0.25595995029827584 0.19043421114847198 1.7592590365133218 
0.050652394760844426 0.3617144163326559 8.207915958403259 0.24105915088373253 0.16980230527793724 2.2288919664221183 
0.050652394760844426 0.3617144163326559 8.207915958403259 0.24105915088373253 0.16980230527793724 2.2288919664221183 
0.050652394760844426 0.3617144163326559 8.207915958403259 0.24105915088373253 0.16980230527793724 2.2288919664221183 
0.050652394760844426 0.3617144163326559 8.207915958403259 0.24105915088373253 0.16980230527793724 2.2288919664221183 
0.050652394760844426 0.3617144163326559 8.207915958403259 0.24105915088373253 0.16980230527793724 2.2288919664221183 
0.050652394760844426 0.3617144163326559 8.207915958403259 0.24105915088373253 0.16980230527793724 2.2288919664221183 
0.050652394760844426 0.3617144163326559 8.207915958403259 0.24105915088373253 0.16980230527793724 2.2288919664221183 
0.050652394760844426 0.3617144163326559 8.207915958403259 0.24105915088373253 0.16980230527793724 2.2288919664221183 
0.050652394760844426 0.3617144163326559 8.207915958403259 0.24105915088373253 0.16980230527793724 2.2288919664221183 
0.050652394760844426 0.3617144163326559 8.207915958403259 0.24105915088373253 0.16980230527793724 2.2288919664221183 
0.050652394760844426 0.3617144163326559 8.207915958403259 0.24105915088373253 0.16980230527793724 2.2288919664221183 
0.050652394760844426 0.3617144163326559 8.207915958403259 0.24105915088373253 0.16980230527793724 2.2288919664221183 
0.050652394760844426 0.3617144163326559 8.207915958403259 0.24105915088373253 0.16980230527793724 2.2288919664221183 
0.050652394760844426 0.3617144163326559 8.207915958403259 0.24105915088373253 0.16980230527793724 2.2288919664221183 
0.050652394760844426 0.3617144163326559 8.207915958403259 0.24105915088373253 0.16980230527793724 2.2288919664221183 
0.050652394760844426 0.3617144163326559 8.207915958403259 0.24105915088373253 0.16980230527793724 2.2288919664221183 
0.050652394760844426 0.3617144163326559 8.207915958403259 0.24105915088373253 0.16980230527793724 2.2288919664221183 
0.05066434393897565 0.3622575501381261 8.207995974467233 0.24122096534770968 0.170099815436138 2.2277160839448245 
0.05066434393897565 0.3622575501381261 8.207995974467233 0.24122096534770968 0.170099815436138 2.2277160839448245 
0.05066434393897565 0.3622575501381261 8.207995974467233 0.24122096534770968 0.170099815436138 2.2277160839448245 
0.05066434393897565 0.3622575501381261 8.207995974467233 0.24122096534770968 0.170099815436138 2.2277160839448245 
0.05066434393897565 0.3622575501381261 8.207995974467233 0.24122096534770968 0.170099815436138 2.2277160839448245 
0.05066434393897565 0.3622575501381261 8.207995974467233 0.24122096534770968 0.170099815436138 2.2277160839448245 
0.05066434393897565 0.3622575501381261 8.207995974467233 0.24122096534770968 0.170099815436138 2.2277160839448245 
0.05066434393897565 0.3622575501381261 8.207995974467233 0.24122096534770968 0.170099815436138 2.2277160839448245 
0.05066434393897565 0.3622575501381261 8.207995974467233 0.24122096534770968 0.170099815436138 2.2277160839448245 
0.05066434393897565 0.3622575501381261 8.207995974467233 0.24122096534770968 0.170099815436138 2.2277160839448245 
0.05066434393897565 0.3622575501381261 8.207995974467233 0.24122096534770968 0.170099815436138 2.2277160839448245 
0.05066434393897565 0.3622575501381261 8.207995974467233 0.24122096534770968 0.170099815436138 2.2277160839448245 
0.05066434393897565 0.3622575501381261 8.207995974467233 0.24122096534770968 0.170099815436138 2.2277160839448245 
0.05066434393897565 0.3622575501381261 8.207995974467233 0.24122096534770968 0.170099815436138 2.2277160839448245 
0.05066434393897565 0.3622575501381261 8.207995974467233 0.24122096534770968 0.170099815436138 2.2277160839448245 
0.05066434393897565 0.3622575501381261 8.207995974467233 0.24122096534770968 0.170099815436138 2.2277160839448245 
0.05066434393897565 0.3622575501381261 8.207995974467233 0.24122096534770968 0.170099815436138 2.2277160839448245 
0.05066434393897565 0.3622575501381261 8.207995974467233 0.24122096534770968 0.170099815436138 2.2277160839448245 
0.05066434393897565 0.3622575501381261 8.207995974467233 0.24122096534770968 0.170099815436138 2.2277160839448245 
0.05066434393897565 0.3622575501381261 8.207995974467233 0.24122096534770968 0.170099815436138 2.2277160839448245 
0.05066434393897565 0.3622575501381261 8.207995974467233 0.24122096534770968 0.170099815436138 2.2277160839448245 
0.05066434393897565 0.3622575501381261 8.207995974467233 0.24122096534770968 0.170099815436138 2.2277160839448245 
0.04822293617946667 0.40939232310833085 7.731218447062049 0.28499918101412397 0.16609608783163668 1.855252856763701 
0.04248069914999515 0.4274242091501439 7.881691072894181 0.2724137753853761 0.16711668154857884 1.9246528935040752 
0.03314984957419566 0.40445645907104355 8.093832985329225 0.2729247773485316 0.1571926167823679 1.9213578856097333 
0.03314984957419566 0.40445645907104355 8.093832985329225 0.2729247773485316 0.1571926167823679 1.9213578856097333 
0.03314984957419566 0.40445645907104355 8.093832985329225 0.2729247773485316 0.1571926167823679 1.9213578856097333 
0.03314984957419566 0.40445645907104355 8.093832985329225 0.2729247773485316 0.1571926167823679 1.9213578856097333 
0.03314984957419566 0.40445645907104355 8.093832985329225 0.2729247773485316 0.1571926167823679 1.9213578856097333 
0.03314984957419566 0.40445645907104355 8.093832985329225 0.2729247773485316 0.1571926167823679 1.9213578856097333 
0.03978439250354132 0.40928705798840753 8.189470596349736 0.26893871933425906 0.16303090770401046 1.9366146312340846 
0.03978439250354132 0.40928705798840753 8.189470596349736 0.26893871933425906 0.16303090770401046 1.9366146312340846 
0.03978439250354132 0.40928705798840753 8.189470596349736 0.26893871933425906 0.16303090770401046 1.9366146312340846 
0.03978439250354132 0.40928705798840753 8.189470596349736 0.26893871933425906 0.16303090770401046 1.9366146312340846 
0.03978439250354132 0.40928705798840753 8.189470596349736 0.26893871933425906 0.16303090770401046 1.9366146312340846 
0.0328868994872318 0.4355397691642792 7.696731803502235 0.27521695947481994 0.1570395409948494 1.8946204655463157 
0.033103290353004404 0.4324671167242451 7.762757537664854 0.26116372917096725 0.15168504609479166 1.8799518630672551 
0.033103290353004404 0.4324671167242451 7.762757537664854 0.26116372917096725 0.15168504609479166 1.8799518630672551 
0.033103290353004404 0.4324671167242451 7.762757537664854 0.26116372917096725 0.15168504609479166 1.8799518630672551 
0.03342174283371331 0.43219029561612277 7.52699444731367 0.2626601436639852 0.1440733393123207 1.8836401910283262 
0.03342174283371331 0.43219029561612277 7.52699444731367 0.2626601436639852 0.1440733393123207 1.8836401910283262 
0.033349449294803046 0.4295861997510317 7.533070308569501 0.2622800827208768 0.144327692088017 1.8819936310307934 
0.03407338272480049 0.43229167061445484 7.5260311213239275 0.26442479560247606 0.14557865049444707 1.8767782376199889 
0.03407338272480049 0.43229167061445484 7.5260311213239275 0.26442479560247606 0.14557865049444707 1.8767782376199889 
0.03407338272480049 0.43229167061445484 7.5260311213239275 0.26442479560247606 0.14557865049444707 1.8767782376199889 
0.03407338272480049 0.43229167061445484 7.5260311213239275 0.26442479560247606 0.14557865049444707 1.8767782376199889 
0.033445093531415934 0.43148564670279077 7.520149414929403 0.26384247781455844 0.1438843881996363 1.871510383586768 
0.033445093531415934 0.43148564670279077 7.520149414929403 0.26384247781455844 0.1438843881996363 1.871510383586768 
0.033445093531415934 0.43148564670279077 7.520149414929403 0.26384247781455844 0.1438843881996363 1.871510383586768 
0.033445093531415934 0.43148564670279077 7.520149414929403 0.26384247781455844 0.1438843881996363 1.871510383586768 
0.033445093531415934 0.43148564670279077 7.520149414929403 0.26384247781455844 0.1438843881996363 1.871510383586768 
0.03416276676185515 0.4379984789175966 7.546072390408289 0.2692584938117864 0.140908440691325 1.7907481174528421 
0.03416276676185515 0.4379984789175966 7.546072390408289 0.2692584938117864 0.140908440691325 1.7907481174528421 
0.03416276676185515 0.4379984789175966 7.546072390408289 0.2692584938117864 0.140908440691325 1.7907481174528421 
0.03563905130612981 0.4482878091147304 7.5039836994035864 0.2705337584272491 0.13804983722324154 1.6890158316879014 
0.03563905130612981 0.4482878091147304 7.5039836994035864 0.2705337584272491 0.13804983722324154 1.6890158316879014 
0.03563905130612981 0.4482878091147304 7.5039836994035864 0.2705337584272491 0.13804983722324154 1.6890158316879014 
0.03563905130612981 0.4482878091147304 7.5039836994035864 0.2705337584272491 0.13804983722324154 1.6890158316879014 
0.03563905130612981 0.4482878091147304 7.5039836994035864 0.2705337584272491 0.13804983722324154 1.6890158316879014 
0.03718750477654173 0.44238985728888186 7.328371293720039 0.24387354316126283 0.14995010534868924 1.9142254173857847 
0.03718750477654173 0.44238985728888186 7.328371293720039 0.24387354316126283 0.14995010534868924 1.9142254173857847 
0.03718750477654173 0.44238985728888186 7.328371293720039 0.24387354316126283 0.14995010534868924 1.9142254173857847 
0.03718750477654173 0.44238985728888186 7.328371293720039 0.24387354316126283 0.14995010534868924 1.9142254173857847 
0.03718750477654173 0.44238985728888186 7.328371293720039 0.24387354316126283 0.14995010534868924 1.9142254173857847 
0.03718750477654173 0.44238985728888186 7.328371293720039 0.24387354316126283 0.14995010534868924 1.9142254173857847 
0.03718750477654173 0.44238985728888186 7.328371293720039 0.24387354316126283 0.14995010534868924 1.9142254173857847 
0.03786558348490623 0.4440095105886365 7.333992577792909 0.24428533419464968 0.14893538077826043 1.8914567804812983 
0.038477783896324766 0.4418016932438147 7.320118260729556 0.24360847314561054 0.14991930297538125 1.91880993498692 
0.042221899448344535 0.4398124513919216 7.487242842327117 0.24486255451806832 0.1512190931325735 1.9404130336615444 
0.042221899448344535 0.4398124513919216 7.487242842327117 0.24486255451806832 0.1512190931325735 1.9404130336615444 
0.042221899448344535 0.4398124513919216 7.487242842327117 0.24486255451806832 0.1512190931325735 1.9404130336615444 
0.042221899448344535 0.4398124513919216 7.487242842327117 0.24486255451806832 0.1512190931325735 1.9404130336615444 
0.042221899448344535 0.4398124513919216 7.487242842327117 0.24486255451806832 0.1512190931325735 1.9404130336615444 
0.042221899448344535 0.4398124513919216 7.487242842327117 0.24486255451806832 0.1512190931325735 1.9404130336615444 
0.042283687164530244 0.44320136993260184 7.4742376610220385 0.24624091340586318 0.15051050842214828 1.9363425806157304 
0.042283687164530244 0.44320136993260184 7.4742376610220385 0.24624091340586318 0.15051050842214828 1.9363425806157304 
0.042283687164530244 0.44320136993260184 7.4742376610220385 0.24624091340586318 0.15051050842214828 1.9363425806157304 
0.042283687164530244 0.44320136993260184 7.4742376610220385 0.24624091340586318 0.15051050842214828 1.9363425806157304 
0.042283687164530244 0.44320136993260184 7.4742376610220385 0.24624091340586318 0.15051050842214828 1.9363425806157304 
0.042283687164530244 0.44320136993260184 7.4742376610220385 0.24624091340586318 0.15051050842214828 1.9363425806157304 
0.042283687164530244 0.44320136993260184 7.4742376610220385 0.24624091340586318 0.15051050842214828 1.9363425806157304 
0.042283687164530244 0.44320136993260184 7.4742376610220385 0.24624091340586318 0.15051050842214828 1.9363425806157304 
0.042283687164530244 0.44320136993260184 7.4742376610220385 0.24624091340586318 0.15051050842214828 1.9363425806157304 
0.04296810956190992 0.44522093903886023 7.466680947244079 0.24821064509240093 0.15224987714533644 1.9475682720416625 
0.04296810956190992 0.44522093903886023 7.466680947244079 0.24821064509240093 0.15224987714533644 1.9475682720416625 
0.04296810956190992 0.44522093903886023 7.466680947244079 0.24821064509240093 0.15224987714533644 1.9475682720416625 
0.04296810956190992 0.44522093903886023 7.466680947244079 0.24821064509240093 0.15224987714533644 1.9475682720416625 
0.04296810956190992 0.44522093903886023 7.466680947244079 0.24821064509240093 0.15224987714533644 1.9475682720416625 
0.04296810956190992 0.44522093903886023 7.466680947244079 0.24821064509240093 0.15224987714533644 1.9475682720416625 
0.03386992534734664 0.48312504689497554 7.006343004580584 0.24422208580402743 0.14802344847100649 1.9751399448702536 
0.03386992534734664 0.48312504689497554 7.006343004580584 0.24422208580402743 0.14802344847100649 1.9751399448702536 
0.03386992534734664 0.48312504689497554 7.006343004580584 0.24422208580402743 0.14802344847100649 1.9751399448702536 
0.03386992534734664 0.48312504689497554 7.006343004580584 0.24422208580402743 0.14802344847100649 1.9751399448702536 
0.03386992534734664 0.48312504689497554 7.006343004580584 0.24422208580402743 0.14802344847100649 1.9751399448702536 
0.03386992534734664 0.48312504689497554 7.006343004580584 0.24422208580402743 0.14802344847100649 1.9751399448702536 
0.03386992534734664 0.48312504689497554 7.006343004580584 0.24422208580402743 0.14802344847100649 1.9751399448702536 
0.03381272628345079 0.48374248392860486 6.99427476873615 0.24188930726281432 0.14829700791291567 1.9864617142122847 
0.03381272628345079 0.48374248392860486 6.99427476873615 0.24188930726281432 0.14829700791291567 1.9864617142122847 
0.03381272628345079 0.48374248392860486 6.99427476873615 0.24188930726281432 0.14829700791291567 1.9864617142122847 
0.04326805724796678 0.4913054188838504 6.816956781449008 0.28695385561884346 0.13021161882070184 2.062546973476316 
0.04280461922466766 0.49087699301397536 6.807611579058453 0.2869481691386256 0.12841172038571894 2.0805141133181024 
0.04280461922466766 0.49087699301397536 6.807611579058453 0.2869481691386256 0.12841172038571894 2.0805141133181024 
0.04295240605746497 0.49099460039496784 6.805235626059167 0.28701959413121286 0.12836841840698227 2.07956439677759 
0.04295240605746497 0.49099460039496784 6.805235626059167 0.28701959413121286 0.12836841840698227 2.07956439677759 
0.043328043278324034 0.49139852965670533 6.9176263354718515 0.2885756530171576 0.13602085264150618 1.9827411649297018 
0.04412219535313747 0.4902233701524357 6.95634726692592 0.2874054961274343 0.135176629868706 1.9531246263628377 
0.04412219535313747 0.4902233701524357 6.95634726692592 0.2874054961274343 0.135176629868706 1.9531246263628377 
0.04412219535313747 0.4902233701524357 6.95634726692592 0.2874054961274343 0.135176629868706 1.9531246263628377 
0.04412219535313747 0.4902233701524357 6.95634726692592 0.2874054961274343 0.135176629868706 1.9531246263628377 
0.04412219535313747 0.4902233701524357 6.95634726692592 0.2874054961274343 0.135176629868706 1.9531246263628377 
0.046662367719428555 0.4778152615556409 7.127167075631458 0.2812445371348451 0.14910116066712645 1.8893376745168269 
0.046662367719428555 0.4778152615556409 7.127167075631458 0.2812445371348451 0.14910116066712645 1.8893376745168269 
0.052515376239648734 0.4699487574219026 7.498588549960782 0.2736017289347793 0.17024476720449033 1.9289288268196219 
0.052515376239648734 0.4699487574219026 7.498588549960782 0.2736017289347793 0.17024476720449033 1.9289288268196219 
0.052515376239648734 0.4699487574219026 7.498588549960782 0.2736017289347793 0.17024476720449033 1.9289288268196219 
0.03314436980496339 0.47988615110693705 7.6051428639593 0.2924492566296558 0.18648596934119743 1.840546257598229 
0.03314436980496339 0.47988615110693705 7.6051428639593 0.2924492566296558 0.18648596934119743 1.840546257598229 
0.03314436980496339 0.47988615110693705 7.6051428639593 0.2924492566296558 0.18648596934119743 1.840546257598229 
0.032650446047884724 0.4840064101757864 7.551278356442628 0.29155794593086376 0.18561826880764484 1.8987417804699134 
0.032650446047884724 0.4840064101757864 7.551278356442628 0.29155794593086376 0.18561826880764484 1.8987417804699134 
0.032650446047884724 0.4840064101757864 7.551278356442628 0.29155794593086376 0.18561826880764484 1.8987417804699134 
0.028749006121752282 0.4818180766226638 7.569954074722269 0.2966579762207445 0.1892234900989493 1.990476575091201 
0.028749006121752282 0.4818180766226638 7.569954074722269 0.2966579762207445 0.1892234900989493 1.990476575091201 
0.03475856414490354 0.48231291965576084 7.551976677146454 0.2925948821759925 0.19128869052335945 1.9614157128348577 
0.03475856414490354 0.48231291965576084 7.551976677146454 0.2925948821759925 0.19128869052335945 1.9614157128348577 
0.03190619978647998 0.485266122974926 7.462793483595485 0.29811968379956566 0.1919788082420466 2.028111611421195 
0.031006794955055546 0.47948982052018746 7.513556107800389 0.2989565591758879 0.1907130162135038 2.119634085389535 
0.031006794955055546 0.47948982052018746 7.513556107800389 0.2989565591758879 0.1907130162135038 2.119634085389535 
0.031006794955055546 0.47948982052018746 7.513556107800389 0.2989565591758879 0.1907130162135038 2.119634085389535 
0.031006794955055546 0.47948982052018746 7.513556107800389 0.2989565591758879 0.1907130162135038 2.119634085389535 
0.031006794955055546 0.47948982052018746 7.513556107800389 0.2989565591758879 0.1907130162135038 2.119634085389535 
0.031006794955055546 0.47948982052018746 7.513556107800389 0.2989565591758879 0.1907130162135038 2.119634085389535 
0.031020350293612546 0.4826168464254438 7.474453144140833 0.29781647271871703 0.18953670856506036 2.1250391674224685 
0.031020350293612546 0.4826168464254438 7.474453144140833 0.29781647271871703 0.18953670856506036 2.1250391674224685 
0.031020350293612546 0.4826168464254438 7.474453144140833 0.29781647271871703 0.18953670856506036 2.1250391674224685 
0.031020350293612546 0.4826168464254438 7.474453144140833 0.29781647271871703 0.18953670856506036 2.1250391674224685 
0.031020350293612546 0.4826168464254438 7.474453144140833 0.29781647271871703 0.18953670856506036 2.1250391674224685 
0.031020350293612546 0.4826168464254438 7.474453144140833 0.29781647271871703 0.18953670856506036 2.1250391674224685 
0.035266406035334846 0.47156776472134826 7.511897721105865 0.29578625853768614 0.1899922586240177 2.041407659700707 
0.029833112552972208 0.4386595145393809 7.333744357379417 0.314540555734867 0.22554149820358443 2.01363426213922 
0.029833112552972208 0.4386595145393809 7.333744357379417 0.314540555734867 0.22554149820358443 2.01363426213922 
0.029833112552972208 0.4386595145393809 7.333744357379417 0.314540555734867 0.22554149820358443 2.01363426213922 
0.03376621601936503 0.43451793972771485 7.598690084353198 0.3031278165160244 0.215808588998517 1.9336350685673496 
0.03376621601936503 0.43451793972771485 7.598690084353198 0.3031278165160244 0.215808588998517 1.9336350685673496 
0.029816766493597564 0.4229889983711904 7.373151383197763 0.31823861023532524 0.22162096323327693 2.203991021108272 
0.029816766493597564 0.4229889983711904 7.373151383197763 0.31823861023532524 0.22162096323327693 2.203991021108272 
0.029816766493597564 0.4229889983711904 7.373151383197763 0.31823861023532524 0.22162096323327693 2.203991021108272 
0.029816766493597564 0.4229889983711904 7.373151383197763 0.31823861023532524 0.22162096323327693 2.203991021108272 
0.029816766493597564 0.4229889983711904 7.373151383197763 0.31823861023532524 0.22162096323327693 2.203991021108272 
0.029816766493597564 0.4229889983711904 7.373151383197763 0.31823861023532524 0.22162096323327693 2.203991021108272 
0.029816766493597564 0.4229889983711904 7.373151383197763 0.31823861023532524 0.22162096323327693 2.203991021108272 
0.03989016176280121 0.47565687092923153 7.198914245864482 0.2923156921757298 0.2188332993305364 2.043339516642852 
0.03989016176280121 0.47565687092923153 7.198914245864482 0.2923156921757298 0.2188332993305364 2.043339516642852 
0.041339876501429305 0.4780802997054481 7.222006036518023 0.2895052747712202 0.21384535467162868 1.9958078904668946 
0.04111114839259422 0.4625165140442538 7.1160550351032565 0.3029839967090737 0.20839257529794403 2.1254797003112094 
0.03314687111070621 0.4435487377304856 7.015101163470798 0.31867741987610454 0.2212970769649481 2.1790669281673245 
0.03314687111070621 0.4435487377304856 7.015101163470798 0.31867741987610454 0.2212970769649481 2.1790669281673245 
0.03314687111070621 0.4435487377304856 7.015101163470798 0.31867741987610454 0.2212970769649481 2.1790669281673245 
0.03314687111070621 0.4435487377304856 7.015101163470798 0.31867741987610454 0.2212970769649481 2.1790669281673245 
0.03314687111070621 0.4435487377304856 7.015101163470798 0.31867741987610454 0.2212970769649481 2.1790669281673245 
0.03314687111070621 0.4435487377304856 7.015101163470798 0.31867741987610454 0.2212970769649481 2.1790669281673245 
0.03314687111070621 0.4435487377304856 7.015101163470798 0.31867741987610454 0.2212970769649481 2.1790669281673245 
0.03314687111070621 0.4435487377304856 7.015101163470798 0.31867741987610454 0.2212970769649481 2.1790669281673245 
0.03314687111070621 0.4435487377304856 7.015101163470798 0.31867741987610454 0.2212970769649481 2.1790669281673245 
0.03255358210209272 0.44388658624733773 6.990985773995348 0.3188321282559938 0.22103993315400258 2.189805121872028 
0.03444459554547439 0.4363020834239517 7.203520872037966 0.3101060025358161 0.22041450096987542 2.073775980665851 
0.03444459554547439 0.4363020834239517 7.203520872037966 0.3101060025358161 0.22041450096987542 2.073775980665851 
0.036853567420243864 0.4727699499687786 7.419534265001267 0.2799979515022677 0.22525093028391516 1.8784388935606682 
0.036853567420243864 0.4727699499687786 7.419534265001267 0.2799979515022677 0.22525093028391516 1.8784388935606682 
0.036853567420243864 0.4727699499687786 7.419534265001267 0.2799979515022677 0.22525093028391516 1.8784388935606682 
0.036853567420243864 0.4727699499687786 7.419534265001267 0.2799979515022677 0.22525093028391516 1.8784388935606682 
0.036853567420243864 0.4727699499687786 7.419534265001267 0.2799979515022677 0.22525093028391516 1.8784388935606682 
0.037216410892167914 0.4672104183331103 7.436373200785235 0.279546985103472 0.22834187897691408 1.8568367292266326 
0.037216410892167914 0.4672104183331103 7.436373200785235 0.279546985103472 0.22834187897691408 1.8568367292266326 
0.037216410892167914 0.4672104183331103 7.436373200785235 0.279546985103472 0.22834187897691408 1.8568367292266326 
0.037216410892167914 0.4672104183331103 7.436373200785235 0.279546985103472 0.22834187897691408 1.8568367292266326 
0.037216410892167914 0.4672104183331103 7.436373200785235 0.279546985103472 0.22834187897691408 1.8568367292266326 
0.037216410892167914 0.4672104183331103 7.436373200785235 0.279546985103472 0.22834187897691408 1.8568367292266326 
0.037216410892167914 0.4672104183331103 7.436373200785235 0.279546985103472 0.22834187897691408 1.8568367292266326 
0.037216410892167914 0.4672104183331103 7.436373200785235 0.279546985103472 0.22834187897691408 1.8568367292266326 
0.037216410892167914 0.4672104183331103 7.436373200785235 0.279546985103472 0.22834187897691408 1.8568367292266326 
0.04021339491276017 0.46323719174585426 7.492682327344556 0.2782717942623757 0.2213385395460544 1.8382802520095416 
0.04021339491276017 0.46323719174585426 7.492682327344556 0.2782717942623757 0.2213385395460544 1.8382802520095416 
0.04021339491276017 0.46323719174585426 7.492682327344556 0.2782717942623757 0.2213385395460544 1.8382802520095416 
0.04021339491276017 0.46323719174585426 7.492682327344556 0.2782717942623757 0.2213385395460544 1.8382802520095416 
0.04021339491276017 0.46323719174585426 7.492682327344556 0.2782717942623757 0.2213385395460544 1.8382802520095416 
