0.058108082522880536 0.43825533022561325 9.521157941882798 0.4775111002150858 0.11390233308981396 1.6884917944542357 
0.051768482475146003 0.40158325483192064 8.711574686364518 0.52058483662554 0.12122878651955175 1.8137659016487557 
0.040121597543184215 0.38517394660514354 7.744940836017381 0.6926947504417924 0.1644959794420503 2.2186152096898963 
0.040121597543184215 0.38517394660514354 7.744940836017381 0.6926947504417924 0.1644959794420503 2.2186152096898963 
0.05757270169447302 0.2538038445181435 11.662416224255923 0.473153114200332 0.13086228542711792 1.551691836365422 
0.05784417097981798 0.25420137484276517 11.5791378402009 0.47617031595202863 0.12908281640304747 1.6018021207029327 
0.05784417097981798 0.25420137484276517 11.5791378402009 0.47617031595202863 0.12908281640304747 1.6018021207029327 
0.05784417097981798 0.25420137484276517 11.5791378402009 0.47617031595202863 0.12908281640304747 1.6018021207029327 
0.05784417097981798 0.25420137484276517 11.5791378402009 0.47617031595202863 0.12908281640304747 1.6018021207029327 
0.06044434767307071 0.23079602390747989 11.82309443265816 0.47548442249662876 0.1279969820838549 1.5740562135008338 
0.06044434767307071 0.23079602390747989 11.82309443265816 0.47548442249662876 0.1279969820838549 1.5740562135008338 
0.0706139323658459 0.24432485620428568 10.641267547632324 0.44568365018507966 0.1339645430403205 1.9290187062637374 
0.06971588257191452 0.2515840843419349 10.678046866004056 0.4390396476831414 0.13637579951214035 1.9276265074552545 
0.07481254416702354 0.21868933375864166 11.25533622689894 0.4891546728980669 0.1418145986378194 2.1219995537373224 
0.07481254416702354 0.21868933375864166 11.25533622689894 0.4891546728980669 0.1418145986378194 2.1219995537373224 
0.07481254416702354 0.21868933375864166 11.25533622689894 0.4891546728980669 0.1418145986378194 2.1219995537373224 
0.07481254416702354 0.21868933375864166 11.25533622689894 0.4891546728980669 0.1418145986378194 2.1219995537373224 
0.07481254416702354 0.21868933375864166 11.25533622689894 0.4891546728980669 0.1418145986378194 2.1219995537373224 
0.07481254416702354 0.21868933375864166 11.25533622689894 0.4891546728980669 0.1418145986378194 2.1219995537373224 
0.07481254416702354 0.21868933375864166 11.25533622689894 0.4891546728980669 0.1418145986378194 2.1219995537373224 
0.07481254416702354 0.21868933375864166 11.25533622689894 0.4891546728980669 0.1418145986378194 2.1219995537373224 
0.07481254416702354 0.21868933375864166 11.25533622689894 0.4891546728980669 0.1418145986378194 2.1219995537373224 
0.07481254416702354 0.21868933375864166 11.25533622689894 0.4891546728980669 0.1418145986378194 2.1219995537373224 
0.07269152769072032 0.21928468959961783 11.030884794020483 0.5032434903821388 0.14411034340681445 2.0365821603949366 
0.07269152769072032 0.21928468959961783 11.030884794020483 0.5032434903821388 0.14411034340681445 2.0365821603949366 
0.07431582156118856 0.2099037415472738 10.935226776238602 0.5198593717479081 0.14753676219631925 2.104764131884904 
0.07163314877783682 0.22958370332645978 10.363781304142437 0.5286629308637154 0.1491818847367402 2.094767491641883 
0.06919928610948275 0.23311687406538326 10.128446876251884 0.5203165246420631 0.14947651056443084 2.0744254316717297 
0.06919928610948275 0.23311687406538326 10.128446876251884 0.5203165246420631 0.14947651056443084 2.0744254316717297 
0.06056399259038041 0.20460917732117775 11.52368739862763 0.4660382215851408 0.09952042953357569 1.9350514941183097 
0.060198610887171225 0.20167368942245031 11.72720876158429 0.45316542365524265 0.09681713059235048 1.9710498177400573 
0.060198610887171225 0.20167368942245031 11.72720876158429 0.45316542365524265 0.09681713059235048 1.9710498177400573 
0.060198610887171225 0.20167368942245031 11.72720876158429 0.45316542365524265 0.09681713059235048 1.9710498177400573 
0.060198610887171225 0.20167368942245031 11.72720876158429 0.45316542365524265 0.09681713059235048 1.9710498177400573 
0.060198610887171225 0.20167368942245031 11.72720876158429 0.45316542365524265 0.09681713059235048 1.9710498177400573 
0.060198610887171225 0.20167368942245031 11.72720876158429 0.45316542365524265 0.09681713059235048 1.9710498177400573 
0.060198610887171225 0.20167368942245031 11.72720876158429 0.45316542365524265 0.09681713059235048 1.9710498177400573 
0.06131025503609605 0.1851578249534365 11.984501353082296 0.4274191526726322 0.08179971686455287 2.052696653016937 
0.06131025503609605 0.1851578249534365 11.984501353082296 0.4274191526726322 0.08179971686455287 2.052696653016937 
0.06131025503609605 0.1851578249534365 11.984501353082296 0.4274191526726322 0.08179971686455287 2.052696653016937 
0.05872058263924949 0.1978537822581952 11.282877310874323 0.4592950503424897 0.10810327283887941 2.028745631406312 
0.05872058263924949 0.1978537822581952 11.282877310874323 0.4592950503424897 0.10810327283887941 2.028745631406312 
0.057532471853253685 0.21267917704571826 11.069400195739314 0.46891277205029636 0.10744938173013532 1.9849144610602678 
0.057532471853253685 0.21267917704571826 11.069400195739314 0.46891277205029636 0.10744938173013532 1.9849144610602678 
0.057532471853253685 0.21267917704571826 11.069400195739314 0.46891277205029636 0.10744938173013532 1.9849144610602678 
0.057532471853253685 0.21267917704571826 11.069400195739314 0.46891277205029636 0.10744938173013532 1.9849144610602678 
0.057532471853253685 0.21267917704571826 11.069400195739314 0.46891277205029636 0.10744938173013532 1.9849144610602678 
0.057532471853253685 0.21267917704571826 11.069400195739314 0.46891277205029636 0.10744938173013532 1.9849144610602678 
0.057532471853253685 0.21267917704571826 11.069400195739314 0.46891277205029636 0.10744938173013532 1.9849144610602678 
0.057532471853253685 0.21267917704571826 11.069400195739314 0.46891277205029636 0.10744938173013532 1.9849144610602678 
0.057532471853253685 0.21267917704571826 11.069400195739314 0.46891277205029636 0.10744938173013532 1.9849144610602678 
0.056203266961554824 0.20506697889082803 10.707658049698349 0.5102362311133154 0.09943919561774496 2.1997325099448477 
0.056203266961554824 0.20506697889082803 10.707658049698349 0.5102362311133154 0.09943919561774496 2.1997325099448477 
0.056203266961554824 0.20506697889082803 10.707658049698349 0.5102362311133154 0.09943919561774496 2.1997325099448477 
0.056203266961554824 0.20506697889082803 10.707658049698349 0.5102362311133154 0.09943919561774496 2.1997325099448477 
0.056203266961554824 0.20506697889082803 10.707658049698349 0.5102362311133154 0.09943919561774496 2.1997325099448477 
0.056203266961554824 0.20506697889082803 10.707658049698349 0.5102362311133154 0.09943919561774496 2.1997325099448477 
0.056203266961554824 0.20506697889082803 10.707658049698349 0.5102362311133154 0.09943919561774496 2.1997325099448477 
0.05570191788887015 0.2041845796436569 10.78478118792743 0.5027956386088523 0.0987751845301669 2.2430232481875376 
0.05569154366376701 0.22968183900348182 10.366109038279049 0.5027479678807987 0.10542365768286803 2.2383659297040284 
0.05569154366376701 0.22968183900348182 10.366109038279049 0.5027479678807987 0.10542365768286803 2.2383659297040284 
0.05569154366376701 0.22968183900348182 10.366109038279049 0.5027479678807987 0.10542365768286803 2.2383659297040284 
0.05569154366376701 0.22968183900348182 10.366109038279049 0.5027479678807987 0.10542365768286803 2.2383659297040284 
0.05569154366376701 0.22968183900348182 10.366109038279049 0.5027479678807987 0.10542365768286803 2.2383659297040284 
0.0565313690156532 0.2339045149341059 10.283204666019472 0.4953244360126255 0.10467514215815518 2.2436140385789574 
0.056788111708098096 0.23103009857803963 10.286851335460256 0.5003455387410061 0.1031532404136527 2.2704484272273726 
0.056788111708098096 0.23103009857803963 10.286851335460256 0.5003455387410061 0.1031532404136527 2.2704484272273726 
0.056788111708098096 0.23103009857803963 10.286851335460256 0.5003455387410061 0.1031532404136527 2.2704484272273726 
0.056788111708098096 0.23103009857803963 10.286851335460256 0.5003455387410061 0.1031532404136527 2.2704484272273726 
0.056788111708098096 0.23103009857803963 10.286851335460256 0.5003455387410061 0.1031532404136527 2.2704484272273726 
0.05714075015556992 0.23304154302816835 10.262177341028046 0.4950696292171997 0.10327819026985569 2.2506342782761064 
0.05714075015556992 0.23304154302816835 10.262177341028046 0.4950696292171997 0.10327819026985569 2.2506342782761064 
0.05714075015556992 0.23304154302816835 10.262177341028046 0.4950696292171997 0.10327819026985569 2.2506342782761064 
0.05563591304926562 0.24581015079071053 9.861517325267542 0.5104071021671158 0.10918517687324789 1.9956196238012724 
0.05563591304926562 0.24581015079071053 9.861517325267542 0.5104071021671158 0.10918517687324789 1.9956196238012724 
0.05563591304926562 0.24581015079071053 9.861517325267542 0.5104071021671158 0.10918517687324789 1.9956196238012724 
0.05563591304926562 0.24581015079071053 9.861517325267542 0.5104071021671158 0.10918517687324789 1.9956196238012724 
0.05563591304926562 0.24581015079071053 9.861517325267542 0.5104071021671158 0.10918517687324789 1.9956196238012724 
0.05892711658286369 0.32364367011374195 8.815583335976541 0.3993639120366082 0.13457709873130358 1.4147411820380726 
0.04786511982293783 0.349585077440637 8.258073567338998 0.36522968260484456 0.1441168185912889 1.647647902015421 
0.05942950048245089 0.38928298374844544 7.745312342931834 0.36380084338544316 0.14856942621974648 1.5625893060657277 
0.05942950048245089 0.38928298374844544 7.745312342931834 0.36380084338544316 0.14856942621974648 1.5625893060657277 
0.05942950048245089 0.38928298374844544 7.745312342931834 0.36380084338544316 0.14856942621974648 1.5625893060657277 
0.05942950048245089 0.38928298374844544 7.745312342931834 0.36380084338544316 0.14856942621974648 1.5625893060657277 
0.05942950048245089 0.38928298374844544 7.745312342931834 0.36380084338544316 0.14856942621974648 1.5625893060657277 
0.05942950048245089 0.38928298374844544 7.745312342931834 0.36380084338544316 0.14856942621974648 1.5625893060657277 
0.060994295025526876 0.40355456401415274 7.365000588883997 0.3716006424009154 0.152052513716103 1.5764021929882188 
0.060994295025526876 0.40355456401415274 7.365000588883997 0.3716006424009154 0.152052513716103 1.5764021929882188 
0.0790816696723517 0.39035809801213717 7.015577627201291 0.38720933366396476 0.18903871763314417 1.8351770990138583 
0.0790816696723517 0.39035809801213717 7.015577627201291 0.38720933366396476 0.18903871763314417 1.8351770990138583 
0.0790816696723517 0.39035809801213717 7.015577627201291 0.38720933366396476 0.18903871763314417 1.8351770990138583 
0.0790816696723517 0.39035809801213717 7.015577627201291 0.38720933366396476 0.18903871763314417 1.8351770990138583 
0.0790816696723517 0.39035809801213717 7.015577627201291 0.38720933366396476 0.18903871763314417 1.8351770990138583 
0.0790816696723517 0.39035809801213717 7.015577627201291 0.38720933366396476 0.18903871763314417 1.8351770990138583 
0.0790816696723517 0.39035809801213717 7.015577627201291 0.38720933366396476 0.18903871763314417 1.8351770990138583 
0.08081038859281216 0.404898805771932 6.551943003989509 0.40108501884150044 0.21552056343491116 1.695900788180699 
0.08081038859281216 0.404898805771932 6.551943003989509 0.40108501884150044 0.21552056343491116 1.695900788180699 
0.08081038859281216 0.404898805771932 6.551943003989509 0.40108501884150044 0.21552056343491116 1.695900788180699 
0.08081038859281216 0.404898805771932 6.551943003989509 0.40108501884150044 0.21552056343491116 1.695900788180699 
0.08081038859281216 0.404898805771932 6.551943003989509 0.40108501884150044 0.21552056343491116 1.695900788180699 
0.08088818734387251 0.4095661444093134 6.57847820241033 0.4075375932277447 0.2072374522633883 1.6545517074682201 
0.08088818734387251 0.4095661444093134 6.57847820241033 0.4075375932277447 0.2072374522633883 1.6545517074682201 
0.08227304646359615 0.40669390121086524 6.618097684107188 0.3845553188910716 0.20610086141972686 1.6736053361809322 
0.08227304646359615 0.40669390121086524 6.618097684107188 0.3845553188910716 0.20610086141972686 1.6736053361809322 
0.08253151307763315 0.39838401751039776 6.5873261617709815 0.36998911840156257 0.21802010477837197 1.7307523633368134 
0.08253151307763315 0.39838401751039776 6.5873261617709815 0.36998911840156257 0.21802010477837197 1.7307523633368134 
0.08239054085169746 0.3634337646945751 7.07286324928986 0.3913065875903596 0.2019073905582273 1.5057598205111051 
0.08239054085169746 0.3634337646945751 7.07286324928986 0.3913065875903596 0.2019073905582273 1.5057598205111051 
0.08239054085169746 0.3634337646945751 7.07286324928986 0.3913065875903596 0.2019073905582273 1.5057598205111051 
0.08239054085169746 0.3634337646945751 7.07286324928986 0.3913065875903596 0.2019073905582273 1.5057598205111051 
0.08256824658582969 0.32533733903950995 7.730212160253674 0.3441700205902817 0.16792225197635677 1.3434286838234677 
0.08256824658582969 0.32533733903950995 7.730212160253674 0.3441700205902817 0.16792225197635677 1.3434286838234677 
0.08256824658582969 0.32533733903950995 7.730212160253674 0.3441700205902817 0.16792225197635677 1.3434286838234677 
0.08256824658582969 0.32533733903950995 7.730212160253674 0.3441700205902817 0.16792225197635677 1.3434286838234677 
0.08256824658582969 0.32533733903950995 7.730212160253674 0.3441700205902817 0.16792225197635677 1.3434286838234677 
0.08256824658582969 0.32533733903950995 7.730212160253674 0.3441700205902817 0.16792225197635677 1.3434286838234677 
0.08256824658582969 0.32533733903950995 7.730212160253674 0.3441700205902817 0.16792225197635677 1.3434286838234677 
0.08256824658582969 0.32533733903950995 7.730212160253674 0.3441700205902817 0.16792225197635677 1.3434286838234677 
0.08256824658582969 0.32533733903950995 7.730212160253674 0.3441700205902817 0.16792225197635677 1.3434286838234677 
0.08256824658582969 0.32533733903950995 7.730212160253674 0.3441700205902817 0.16792225197635677 1.3434286838234677 
0.08256824658582969 0.32533733903950995 7.730212160253674 0.3441700205902817 0.16792225197635677 1.3434286838234677 
0.08213679669995452 0.37725994781835126 7.537589447223822 0.32680764186714856 0.14803978147937907 1.5131055964254818 
0.08213679669995452 0.37725994781835126 7.537589447223822 0.32680764186714856 0.14803978147937907 1.5131055964254818 
0.0832696883272731 0.4006507519994233 7.303350911415814 0.32619101680787066 0.140407361947513 1.4794041948495589 
0.0832696883272731 0.4006507519994233 7.303350911415814 0.32619101680787066 0.140407361947513 1.4794041948495589 
0.0832696883272731 0.4006507519994233 7.303350911415814 0.32619101680787066 0.140407361947513 1.4794041948495589 
0.0832696883272731 0.4006507519994233 7.303350911415814 0.32619101680787066 0.140407361947513 1.4794041948495589 
0.0832696883272731 0.4006507519994233 7.303350911415814 0.32619101680787066 0.140407361947513 1.4794041948495589 
0.0832696883272731 0.4006507519994233 7.303350911415814 0.32619101680787066 0.140407361947513 1.4794041948495589 
0.0832696883272731 0.4006507519994233 7.303350911415814 0.32619101680787066 0.140407361947513 1.4794041948495589 
0.08446484158542242 0.4030049934852804 7.290643150525671 0.3285563109947063 0.14167465779836735 1.452405554653037 
0.08446484158542242 0.4030049934852804 7.290643150525671 0.3285563109947063 0.14167465779836735 1.452405554653037 
0.08446484158542242 0.4030049934852804 7.290643150525671 0.3285563109947063 0.14167465779836735 1.452405554653037 
0.08446484158542242 0.4030049934852804 7.290643150525671 0.3285563109947063 0.14167465779836735 1.452405554653037 
0.08446484158542242 0.4030049934852804 7.290643150525671 0.3285563109947063 0.14167465779836735 1.452405554653037 
0.08446484158542242 0.4030049934852804 7.290643150525671 0.3285563109947063 0.14167465779836735 1.452405554653037 
0.08446484158542242 0.4030049934852804 7.290643150525671 0.3285563109947063 0.14167465779836735 1.452405554653037 
0.08446484158542242 0.4030049934852804 7.290643150525671 0.3285563109947063 0.14167465779836735 1.452405554653037 
0.08446484158542242 0.4030049934852804 7.290643150525671 0.3285563109947063 0.14167465779836735 1.452405554653037 
0.08492471367393839 0.4017792448114094 7.2967272501621325 0.32725711720115036 0.14016840953151977 1.4581185601759772 
0.08363924792093544 0.3968676792278491 7.373901210652402 0.32498901530604724 0.14451531628012781 1.419737605102279 
0.08363924792093544 0.3968676792278491 7.373901210652402 0.32498901530604724 0.14451531628012781 1.419737605102279 
0.08363924792093544 0.3968676792278491 7.373901210652402 0.32498901530604724 0.14451531628012781 1.419737605102279 
0.08363924792093544 0.3968676792278491 7.373901210652402 0.32498901530604724 0.14451531628012781 1.419737605102279 
0.08363924792093544 0.3968676792278491 7.373901210652402 0.32498901530604724 0.14451531628012781 1.419737605102279 
0.08363924792093544 0.3968676792278491 7.373901210652402 0.32498901530604724 0.14451531628012781 1.419737605102279 
0.08255530093584593 0.3914970870157657 7.4070005469335785 0.3351770735345844 0.14522473154686796 1.3956295348430163 
0.07749857077932613 0.41578043996117064 7.719564096002371 0.29396998919532985 0.18370465056064492 1.6739688910677113 
0.07749857077932613 0.41578043996117064 7.719564096002371 0.29396998919532985 0.18370465056064492 1.6739688910677113 
0.0795042988608848 0.45158417722331046 6.96032332530204 0.28128910196291607 0.16688591038684525 1.7732362731879157 
0.0795042988608848 0.45158417722331046 6.96032332530204 0.28128910196291607 0.16688591038684525 1.7732362731879157 
0.07978511307265293 0.44292038083211394 7.070379024425852 0.28303909166653174 0.16141969131267703 1.6632892005619584 
0.07978511307265293 0.44292038083211394 7.070379024425852 0.28303909166653174 0.16141969131267703 1.6632892005619584 
0.07978511307265293 0.44292038083211394 7.070379024425852 0.28303909166653174 0.16141969131267703 1.6632892005619584 
0.08258865782183167 0.44107285855642764 7.09031465801162 0.27954179020422665 0.16177953631970843 1.5924825642023952 
0.08258865782183167 0.44107285855642764 7.09031465801162 0.27954179020422665 0.16177953631970843 1.5924825642023952 
0.08208073756039899 0.4535227909837164 7.217561390634258 0.27779584356037995 0.16502834043884113 1.540444615168022 
0.08208073756039899 0.4535227909837164 7.217561390634258 0.27779584356037995 0.16502834043884113 1.540444615168022 
0.08208073756039899 0.4535227909837164 7.217561390634258 0.27779584356037995 0.16502834043884113 1.540444615168022 
0.08208073756039899 0.4535227909837164 7.217561390634258 0.27779584356037995 0.16502834043884113 1.540444615168022 
0.08208073756039899 0.4535227909837164 7.217561390634258 0.27779584356037995 0.16502834043884113 1.540444615168022 
0.08208073756039899 0.4535227909837164 7.217561390634258 0.27779584356037995 0.16502834043884113 1.540444615168022 
0.07906259874012013 0.4438421737713127 7.352375327755542 0.28539503221904494 0.162737715406453 1.5003035764509782 
0.07906259874012013 0.4438421737713127 7.352375327755542 0.28539503221904494 0.162737715406453 1.5003035764509782 
0.07906259874012013 0.4438421737713127 7.352375327755542 0.28539503221904494 0.162737715406453 1.5003035764509782 
0.07906259874012013 0.4438421737713127 7.352375327755542 0.28539503221904494 0.162737715406453 1.5003035764509782 
0.08544314344178115 0.43999185271000674 7.320358867915974 0.2612714955964893 0.1543495497969251 1.4070104400774792 
0.08544314344178115 0.43999185271000674 7.320358867915974 0.2612714955964893 0.1543495497969251 1.4070104400774792 
0.08544314344178115 0.43999185271000674 7.320358867915974 0.2612714955964893 0.1543495497969251 1.4070104400774792 
0.08544314344178115 0.43999185271000674 7.320358867915974 0.2612714955964893 0.1543495497969251 1.4070104400774792 
0.08544314344178115 0.43999185271000674 7.320358867915974 0.2612714955964893 0.1543495497969251 1.4070104400774792 
0.08544314344178115 0.43999185271000674 7.320358867915974 0.2612714955964893 0.1543495497969251 1.4070104400774792 
0.08544314344178115 0.43999185271000674 7.320358867915974 0.2612714955964893 0.1543495497969251 1.4070104400774792 
0.08544314344178115 0.43999185271000674 7.320358867915974 0.2612714955964893 0.1543495497969251 1.4070104400774792 
0.08544314344178115 0.43999185271000674 7.320358867915974 0.2612714955964893 0.1543495497969251 1.4070104400774792 
0.08544314344178115 0.43999185271000674 7.320358867915974 0.2612714955964893 0.1543495497969251 1.4070104400774792 
0.08544314344178115 0.43999185271000674 7.320358867915974 0.2612714955964893 0.1543495497969251 1.4070104400774792 
0.08087510609251589 0.4260791650090083 7.522346482527235 0.2600837152880135 0.1490018019312073 1.4477261977724796 
0.08087510609251589 0.4260791650090083 7.522346482527235 0.2600837152880135 0.1490018019312073 1.4477261977724796 
0.08087510609251589 0.4260791650090083 7.522346482527235 0.2600837152880135 0.1490018019312073 1.4477261977724796 
0.08087510609251589 0.4260791650090083 7.522346482527235 0.2600837152880135 0.1490018019312073 1.4477261977724796 
0.08087510609251589 0.4260791650090083 7.522346482527235 0.2600837152880135 0.1490018019312073 1.4477261977724796 
0.07976939216726375 0.4260883151221955 7.564903077998668 0.2600600046801855 0.14922482222981168 1.4643628155774215 
0.07976939216726375 0.4260883151221955 7.564903077998668 0.2600600046801855 0.14922482222981168 1.4643628155774215 
0.07976939216726375 0.4260883151221955 7.564903077998668 0.2600600046801855 0.14922482222981168 1.4643628155774215 
0.08316699218046994 0.4171686710021598 7.546229315692259 0.259516634423997 0.15511365044758954 1.3819136502219604 
0.08316699218046994 0.4171686710021598 7.546229315692259 0.259516634423997 0.15511365044758954 1.3819136502219604 
0.08316699218046994 0.4171686710021598 7.546229315692259 0.259516634423997 0.15511365044758954 1.3819136502219604 
0.08493134642166353 0.4076024760370305 7.536057317441207 0.2581501795653387 0.14902163254860834 1.423444976357035 
0.08493134642166353 0.4076024760370305 7.536057317441207 0.2581501795653387 0.14902163254860834 1.423444976357035 
0.08493134642166353 0.4076024760370305 7.536057317441207 0.2581501795653387 0.14902163254860834 1.423444976357035 
0.08493134642166353 0.4076024760370305 7.536057317441207 0.2581501795653387 0.14902163254860834 1.423444976357035 
0.08493134642166353 0.4076024760370305 7.536057317441207 0.2581501795653387 0.14902163254860834 1.423444976357035 
0.08493134642166353 0.4076024760370305 7.536057317441207 0.2581501795653387 0.14902163254860834 1.423444976357035 
0.08493134642166353 0.4076024760370305 7.536057317441207 0.2581501795653387 0.14902163254860834 1.423444976357035 
0.08493134642166353 0.4076024760370305 7.536057317441207 0.2581501795653387 0.14902163254860834 1.423444976357035 
0.08493134642166353 0.4076024760370305 7.536057317441207 0.2581501795653387 0.14902163254860834 1.423444976357035 
0.08493134642166353 0.4076024760370305 7.536057317441207 0.2581501795653387 0.14902163254860834 1.423444976357035 
0.08493134642166353 0.4076024760370305 7.536057317441207 0.2581501795653387 0.14902163254860834 1.423444976357035 
0.08493134642166353 0.4076024760370305 7.536057317441207 0.2581501795653387 0.14902163254860834 1.423444976357035 
0.075842738266326 0.4213414951810063 7.709513474986898 0.25774348564895216 0.1557108927295306 1.2947249169736355 
0.08021341510678112 0.44113569960098464 7.369344575314555 0.2611157080866515 0.15297678572779427 1.200100247938043 
0.0802082685798146 0.440897780092658 7.37128849858548 0.26096213167370885 0.1528324147948358 1.1986451155570919 
0.0802082685798146 0.440897780092658 7.37128849858548 0.26096213167370885 0.1528324147948358 1.1986451155570919 
0.0802082685798146 0.440897780092658 7.37128849858548 0.26096213167370885 0.1528324147948358 1.1986451155570919 
0.08276043441378118 0.4554689074726789 6.923112337713363 0.2551260655131656 0.17001540350726552 1.1561070627496908 
0.08346981052672864 0.45374896539313236 6.795956454030026 0.2559310357193954 0.1680471623186657 1.140878870983108 
0.08065423462104813 0.38915341497676526 7.973668878507773 0.2556864436936069 0.18531799561524295 1.2189118545423543 
0.08065423462104813 0.38915341497676526 7.973668878507773 0.2556864436936069 0.18531799561524295 1.2189118545423543 
0.08065423462104813 0.38915341497676526 7.973668878507773 0.2556864436936069 0.18531799561524295 1.2189118545423543 
0.08065423462104813 0.38915341497676526 7.973668878507773 0.2556864436936069 0.18531799561524295 1.2189118545423543 
0.08065423462104813 0.38915341497676526 7.973668878507773 0.2556864436936069 0.18531799561524295 1.2189118545423543 
0.08001995741828725 0.39393322201417 8.013661126632627 0.25851701316192677 0.1898019242828562 1.210347408871461 
0.0799954508675631 0.393453816503938 8.025084055573304 0.257064345917864 0.1903480411773012 1.2010012334228175 
0.0799954508675631 0.393453816503938 8.025084055573304 0.257064345917864 0.1903480411773012 1.2010012334228175 
0.0799954508675631 0.393453816503938 8.025084055573304 0.257064345917864 0.1903480411773012 1.2010012334228175 
0.0799954508675631 0.393453816503938 8.025084055573304 0.257064345917864 0.1903480411773012 1.2010012334228175 
0.0799954508675631 0.393453816503938 8.025084055573304 0.257064345917864 0.1903480411773012 1.2010012334228175 
0.0799954508675631 0.393453816503938 8.025084055573304 0.257064345917864 0.1903480411773012 1.2010012334228175 
0.08049915476381499 0.3935353804203264 8.012307449072422 0.25699424298306345 0.19140691162395546 1.1957922075096035 
0.08049915476381499 0.3935353804203264 8.012307449072422 0.25699424298306345 0.19140691162395546 1.1957922075096035 
0.0815220754380978 0.3820346866719967 8.053073004187205 0.2552604473900239 0.19345995041996356 1.2416256079344217 
0.0815220754380978 0.3820346866719967 8.053073004187205 0.2552604473900239 0.19345995041996356 1.2416256079344217 
0.0815220754380978 0.3820346866719967 8.053073004187205 0.2552604473900239 0.19345995041996356 1.2416256079344217 
0.0815220754380978 0.3820346866719967 8.053073004187205 0.2552604473900239 0.19345995041996356 1.2416256079344217 
0.0815220754380978 0.3820346866719967 8.053073004187205 0.2552604473900239 0.19345995041996356 1.2416256079344217 
0.08473736094760942 0.3636682839122446 8.24163693717625 0.24263060352194768 0.19780956837672303 1.246203311291175 
0.08473736094760942 0.3636682839122446 8.24163693717625 0.24263060352194768 0.19780956837672303 1.246203311291175 
0.08473736094760942 0.3636682839122446 8.24163693717625 0.24263060352194768 0.19780956837672303 1.246203311291175 
0.08473736094760942 0.3636682839122446 8.24163693717625 0.24263060352194768 0.19780956837672303 1.246203311291175 
0.08473736094760942 0.3636682839122446 8.24163693717625 0.24263060352194768 0.19780956837672303 1.246203311291175 
0.08473736094760942 0.3636682839122446 8.24163693717625 0.24263060352194768 0.19780956837672303 1.246203311291175 
0.08473736094760942 0.3636682839122446 8.24163693717625 0.24263060352194768 0.19780956837672303 1.246203311291175 
0.08204871802208918 0.36439895959178165 8.16454135898108 0.25057889577201986 0.1872958032002596 1.2656466545111955 
0.07025241267689529 0.3653696998379726 8.113335318338642 0.309500383701398 0.17708982681393284 1.401518559957151 
0.07024898925272231 0.3652819598793853 8.113276097278094 0.3094814993833725 0.17712350370953112 1.401789560124331 
0.07024898925272231 0.3652819598793853 8.113276097278094 0.3094814993833725 0.17712350370953112 1.401789560124331 
0.07024898925272231 0.3652819598793853 8.113276097278094 0.3094814993833725 0.17712350370953112 1.401789560124331 
0.07024898925272231 0.3652819598793853 8.113276097278094 0.3094814993833725 0.17712350370953112 1.401789560124331 
0.07024898925272231 0.3652819598793853 8.113276097278094 0.3094814993833725 0.17712350370953112 1.401789560124331 
0.07024898925272231 0.3652819598793853 8.113276097278094 0.3094814993833725 0.17712350370953112 1.401789560124331 
0.07524208328178558 0.29900691835020976 8.32596491097138 0.3214274805476273 0.2032508608292593 1.332079937223127 
0.07513022044605701 0.2967127845317342 8.327325955740127 0.3220319061026553 0.2031635043200397 1.324042194963372 
0.07539444480937246 0.2938030410124355 8.445242068829609 0.3214373707409867 0.2042055802249425 1.3218884413559684 
0.07539444480937246 0.2938030410124355 8.445242068829609 0.3214373707409867 0.2042055802249425 1.3218884413559684 
0.07539444480937246 0.2938030410124355 8.445242068829609 0.3214373707409867 0.2042055802249425 1.3218884413559684 
0.08121538156241133 0.26382334763069537 8.399403230602998 0.33298570667081134 0.20633806619449305 1.3871225086524637 
0.08121538156241133 0.26382334763069537 8.399403230602998 0.33298570667081134 0.20633806619449305 1.3871225086524637 
0.08121538156241133 0.26382334763069537 8.399403230602998 0.33298570667081134 0.20633806619449305 1.3871225086524637 
0.08121538156241133 0.26382334763069537 8.399403230602998 0.33298570667081134 0.20633806619449305 1.3871225086524637 
0.08121538156241133 0.26382334763069537 8.399403230602998 0.33298570667081134 0.20633806619449305 1.3871225086524637 
0.07639000573898885 0.3132786496206671 8.101304944264047 0.31393936206941975 0.18543332581257416 1.4051972619542932 
0.07639000573898885 0.3132786496206671 8.101304944264047 0.31393936206941975 0.18543332581257416 1.4051972619542932 
0.07107793504396458 0.35762490565805993 7.786772945579894 0.3179962020627527 0.1827773301519225 1.4411146268630235 
0.07107793504396458 0.35762490565805993 7.786772945579894 0.3179962020627527 0.1827773301519225 1.4411146268630235 
0.07979864343657024 0.2621802517413179 8.222970574960746 0.3590556823305164 0.2251946442312277 1.320419353678003 
0.06829974913839093 0.3203965982810427 7.961985706895357 0.3233284181747802 0.22399109789390298 1.45794290137062 
0.06829974913839093 0.3203965982810427 7.961985706895357 0.3233284181747802 0.22399109789390298 1.45794290137062 
0.0691072723103581 0.32050638024343603 7.977576839058086 0.3264860910452549 0.22596126616121953 1.488553997455793 
0.06727934882492023 0.3375530972920965 7.918102518666762 0.3209668184833317 0.21671255969281883 1.4884383562702181 
0.06727934882492023 0.3375530972920965 7.918102518666762 0.3209668184833317 0.21671255969281883 1.4884383562702181 
0.06296176799160923 0.26904746179255257 8.435972217100987 0.2636480751047845 0.2329431622849739 1.2045204855585516 
0.06083325770522693 0.3475401405380108 8.033332839587263 0.263993195256497 0.19550352030774937 1.235191517570978 
0.0642961304307583 0.38478435445368786 7.880146963967964 0.2607375773051101 0.1893438801225438 1.2917451935219069 
0.0642961304307583 0.38478435445368786 7.880146963967964 0.2607375773051101 0.1893438801225438 1.2917451935219069 
0.0642961304307583 0.38478435445368786 7.880146963967964 0.2607375773051101 0.1893438801225438 1.2917451935219069 
0.0642961304307583 0.38478435445368786 7.880146963967964 0.2607375773051101 0.1893438801225438 1.2917451935219069 
0.06544457250039586 0.3804443868206937 7.940386009079075 0.25362719682812945 0.1932437601786074 1.311559401735596 
0.0674497044716871 0.40365338504339693 7.6996666783454675 0.2709942461001853 0.18924948648028506 1.3812478275604918 
0.07161982219687815 0.3967766866070803 7.824198205928317 0.2583841185410119 0.19604318066470056 1.3469944165553154 
0.07105303303285987 0.36709964637668474 7.943920980669352 0.26051736444852047 0.2040174807562513 1.3150111036268377 
0.07105303303285987 0.36709964637668474 7.943920980669352 0.26051736444852047 0.2040174807562513 1.3150111036268377 
0.0672262351740413 0.33191754766407866 8.131941142670968 0.24393798593030294 0.2189002211690626 1.2550561365199673 
0.0680538344590442 0.3283705944366696 8.15340291497208 0.2404354275335076 0.21916885589178786 1.2435708987988983 
0.0680538344590442 0.3283705944366696 8.15340291497208 0.2404354275335076 0.21916885589178786 1.2435708987988983 
0.06947568647045604 0.30756990183270655 8.237198368266036 0.2403808854316008 0.2192397712491161 1.19729496360019 
0.06947568647045604 0.30756990183270655 8.237198368266036 0.2403808854316008 0.2192397712491161 1.19729496360019 
0.06947568647045604 0.30756990183270655 8.237198368266036 0.2403808854316008 0.2192397712491161 1.19729496360019 
0.06947568647045604 0.30756990183270655 8.237198368266036 0.2403808854316008 0.2192397712491161 1.19729496360019 
0.06947568647045604 0.30756990183270655 8.237198368266036 0.2403808854316008 0.2192397712491161 1.19729496360019 
0.06947568647045604 0.30756990183270655 8.237198368266036 0.2403808854316008 0.2192397712491161 1.19729496360019 
0.06947568647045604 0.30756990183270655 8.237198368266036 0.2403808854316008 0.2192397712491161 1.19729496360019 
0.06947568647045604 0.30756990183270655 8.237198368266036 0.2403808854316008 0.2192397712491161 1.19729496360019 
0.06947568647045604 0.30756990183270655 8.237198368266036 0.2403808854316008 0.2192397712491161 1.19729496360019 
0.0661588715871257 0.3388022139307545 8.331828572493695 0.24384784712964416 0.20705150990797316 1.1557925482075548 
0.0661588715871257 0.3388022139307545 8.331828572493695 0.24384784712964416 0.20705150990797316 1.1557925482075548 
0.0661588715871257 0.3388022139307545 8.331828572493695 0.24384784712964416 0.20705150990797316 1.1557925482075548 
0.0661588715871257 0.3388022139307545 8.331828572493695 0.24384784712964416 0.20705150990797316 1.1557925482075548 
0.0661588715871257 0.3388022139307545 8.331828572493695 0.24384784712964416 0.20705150990797316 1.1557925482075548 
0.06616131836129716 0.3385550121341485 8.32836888190433 0.24383119475830847 0.20707943099940893 1.1532904250958453 
0.05976724931781341 0.3950342830590131 8.128255080302171 0.2435292799211963 0.20787490523820307 1.4226934442051693 
0.05976724931781341 0.3950342830590131 8.128255080302171 0.2435292799211963 0.20787490523820307 1.4226934442051693 
0.05976724931781341 0.3950342830590131 8.128255080302171 0.2435292799211963 0.20787490523820307 1.4226934442051693 
0.060650772716080464 0.39360357857531675 8.122765608699634 0.2421199439871962 0.20729470888447712 1.4324871671218273 
0.060650772716080464 0.39360357857531675 8.122765608699634 0.2421199439871962 0.20729470888447712 1.4324871671218273 
0.060650772716080464 0.39360357857531675 8.122765608699634 0.2421199439871962 0.20729470888447712 1.4324871671218273 
0.060650772716080464 0.39360357857531675 8.122765608699634 0.2421199439871962 0.20729470888447712 1.4324871671218273 
0.05960909165479958 0.39974821239094027 8.180066644849349 0.24363537666114207 0.20896943911853227 1.4854195189734214 
0.07038388648411595 0.36646347467904133 8.44399246450875 0.2449587573627949 0.19707576533054655 1.1855478180899555 
0.0803944363005408 0.328852104159739 8.623807522599357 0.24521917200687174 0.2265582467704792 1.278745801522492 
0.0803944363005408 0.328852104159739 8.623807522599357 0.24521917200687174 0.2265582467704792 1.278745801522492 
0.0803944363005408 0.328852104159739 8.623807522599357 0.24521917200687174 0.2265582467704792 1.278745801522492 
0.0803944363005408 0.328852104159739 8.623807522599357 0.24521917200687174 0.2265582467704792 1.278745801522492 
0.0803944363005408 0.328852104159739 8.623807522599357 0.24521917200687174 0.2265582467704792 1.278745801522492 
0.0803944363005408 0.328852104159739 8.623807522599357 0.24521917200687174 0.2265582467704792 1.278745801522492 
0.0803944363005408 0.328852104159739 8.623807522599357 0.24521917200687174 0.2265582467704792 1.278745801522492 
0.0803944363005408 0.328852104159739 8.623807522599357 0.24521917200687174 0.2265582467704792 1.278745801522492 
0.0803944363005408 0.328852104159739 8.623807522599357 0.24521917200687174 0.2265582467704792 1.278745801522492 
0.07611973275983813 0.3709244619055376 8.218982437796933 0.2583395200473539 0.19949536777917715 1.5158212661146955 
0.07611973275983813 0.3709244619055376 8.218982437796933 0.2583395200473539 0.19949536777917715 1.5158212661146955 
0.07611973275983813 0.3709244619055376 8.218982437796933 0.2583395200473539 0.19949536777917715 1.5158212661146955 
0.07611973275983813 0.3709244619055376 8.218982437796933 0.2583395200473539 0.19949536777917715 1.5158212661146955 
0.07611973275983813 0.3709244619055376 8.218982437796933 0.2583395200473539 0.19949536777917715 1.5158212661146955 
0.08004679440625395 0.3546007534488169 8.218224831888515 0.2559423653325929 0.19473538098121296 1.4335714860954782 
0.08004679440625395 0.3546007534488169 8.218224831888515 0.2559423653325929 0.19473538098121296 1.4335714860954782 
0.08004679440625395 0.3546007534488169 8.218224831888515 0.2559423653325929 0.19473538098121296 1.4335714860954782 
0.08004679440625395 0.3546007534488169 8.218224831888515 0.2559423653325929 0.19473538098121296 1.4335714860954782 
0.08004679440625395 0.3546007534488169 8.218224831888515 0.2559423653325929 0.19473538098121296 1.4335714860954782 
0.08004679440625395 0.3546007534488169 8.218224831888515 0.2559423653325929 0.19473538098121296 1.4335714860954782 
0.08004679440625395 0.3546007534488169 8.218224831888515 0.2559423653325929 0.19473538098121296 1.4335714860954782 
0.08004679440625395 0.3546007534488169 8.218224831888515 0.2559423653325929 0.19473538098121296 1.4335714860954782 
0.08004679440625395 0.3546007534488169 8.218224831888515 0.2559423653325929 0.19473538098121296 1.4335714860954782 
0.07913007486800212 0.3442107862042604 8.170678897937343 0.25877611986076876 0.19640954078158826 1.3366050331015316 
0.07913007486800212 0.3442107862042604 8.170678897937343 0.25877611986076876 0.19640954078158826 1.3366050331015316 
0.07719870119528233 0.27357602375052026 8.51191770754268 0.2565318638972993 0.2089622213607894 1.4875311268665734 
0.07719870119528233 0.27357602375052026 8.51191770754268 0.2565318638972993 0.2089622213607894 1.4875311268665734 
0.07719870119528233 0.27357602375052026 8.51191770754268 0.2565318638972993 0.2089622213607894 1.4875311268665734 
0.07549119486623194 0.2871359562812349 8.409020704724691 0.2630755129825845 0.2093504537498566 1.5309634062661055 
0.07549119486623194 0.2871359562812349 8.409020704724691 0.2630755129825845 0.2093504537498566 1.5309634062661055 
0.07425700268868782 0.29666452990994757 8.33856071971059 0.2675247492815206 0.20715357657076033 1.512649112926217 
0.07425700268868782 0.29666452990994757 8.33856071971059 0.2675247492815206 0.20715357657076033 1.512649112926217 
0.0726739353568851 0.30791503993407976 8.330854529200595 0.26702325673845234 0.2084624585837996 1.5248013846216506 
0.07366473804962102 0.2918555349216131 8.439320420126936 0.2598885788712983 0.21129976492483976 1.4712585992959166 
0.07366473804962102 0.2918555349216131 8.439320420126936 0.2598885788712983 0.21129976492483976 1.4712585992959166 
0.07366473804962102 0.2918555349216131 8.439320420126936 0.2598885788712983 0.21129976492483976 1.4712585992959166 
0.07399937427750782 0.28864501785630137 8.479972605132254 0.2598865662854354 0.21530028016252978 1.485816711996374 
0.07329146637841616 0.291695324472795 8.567465970568053 0.2589813252956726 0.21449263798823484 1.510297842488004 
0.07329146637841616 0.291695324472795 8.567465970568053 0.2589813252956726 0.21449263798823484 1.510297842488004 
0.07329146637841616 0.291695324472795 8.567465970568053 0.2589813252956726 0.21449263798823484 1.510297842488004 
0.07329146637841616 0.291695324472795 8.567465970568053 0.2589813252956726 0.21449263798823484 1.510297842488004 
0.07329146637841616 0.291695324472795 8.567465970568053 0.2589813252956726 0.21449263798823484 1.510297842488004 
0.07073771715386537 0.2578613636992667 8.853423148291423 0.26011150170146297 0.23384481080179212 1.6714577168270468 
0.06957189150286312 0.2679171975533588 8.981858445301885 0.2584765603473937 0.22689599337812297 1.7219450212395666 
0.06957189150286312 0.2679171975533588 8.981858445301885 0.2584765603473937 0.22689599337812297 1.7219450212395666 
0.06957189150286312 0.2679171975533588 8.981858445301885 0.2584765603473937 0.22689599337812297 1.7219450212395666 
0.06957189150286312 0.2679171975533588 8.981858445301885 0.2584765603473937 0.22689599337812297 1.7219450212395666 
0.06957189150286312 0.2679171975533588 8.981858445301885 0.2584765603473937 0.22689599337812297 1.7219450212395666 
0.06957189150286312 0.2679171975533588 8.981858445301885 0.2584765603473937 0.22689599337812297 1.7219450212395666 
0.06957189150286312 0.2679171975533588 8.981858445301885 0.2584765603473937 0.22689599337812297 1.7219450212395666 
0.06957189150286312 0.2679171975533588 8.981858445301885 0.2584765603473937 0.22689599337812297 1.7219450212395666 
0.05707790097485649 0.33465801623131064 8.643063340166925 0.2568826070450089 0.20687914127223722 1.7042275306950188 
0.05707790097485649 0.33465801623131064 8.643063340166925 0.2568826070450089 0.20687914127223722 1.7042275306950188 
0.05707790097485649 0.33465801623131064 8.643063340166925 0.2568826070450089 0.20687914127223722 1.7042275306950188 
0.05707790097485649 0.33465801623131064 8.643063340166925 0.2568826070450089 0.20687914127223722 1.7042275306950188 
0.05752644401223854 0.3466879379020412 8.512758190820215 0.26275464350132083 0.19859305814961284 1.7444551191532007 
0.06205805166111009 0.2816534016285369 8.955097532819526 0.26029462549826893 0.22853858839084373 2.0611042482202073 
0.06205805166111009 0.2816534016285369 8.955097532819526 0.26029462549826893 0.22853858839084373 2.0611042482202073 
0.06205805166111009 0.2816534016285369 8.955097532819526 0.26029462549826893 0.22853858839084373 2.0611042482202073 
0.06205805166111009 0.2816534016285369 8.955097532819526 0.26029462549826893 0.22853858839084373 2.0611042482202073 
0.06205805166111009 0.2816534016285369 8.955097532819526 0.26029462549826893 0.22853858839084373 2.0611042482202073 
0.06205805166111009 0.2816534016285369 8.955097532819526 0.26029462549826893 0.22853858839084373 2.0611042482202073 
0.067752683940147 0.24933257492786212 9.156017710132279 0.26336570399789905 0.2334845114143297 2.189552730061302 
0.067752683940147 0.24933257492786212 9.156017710132279 0.26336570399789905 0.2334845114143297 2.189552730061302 
0.067752683940147 0.24933257492786212 9.156017710132279 0.26336570399789905 0.2334845114143297 2.189552730061302 
0.067752683940147 0.24933257492786212 9.156017710132279 0.26336570399789905 0.2334845114143297 2.189552730061302 
0.067752683940147 0.24933257492786212 9.156017710132279 0.26336570399789905 0.2334845114143297 2.189552730061302 
0.067752683940147 0.24933257492786212 9.156017710132279 0.26336570399789905 0.2334845114143297 2.189552730061302 
0.06887820834220289 0.2738421571691271 8.900150170744658 0.2764039962083715 0.21658512832921936 2.1558690899793556 
0.06887820834220289 0.2738421571691271 8.900150170744658 0.2764039962083715 0.21658512832921936 2.1558690899793556 
0.06887820834220289 0.2738421571691271 8.900150170744658 0.2764039962083715 0.21658512832921936 2.1558690899793556 
0.06444188947965855 0.29822540477074255 8.791788655207922 0.2754709267573243 0.2156837039144865 2.07130087423993 
0.06444188947965855 0.29822540477074255 8.791788655207922 0.2754709267573243 0.2156837039144865 2.07130087423993 
0.06444188947965855 0.29822540477074255 8.791788655207922 0.2754709267573243 0.2156837039144865 2.07130087423993 
0.06444188947965855 0.29822540477074255 8.791788655207922 0.2754709267573243 0.2156837039144865 2.07130087423993 
0.06554158829148654 0.3637845310073924 8.227871669863617 0.28133524991805636 0.19642900155768062 1.9263650992870027 
0.062287144903890715 0.3483670640883779 8.143695724385651 0.288681460368516 0.19666319246521996 1.8780989346639838 
0.05960283695546574 0.3646527523144725 7.853031044898081 0.3014180925900789 0.20795700339007048 1.8806961806975708 
0.05960283695546574 0.3646527523144725 7.853031044898081 0.3014180925900789 0.20795700339007048 1.8806961806975708 
0.06490704833056954 0.302612852485542 8.146122622433207 0.31492337133518233 0.23198803907422855 1.736168755450354 
0.06237886937316667 0.33930746953856583 8.118935223437862 0.30248977811200667 0.21412773007089556 1.5882520857089304 
0.06237886937316667 0.33930746953856583 8.118935223437862 0.30248977811200667 0.21412773007089556 1.5882520857089304 
0.06237886937316667 0.33930746953856583 8.118935223437862 0.30248977811200667 0.21412773007089556 1.5882520857089304 
0.06237886937316667 0.33930746953856583 8.118935223437862 0.30248977811200667 0.21412773007089556 1.5882520857089304 
0.06237886937316667 0.33930746953856583 8.118935223437862 0.30248977811200667 0.21412773007089556 1.5882520857089304 
0.06237886937316667 0.33930746953856583 8.118935223437862 0.30248977811200667 0.21412773007089556 1.5882520857089304 
0.06237886937316667 0.33930746953856583 8.118935223437862 0.30248977811200667 0.21412773007089556 1.5882520857089304 
0.06312307463122871 0.33675444234917445 8.119098249678988 0.30154455418982834 0.21553017225410093 1.5916363222063783 
0.06312307463122871 0.33675444234917445 8.119098249678988 0.30154455418982834 0.21553017225410093 1.5916363222063783 
0.06312307463122871 0.33675444234917445 8.119098249678988 0.30154455418982834 0.21553017225410093 1.5916363222063783 
0.06374808686167889 0.2081039257520526 8.488390708203736 0.3373701658640858 0.2293198840289874 1.4458005160734309 
0.06374808686167889 0.2081039257520526 8.488390708203736 0.3373701658640858 0.2293198840289874 1.4458005160734309 
0.06374808686167889 0.2081039257520526 8.488390708203736 0.3373701658640858 0.2293198840289874 1.4458005160734309 
0.05801366055195964 0.250804297981148 8.426549705993992 0.33904784438154933 0.216393440579901 1.4448001296177515 
0.05801366055195964 0.250804297981148 8.426549705993992 0.33904784438154933 0.216393440579901 1.4448001296177515 
0.05709075520970622 0.2601749699197994 8.406938898204587 0.3355086864133001 0.21378126633306943 1.4695598232800324 
0.05709075520970622 0.2601749699197994 8.406938898204587 0.3355086864133001 0.21378126633306943 1.4695598232800324 
0.05709075520970622 0.2601749699197994 8.406938898204587 0.3355086864133001 0.21378126633306943 1.4695598232800324 
0.05709075520970622 0.2601749699197994 8.406938898204587 0.3355086864133001 0.21378126633306943 1.4695598232800324 
0.05707585823881515 0.26037263374634445 8.406466896243934 0.33547846338262105 0.21375192528963563 1.4693797828539346 
0.0618345327902209 0.3002457253231181 8.135236945568234 0.3248502290766707 0.2060052763348623 1.4669539728305405 
0.0641201117274137 0.23266873900507773 8.35736108765894 0.33134590255585433 0.20903632108164114 1.2943386132315404 
0.06277019433576377 0.24713538632028548 8.328853986342963 0.32957231627205885 0.20735135267688942 1.2916531057940577 
0.06277019433576377 0.24713538632028548 8.328853986342963 0.32957231627205885 0.20735135267688942 1.2916531057940577 
0.06277019433576377 0.24713538632028548 8.328853986342963 0.32957231627205885 0.20735135267688942 1.2916531057940577 
0.061955063746112954 0.2078365759531676 8.308269815290574 0.3450896159564644 0.20383126178348768 1.3348004577155212 
0.061513326521872594 0.1939859471179341 8.372457118181678 0.34300937895286215 0.2074247411414904 1.333533059905593 
0.061513326521872594 0.1939859471179341 8.372457118181678 0.34300937895286215 0.2074247411414904 1.333533059905593 
0.061513326521872594 0.1939859471179341 8.372457118181678 0.34300937895286215 0.2074247411414904 1.333533059905593 
0.061513326521872594 0.1939859471179341 8.372457118181678 0.34300937895286215 0.2074247411414904 1.333533059905593 
0.061513326521872594 0.1939859471179341 8.372457118181678 0.34300937895286215 0.2074247411414904 1.333533059905593 
0.05858050448357083 0.24892675849528695 8.168777085277314 0.337741863089927 0.20576489873285136 1.3469866284362058 
0.05858050448357083 0.24892675849528695 8.168777085277314 0.337741863089927 0.20576489873285136 1.3469866284362058 
0.058854884392649534 0.24982351038259118 8.178020817457227 0.3351879562649013 0.20305291871255254 1.3395079918297097 
0.05557816981306454 0.27982206076135263 8.385901436610988 0.3131059133867689 0.20476355503712002 1.216630172817193 
0.05557816981306454 0.27982206076135263 8.385901436610988 0.3131059133867689 0.20476355503712002 1.216630172817193 
0.05557816981306454 0.27982206076135263 8.385901436610988 0.3131059133867689 0.20476355503712002 1.216630172817193 
0.05557816981306454 0.27982206076135263 8.385901436610988 0.3131059133867689 0.20476355503712002 1.216630172817193 
0.05557816981306454 0.27982206076135263 8.385901436610988 0.3131059133867689 0.20476355503712002 1.216630172817193 
0.054629902654259335 0.23651949756129736 8.437667826834161 0.32690122130738275 0.20091661376378062 1.0195990511923962 
0.054629902654259335 0.23651949756129736 8.437667826834161 0.32690122130738275 0.20091661376378062 1.0195990511923962 
0.0647423141756746 0.33693281598421987 7.805159353867787 0.3765601308184266 0.14890892349324747 1.211032710019294 
0.0590882847074808 0.2804745483067683 8.205474633358659 0.3766422431627973 0.15812846204987124 1.1742339680255103 
0.05921154207783074 0.2820301658528151 8.125117267864786 0.38060686896448637 0.15722541212501692 1.1559575650318823 
0.06076146135750413 0.31187540066817376 8.08549403957742 0.366836557264519 0.15275959180523271 1.1736253469675888 
0.07586553797460395 0.2912318217732415 7.462451158509198 0.4121043393696058 0.1719496800307011 0.9614559010711301 
0.07586553797460395 0.2912318217732415 7.462451158509198 0.4121043393696058 0.1719496800307011 0.9614559010711301 
0.07646832757413967 0.3750374569352668 7.496693234675206 0.3583567202830716 0.1806357268818895 1.2171168593410424 
0.07119262198081482 0.3802695142279227 7.553544926712125 0.35172111670901596 0.1807049418704667 1.2076429580201946 
0.07119262198081482 0.3802695142279227 7.553544926712125 0.35172111670901596 0.1807049418704667 1.2076429580201946 
0.07119262198081482 0.3802695142279227 7.553544926712125 0.35172111670901596 0.1807049418704667 1.2076429580201946 
0.0709641703611496 0.377338275889762 7.575835913716283 0.3513226759757651 0.18197027106819536 1.2054612083317775 
0.0718370476961304 0.3843305807006482 7.564752258225876 0.34539862475698596 0.18366518218252348 1.2384765444623778 
0.0718370476961304 0.3843305807006482 7.564752258225876 0.34539862475698596 0.18366518218252348 1.2384765444623778 
0.07009667617878731 0.3659367236036294 7.747190972752994 0.2931379444554539 0.1761261260824591 1.0628521999836296 
0.0674245573478017 0.32598268012807374 7.546903303591988 0.30841568088879245 0.19641417188583296 1.007045651324567 
0.0715788004434271 0.4073239009739422 7.031214365876073 0.3380073127586321 0.20612320901037418 1.3487070508208012 
0.0715788004434271 0.4073239009739422 7.031214365876073 0.3380073127586321 0.20612320901037418 1.3487070508208012 
0.0715788004434271 0.4073239009739422 7.031214365876073 0.3380073127586321 0.20612320901037418 1.3487070508208012 
0.06970702653324513 0.4290272433020568 7.179162342227607 0.31626179968963686 0.19684085949718147 1.3764491623568087 
0.06181980745254535 0.44645120145534056 7.229786257478379 0.303077512069882 0.17662396526893995 1.26996195719031 
0.07773597094872697 0.407242092070484 6.965423506925433 0.2621202959729577 0.15235186727721453 1.5391030241259513 
0.07773597094872697 0.407242092070484 6.965423506925433 0.2621202959729577 0.15235186727721453 1.5391030241259513 
0.07829636617232624 0.3617665027785282 8.143833516816802 0.26201236092051744 0.15001198915662559 1.5443675503197611 
0.07829636617232624 0.3617665027785282 8.143833516816802 0.26201236092051744 0.15001198915662559 1.5443675503197611 
0.07829636617232624 0.3617665027785282 8.143833516816802 0.26201236092051744 0.15001198915662559 1.5443675503197611 
0.07765552817596737 0.36119785413030536 8.165423321404965 0.26226726476461737 0.14939190853905282 1.544154486451933 
0.08306760942695846 0.24109723275241385 8.150966674456303 0.27279640158515817 0.1782872904314618 1.0168717692207712 
0.06765610923072417 0.313649139118778 7.993902484090265 0.2678649528441303 0.19132215390325893 1.3555044064707267 
0.06765610923072417 0.313649139118778 7.993902484090265 0.2678649528441303 0.19132215390325893 1.3555044064707267 
0.06648513180261499 0.30030954887390326 8.56744904695229 0.2663165627431215 0.18931564377149102 1.3305077086581814 
0.06648513180261499 0.30030954887390326 8.56744904695229 0.2663165627431215 0.18931564377149102 1.3305077086581814 
0.06648513180261499 0.30030954887390326 8.56744904695229 0.2663165627431215 0.18931564377149102 1.3305077086581814 
0.06648513180261499 0.30030954887390326 8.56744904695229 0.2663165627431215 0.18931564377149102 1.3305077086581814 
0.07444073403077894 0.21032118390696203 8.604839002080936 0.27674858299965355 0.1882371100887347 1.5803436703766942 
0.07041864610315168 0.3250083587129542 8.184238619450264 0.26644361714973763 0.2019791825419958 1.6614567881595061 
0.07062210659375638 0.30501568708435933 8.329582227057976 0.26411818460099934 0.2132124353329043 1.6907947804121808 
0.07062210659375638 0.30501568708435933 8.329582227057976 0.26411818460099934 0.2132124353329043 1.6907947804121808 
0.07062210659375638 0.30501568708435933 8.329582227057976 0.26411818460099934 0.2132124353329043 1.6907947804121808 
0.07631154271529136 0.27191544120107086 8.48842794252408 0.2650154251197159 0.22236805333199705 1.7481966561845184 
0.07631154271529136 0.27191544120107086 8.48842794252408 0.2650154251197159 0.22236805333199705 1.7481966561845184 
0.07631154271529136 0.27191544120107086 8.48842794252408 0.2650154251197159 0.22236805333199705 1.7481966561845184 
0.07631154271529136 0.27191544120107086 8.48842794252408 0.2650154251197159 0.22236805333199705 1.7481966561845184 
0.07631154271529136 0.27191544120107086 8.48842794252408 0.2650154251197159 0.22236805333199705 1.7481966561845184 
0.07631154271529136 0.27191544120107086 8.48842794252408 0.2650154251197159 0.22236805333199705 1.7481966561845184 
0.07631154271529136 0.27191544120107086 8.48842794252408 0.2650154251197159 0.22236805333199705 1.7481966561845184 
0.07631154271529136 0.27191544120107086 8.48842794252408 0.2650154251197159 0.22236805333199705 1.7481966561845184 
0.07631154271529136 0.27191544120107086 8.48842794252408 0.2650154251197159 0.22236805333199705 1.7481966561845184 
0.0690573578048751 0.33376241204492374 8.472903471161844 0.2592211189775831 0.21335843512528727 1.5051657160529992 
0.0690573578048751 0.33376241204492374 8.472903471161844 0.2592211189775831 0.21335843512528727 1.5051657160529992 
0.06836405951512221 0.3391858287498701 8.484463905151195 0.2600057504716904 0.21392008482808336 1.4874452462543866 
0.07060350929326367 0.3299433859257451 8.527272138503871 0.2606468184300359 0.21751752399352378 1.451960563731382 
0.071508972167509 0.3360100986454075 8.512398571574801 0.2599341350945216 0.21151262717706476 1.5123998313197513 
0.071508972167509 0.3360100986454075 8.512398571574801 0.2599341350945216 0.21151262717706476 1.5123998313197513 
0.08430187941763564 0.25037040795520427 9.016038893680271 0.2637311389149464 0.21549370241750787 1.614203296057163 
0.08430187941763564 0.25037040795520427 9.016038893680271 0.2637311389149464 0.21549370241750787 1.614203296057163 
0.08541383133566945 0.21746938681592476 9.34058352587633 0.24311767580545232 0.2173617940564366 1.6790119697231893 
0.08541383133566945 0.21746938681592476 9.34058352587633 0.24311767580545232 0.2173617940564366 1.6790119697231893 
0.08340953420395601 0.23957180930589128 9.169425390266852 0.24486941064644813 0.21757231042098713 1.663467421861403 
0.08340953420395601 0.23957180930589128 9.169425390266852 0.24486941064644813 0.21757231042098713 1.663467421861403 
0.08166576740825861 0.2606560479727673 9.008649183280465 0.2457120248219032 0.20872156105955558 1.6811201836115965 
0.08166576740825861 0.2606560479727673 9.008649183280465 0.2457120248219032 0.20872156105955558 1.6811201836115965 
0.0813332735230395 0.2573518949697804 8.79285803495116 0.24367395983960347 0.21636545732740942 1.689494875520589 
0.0813332735230395 0.2573518949697804 8.79285803495116 0.24367395983960347 0.21636545732740942 1.689494875520589 
0.0785464827738745 0.2954234580918283 8.588594584534626 0.24490331646633082 0.20195913385094746 1.7585695302647384 
0.0785464827738745 0.2954234580918283 8.588594584534626 0.24490331646633082 0.20195913385094746 1.7585695302647384 
0.0785464827738745 0.2954234580918283 8.588594584534626 0.24490331646633082 0.20195913385094746 1.7585695302647384 
0.0785464827738745 0.2954234580918283 8.588594584534626 0.24490331646633082 0.20195913385094746 1.7585695302647384 
0.07869250956835033 0.2921888253842017 8.696869868672739 0.24739207660139367 0.2026043111412715 1.7146788619286382 
0.06964724235947198 0.3483720407905778 8.544536094350162 0.24661091748962796 0.19914150588133356 1.555192474968877 
0.07023486920021174 0.3716143020691617 8.316636697016737 0.25205277954162153 0.1849345406233472 1.4872226720917432 
0.07023486920021174 0.3716143020691617 8.316636697016737 0.25205277954162153 0.1849345406233472 1.4872226720917432 
0.07023486920021174 0.3716143020691617 8.316636697016737 0.25205277954162153 0.1849345406233472 1.4872226720917432 
0.07023486920021174 0.3716143020691617 8.316636697016737 0.25205277954162153 0.1849345406233472 1.4872226720917432 
0.07023486920021174 0.3716143020691617 8.316636697016737 0.25205277954162153 0.1849345406233472 1.4872226720917432 
0.07750246561709573 0.3596929848315024 8.294256458697483 0.2535368911683624 0.17627023714698664 1.6210383348843127 
0.07750246561709573 0.3596929848315024 8.294256458697483 0.2535368911683624 0.17627023714698664 1.6210383348843127 
0.07750246561709573 0.3596929848315024 8.294256458697483 0.2535368911683624 0.17627023714698664 1.6210383348843127 
0.07750246561709573 0.3596929848315024 8.294256458697483 0.2535368911683624 0.17627023714698664 1.6210383348843127 
0.07750246561709573 0.3596929848315024 8.294256458697483 0.2535368911683624 0.17627023714698664 1.6210383348843127 
0.07750246561709573 0.3596929848315024 8.294256458697483 0.2535368911683624 0.17627023714698664 1.6210383348843127 
