0.0425929454799982 0.5025668607326366 4.711327867351491 0.6499180993475491 0.14683137163783927 2.2791178252944215 
0.053239348964309235 0.5420331099572206 11.089478849306609 0.24552471907069406 0.16427747931054962 1.056574760999814 
0.053239348964309235 0.5420331099572206 11.089478849306609 0.24552471907069406 0.16427747931054962 1.056574760999814 
0.053239348964309235 0.5420331099572206 11.089478849306609 0.24552471907069406 0.16427747931054962 1.056574760999814 
0.053239348964309235 0.5420331099572206 11.089478849306609 0.24552471907069406 0.16427747931054962 1.056574760999814 
0.051923331839194745 0.5312340762739038 10.763031704926489 0.2678610006301808 0.1618025572836945 1.0409026518991247 
0.048180951446674204 0.5492199566968328 10.482784068124857 0.266322169871887 0.16072092786569273 1.0322446748748404 
0.048180951446674204 0.5492199566968328 10.482784068124857 0.266322169871887 0.16072092786569273 1.0322446748748404 
0.048180951446674204 0.5492199566968328 10.482784068124857 0.266322169871887 0.16072092786569273 1.0322446748748404 
0.048180951446674204 0.5492199566968328 10.482784068124857 0.266322169871887 0.16072092786569273 1.0322446748748404 
0.048180951446674204 0.5492199566968328 10.482784068124857 0.266322169871887 0.16072092786569273 1.0322446748748404 
0.048180951446674204 0.5492199566968328 10.482784068124857 0.266322169871887 0.16072092786569273 1.0322446748748404 
0.048180951446674204 0.5492199566968328 10.482784068124857 0.266322169871887 0.16072092786569273 1.0322446748748404 
0.048180951446674204 0.5492199566968328 10.482784068124857 0.266322169871887 0.16072092786569273 1.0322446748748404 
0.048180951446674204 0.5492199566968328 10.482784068124857 0.266322169871887 0.16072092786569273 1.0322446748748404 
0.048180951446674204 0.5492199566968328 10.482784068124857 0.266322169871887 0.16072092786569273 1.0322446748748404 
0.048180951446674204 0.5492199566968328 10.482784068124857 0.266322169871887 0.16072092786569273 1.0322446748748404 
0.045326149646051216 0.5161094106184594 9.406259028275269 0.34479330148755044 0.18290231204068652 1.4856330769721184 
0.045326149646051216 0.5161094106184594 9.406259028275269 0.34479330148755044 0.18290231204068652 1.4856330769721184 
0.045326149646051216 0.5161094106184594 9.406259028275269 0.34479330148755044 0.18290231204068652 1.4856330769721184 
0.045326149646051216 0.5161094106184594 9.406259028275269 0.34479330148755044 0.18290231204068652 1.4856330769721184 
0.045326149646051216 0.5161094106184594 9.406259028275269 0.34479330148755044 0.18290231204068652 1.4856330769721184 
0.045326149646051216 0.5161094106184594 9.406259028275269 0.34479330148755044 0.18290231204068652 1.4856330769721184 
0.045326149646051216 0.5161094106184594 9.406259028275269 0.34479330148755044 0.18290231204068652 1.4856330769721184 
0.045326149646051216 0.5161094106184594 9.406259028275269 0.34479330148755044 0.18290231204068652 1.4856330769721184 
0.047326319641558576 0.4944141173929238 9.525004974531427 0.3563746256370689 0.1800669581273775 1.5259026403567644 
0.03971356902329648 0.5468480444931232 9.008658535644841 0.35874386637596 0.20023532806228103 1.6464638587725502 
0.03971356902329648 0.5468480444931232 9.008658535644841 0.35874386637596 0.20023532806228103 1.6464638587725502 
0.04005867550634318 0.5433766435409377 9.033260915131686 0.3588597448489454 0.19882727219309282 1.6515728671106389 
0.04165223114191726 0.5275098063280903 8.40626263224816 0.3932016949446191 0.18875426453366215 1.7686452366137726 
0.04165223114191726 0.5275098063280903 8.40626263224816 0.3932016949446191 0.18875426453366215 1.7686452366137726 
0.04165223114191726 0.5275098063280903 8.40626263224816 0.3932016949446191 0.18875426453366215 1.7686452366137726 
0.05519210273622982 0.4160697636170429 8.65833278236517 0.4440797478952749 0.18884513974908884 1.6718755605566673 
0.05459162579989272 0.4226276370236275 8.577326206424233 0.4476751719118359 0.1912857558388568 1.7132967328571214 
0.05459162579989272 0.4226276370236275 8.577326206424233 0.4476751719118359 0.1912857558388568 1.7132967328571214 
0.055423131630349086 0.46217156786599045 8.319913890105328 0.42339288002954684 0.20988736872745817 1.639624351872852 
0.055423131630349086 0.46217156786599045 8.319913890105328 0.42339288002954684 0.20988736872745817 1.639624351872852 
0.05680476453346553 0.4821134226697983 8.222090353630149 0.39558692420560665 0.21652892469073473 1.573635431427919 
0.05680476453346553 0.4821134226697983 8.222090353630149 0.39558692420560665 0.21652892469073473 1.573635431427919 
0.05684962045643942 0.4818587624912426 8.218484098827735 0.3960169275708345 0.2164440454057483 1.571501443587424 
0.05684962045643942 0.4818587624912426 8.218484098827735 0.3960169275708345 0.2164440454057483 1.571501443587424 
0.05684962045643942 0.4818587624912426 8.218484098827735 0.3960169275708345 0.2164440454057483 1.571501443587424 
0.05684962045643942 0.4818587624912426 8.218484098827735 0.3960169275708345 0.2164440454057483 1.571501443587424 
0.05684962045643942 0.4818587624912426 8.218484098827735 0.3960169275708345 0.2164440454057483 1.571501443587424 
0.05684962045643942 0.4818587624912426 8.218484098827735 0.3960169275708345 0.2164440454057483 1.571501443587424 
0.05684962045643942 0.4818587624912426 8.218484098827735 0.3960169275708345 0.2164440454057483 1.571501443587424 
0.05684962045643942 0.4818587624912426 8.218484098827735 0.3960169275708345 0.2164440454057483 1.571501443587424 
0.05684962045643942 0.4818587624912426 8.218484098827735 0.3960169275708345 0.2164440454057483 1.571501443587424 
0.05684962045643942 0.4818587624912426 8.218484098827735 0.3960169275708345 0.2164440454057483 1.571501443587424 
0.05688070589933864 0.4690414255842382 8.270268576600435 0.38470347638380287 0.2082937472441083 1.5559838537268793 
0.05688070589933864 0.4690414255842382 8.270268576600435 0.38470347638380287 0.2082937472441083 1.5559838537268793 
0.05266503823319321 0.4799511042430519 7.853245120326522 0.4017981985193969 0.19687212851322639 1.585856738916259 
0.05266503823319321 0.4799511042430519 7.853245120326522 0.4017981985193969 0.19687212851322639 1.585856738916259 
0.05266503823319321 0.4799511042430519 7.853245120326522 0.4017981985193969 0.19687212851322639 1.585856738916259 
0.05266503823319321 0.4799511042430519 7.853245120326522 0.4017981985193969 0.19687212851322639 1.585856738916259 
0.05266503823319321 0.4799511042430519 7.853245120326522 0.4017981985193969 0.19687212851322639 1.585856738916259 
0.05266503823319321 0.4799511042430519 7.853245120326522 0.4017981985193969 0.19687212851322639 1.585856738916259 
0.05266503823319321 0.4799511042430519 7.853245120326522 0.4017981985193969 0.19687212851322639 1.585856738916259 
0.05227032865478934 0.48224050082388714 7.851938503821303 0.4034852464860941 0.19800475866042794 1.581300054806317 
0.05227032865478934 0.48224050082388714 7.851938503821303 0.4034852464860941 0.19800475866042794 1.581300054806317 
0.05227032865478934 0.48224050082388714 7.851938503821303 0.4034852464860941 0.19800475866042794 1.581300054806317 
0.05227032865478934 0.48224050082388714 7.851938503821303 0.4034852464860941 0.19800475866042794 1.581300054806317 
0.05227032865478934 0.48224050082388714 7.851938503821303 0.4034852464860941 0.19800475866042794 1.581300054806317 
0.04910719092233968 0.5022324511768197 6.183507504065481 0.5080011513630529 0.2155387731166126 1.8114530465434622 
0.04910719092233968 0.5022324511768197 6.183507504065481 0.5080011513630529 0.2155387731166126 1.8114530465434622 
0.049113920296593346 0.47457292864542067 6.704223040313687 0.49398229038037045 0.2082845957931208 1.8742814052476218 
0.049113920296593346 0.47457292864542067 6.704223040313687 0.49398229038037045 0.2082845957931208 1.8742814052476218 
0.049113920296593346 0.47457292864542067 6.704223040313687 0.49398229038037045 0.2082845957931208 1.8742814052476218 
0.049113920296593346 0.47457292864542067 6.704223040313687 0.49398229038037045 0.2082845957931208 1.8742814052476218 
0.049113920296593346 0.47457292864542067 6.704223040313687 0.49398229038037045 0.2082845957931208 1.8742814052476218 
0.049113920296593346 0.47457292864542067 6.704223040313687 0.49398229038037045 0.2082845957931208 1.8742814052476218 
0.049113920296593346 0.47457292864542067 6.704223040313687 0.49398229038037045 0.2082845957931208 1.8742814052476218 
0.049113920296593346 0.47457292864542067 6.704223040313687 0.49398229038037045 0.2082845957931208 1.8742814052476218 
0.05498138147909108 0.4732853888874656 6.90057520991534 0.4506522575444266 0.19834859254274628 1.8452550174928681 
0.05498138147909108 0.4732853888874656 6.90057520991534 0.4506522575444266 0.19834859254274628 1.8452550174928681 
0.05498138147909108 0.4732853888874656 6.90057520991534 0.4506522575444266 0.19834859254274628 1.8452550174928681 
0.05498138147909108 0.4732853888874656 6.90057520991534 0.4506522575444266 0.19834859254274628 1.8452550174928681 
0.05498138147909108 0.4732853888874656 6.90057520991534 0.4506522575444266 0.19834859254274628 1.8452550174928681 
0.05498138147909108 0.4732853888874656 6.90057520991534 0.4506522575444266 0.19834859254274628 1.8452550174928681 
0.05498138147909108 0.4732853888874656 6.90057520991534 0.4506522575444266 0.19834859254274628 1.8452550174928681 
0.05498138147909108 0.4732853888874656 6.90057520991534 0.4506522575444266 0.19834859254274628 1.8452550174928681 
0.05498138147909108 0.4732853888874656 6.90057520991534 0.4506522575444266 0.19834859254274628 1.8452550174928681 
0.05474252702741922 0.4948878571946036 6.735601928815128 0.42979170692635205 0.20756120538134704 1.8181406852522257 
0.05535640199130263 0.5066989268977948 6.7448773864361975 0.41049608693216244 0.2267179856985012 1.8136974565213024 
0.05535640199130263 0.5066989268977948 6.7448773864361975 0.41049608693216244 0.2267179856985012 1.8136974565213024 
0.05535640199130263 0.5066989268977948 6.7448773864361975 0.41049608693216244 0.2267179856985012 1.8136974565213024 
0.05535640199130263 0.5066989268977948 6.7448773864361975 0.41049608693216244 0.2267179856985012 1.8136974565213024 
0.05535640199130263 0.5066989268977948 6.7448773864361975 0.41049608693216244 0.2267179856985012 1.8136974565213024 
0.05535640199130263 0.5066989268977948 6.7448773864361975 0.41049608693216244 0.2267179856985012 1.8136974565213024 
0.057246383525136814 0.4951367293196258 7.064618407169712 0.2764375744356949 0.229558766150793 1.4817225003036198 
0.057246383525136814 0.4951367293196258 7.064618407169712 0.2764375744356949 0.229558766150793 1.4817225003036198 
0.057246383525136814 0.4951367293196258 7.064618407169712 0.2764375744356949 0.229558766150793 1.4817225003036198 
0.057246383525136814 0.4951367293196258 7.064618407169712 0.2764375744356949 0.229558766150793 1.4817225003036198 
0.057246383525136814 0.4951367293196258 7.064618407169712 0.2764375744356949 0.229558766150793 1.4817225003036198 
0.057246383525136814 0.4951367293196258 7.064618407169712 0.2764375744356949 0.229558766150793 1.4817225003036198 
0.057246383525136814 0.4951367293196258 7.064618407169712 0.2764375744356949 0.229558766150793 1.4817225003036198 
0.057246383525136814 0.4951367293196258 7.064618407169712 0.2764375744356949 0.229558766150793 1.4817225003036198 
0.057246383525136814 0.4951367293196258 7.064618407169712 0.2764375744356949 0.229558766150793 1.4817225003036198 
0.057246383525136814 0.4951367293196258 7.064618407169712 0.2764375744356949 0.229558766150793 1.4817225003036198 
0.057246383525136814 0.4951367293196258 7.064618407169712 0.2764375744356949 0.229558766150793 1.4817225003036198 
0.057246383525136814 0.4951367293196258 7.064618407169712 0.2764375744356949 0.229558766150793 1.4817225003036198 
0.057246383525136814 0.4951367293196258 7.064618407169712 0.2764375744356949 0.229558766150793 1.4817225003036198 
0.057246383525136814 0.4951367293196258 7.064618407169712 0.2764375744356949 0.229558766150793 1.4817225003036198 
0.057246383525136814 0.4951367293196258 7.064618407169712 0.2764375744356949 0.229558766150793 1.4817225003036198 
0.057246383525136814 0.4951367293196258 7.064618407169712 0.2764375744356949 0.229558766150793 1.4817225003036198 
0.05998341129556463 0.5238460532911398 6.84185797763867 0.25713168725943697 0.23243793305311217 1.5364241527485787 
0.05998341129556463 0.5238460532911398 6.84185797763867 0.25713168725943697 0.23243793305311217 1.5364241527485787 
0.05998341129556463 0.5238460532911398 6.84185797763867 0.25713168725943697 0.23243793305311217 1.5364241527485787 
0.060925968851818155 0.510902495503148 7.10282861181339 0.2571509363505395 0.22940383111095014 1.5106545270857943 
0.060925968851818155 0.510902495503148 7.10282861181339 0.2571509363505395 0.22940383111095014 1.5106545270857943 
0.060925968851818155 0.510902495503148 7.10282861181339 0.2571509363505395 0.22940383111095014 1.5106545270857943 
0.060925968851818155 0.510902495503148 7.10282861181339 0.2571509363505395 0.22940383111095014 1.5106545270857943 
0.060925968851818155 0.510902495503148 7.10282861181339 0.2571509363505395 0.22940383111095014 1.5106545270857943 
0.06093003639721782 0.5112160327628446 7.103353239060933 0.25602909271922847 0.22946427046445317 1.5092711314023153 
0.06093003639721782 0.5112160327628446 7.103353239060933 0.25602909271922847 0.22946427046445317 1.5092711314023153 
0.06093003639721782 0.5112160327628446 7.103353239060933 0.25602909271922847 0.22946427046445317 1.5092711314023153 
0.06093003639721782 0.5112160327628446 7.103353239060933 0.25602909271922847 0.22946427046445317 1.5092711314023153 
0.061340143557262215 0.5119185229361936 7.099985535488109 0.25622964675302273 0.2332532401849308 1.5155293041064546 
0.06134272095565204 0.5119962398061672 7.1007100947311095 0.2558093351095892 0.2332657698679819 1.514743080779128 
0.06134272095565204 0.5119962398061672 7.1007100947311095 0.2558093351095892 0.2332657698679819 1.514743080779128 
0.06134272095565204 0.5119962398061672 7.1007100947311095 0.2558093351095892 0.2332657698679819 1.514743080779128 
0.06134272095565204 0.5119962398061672 7.1007100947311095 0.2558093351095892 0.2332657698679819 1.514743080779128 
0.06134272095565204 0.5119962398061672 7.1007100947311095 0.2558093351095892 0.2332657698679819 1.514743080779128 
0.06134272095565204 0.5119962398061672 7.1007100947311095 0.2558093351095892 0.2332657698679819 1.514743080779128 
0.06134272095565204 0.5119962398061672 7.1007100947311095 0.2558093351095892 0.2332657698679819 1.514743080779128 
0.06134272095565204 0.5119962398061672 7.1007100947311095 0.2558093351095892 0.2332657698679819 1.514743080779128 
0.05971244221605508 0.5141925807273325 7.025716674948702 0.26468010284271226 0.22506366560155133 1.5689297894420378 
0.05971244221605508 0.5141925807273325 7.025716674948702 0.26468010284271226 0.22506366560155133 1.5689297894420378 
0.05971244221605508 0.5141925807273325 7.025716674948702 0.26468010284271226 0.22506366560155133 1.5689297894420378 
0.05971244221605508 0.5141925807273325 7.025716674948702 0.26468010284271226 0.22506366560155133 1.5689297894420378 
0.05971244221605508 0.5141925807273325 7.025716674948702 0.26468010284271226 0.22506366560155133 1.5689297894420378 
0.06253855380731356 0.47847858492873163 7.747473301273995 0.26328743674318056 0.21617548288047395 1.482195273360485 
0.06008142565154312 0.46965398120060153 7.9061824273287105 0.25598050079603063 0.23266583917629557 1.5330172224674419 
0.059107717295539486 0.4494511203354123 8.410558986245373 0.2544623558951104 0.23062250788789324 1.4991609274174356 
0.059107717295539486 0.4494511203354123 8.410558986245373 0.2544623558951104 0.23062250788789324 1.4991609274174356 
0.05768983241909052 0.4259044532219758 8.712827417657754 0.2540352290176477 0.21889860331308544 1.4157370508654372 
0.05768983241909052 0.4259044532219758 8.712827417657754 0.2540352290176477 0.21889860331308544 1.4157370508654372 
0.05768983241909052 0.4259044532219758 8.712827417657754 0.2540352290176477 0.21889860331308544 1.4157370508654372 
0.05768983241909052 0.4259044532219758 8.712827417657754 0.2540352290176477 0.21889860331308544 1.4157370508654372 
0.05768983241909052 0.4259044532219758 8.712827417657754 0.2540352290176477 0.21889860331308544 1.4157370508654372 
0.05768983241909052 0.4259044532219758 8.712827417657754 0.2540352290176477 0.21889860331308544 1.4157370508654372 
0.05768983241909052 0.4259044532219758 8.712827417657754 0.2540352290176477 0.21889860331308544 1.4157370508654372 
0.05768983241909052 0.4259044532219758 8.712827417657754 0.2540352290176477 0.21889860331308544 1.4157370508654372 
0.05768983241909052 0.4259044532219758 8.712827417657754 0.2540352290176477 0.21889860331308544 1.4157370508654372 
0.057293806549093426 0.426134662327404 8.624302733501317 0.2560746885545107 0.2133647931585665 1.4319368915828141 
0.057293806549093426 0.426134662327404 8.624302733501317 0.2560746885545107 0.2133647931585665 1.4319368915828141 
0.057293806549093426 0.426134662327404 8.624302733501317 0.2560746885545107 0.2133647931585665 1.4319368915828141 
0.057293806549093426 0.426134662327404 8.624302733501317 0.2560746885545107 0.2133647931585665 1.4319368915828141 
0.057293806549093426 0.426134662327404 8.624302733501317 0.2560746885545107 0.2133647931585665 1.4319368915828141 
0.06824660753626144 0.3718539633240282 9.40385444071656 0.2560931083674748 0.22691840512723888 0.8492726514666951 
0.06824660753626144 0.3718539633240282 9.40385444071656 0.2560931083674748 0.22691840512723888 0.8492726514666951 
0.06824660753626144 0.3718539633240282 9.40385444071656 0.2560931083674748 0.22691840512723888 0.8492726514666951 
0.06824660753626144 0.3718539633240282 9.40385444071656 0.2560931083674748 0.22691840512723888 0.8492726514666951 
0.06824660753626144 0.3718539633240282 9.40385444071656 0.2560931083674748 0.22691840512723888 0.8492726514666951 
0.06824660753626144 0.3718539633240282 9.40385444071656 0.2560931083674748 0.22691840512723888 0.8492726514666951 
0.06865526988560786 0.37336542360115366 9.398530397847612 0.25354030440548236 0.22706486751452973 0.8476856122659502 
0.0643810591402561 0.39928477673397095 8.875918633178115 0.2733275136267218 0.22622762124490434 0.9623338092338712 
0.0643810591402561 0.39928477673397095 8.875918633178115 0.2733275136267218 0.22622762124490434 0.9623338092338712 
0.0643810591402561 0.39928477673397095 8.875918633178115 0.2733275136267218 0.22622762124490434 0.9623338092338712 
0.0643810591402561 0.39928477673397095 8.875918633178115 0.2733275136267218 0.22622762124490434 0.9623338092338712 
0.0643810591402561 0.39928477673397095 8.875918633178115 0.2733275136267218 0.22622762124490434 0.9623338092338712 
0.06287018045905299 0.40935927668050426 8.769509638531675 0.27190386373952063 0.23396587362951976 0.9637971699467652 
0.06287018045905299 0.40935927668050426 8.769509638531675 0.27190386373952063 0.23396587362951976 0.9637971699467652 
0.06287018045905299 0.40935927668050426 8.769509638531675 0.27190386373952063 0.23396587362951976 0.9637971699467652 
0.06287018045905299 0.40935927668050426 8.769509638531675 0.27190386373952063 0.23396587362951976 0.9637971699467652 
0.06287018045905299 0.40935927668050426 8.769509638531675 0.27190386373952063 0.23396587362951976 0.9637971699467652 
0.06287018045905299 0.40935927668050426 8.769509638531675 0.27190386373952063 0.23396587362951976 0.9637971699467652 
0.06287018045905299 0.40935927668050426 8.769509638531675 0.27190386373952063 0.23396587362951976 0.9637971699467652 
0.06337451323440796 0.4263841187281491 8.45583020147335 0.28909497399021783 0.22574069871264227 0.9858418586850983 
0.06637137466829639 0.45104356031134735 8.089618121466133 0.29687583665401823 0.22622078340894727 0.9632042148157525 
0.06637137466829639 0.45104356031134735 8.089618121466133 0.29687583665401823 0.22622078340894727 0.9632042148157525 
0.06637137466829639 0.45104356031134735 8.089618121466133 0.29687583665401823 0.22622078340894727 0.9632042148157525 
0.06637137466829639 0.45104356031134735 8.089618121466133 0.29687583665401823 0.22622078340894727 0.9632042148157525 
0.06489768679511847 0.456854598107876 7.980502495042147 0.3019480932736952 0.21952953517422436 1.0403282875132769 
0.06489768679511847 0.456854598107876 7.980502495042147 0.3019480932736952 0.21952953517422436 1.0403282875132769 
0.06489768679511847 0.456854598107876 7.980502495042147 0.3019480932736952 0.21952953517422436 1.0403282875132769 
0.06489768679511847 0.456854598107876 7.980502495042147 0.3019480932736952 0.21952953517422436 1.0403282875132769 
0.06812309654514953 0.45882155449899764 8.09996994142823 0.2672619499692232 0.2221255107185891 1.0065108914223382 
0.06812309654514953 0.45882155449899764 8.09996994142823 0.2672619499692232 0.2221255107185891 1.0065108914223382 
0.06812334979815812 0.4586970859097671 8.101396448160699 0.2672494098283944 0.22207969526526516 1.0064934338056357 
0.06812334979815812 0.4586970859097671 8.101396448160699 0.2672494098283944 0.22207969526526516 1.0064934338056357 
0.06812334979815812 0.4586970859097671 8.101396448160699 0.2672494098283944 0.22207969526526516 1.0064934338056357 
0.06812334979815812 0.4586970859097671 8.101396448160699 0.2672494098283944 0.22207969526526516 1.0064934338056357 
0.06812334979815812 0.4586970859097671 8.101396448160699 0.2672494098283944 0.22207969526526516 1.0064934338056357 
0.06812334979815812 0.4586970859097671 8.101396448160699 0.2672494098283944 0.22207969526526516 1.0064934338056357 
0.06812334979815812 0.4586970859097671 8.101396448160699 0.2672494098283944 0.22207969526526516 1.0064934338056357 
0.06754680445764885 0.4594362586627054 8.043407930502164 0.27425130830194727 0.21944828690710125 1.0137853840047522 
0.06754680445764885 0.4594362586627054 8.043407930502164 0.27425130830194727 0.21944828690710125 1.0137853840047522 
0.06754680445764885 0.4594362586627054 8.043407930502164 0.27425130830194727 0.21944828690710125 1.0137853840047522 
0.06702904407368053 0.46641821431595265 7.998910631667243 0.27691960219969153 0.22601769964723475 0.9712292530402725 
0.06702904407368053 0.46641821431595265 7.998910631667243 0.27691960219969153 0.22601769964723475 0.9712292530402725 
0.06702904407368053 0.46641821431595265 7.998910631667243 0.27691960219969153 0.22601769964723475 0.9712292530402725 
0.06306014264415029 0.4633628116593964 7.867446759488506 0.2728810336260038 0.22287636006964112 0.9455666314202333 
0.062163199643719115 0.4723226074330475 7.848760382363732 0.25064333284157647 0.22399224244602614 0.8967670678134179 
0.060737855582633365 0.47782571843604676 7.810345483812714 0.2517896862277617 0.21563825347198634 0.9478036768313406 
0.060737855582633365 0.47782571843604676 7.810345483812714 0.2517896862277617 0.21563825347198634 0.9478036768313406 
0.0623356376128419 0.4744085126620078 7.776150581994578 0.25840812625417237 0.20585201279880555 1.0826973249221448 
0.0623356376128419 0.4744085126620078 7.776150581994578 0.25840812625417237 0.20585201279880555 1.0826973249221448 
0.0623356376128419 0.4744085126620078 7.776150581994578 0.25840812625417237 0.20585201279880555 1.0826973249221448 
0.0623356376128419 0.4744085126620078 7.776150581994578 0.25840812625417237 0.20585201279880555 1.0826973249221448 
0.06161773241380066 0.4715987555255448 7.631147878081082 0.26002100149548435 0.18881335763480472 1.0533978409561333 
0.06184536869407265 0.4710517828748271 7.620072783185382 0.2629759013124606 0.1893920602979816 1.0576714206730338 
0.06184536869407265 0.4710517828748271 7.620072783185382 0.2629759013124606 0.1893920602979816 1.0576714206730338 
0.06184536869407265 0.4710517828748271 7.620072783185382 0.2629759013124606 0.1893920602979816 1.0576714206730338 
0.06184536869407265 0.4710517828748271 7.620072783185382 0.2629759013124606 0.1893920602979816 1.0576714206730338 
0.060829838875910744 0.4939585524643867 7.350696882939651 0.26376323830299103 0.19669972688463666 1.0744878848179118 
0.06077308477798325 0.48975455345366736 7.4066553982490735 0.2658345628853235 0.1960250638116839 1.0729500364525946 
0.06077308477798325 0.48975455345366736 7.4066553982490735 0.2658345628853235 0.1960250638116839 1.0729500364525946 
0.06077308477798325 0.48975455345366736 7.4066553982490735 0.2658345628853235 0.1960250638116839 1.0729500364525946 
0.06077308477798325 0.48975455345366736 7.4066553982490735 0.2658345628853235 0.1960250638116839 1.0729500364525946 
0.06077308477798325 0.48975455345366736 7.4066553982490735 0.2658345628853235 0.1960250638116839 1.0729500364525946 
0.06077308477798325 0.48975455345366736 7.4066553982490735 0.2658345628853235 0.1960250638116839 1.0729500364525946 
0.06077308477798325 0.48975455345366736 7.4066553982490735 0.2658345628853235 0.1960250638116839 1.0729500364525946 
0.06077308477798325 0.48975455345366736 7.4066553982490735 0.2658345628853235 0.1960250638116839 1.0729500364525946 
0.06077308477798325 0.48975455345366736 7.4066553982490735 0.2658345628853235 0.1960250638116839 1.0729500364525946 
0.06077308477798325 0.48975455345366736 7.4066553982490735 0.2658345628853235 0.1960250638116839 1.0729500364525946 
0.06077308477798325 0.48975455345366736 7.4066553982490735 0.2658345628853235 0.1960250638116839 1.0729500364525946 
0.06077308477798325 0.48975455345366736 7.4066553982490735 0.2658345628853235 0.1960250638116839 1.0729500364525946 
0.06077308477798325 0.48975455345366736 7.4066553982490735 0.2658345628853235 0.1960250638116839 1.0729500364525946 
0.06077308477798325 0.48975455345366736 7.4066553982490735 0.2658345628853235 0.1960250638116839 1.0729500364525946 
0.06077308477798325 0.48975455345366736 7.4066553982490735 0.2658345628853235 0.1960250638116839 1.0729500364525946 
0.06077308477798325 0.48975455345366736 7.4066553982490735 0.2658345628853235 0.1960250638116839 1.0729500364525946 
0.06077308477798325 0.48975455345366736 7.4066553982490735 0.2658345628853235 0.1960250638116839 1.0729500364525946 
0.06077308477798325 0.48975455345366736 7.4066553982490735 0.2658345628853235 0.1960250638116839 1.0729500364525946 
0.06077308477798325 0.48975455345366736 7.4066553982490735 0.2658345628853235 0.1960250638116839 1.0729500364525946 
0.06077308477798325 0.48975455345366736 7.4066553982490735 0.2658345628853235 0.1960250638116839 1.0729500364525946 
0.06077308477798325 0.48975455345366736 7.4066553982490735 0.2658345628853235 0.1960250638116839 1.0729500364525946 
0.05757971681454285 0.5118864700703565 7.206773683980098 0.26793608232208177 0.2152248789557416 0.9671206993981692 
0.05757971681454285 0.5118864700703565 7.206773683980098 0.26793608232208177 0.2152248789557416 0.9671206993981692 
0.05757971681454285 0.5118864700703565 7.206773683980098 0.26793608232208177 0.2152248789557416 0.9671206993981692 
0.05757971681454285 0.5118864700703565 7.206773683980098 0.26793608232208177 0.2152248789557416 0.9671206993981692 
0.05757971681454285 0.5118864700703565 7.206773683980098 0.26793608232208177 0.2152248789557416 0.9671206993981692 
0.05757971681454285 0.5118864700703565 7.206773683980098 0.26793608232208177 0.2152248789557416 0.9671206993981692 
0.05757971681454285 0.5118864700703565 7.206773683980098 0.26793608232208177 0.2152248789557416 0.9671206993981692 
0.05804827954469752 0.5129165137647693 7.1736247537546225 0.2682106428670081 0.21627243645933397 0.9647613647574442 
0.05804827954469752 0.5129165137647693 7.1736247537546225 0.2682106428670081 0.21627243645933397 0.9647613647574442 
0.05804827954469752 0.5129165137647693 7.1736247537546225 0.2682106428670081 0.21627243645933397 0.9647613647574442 
0.05804827954469752 0.5129165137647693 7.1736247537546225 0.2682106428670081 0.21627243645933397 0.9647613647574442 
0.0558979495888576 0.5389365577895853 7.008014680211543 0.2609368070661334 0.2231722910453089 0.8877367618832382 
0.0558979495888576 0.5389365577895853 7.008014680211543 0.2609368070661334 0.2231722910453089 0.8877367618832382 
0.0558979495888576 0.5389365577895853 7.008014680211543 0.2609368070661334 0.2231722910453089 0.8877367618832382 
0.0558979495888576 0.5389365577895853 7.008014680211543 0.2609368070661334 0.2231722910453089 0.8877367618832382 
0.0558979495888576 0.5389365577895853 7.008014680211543 0.2609368070661334 0.2231722910453089 0.8877367618832382 
0.0558979495888576 0.5389365577895853 7.008014680211543 0.2609368070661334 0.2231722910453089 0.8877367618832382 
0.0558979495888576 0.5389365577895853 7.008014680211543 0.2609368070661334 0.2231722910453089 0.8877367618832382 
0.0558979495888576 0.5389365577895853 7.008014680211543 0.2609368070661334 0.2231722910453089 0.8877367618832382 
0.0558979495888576 0.5389365577895853 7.008014680211543 0.2609368070661334 0.2231722910453089 0.8877367618832382 
0.0558979495888576 0.5389365577895853 7.008014680211543 0.2609368070661334 0.2231722910453089 0.8877367618832382 
0.05507658903039676 0.5399758612922032 7.005604221603085 0.2608610985502665 0.22749302821881512 0.8825754633358658 
0.05507658903039676 0.5399758612922032 7.005604221603085 0.2608610985502665 0.22749302821881512 0.8825754633358658 
0.05507658903039676 0.5399758612922032 7.005604221603085 0.2608610985502665 0.22749302821881512 0.8825754633358658 
0.05507658903039676 0.5399758612922032 7.005604221603085 0.2608610985502665 0.22749302821881512 0.8825754633358658 
0.05507658903039676 0.5399758612922032 7.005604221603085 0.2608610985502665 0.22749302821881512 0.8825754633358658 
0.05507658903039676 0.5399758612922032 7.005604221603085 0.2608610985502665 0.22749302821881512 0.8825754633358658 
0.05507658903039676 0.5399758612922032 7.005604221603085 0.2608610985502665 0.22749302821881512 0.8825754633358658 
0.05507658903039676 0.5399758612922032 7.005604221603085 0.2608610985502665 0.22749302821881512 0.8825754633358658 
0.05507658903039676 0.5399758612922032 7.005604221603085 0.2608610985502665 0.22749302821881512 0.8825754633358658 
0.05507658903039676 0.5399758612922032 7.005604221603085 0.2608610985502665 0.22749302821881512 0.8825754633358658 
0.05507658903039676 0.5399758612922032 7.005604221603085 0.2608610985502665 0.22749302821881512 0.8825754633358658 
0.05507658903039676 0.5399758612922032 7.005604221603085 0.2608610985502665 0.22749302821881512 0.8825754633358658 
0.05507658903039676 0.5399758612922032 7.005604221603085 0.2608610985502665 0.22749302821881512 0.8825754633358658 
0.05579891796916843 0.539706815546477 7.005032516307167 0.26106426308599656 0.22607018457245023 0.9081255622977122 
0.05579891796916843 0.539706815546477 7.005032516307167 0.26106426308599656 0.22607018457245023 0.9081255622977122 
0.05579891796916843 0.539706815546477 7.005032516307167 0.26106426308599656 0.22607018457245023 0.9081255622977122 
0.05579891796916843 0.539706815546477 7.005032516307167 0.26106426308599656 0.22607018457245023 0.9081255622977122 
0.057881458932141826 0.5424710495458837 7.014391219182335 0.24975877328652357 0.22719854037837423 0.8150365183842222 
0.057881458932141826 0.5424710495458837 7.014391219182335 0.24975877328652357 0.22719854037837423 0.8150365183842222 
0.057881458932141826 0.5424710495458837 7.014391219182335 0.24975877328652357 0.22719854037837423 0.8150365183842222 
0.057881458932141826 0.5424710495458837 7.014391219182335 0.24975877328652357 0.22719854037837423 0.8150365183842222 
0.057881458932141826 0.5424710495458837 7.014391219182335 0.24975877328652357 0.22719854037837423 0.8150365183842222 
0.057881458932141826 0.5424710495458837 7.014391219182335 0.24975877328652357 0.22719854037837423 0.8150365183842222 
0.057881458932141826 0.5424710495458837 7.014391219182335 0.24975877328652357 0.22719854037837423 0.8150365183842222 
0.057881458932141826 0.5424710495458837 7.014391219182335 0.24975877328652357 0.22719854037837423 0.8150365183842222 
0.057881458932141826 0.5424710495458837 7.014391219182335 0.24975877328652357 0.22719854037837423 0.8150365183842222 
0.057881458932141826 0.5424710495458837 7.014391219182335 0.24975877328652357 0.22719854037837423 0.8150365183842222 
0.057881458932141826 0.5424710495458837 7.014391219182335 0.24975877328652357 0.22719854037837423 0.8150365183842222 
0.057881458932141826 0.5424710495458837 7.014391219182335 0.24975877328652357 0.22719854037837423 0.8150365183842222 
0.057881458932141826 0.5424710495458837 7.014391219182335 0.24975877328652357 0.22719854037837423 0.8150365183842222 
0.058397135046866694 0.5265016020518899 7.069655225024953 0.2667803487874087 0.22533497269259087 0.8696496009702483 
0.058397135046866694 0.5265016020518899 7.069655225024953 0.2667803487874087 0.22533497269259087 0.8696496009702483 
0.058397135046866694 0.5265016020518899 7.069655225024953 0.2667803487874087 0.22533497269259087 0.8696496009702483 
0.058397135046866694 0.5265016020518899 7.069655225024953 0.2667803487874087 0.22533497269259087 0.8696496009702483 
0.058397135046866694 0.5265016020518899 7.069655225024953 0.2667803487874087 0.22533497269259087 0.8696496009702483 
0.058397135046866694 0.5265016020518899 7.069655225024953 0.2667803487874087 0.22533497269259087 0.8696496009702483 
0.05629576496787162 0.5132313637900393 7.255007014830798 0.26493449735226654 0.22279578639448358 0.9446379371477182 
0.05629576496787162 0.5132313637900393 7.255007014830798 0.26493449735226654 0.22279578639448358 0.9446379371477182 
0.05629576496787162 0.5132313637900393 7.255007014830798 0.26493449735226654 0.22279578639448358 0.9446379371477182 
0.05440483266738122 0.5121069974960771 7.141870425379281 0.2856063201613181 0.22362944207156416 0.9559406841072022 
0.05440483266738122 0.5121069974960771 7.141870425379281 0.2856063201613181 0.22362944207156416 0.9559406841072022 
0.05440483266738122 0.5121069974960771 7.141870425379281 0.2856063201613181 0.22362944207156416 0.9559406841072022 
0.05358379118889455 0.5136890112784983 7.156393333994921 0.28366364539109284 0.22063001764754053 0.9670644620770573 
0.05358379118889455 0.5136890112784983 7.156393333994921 0.28366364539109284 0.22063001764754053 0.9670644620770573 
0.05358379118889455 0.5136890112784983 7.156393333994921 0.28366364539109284 0.22063001764754053 0.9670644620770573 
0.05358379118889455 0.5136890112784983 7.156393333994921 0.28366364539109284 0.22063001764754053 0.9670644620770573 
0.05358379118889455 0.5136890112784983 7.156393333994921 0.28366364539109284 0.22063001764754053 0.9670644620770573 
0.05358379118889455 0.5136890112784983 7.156393333994921 0.28366364539109284 0.22063001764754053 0.9670644620770573 
0.05358379118889455 0.5136890112784983 7.156393333994921 0.28366364539109284 0.22063001764754053 0.9670644620770573 
0.05358379118889455 0.5136890112784983 7.156393333994921 0.28366364539109284 0.22063001764754053 0.9670644620770573 
0.05358379118889455 0.5136890112784983 7.156393333994921 0.28366364539109284 0.22063001764754053 0.9670644620770573 
0.053975222659738566 0.5115307672271552 7.160269088049863 0.2845807849828116 0.221327567948147 1.1211931472552057 
0.05788353436711477 0.5124353529095836 7.151604020957111 0.2855026148098304 0.2211703505500182 1.108893447053696 
0.05788353436711477 0.5124353529095836 7.151604020957111 0.2855026148098304 0.2211703505500182 1.108893447053696 
0.05788353436711477 0.5124353529095836 7.151604020957111 0.2855026148098304 0.2211703505500182 1.108893447053696 
0.05788353436711477 0.5124353529095836 7.151604020957111 0.2855026148098304 0.2211703505500182 1.108893447053696 
0.05788353436711477 0.5124353529095836 7.151604020957111 0.2855026148098304 0.2211703505500182 1.108893447053696 
0.05788353436711477 0.5124353529095836 7.151604020957111 0.2855026148098304 0.2211703505500182 1.108893447053696 
0.05897616709878122 0.5083584388373789 7.167590731853182 0.2887476613934749 0.2140263372618039 1.1377149146719518 
0.05897616709878122 0.5083584388373789 7.167590731853182 0.2887476613934749 0.2140263372618039 1.1377149146719518 
0.05897616709878122 0.5083584388373789 7.167590731853182 0.2887476613934749 0.2140263372618039 1.1377149146719518 
0.05921496278644096 0.5071794772034747 7.167587069342609 0.29074484638709813 0.21374192342322515 1.1466876163016257 
0.06121327533416484 0.5508797614759751 6.7839889918271545 0.278278937600669 0.22075032097034072 0.9076477254545918 
0.06121327533416484 0.5508797614759751 6.7839889918271545 0.278278937600669 0.22075032097034072 0.9076477254545918 
0.06121327533416484 0.5508797614759751 6.7839889918271545 0.278278937600669 0.22075032097034072 0.9076477254545918 
0.06121327533416484 0.5508797614759751 6.7839889918271545 0.278278937600669 0.22075032097034072 0.9076477254545918 
0.06121327533416484 0.5508797614759751 6.7839889918271545 0.278278937600669 0.22075032097034072 0.9076477254545918 
0.06121327533416484 0.5508797614759751 6.7839889918271545 0.278278937600669 0.22075032097034072 0.9076477254545918 
0.06121327533416484 0.5508797614759751 6.7839889918271545 0.278278937600669 0.22075032097034072 0.9076477254545918 
0.06121327533416484 0.5508797614759751 6.7839889918271545 0.278278937600669 0.22075032097034072 0.9076477254545918 
0.06065635651557492 0.541739443198393 6.879951681290116 0.27755035253342886 0.22350730000255425 1.1937976851616456 
0.06065635651557492 0.541739443198393 6.879951681290116 0.27755035253342886 0.22350730000255425 1.1937976851616456 
0.06065635651557492 0.541739443198393 6.879951681290116 0.27755035253342886 0.22350730000255425 1.1937976851616456 
0.06068142397299261 0.5387562908423268 6.9174677671468405 0.2775648453876498 0.22101630591639834 1.2453069316830834 
0.06068142397299261 0.5387562908423268 6.9174677671468405 0.2775648453876498 0.22101630591639834 1.2453069316830834 
0.06068142397299261 0.5387562908423268 6.9174677671468405 0.2775648453876498 0.22101630591639834 1.2453069316830834 
0.06068142397299261 0.5387562908423268 6.9174677671468405 0.2775648453876498 0.22101630591639834 1.2453069316830834 
0.06052225494467109 0.539141820790201 6.949838143449605 0.27625478479360316 0.22746617089627963 1.249075591432528 
0.06052225494467109 0.539141820790201 6.949838143449605 0.27625478479360316 0.22746617089627963 1.249075591432528 
0.06052225494467109 0.539141820790201 6.949838143449605 0.27625478479360316 0.22746617089627963 1.249075591432528 
0.06052225494467109 0.539141820790201 6.949838143449605 0.27625478479360316 0.22746617089627963 1.249075591432528 
0.06052225494467109 0.539141820790201 6.949838143449605 0.27625478479360316 0.22746617089627963 1.249075591432528 
0.06052225494467109 0.539141820790201 6.949838143449605 0.27625478479360316 0.22746617089627963 1.249075591432528 
0.06052225494467109 0.539141820790201 6.949838143449605 0.27625478479360316 0.22746617089627963 1.249075591432528 
0.06052225494467109 0.539141820790201 6.949838143449605 0.27625478479360316 0.22746617089627963 1.249075591432528 
0.06040886752880288 0.5377179920536503 6.956867175577194 0.2755870893371797 0.2266607124040724 1.2569458457399543 
0.06040886752880288 0.5377179920536503 6.956867175577194 0.2755870893371797 0.2266607124040724 1.2569458457399543 
0.06040886752880288 0.5377179920536503 6.956867175577194 0.2755870893371797 0.2266607124040724 1.2569458457399543 
0.06040886752880288 0.5377179920536503 6.956867175577194 0.2755870893371797 0.2266607124040724 1.2569458457399543 
0.06040886752880288 0.5377179920536503 6.956867175577194 0.2755870893371797 0.2266607124040724 1.2569458457399543 
0.061245881189793495 0.5359409899488279 6.97114232633429 0.27800529555304787 0.22143745516163266 1.309018659049907 
0.061245881189793495 0.5359409899488279 6.97114232633429 0.27800529555304787 0.22143745516163266 1.309018659049907 
0.061245881189793495 0.5359409899488279 6.97114232633429 0.27800529555304787 0.22143745516163266 1.309018659049907 
0.061245881189793495 0.5359409899488279 6.97114232633429 0.27800529555304787 0.22143745516163266 1.309018659049907 
0.061245881189793495 0.5359409899488279 6.97114232633429 0.27800529555304787 0.22143745516163266 1.309018659049907 
0.061245881189793495 0.5359409899488279 6.97114232633429 0.27800529555304787 0.22143745516163266 1.309018659049907 
0.061245881189793495 0.5359409899488279 6.97114232633429 0.27800529555304787 0.22143745516163266 1.309018659049907 
0.061245881189793495 0.5359409899488279 6.97114232633429 0.27800529555304787 0.22143745516163266 1.309018659049907 
0.06075177262014931 0.5202115819714682 7.251270673531728 0.27261504349716587 0.22340775518859746 1.3464349287033848 
0.06075177262014931 0.5202115819714682 7.251270673531728 0.27261504349716587 0.22340775518859746 1.3464349287033848 
0.06075177262014931 0.5202115819714682 7.251270673531728 0.27261504349716587 0.22340775518859746 1.3464349287033848 
0.0604480100032755 0.5200672757289004 7.248093999050219 0.2732396550088323 0.22346067077602394 1.3519543501610667 
0.0604480100032755 0.5200672757289004 7.248093999050219 0.2732396550088323 0.22346067077602394 1.3519543501610667 
0.0604480100032755 0.5200672757289004 7.248093999050219 0.2732396550088323 0.22346067077602394 1.3519543501610667 
0.0604480100032755 0.5200672757289004 7.248093999050219 0.2732396550088323 0.22346067077602394 1.3519543501610667 
0.0604480100032755 0.5200672757289004 7.248093999050219 0.2732396550088323 0.22346067077602394 1.3519543501610667 
0.05833222056332042 0.515378263090238 7.416663241089275 0.26865047299501255 0.2170636219541786 1.5446034971349882 
0.05833222056332042 0.515378263090238 7.416663241089275 0.26865047299501255 0.2170636219541786 1.5446034971349882 
0.05833222056332042 0.515378263090238 7.416663241089275 0.26865047299501255 0.2170636219541786 1.5446034971349882 
0.05833222056332042 0.515378263090238 7.416663241089275 0.26865047299501255 0.2170636219541786 1.5446034971349882 
0.05833222056332042 0.515378263090238 7.416663241089275 0.26865047299501255 0.2170636219541786 1.5446034971349882 
0.05833222056332042 0.515378263090238 7.416663241089275 0.26865047299501255 0.2170636219541786 1.5446034971349882 
0.05833222056332042 0.515378263090238 7.416663241089275 0.26865047299501255 0.2170636219541786 1.5446034971349882 
0.05833222056332042 0.515378263090238 7.416663241089275 0.26865047299501255 0.2170636219541786 1.5446034971349882 
0.05833222056332042 0.515378263090238 7.416663241089275 0.26865047299501255 0.2170636219541786 1.5446034971349882 
0.05833222056332042 0.515378263090238 7.416663241089275 0.26865047299501255 0.2170636219541786 1.5446034971349882 
0.05866568677615572 0.5139744365188501 7.428476720940704 0.26852335542926853 0.216834628112838 1.554539577541294 
0.05866568677615572 0.5139744365188501 7.428476720940704 0.26852335542926853 0.216834628112838 1.554539577541294 
0.05866568677615572 0.5139744365188501 7.428476720940704 0.26852335542926853 0.216834628112838 1.554539577541294 
0.05866568677615572 0.5139744365188501 7.428476720940704 0.26852335542926853 0.216834628112838 1.554539577541294 
0.05866568677615572 0.5139744365188501 7.428476720940704 0.26852335542926853 0.216834628112838 1.554539577541294 
0.05866568677615572 0.5139744365188501 7.428476720940704 0.26852335542926853 0.216834628112838 1.554539577541294 
0.05866568677615572 0.5139744365188501 7.428476720940704 0.26852335542926853 0.216834628112838 1.554539577541294 
0.05866568677615572 0.5139744365188501 7.428476720940704 0.26852335542926853 0.216834628112838 1.554539577541294 
0.05866568677615572 0.5139744365188501 7.428476720940704 0.26852335542926853 0.216834628112838 1.554539577541294 
0.05866568677615572 0.5139744365188501 7.428476720940704 0.26852335542926853 0.216834628112838 1.554539577541294 
0.05866568677615572 0.5139744365188501 7.428476720940704 0.26852335542926853 0.216834628112838 1.554539577541294 
0.05866568677615572 0.5139744365188501 7.428476720940704 0.26852335542926853 0.216834628112838 1.554539577541294 
0.05866568677615572 0.5139744365188501 7.428476720940704 0.26852335542926853 0.216834628112838 1.554539577541294 
0.05866568677615572 0.5139744365188501 7.428476720940704 0.26852335542926853 0.216834628112838 1.554539577541294 
0.05866568677615572 0.5139744365188501 7.428476720940704 0.26852335542926853 0.216834628112838 1.554539577541294 
0.0569860921331609 0.5306784291206088 7.390626483782305 0.2696496949593617 0.22980559832400216 1.4744553651598373 
0.0569860921331609 0.5306784291206088 7.390626483782305 0.2696496949593617 0.22980559832400216 1.4744553651598373 
0.0569860921331609 0.5306784291206088 7.390626483782305 0.2696496949593617 0.22980559832400216 1.4744553651598373 
0.0569860921331609 0.5306784291206088 7.390626483782305 0.2696496949593617 0.22980559832400216 1.4744553651598373 
0.0569860921331609 0.5306784291206088 7.390626483782305 0.2696496949593617 0.22980559832400216 1.4744553651598373 
0.0569860921331609 0.5306784291206088 7.390626483782305 0.2696496949593617 0.22980559832400216 1.4744553651598373 
0.05562331891040555 0.5263810700668236 7.3106001631013 0.2969223982401549 0.2192028274619785 1.4355500568220445 
0.05380992510891283 0.5311158235717133 7.264366820814909 0.29602952641648245 0.21876097856941115 1.419648174153425 
0.05380992510891283 0.5311158235717133 7.264366820814909 0.29602952641648245 0.21876097856941115 1.419648174153425 
0.04243448854289163 0.5354897133137821 7.385162560814787 0.27916245523257965 0.2303238354781279 1.6275768078516135 
0.04243448854289163 0.5354897133137821 7.385162560814787 0.27916245523257965 0.2303238354781279 1.6275768078516135 
0.04243448854289163 0.5354897133137821 7.385162560814787 0.27916245523257965 0.2303238354781279 1.6275768078516135 
0.04243448854289163 0.5354897133137821 7.385162560814787 0.27916245523257965 0.2303238354781279 1.6275768078516135 
0.04243448854289163 0.5354897133137821 7.385162560814787 0.27916245523257965 0.2303238354781279 1.6275768078516135 
0.04243448854289163 0.5354897133137821 7.385162560814787 0.27916245523257965 0.2303238354781279 1.6275768078516135 
0.044171339760276276 0.5109997755724718 7.557100031618005 0.2738521853740502 0.23045459414727434 1.6456134807904326 
0.044171339760276276 0.5109997755724718 7.557100031618005 0.2738521853740502 0.23045459414727434 1.6456134807904326 
0.044171339760276276 0.5109997755724718 7.557100031618005 0.2738521853740502 0.23045459414727434 1.6456134807904326 
0.044171339760276276 0.5109997755724718 7.557100031618005 0.2738521853740502 0.23045459414727434 1.6456134807904326 
0.044171339760276276 0.5109997755724718 7.557100031618005 0.2738521853740502 0.23045459414727434 1.6456134807904326 
0.044171339760276276 0.5109997755724718 7.557100031618005 0.2738521853740502 0.23045459414727434 1.6456134807904326 
0.04463541575375498 0.5104441426236798 7.651142911193036 0.25266366078097674 0.23100788886592868 1.6008147834392652 
0.04463541575375498 0.5104441426236798 7.651142911193036 0.25266366078097674 0.23100788886592868 1.6008147834392652 
0.04463541575375498 0.5104441426236798 7.651142911193036 0.25266366078097674 0.23100788886592868 1.6008147834392652 
0.044378384074667834 0.510057105754865 7.6799292508046095 0.2495299041752208 0.23123033351296757 1.5905982070155544 
0.04287087623597582 0.5146510880136954 7.625587550834574 0.2499369279728817 0.2315932373676311 1.6099762813240748 
0.04287087623597582 0.5146510880136954 7.625587550834574 0.2499369279728817 0.2315932373676311 1.6099762813240748 
0.04287087623597582 0.5146510880136954 7.625587550834574 0.2499369279728817 0.2315932373676311 1.6099762813240748 
0.04287087623597582 0.5146510880136954 7.625587550834574 0.2499369279728817 0.2315932373676311 1.6099762813240748 
0.04287087623597582 0.5146510880136954 7.625587550834574 0.2499369279728817 0.2315932373676311 1.6099762813240748 
0.04287087623597582 0.5146510880136954 7.625587550834574 0.2499369279728817 0.2315932373676311 1.6099762813240748 
0.04287087623597582 0.5146510880136954 7.625587550834574 0.2499369279728817 0.2315932373676311 1.6099762813240748 
0.04287087623597582 0.5146510880136954 7.625587550834574 0.2499369279728817 0.2315932373676311 1.6099762813240748 
0.04287087623597582 0.5146510880136954 7.625587550834574 0.2499369279728817 0.2315932373676311 1.6099762813240748 
0.04287087623597582 0.5146510880136954 7.625587550834574 0.2499369279728817 0.2315932373676311 1.6099762813240748 
0.04287087623597582 0.5146510880136954 7.625587550834574 0.2499369279728817 0.2315932373676311 1.6099762813240748 
0.04287087623597582 0.5146510880136954 7.625587550834574 0.2499369279728817 0.2315932373676311 1.6099762813240748 
0.04287087623597582 0.5146510880136954 7.625587550834574 0.2499369279728817 0.2315932373676311 1.6099762813240748 
0.04287087623597582 0.5146510880136954 7.625587550834574 0.2499369279728817 0.2315932373676311 1.6099762813240748 
0.04287087623597582 0.5146510880136954 7.625587550834574 0.2499369279728817 0.2315932373676311 1.6099762813240748 
0.04287087623597582 0.5146510880136954 7.625587550834574 0.2499369279728817 0.2315932373676311 1.6099762813240748 
0.04287087623597582 0.5146510880136954 7.625587550834574 0.2499369279728817 0.2315932373676311 1.6099762813240748 
0.04287087623597582 0.5146510880136954 7.625587550834574 0.2499369279728817 0.2315932373676311 1.6099762813240748 
0.04287087623597582 0.5146510880136954 7.625587550834574 0.2499369279728817 0.2315932373676311 1.6099762813240748 
0.04287087623597582 0.5146510880136954 7.625587550834574 0.2499369279728817 0.2315932373676311 1.6099762813240748 
0.04287087623597582 0.5146510880136954 7.625587550834574 0.2499369279728817 0.2315932373676311 1.6099762813240748 
0.04287087623597582 0.5146510880136954 7.625587550834574 0.2499369279728817 0.2315932373676311 1.6099762813240748 
0.04303049269764664 0.514506288961194 7.632621102549226 0.24888190652344433 0.23167873310149664 1.6072534140265362 
0.04303049269764664 0.514506288961194 7.632621102549226 0.24888190652344433 0.23167873310149664 1.6072534140265362 
0.04303049269764664 0.514506288961194 7.632621102549226 0.24888190652344433 0.23167873310149664 1.6072534140265362 
0.04303049269764664 0.514506288961194 7.632621102549226 0.24888190652344433 0.23167873310149664 1.6072534140265362 
0.04303049269764664 0.514506288961194 7.632621102549226 0.24888190652344433 0.23167873310149664 1.6072534140265362 
0.04303049269764664 0.514506288961194 7.632621102549226 0.24888190652344433 0.23167873310149664 1.6072534140265362 
0.04303049269764664 0.514506288961194 7.632621102549226 0.24888190652344433 0.23167873310149664 1.6072534140265362 
0.04303049269764664 0.514506288961194 7.632621102549226 0.24888190652344433 0.23167873310149664 1.6072534140265362 
0.04303049269764664 0.514506288961194 7.632621102549226 0.24888190652344433 0.23167873310149664 1.6072534140265362 
0.04303049269764664 0.514506288961194 7.632621102549226 0.24888190652344433 0.23167873310149664 1.6072534140265362 
0.04303049269764664 0.514506288961194 7.632621102549226 0.24888190652344433 0.23167873310149664 1.6072534140265362 
0.04303049269764664 0.514506288961194 7.632621102549226 0.24888190652344433 0.23167873310149664 1.6072534140265362 
0.04303049269764664 0.514506288961194 7.632621102549226 0.24888190652344433 0.23167873310149664 1.6072534140265362 
0.04303049269764664 0.514506288961194 7.632621102549226 0.24888190652344433 0.23167873310149664 1.6072534140265362 
0.04303049269764664 0.514506288961194 7.632621102549226 0.24888190652344433 0.23167873310149664 1.6072534140265362 
0.04303049269764664 0.514506288961194 7.632621102549226 0.24888190652344433 0.23167873310149664 1.6072534140265362 
0.04303049269764664 0.514506288961194 7.632621102549226 0.24888190652344433 0.23167873310149664 1.6072534140265362 
0.04303049269764664 0.514506288961194 7.632621102549226 0.24888190652344433 0.23167873310149664 1.6072534140265362 
0.04303049269764664 0.514506288961194 7.632621102549226 0.24888190652344433 0.23167873310149664 1.6072534140265362 
0.04303049269764664 0.514506288961194 7.632621102549226 0.24888190652344433 0.23167873310149664 1.6072534140265362 
0.04303049269764664 0.514506288961194 7.632621102549226 0.24888190652344433 0.23167873310149664 1.6072534140265362 
0.04303049269764664 0.514506288961194 7.632621102549226 0.24888190652344433 0.23167873310149664 1.6072534140265362 
0.04303049269764664 0.514506288961194 7.632621102549226 0.24888190652344433 0.23167873310149664 1.6072534140265362 
0.04303049269764664 0.514506288961194 7.632621102549226 0.24888190652344433 0.23167873310149664 1.6072534140265362 
0.04303049269764664 0.514506288961194 7.632621102549226 0.24888190652344433 0.23167873310149664 1.6072534140265362 
0.04303049269764664 0.514506288961194 7.632621102549226 0.24888190652344433 0.23167873310149664 1.6072534140265362 
0.04298172722114858 0.5153770981530511 7.657062773128805 0.24615418521024526 0.23210056960728664 1.609947458213172 
0.04298172722114858 0.5153770981530511 7.657062773128805 0.24615418521024526 0.23210056960728664 1.609947458213172 
0.0410438629394078 0.5261373324620058 7.620919976750774 0.24655203657045188 0.23313147762727135 1.6291908220436861 
0.0410438629394078 0.5261373324620058 7.620919976750774 0.24655203657045188 0.23313147762727135 1.6291908220436861 
0.0410438629394078 0.5261373324620058 7.620919976750774 0.24655203657045188 0.23313147762727135 1.6291908220436861 
0.0410438629394078 0.5261373324620058 7.620919976750774 0.24655203657045188 0.23313147762727135 1.6291908220436861 
0.0410438629394078 0.5261373324620058 7.620919976750774 0.24655203657045188 0.23313147762727135 1.6291908220436861 
0.0410438629394078 0.5261373324620058 7.620919976750774 0.24655203657045188 0.23313147762727135 1.6291908220436861 
0.04118088107828471 0.5273170321020139 7.562790083305549 0.24491194911287123 0.23371256130870402 1.6409804334458769 
0.04118088107828471 0.5273170321020139 7.562790083305549 0.24491194911287123 0.23371256130870402 1.6409804334458769 
0.04118088107828471 0.5273170321020139 7.562790083305549 0.24491194911287123 0.23371256130870402 1.6409804334458769 
0.03951676789654527 0.5296929607693853 7.57588787593447 0.24493827126010814 0.2337336963709831 1.611606367672752 
0.03951676789654527 0.5296929607693853 7.57588787593447 0.24493827126010814 0.2337336963709831 1.611606367672752 
0.03951676789654527 0.5296929607693853 7.57588787593447 0.24493827126010814 0.2337336963709831 1.611606367672752 
0.042046914103952254 0.5261906161685891 7.549518655787797 0.24784024596234513 0.23070082589067442 1.5949702058723922 
0.042046914103952254 0.5261906161685891 7.549518655787797 0.24784024596234513 0.23070082589067442 1.5949702058723922 
0.042046914103952254 0.5261906161685891 7.549518655787797 0.24784024596234513 0.23070082589067442 1.5949702058723922 
0.042046914103952254 0.5261906161685891 7.549518655787797 0.24784024596234513 0.23070082589067442 1.5949702058723922 
0.042046914103952254 0.5261906161685891 7.549518655787797 0.24784024596234513 0.23070082589067442 1.5949702058723922 
0.042046914103952254 0.5261906161685891 7.549518655787797 0.24784024596234513 0.23070082589067442 1.5949702058723922 
0.04340847233340333 0.5256169542271081 7.505528056814416 0.2504918186569652 0.22843414904193315 1.57206717210837 
0.04340847233340333 0.5256169542271081 7.505528056814416 0.2504918186569652 0.22843414904193315 1.57206717210837 
0.04340847233340333 0.5256169542271081 7.505528056814416 0.2504918186569652 0.22843414904193315 1.57206717210837 
0.04340847233340333 0.5256169542271081 7.505528056814416 0.2504918186569652 0.22843414904193315 1.57206717210837 
0.04340847233340333 0.5256169542271081 7.505528056814416 0.2504918186569652 0.22843414904193315 1.57206717210837 
0.04340847233340333 0.5256169542271081 7.505528056814416 0.2504918186569652 0.22843414904193315 1.57206717210837 
0.04511756004102645 0.5147698058936404 7.620187546801916 0.2501320805412848 0.22754676203638047 1.6128150374422678 
0.03967883013999838 0.5162166780645356 7.665461537004048 0.24823553720833091 0.22669349001421732 1.6040354303212245 
0.03973510971768418 0.5163917543770942 7.677923221367523 0.2439835739766008 0.23103612677497815 1.644782334657824 
0.03973510971768418 0.5163917543770942 7.677923221367523 0.2439835739766008 0.23103612677497815 1.644782334657824 
0.04313899510196805 0.5160995851937555 7.66942506542597 0.24688507914677146 0.21996087794139488 1.6594202773870304 
0.04313899510196805 0.5160995851937555 7.66942506542597 0.24688507914677146 0.21996087794139488 1.6594202773870304 
0.04313899510196805 0.5160995851937555 7.66942506542597 0.24688507914677146 0.21996087794139488 1.6594202773870304 
0.04313899510196805 0.5160995851937555 7.66942506542597 0.24688507914677146 0.21996087794139488 1.6594202773870304 
0.04313899510196805 0.5160995851937555 7.66942506542597 0.24688507914677146 0.21996087794139488 1.6594202773870304 
0.04313899510196805 0.5160995851937555 7.66942506542597 0.24688507914677146 0.21996087794139488 1.6594202773870304 
0.04313899510196805 0.5160995851937555 7.66942506542597 0.24688507914677146 0.21996087794139488 1.6594202773870304 
0.04313899510196805 0.5160995851937555 7.66942506542597 0.24688507914677146 0.21996087794139488 1.6594202773870304 
0.04313899510196805 0.5160995851937555 7.66942506542597 0.24688507914677146 0.21996087794139488 1.6594202773870304 
0.04313899510196805 0.5160995851937555 7.66942506542597 0.24688507914677146 0.21996087794139488 1.6594202773870304 
0.04313899510196805 0.5160995851937555 7.66942506542597 0.24688507914677146 0.21996087794139488 1.6594202773870304 
0.03969295845265734 0.5126323152312463 7.771106537277508 0.24416040797443492 0.2246967108485798 1.6089445398925193 
0.03969295845265734 0.5126323152312463 7.771106537277508 0.24416040797443492 0.2246967108485798 1.6089445398925193 
0.03969295845265734 0.5126323152312463 7.771106537277508 0.24416040797443492 0.2246967108485798 1.6089445398925193 
0.03969295845265734 0.5126323152312463 7.771106537277508 0.24416040797443492 0.2246967108485798 1.6089445398925193 
0.03969295845265734 0.5126323152312463 7.771106537277508 0.24416040797443492 0.2246967108485798 1.6089445398925193 
0.03969295845265734 0.5126323152312463 7.771106537277508 0.24416040797443492 0.2246967108485798 1.6089445398925193 
0.03969295845265734 0.5126323152312463 7.771106537277508 0.24416040797443492 0.2246967108485798 1.6089445398925193 
