0.03632166019974091 0.3362036715674156 5.657836027521823 0.34541060654874434 0.119325766129138 1.346954831205215 
0.03625413960813769 0.33565128690442286 5.647057676964257 0.3453002209577002 0.11907345805729264 1.3472172696466989 
0.06621626424844862 0.4269902451301667 10.510278584076541 0.28961026278178603 0.18943745106275095 0.8768120626830255 
0.06621626424844862 0.4269902451301667 10.510278584076541 0.28961026278178603 0.18943745106275095 0.8768120626830255 
0.06624924198149569 0.4305193685030626 10.506314849281726 0.2866178571410811 0.1894785430676246 0.8623445459664948 
0.06624924198149569 0.4305193685030626 10.506314849281726 0.2866178571410811 0.1894785430676246 0.8623445459664948 
0.06624924198149569 0.4305193685030626 10.506314849281726 0.2866178571410811 0.1894785430676246 0.8623445459664948 
0.05382753003998905 0.238603514983373 11.997798923306133 0.5413464001642577 0.14305583926027285 1.4404862351219698 
0.05382753003998905 0.238603514983373 11.997798923306133 0.5413464001642577 0.14305583926027285 1.4404862351219698 
0.04804932699043888 0.276182755240937 10.806015352591434 0.472131808841303 0.17509540638788373 0.7923410423560331 
0.04804932699043888 0.276182755240937 10.806015352591434 0.472131808841303 0.17509540638788373 0.7923410423560331 
0.04804932699043888 0.276182755240937 10.806015352591434 0.472131808841303 0.17509540638788373 0.7923410423560331 
0.04804932699043888 0.276182755240937 10.806015352591434 0.472131808841303 0.17509540638788373 0.7923410423560331 
0.04804932699043888 0.276182755240937 10.806015352591434 0.472131808841303 0.17509540638788373 0.7923410423560331 
0.04804932699043888 0.276182755240937 10.806015352591434 0.472131808841303 0.17509540638788373 0.7923410423560331 
0.04804932699043888 0.276182755240937 10.806015352591434 0.472131808841303 0.17509540638788373 0.7923410423560331 
0.04804932699043888 0.276182755240937 10.806015352591434 0.472131808841303 0.17509540638788373 0.7923410423560331 
0.04804932699043888 0.276182755240937 10.806015352591434 0.472131808841303 0.17509540638788373 0.7923410423560331 
0.04804932699043888 0.276182755240937 10.806015352591434 0.472131808841303 0.17509540638788373 0.7923410423560331 
0.04804932699043888 0.276182755240937 10.806015352591434 0.472131808841303 0.17509540638788373 0.7923410423560331 
0.04804932699043888 0.276182755240937 10.806015352591434 0.472131808841303 0.17509540638788373 0.7923410423560331 
0.050229609144538445 0.25579269682562694 10.301838700613631 0.539311697613308 0.2125131364024835 0.7953142929020726 
0.050229609144538445 0.25579269682562694 10.301838700613631 0.539311697613308 0.2125131364024835 0.7953142929020726 
0.050229609144538445 0.25579269682562694 10.301838700613631 0.539311697613308 0.2125131364024835 0.7953142929020726 
0.050229609144538445 0.25579269682562694 10.301838700613631 0.539311697613308 0.2125131364024835 0.7953142929020726 
0.050229609144538445 0.25579269682562694 10.301838700613631 0.539311697613308 0.2125131364024835 0.7953142929020726 
0.05120618530830126 0.2536530348895851 10.233218604703763 0.546486251064257 0.2092964576396977 0.8497388908331235 
0.05120618530830126 0.2536530348895851 10.233218604703763 0.546486251064257 0.2092964576396977 0.8497388908331235 
0.04985252889866558 0.3737102291210249 8.258372125844678 0.44593132256588663 0.1684710049757086 1.3363324823818457 
0.049965945568968294 0.3763644187710786 8.245218526964113 0.4419654504339003 0.16773659346733277 1.3335235458286527 
0.05237259891526769 0.3727391765121075 7.914474378338559 0.4770497507033269 0.17949274941178484 1.563178625836655 
0.05237259891526769 0.3727391765121075 7.914474378338559 0.4770497507033269 0.17949274941178484 1.563178625836655 
0.05237259891526769 0.3727391765121075 7.914474378338559 0.4770497507033269 0.17949274941178484 1.563178625836655 
0.05237259891526769 0.3727391765121075 7.914474378338559 0.4770497507033269 0.17949274941178484 1.563178625836655 
0.05237259891526769 0.3727391765121075 7.914474378338559 0.4770497507033269 0.17949274941178484 1.563178625836655 
0.05237259891526769 0.3727391765121075 7.914474378338559 0.4770497507033269 0.17949274941178484 1.563178625836655 
0.05237259891526769 0.3727391765121075 7.914474378338559 0.4770497507033269 0.17949274941178484 1.563178625836655 
0.05237259891526769 0.3727391765121075 7.914474378338559 0.4770497507033269 0.17949274941178484 1.563178625836655 
0.05237259891526769 0.3727391765121075 7.914474378338559 0.4770497507033269 0.17949274941178484 1.563178625836655 
0.05237259891526769 0.3727391765121075 7.914474378338559 0.4770497507033269 0.17949274941178484 1.563178625836655 
0.05237259891526769 0.3727391765121075 7.914474378338559 0.4770497507033269 0.17949274941178484 1.563178625836655 
0.052100326054652576 0.4043136300314174 7.0404663671712475 0.4421251842568986 0.17248377214947072 1.493171811444066 
0.052100326054652576 0.4043136300314174 7.0404663671712475 0.4421251842568986 0.17248377214947072 1.493171811444066 
0.052100326054652576 0.4043136300314174 7.0404663671712475 0.4421251842568986 0.17248377214947072 1.493171811444066 
0.052100326054652576 0.4043136300314174 7.0404663671712475 0.4421251842568986 0.17248377214947072 1.493171811444066 
0.052100326054652576 0.4043136300314174 7.0404663671712475 0.4421251842568986 0.17248377214947072 1.493171811444066 
0.052100326054652576 0.4043136300314174 7.0404663671712475 0.4421251842568986 0.17248377214947072 1.493171811444066 
0.052100326054652576 0.4043136300314174 7.0404663671712475 0.4421251842568986 0.17248377214947072 1.493171811444066 
0.052100326054652576 0.4043136300314174 7.0404663671712475 0.4421251842568986 0.17248377214947072 1.493171811444066 
0.052100326054652576 0.4043136300314174 7.0404663671712475 0.4421251842568986 0.17248377214947072 1.493171811444066 
0.052100326054652576 0.4043136300314174 7.0404663671712475 0.4421251842568986 0.17248377214947072 1.493171811444066 
0.054245211229106374 0.4172504769887515 6.966751927550569 0.40627926973995465 0.1722556263536131 1.525033401000511 
0.054245211229106374 0.4172504769887515 6.966751927550569 0.40627926973995465 0.1722556263536131 1.525033401000511 
0.053826895352214625 0.41801523013199776 6.926610356906728 0.40636462421516373 0.17350259388647837 1.5387789553271356 
0.053826895352214625 0.41801523013199776 6.926610356906728 0.40636462421516373 0.17350259388647837 1.5387789553271356 
0.059628687300795666 0.40798137695359915 7.319282564473488 0.27678385360980606 0.17876476195325722 0.9683754342713993 
0.07992493018576066 0.4755986816454916 6.749301813939484 0.2583570436813047 0.2075760341817934 0.892026822426863 
0.07992493018576066 0.4755986816454916 6.749301813939484 0.2583570436813047 0.2075760341817934 0.892026822426863 
0.07992493018576066 0.4755986816454916 6.749301813939484 0.2583570436813047 0.2075760341817934 0.892026822426863 
0.07992493018576066 0.4755986816454916 6.749301813939484 0.2583570436813047 0.2075760341817934 0.892026822426863 
0.0795628318240442 0.4709720229689382 6.804176281219676 0.26419398580127207 0.2007536799390417 0.9149532833025557 
0.0795628318240442 0.4709720229689382 6.804176281219676 0.26419398580127207 0.2007536799390417 0.9149532833025557 
0.08326564742042439 0.4873971999048551 6.693290145056743 0.2560550506743194 0.2025340318395749 0.8333152880334624 
0.08326564742042439 0.4873971999048551 6.693290145056743 0.2560550506743194 0.2025340318395749 0.8333152880334624 
0.06799981670569744 0.526989529467248 6.898820942924915 0.34249619962590805 0.12507940754694283 1.935150637722219 
0.06799981670569744 0.526989529467248 6.898820942924915 0.34249619962590805 0.12507940754694283 1.935150637722219 
0.06799981670569744 0.526989529467248 6.898820942924915 0.34249619962590805 0.12507940754694283 1.935150637722219 
0.06799981670569744 0.526989529467248 6.898820942924915 0.34249619962590805 0.12507940754694283 1.935150637722219 
0.06799981670569744 0.526989529467248 6.898820942924915 0.34249619962590805 0.12507940754694283 1.935150637722219 
0.06799981670569744 0.526989529467248 6.898820942924915 0.34249619962590805 0.12507940754694283 1.935150637722219 
0.06799981670569744 0.526989529467248 6.898820942924915 0.34249619962590805 0.12507940754694283 1.935150637722219 
0.07095781312689926 0.5414660189792742 6.854434355859111 0.34717802473765513 0.12256051196516109 2.0076569006854745 
0.07095781312689926 0.5414660189792742 6.854434355859111 0.34717802473765513 0.12256051196516109 2.0076569006854745 
0.07095781312689926 0.5414660189792742 6.854434355859111 0.34717802473765513 0.12256051196516109 2.0076569006854745 
0.07095781312689926 0.5414660189792742 6.854434355859111 0.34717802473765513 0.12256051196516109 2.0076569006854745 
0.07095781312689926 0.5414660189792742 6.854434355859111 0.34717802473765513 0.12256051196516109 2.0076569006854745 
0.07095781312689926 0.5414660189792742 6.854434355859111 0.34717802473765513 0.12256051196516109 2.0076569006854745 
0.07095781312689926 0.5414660189792742 6.854434355859111 0.34717802473765513 0.12256051196516109 2.0076569006854745 
0.07095781312689926 0.5414660189792742 6.854434355859111 0.34717802473765513 0.12256051196516109 2.0076569006854745 
0.07095781312689926 0.5414660189792742 6.854434355859111 0.34717802473765513 0.12256051196516109 2.0076569006854745 
0.07095781312689926 0.5414660189792742 6.854434355859111 0.34717802473765513 0.12256051196516109 2.0076569006854745 
0.07095781312689926 0.5414660189792742 6.854434355859111 0.34717802473765513 0.12256051196516109 2.0076569006854745 
0.06987655092751399 0.5221783482728449 7.060029576452022 0.33116545799756214 0.128136185748605 1.953201082026697 
0.06987655092751399 0.5221783482728449 7.060029576452022 0.33116545799756214 0.128136185748605 1.953201082026697 
0.06987655092751399 0.5221783482728449 7.060029576452022 0.33116545799756214 0.128136185748605 1.953201082026697 
0.06987655092751399 0.5221783482728449 7.060029576452022 0.33116545799756214 0.128136185748605 1.953201082026697 
0.06987655092751399 0.5221783482728449 7.060029576452022 0.33116545799756214 0.128136185748605 1.953201082026697 
0.06987655092751399 0.5221783482728449 7.060029576452022 0.33116545799756214 0.128136185748605 1.953201082026697 
0.07348559855127385 0.521862932934145 7.223821164097933 0.2735094709022088 0.10843861508353288 1.8805200327331437 
0.07348559855127385 0.521862932934145 7.223821164097933 0.2735094709022088 0.10843861508353288 1.8805200327331437 
0.07293072371118431 0.5174246671419003 7.239705002552822 0.27664101886313053 0.11043385708346429 1.8743119004911388 
0.07627486847539725 0.5394243409736841 6.989412894333184 0.2779061204664785 0.10432432161342184 1.9773164421835792 
0.07950562708387454 0.5430690474287562 6.893947316050073 0.27227523400481424 0.0883811947287911 2.0319131603156886 
0.07950562708387454 0.5430690474287562 6.893947316050073 0.27227523400481424 0.0883811947287911 2.0319131603156886 
0.07950562708387454 0.5430690474287562 6.893947316050073 0.27227523400481424 0.0883811947287911 2.0319131603156886 
0.07950562708387454 0.5430690474287562 6.893947316050073 0.27227523400481424 0.0883811947287911 2.0319131603156886 
0.07950562708387454 0.5430690474287562 6.893947316050073 0.27227523400481424 0.0883811947287911 2.0319131603156886 
0.07950562708387454 0.5430690474287562 6.893947316050073 0.27227523400481424 0.0883811947287911 2.0319131603156886 
0.07950562708387454 0.5430690474287562 6.893947316050073 0.27227523400481424 0.0883811947287911 2.0319131603156886 
0.07950562708387454 0.5430690474287562 6.893947316050073 0.27227523400481424 0.0883811947287911 2.0319131603156886 
0.07950562708387454 0.5430690474287562 6.893947316050073 0.27227523400481424 0.0883811947287911 2.0319131603156886 
0.07950562708387454 0.5430690474287562 6.893947316050073 0.27227523400481424 0.0883811947287911 2.0319131603156886 
0.07950562708387454 0.5430690474287562 6.893947316050073 0.27227523400481424 0.0883811947287911 2.0319131603156886 
0.07950562708387454 0.5430690474287562 6.893947316050073 0.27227523400481424 0.0883811947287911 2.0319131603156886 
0.07950562708387454 0.5430690474287562 6.893947316050073 0.27227523400481424 0.0883811947287911 2.0319131603156886 
0.07950562708387454 0.5430690474287562 6.893947316050073 0.27227523400481424 0.0883811947287911 2.0319131603156886 
0.07950562708387454 0.5430690474287562 6.893947316050073 0.27227523400481424 0.0883811947287911 2.0319131603156886 
0.07950562708387454 0.5430690474287562 6.893947316050073 0.27227523400481424 0.0883811947287911 2.0319131603156886 
0.07950562708387454 0.5430690474287562 6.893947316050073 0.27227523400481424 0.0883811947287911 2.0319131603156886 
0.07950562708387454 0.5430690474287562 6.893947316050073 0.27227523400481424 0.0883811947287911 2.0319131603156886 
0.07950562708387454 0.5430690474287562 6.893947316050073 0.27227523400481424 0.0883811947287911 2.0319131603156886 
0.07950562708387454 0.5430690474287562 6.893947316050073 0.27227523400481424 0.0883811947287911 2.0319131603156886 
0.08080954323612453 0.5443855154757264 6.9051095595601 0.27242492141537017 0.08398706781919464 2.031581054461154 
0.08080954323612453 0.5443855154757264 6.9051095595601 0.27242492141537017 0.08398706781919464 2.031581054461154 
0.08080954323612453 0.5443855154757264 6.9051095595601 0.27242492141537017 0.08398706781919464 2.031581054461154 
0.08080954323612453 0.5443855154757264 6.9051095595601 0.27242492141537017 0.08398706781919464 2.031581054461154 
0.08080954323612453 0.5443855154757264 6.9051095595601 0.27242492141537017 0.08398706781919464 2.031581054461154 
0.08080954323612453 0.5443855154757264 6.9051095595601 0.27242492141537017 0.08398706781919464 2.031581054461154 
0.08074978694929999 0.5441789041406884 6.918352799083328 0.2709916841581914 0.08412232235090816 2.0585769013084914 
0.08074978694929999 0.5441789041406884 6.918352799083328 0.2709916841581914 0.08412232235090816 2.0585769013084914 
0.08074978694929999 0.5441789041406884 6.918352799083328 0.2709916841581914 0.08412232235090816 2.0585769013084914 
0.08074978694929999 0.5441789041406884 6.918352799083328 0.2709916841581914 0.08412232235090816 2.0585769013084914 
0.08074978694929999 0.5441789041406884 6.918352799083328 0.2709916841581914 0.08412232235090816 2.0585769013084914 
0.08074978694929999 0.5441789041406884 6.918352799083328 0.2709916841581914 0.08412232235090816 2.0585769013084914 
0.08074978694929999 0.5441789041406884 6.918352799083328 0.2709916841581914 0.08412232235090816 2.0585769013084914 
0.08074978694929999 0.5441789041406884 6.918352799083328 0.2709916841581914 0.08412232235090816 2.0585769013084914 
0.08074978694929999 0.5441789041406884 6.918352799083328 0.2709916841581914 0.08412232235090816 2.0585769013084914 
0.08074978694929999 0.5441789041406884 6.918352799083328 0.2709916841581914 0.08412232235090816 2.0585769013084914 
0.08074978694929999 0.5441789041406884 6.918352799083328 0.2709916841581914 0.08412232235090816 2.0585769013084914 
0.08159651288475969 0.5475913822460902 6.893376260769084 0.26724129661028573 0.0811661625650347 2.062711257829326 
0.08159651288475969 0.5475913822460902 6.893376260769084 0.26724129661028573 0.0811661625650347 2.062711257829326 
0.08159651288475969 0.5475913822460902 6.893376260769084 0.26724129661028573 0.0811661625650347 2.062711257829326 
0.08159651288475969 0.5475913822460902 6.893376260769084 0.26724129661028573 0.0811661625650347 2.062711257829326 
0.08159651288475969 0.5475913822460902 6.893376260769084 0.26724129661028573 0.0811661625650347 2.062711257829326 
0.08159651288475969 0.5475913822460902 6.893376260769084 0.26724129661028573 0.0811661625650347 2.062711257829326 
0.08159651288475969 0.5475913822460902 6.893376260769084 0.26724129661028573 0.0811661625650347 2.062711257829326 
0.08159651288475969 0.5475913822460902 6.893376260769084 0.26724129661028573 0.0811661625650347 2.062711257829326 
0.08159651288475969 0.5475913822460902 6.893376260769084 0.26724129661028573 0.0811661625650347 2.062711257829326 
0.08159651288475969 0.5475913822460902 6.893376260769084 0.26724129661028573 0.0811661625650347 2.062711257829326 
0.08159651288475969 0.5475913822460902 6.893376260769084 0.26724129661028573 0.0811661625650347 2.062711257829326 
0.08159651288475969 0.5475913822460902 6.893376260769084 0.26724129661028573 0.0811661625650347 2.062711257829326 
0.08159651288475969 0.5475913822460902 6.893376260769084 0.26724129661028573 0.0811661625650347 2.062711257829326 
0.08159651288475969 0.5475913822460902 6.893376260769084 0.26724129661028573 0.0811661625650347 2.062711257829326 
0.08159651288475969 0.5475913822460902 6.893376260769084 0.26724129661028573 0.0811661625650347 2.062711257829326 
0.08159651288475969 0.5475913822460902 6.893376260769084 0.26724129661028573 0.0811661625650347 2.062711257829326 
0.08159651288475969 0.5475913822460902 6.893376260769084 0.26724129661028573 0.0811661625650347 2.062711257829326 
0.08159651288475969 0.5475913822460902 6.893376260769084 0.26724129661028573 0.0811661625650347 2.062711257829326 
0.08159651288475969 0.5475913822460902 6.893376260769084 0.26724129661028573 0.0811661625650347 2.062711257829326 
0.0814987356003429 0.5438442618741017 6.920752959555767 0.26772094540682684 0.0830207117158801 2.054477737012617 
0.0814987356003429 0.5438442618741017 6.920752959555767 0.26772094540682684 0.0830207117158801 2.054477737012617 
0.0814987356003429 0.5438442618741017 6.920752959555767 0.26772094540682684 0.0830207117158801 2.054477737012617 
0.0814987356003429 0.5438442618741017 6.920752959555767 0.26772094540682684 0.0830207117158801 2.054477737012617 
0.08145100953135395 0.5423850306052309 6.948170179291192 0.2678545457425284 0.08533543607164103 2.0599805993952485 
0.08024716655121117 0.5360183730015393 7.008513977900335 0.268048744592721 0.0884783735248394 2.037360037170661 
0.08024716655121117 0.5360183730015393 7.008513977900335 0.268048744592721 0.0884783735248394 2.037360037170661 
0.08024716655121117 0.5360183730015393 7.008513977900335 0.268048744592721 0.0884783735248394 2.037360037170661 
0.07688112974126961 0.5223762396126381 7.0806993372075056 0.29063237505224315 0.10065306069689635 2.018466546550444 
0.07688112974126961 0.5223762396126381 7.0806993372075056 0.29063237505224315 0.10065306069689635 2.018466546550444 
0.07688112974126961 0.5223762396126381 7.0806993372075056 0.29063237505224315 0.10065306069689635 2.018466546550444 
0.07651421304513975 0.5203423355813211 7.104620185785438 0.291335375161414 0.10123957993760954 2.016039845612957 
0.07651421304513975 0.5203423355813211 7.104620185785438 0.291335375161414 0.10123957993760954 2.016039845612957 
0.07651421304513975 0.5203423355813211 7.104620185785438 0.291335375161414 0.10123957993760954 2.016039845612957 
0.07649410171647762 0.5129981860232885 7.211245981120857 0.2917538893008577 0.1044145497390234 2.0058455479468713 
0.08060276091389934 0.535323439797536 6.8316909874918785 0.2991919781704636 0.09415330515769392 2.1168429011054615 
0.08060276091389934 0.535323439797536 6.8316909874918785 0.2991919781704636 0.09415330515769392 2.1168429011054615 
0.08060276091389934 0.535323439797536 6.8316909874918785 0.2991919781704636 0.09415330515769392 2.1168429011054615 
0.08060276091389934 0.535323439797536 6.8316909874918785 0.2991919781704636 0.09415330515769392 2.1168429011054615 
0.08060276091389934 0.535323439797536 6.8316909874918785 0.2991919781704636 0.09415330515769392 2.1168429011054615 
0.08060276091389934 0.535323439797536 6.8316909874918785 0.2991919781704636 0.09415330515769392 2.1168429011054615 
0.08060276091389934 0.535323439797536 6.8316909874918785 0.2991919781704636 0.09415330515769392 2.1168429011054615 
0.08060276091389934 0.535323439797536 6.8316909874918785 0.2991919781704636 0.09415330515769392 2.1168429011054615 
0.07978885502451924 0.5352815040537159 6.762904665884889 0.3417141894082755 0.10975929827585575 2.1224672247530814 
0.0847430473546432 0.5463322815847446 6.786978949227172 0.32027104496621117 0.10617800235387923 2.2263875687962567 
0.0847430473546432 0.5463322815847446 6.786978949227172 0.32027104496621117 0.10617800235387923 2.2263875687962567 
0.0847430473546432 0.5463322815847446 6.786978949227172 0.32027104496621117 0.10617800235387923 2.2263875687962567 
0.0847430473546432 0.5463322815847446 6.786978949227172 0.32027104496621117 0.10617800235387923 2.2263875687962567 
0.0847430473546432 0.5463322815847446 6.786978949227172 0.32027104496621117 0.10617800235387923 2.2263875687962567 
0.0847430473546432 0.5463322815847446 6.786978949227172 0.32027104496621117 0.10617800235387923 2.2263875687962567 
0.0847430473546432 0.5463322815847446 6.786978949227172 0.32027104496621117 0.10617800235387923 2.2263875687962567 
0.08248559233164321 0.5355417114456129 7.037955083083146 0.3083725805250499 0.12393453105790338 2.061159090323617 
0.08268187923103806 0.539450478278308 6.974840932214613 0.30975260184552844 0.12176634791245187 2.0681709407549493 
0.08268187923103806 0.539450478278308 6.974840932214613 0.30975260184552844 0.12176634791245187 2.0681709407549493 
0.08268187923103806 0.539450478278308 6.974840932214613 0.30975260184552844 0.12176634791245187 2.0681709407549493 
0.08268187923103806 0.539450478278308 6.974840932214613 0.30975260184552844 0.12176634791245187 2.0681709407549493 
0.08268187923103806 0.539450478278308 6.974840932214613 0.30975260184552844 0.12176634791245187 2.0681709407549493 
0.08268187923103806 0.539450478278308 6.974840932214613 0.30975260184552844 0.12176634791245187 2.0681709407549493 
0.08268187923103806 0.539450478278308 6.974840932214613 0.30975260184552844 0.12176634791245187 2.0681709407549493 
0.08268187923103806 0.539450478278308 6.974840932214613 0.30975260184552844 0.12176634791245187 2.0681709407549493 
0.08268187923103806 0.539450478278308 6.974840932214613 0.30975260184552844 0.12176634791245187 2.0681709407549493 
0.08268187923103806 0.539450478278308 6.974840932214613 0.30975260184552844 0.12176634791245187 2.0681709407549493 
0.08239605097472912 0.5393383829490516 7.214709994115111 0.2570810424935634 0.09600067429352635 2.140756937801139 
0.08239605097472912 0.5393383829490516 7.214709994115111 0.2570810424935634 0.09600067429352635 2.140756937801139 
0.08239605097472912 0.5393383829490516 7.214709994115111 0.2570810424935634 0.09600067429352635 2.140756937801139 
0.08239605097472912 0.5393383829490516 7.214709994115111 0.2570810424935634 0.09600067429352635 2.140756937801139 
0.08047725655786837 0.5375526411147178 7.222466741090867 0.2605217310012343 0.10001805634931989 2.108163732853753 
0.08047725655786837 0.5375526411147178 7.222466741090867 0.2605217310012343 0.10001805634931989 2.108163732853753 
0.0808115959048952 0.5237515979516058 7.410669470001998 0.2581933053967493 0.11129034141975248 2.1070868568653243 
0.0848191853514767 0.5211525072526182 7.4169642160287115 0.25465390266049454 0.10488511479904947 2.1555443095905105 
0.0848191853514767 0.5211525072526182 7.4169642160287115 0.25465390266049454 0.10488511479904947 2.1555443095905105 
0.0848191853514767 0.5211525072526182 7.4169642160287115 0.25465390266049454 0.10488511479904947 2.1555443095905105 
0.0848191853514767 0.5211525072526182 7.4169642160287115 0.25465390266049454 0.10488511479904947 2.1555443095905105 
0.0848191853514767 0.5211525072526182 7.4169642160287115 0.25465390266049454 0.10488511479904947 2.1555443095905105 
0.0848191853514767 0.5211525072526182 7.4169642160287115 0.25465390266049454 0.10488511479904947 2.1555443095905105 
0.0848191853514767 0.5211525072526182 7.4169642160287115 0.25465390266049454 0.10488511479904947 2.1555443095905105 
0.0848191853514767 0.5211525072526182 7.4169642160287115 0.25465390266049454 0.10488511479904947 2.1555443095905105 
0.0848191853514767 0.5211525072526182 7.4169642160287115 0.25465390266049454 0.10488511479904947 2.1555443095905105 
0.07777050650704204 0.5254015273016589 7.503696248518594 0.2524224573620699 0.12393995857463098 2.014456882525943 
0.07777050650704204 0.5254015273016589 7.503696248518594 0.2524224573620699 0.12393995857463098 2.014456882525943 
0.07777050650704204 0.5254015273016589 7.503696248518594 0.2524224573620699 0.12393995857463098 2.014456882525943 
0.07777050650704204 0.5254015273016589 7.503696248518594 0.2524224573620699 0.12393995857463098 2.014456882525943 
0.07777050650704204 0.5254015273016589 7.503696248518594 0.2524224573620699 0.12393995857463098 2.014456882525943 
0.0680347692298334 0.5190804214001845 7.575916418735248 0.2623858449196955 0.14988676346976706 1.991038935480867 
0.06885355802883845 0.5265814715580555 7.5539007998226015 0.2606526279052029 0.14636313390148573 1.9943585105934922 
0.06885355802883845 0.5265814715580555 7.5539007998226015 0.2606526279052029 0.14636313390148573 1.9943585105934922 
0.06885355802883845 0.5265814715580555 7.5539007998226015 0.2606526279052029 0.14636313390148573 1.9943585105934922 
0.06939982417704232 0.5359486119081295 7.5252707281013675 0.26063542847657334 0.14153047411590602 2.097372567886225 
0.06939982417704232 0.5359486119081295 7.5252707281013675 0.26063542847657334 0.14153047411590602 2.097372567886225 
0.06939982417704232 0.5359486119081295 7.5252707281013675 0.26063542847657334 0.14153047411590602 2.097372567886225 
0.06939982417704232 0.5359486119081295 7.5252707281013675 0.26063542847657334 0.14153047411590602 2.097372567886225 
0.06939982417704232 0.5359486119081295 7.5252707281013675 0.26063542847657334 0.14153047411590602 2.097372567886225 
0.06939982417704232 0.5359486119081295 7.5252707281013675 0.26063542847657334 0.14153047411590602 2.097372567886225 
0.06939982417704232 0.5359486119081295 7.5252707281013675 0.26063542847657334 0.14153047411590602 2.097372567886225 
0.06939982417704232 0.5359486119081295 7.5252707281013675 0.26063542847657334 0.14153047411590602 2.097372567886225 
0.06939982417704232 0.5359486119081295 7.5252707281013675 0.26063542847657334 0.14153047411590602 2.097372567886225 
0.06939982417704232 0.5359486119081295 7.5252707281013675 0.26063542847657334 0.14153047411590602 2.097372567886225 
0.06939982417704232 0.5359486119081295 7.5252707281013675 0.26063542847657334 0.14153047411590602 2.097372567886225 
0.06939982417704232 0.5359486119081295 7.5252707281013675 0.26063542847657334 0.14153047411590602 2.097372567886225 
0.06939982417704232 0.5359486119081295 7.5252707281013675 0.26063542847657334 0.14153047411590602 2.097372567886225 
0.06939982417704232 0.5359486119081295 7.5252707281013675 0.26063542847657334 0.14153047411590602 2.097372567886225 
0.06939982417704232 0.5359486119081295 7.5252707281013675 0.26063542847657334 0.14153047411590602 2.097372567886225 
0.06939982417704232 0.5359486119081295 7.5252707281013675 0.26063542847657334 0.14153047411590602 2.097372567886225 
0.06477005609948351 0.5217347594346808 7.5963189219856915 0.28177265546962915 0.15275207116981554 2.0331341738004234 
0.06477005609948351 0.5217347594346808 7.5963189219856915 0.28177265546962915 0.15275207116981554 2.0331341738004234 
0.06477005609948351 0.5217347594346808 7.5963189219856915 0.28177265546962915 0.15275207116981554 2.0331341738004234 
0.07545103879987912 0.5105574095710801 7.755259403902511 0.2746905690583145 0.1632803157484859 2.230310538379174 
0.07545103879987912 0.5105574095710801 7.755259403902511 0.2746905690583145 0.1632803157484859 2.230310538379174 
0.07918857407466973 0.5193910811184638 7.305154455263475 0.26732983020562767 0.13300566696276866 1.6447731107741843 
0.07918857407466973 0.5193910811184638 7.305154455263475 0.26732983020562767 0.13300566696276866 1.6447731107741843 
0.07918857407466973 0.5193910811184638 7.305154455263475 0.26732983020562767 0.13300566696276866 1.6447731107741843 
0.07918857407466973 0.5193910811184638 7.305154455263475 0.26732983020562767 0.13300566696276866 1.6447731107741843 
0.07918857407466973 0.5193910811184638 7.305154455263475 0.26732983020562767 0.13300566696276866 1.6447731107741843 
0.08048193821830146 0.526166251305173 7.374886875366547 0.25435781338667474 0.1262556101957593 1.6642155144335848 
0.07635940108100195 0.5181978766714136 7.219211684087776 0.29916343181359295 0.1190006707278024 1.5232258282567968 
0.08008684552949143 0.5184333348619191 7.0883082671532405 0.3067295728639723 0.12663952832919922 1.5115578934430023 
0.08008684552949143 0.5184333348619191 7.0883082671532405 0.3067295728639723 0.12663952832919922 1.5115578934430023 
0.08008684552949143 0.5184333348619191 7.0883082671532405 0.3067295728639723 0.12663952832919922 1.5115578934430023 
0.08008684552949143 0.5184333348619191 7.0883082671532405 0.3067295728639723 0.12663952832919922 1.5115578934430023 
0.08008684552949143 0.5184333348619191 7.0883082671532405 0.3067295728639723 0.12663952832919922 1.5115578934430023 
0.08008684552949143 0.5184333348619191 7.0883082671532405 0.3067295728639723 0.12663952832919922 1.5115578934430023 
0.08008684552949143 0.5184333348619191 7.0883082671532405 0.3067295728639723 0.12663952832919922 1.5115578934430023 
0.08008684552949143 0.5184333348619191 7.0883082671532405 0.3067295728639723 0.12663952832919922 1.5115578934430023 
0.08008684552949143 0.5184333348619191 7.0883082671532405 0.3067295728639723 0.12663952832919922 1.5115578934430023 
0.08008684552949143 0.5184333348619191 7.0883082671532405 0.3067295728639723 0.12663952832919922 1.5115578934430023 
0.08008684552949143 0.5184333348619191 7.0883082671532405 0.3067295728639723 0.12663952832919922 1.5115578934430023 
0.08008684552949143 0.5184333348619191 7.0883082671532405 0.3067295728639723 0.12663952832919922 1.5115578934430023 
0.08182834437068517 0.5184769320392257 7.0524661807424165 0.30853664996793867 0.1217263514015363 1.4897630834518205 
0.08025833234585177 0.5190541234132076 7.024371973543455 0.30468208344535114 0.11901025624067624 1.4792741583372035 
0.08025833234585177 0.5190541234132076 7.024371973543455 0.30468208344535114 0.11901025624067624 1.4792741583372035 
0.08025833234585177 0.5190541234132076 7.024371973543455 0.30468208344535114 0.11901025624067624 1.4792741583372035 
0.07875230303174478 0.5195047912960594 7.025745899912884 0.30342302715141795 0.1216424313755302 1.5059576680677682 
0.08062503947336969 0.526173435527688 6.925575974716869 0.30578652069123635 0.11815771282930258 1.4945016150060457 
0.08062503947336969 0.526173435527688 6.925575974716869 0.30578652069123635 0.11815771282930258 1.4945016150060457 
0.07928630124354215 0.5265865901632153 6.959653986645918 0.3036210417254329 0.11568743253106875 1.491510269938986 
0.07928630124354215 0.5265865901632153 6.959653986645918 0.3036210417254329 0.11568743253106875 1.491510269938986 
0.07928630124354215 0.5265865901632153 6.959653986645918 0.3036210417254329 0.11568743253106875 1.491510269938986 
0.07928630124354215 0.5265865901632153 6.959653986645918 0.3036210417254329 0.11568743253106875 1.491510269938986 
0.07928630124354215 0.5265865901632153 6.959653986645918 0.3036210417254329 0.11568743253106875 1.491510269938986 
0.07928630124354215 0.5265865901632153 6.959653986645918 0.3036210417254329 0.11568743253106875 1.491510269938986 
0.07928630124354215 0.5265865901632153 6.959653986645918 0.3036210417254329 0.11568743253106875 1.491510269938986 
0.07928630124354215 0.5265865901632153 6.959653986645918 0.3036210417254329 0.11568743253106875 1.491510269938986 
0.07928630124354215 0.5265865901632153 6.959653986645918 0.3036210417254329 0.11568743253106875 1.491510269938986 
0.07928630124354215 0.5265865901632153 6.959653986645918 0.3036210417254329 0.11568743253106875 1.491510269938986 
0.07928630124354215 0.5265865901632153 6.959653986645918 0.3036210417254329 0.11568743253106875 1.491510269938986 
0.06906012362471473 0.5100213345822567 7.118485975964182 0.29205565265091793 0.12420673663329274 1.5090565903789264 
0.06906012362471473 0.5100213345822567 7.118485975964182 0.29205565265091793 0.12420673663329274 1.5090565903789264 
0.06906012362471473 0.5100213345822567 7.118485975964182 0.29205565265091793 0.12420673663329274 1.5090565903789264 
0.0694157551845248 0.5035137049815722 7.254257474355359 0.29905713970250997 0.13461163917652547 1.6108266746399966 
0.0694157551845248 0.5035137049815722 7.254257474355359 0.29905713970250997 0.13461163917652547 1.6108266746399966 
0.0694157551845248 0.5035137049815722 7.254257474355359 0.29905713970250997 0.13461163917652547 1.6108266746399966 
0.07220421907728425 0.49938041739138894 7.327665802107517 0.289026159755947 0.1274829574401551 1.5720380211720766 
0.07220421907728425 0.49938041739138894 7.327665802107517 0.289026159755947 0.1274829574401551 1.5720380211720766 
0.07196036574219099 0.5002659112436888 7.307889752002717 0.29168299265532993 0.12713829491886033 1.5697128123461428 
0.07196036574219099 0.5002659112436888 7.307889752002717 0.29168299265532993 0.12713829491886033 1.5697128123461428 
0.06306794671652677 0.48002803878835365 7.0460729629479815 0.3317605947030281 0.10218573316598686 1.028088107506898 
0.06306794671652677 0.48002803878835365 7.0460729629479815 0.3317605947030281 0.10218573316598686 1.028088107506898 
0.06175337493717163 0.4831791225632963 6.969606616371314 0.33531093554703595 0.096369175908022 1.0286535932092589 
0.06175337493717163 0.4831791225632963 6.969606616371314 0.33531093554703595 0.096369175908022 1.0286535932092589 
0.06175337493717163 0.4831791225632963 6.969606616371314 0.33531093554703595 0.096369175908022 1.0286535932092589 
0.0643968645070897 0.4832426051907221 7.234864002638775 0.31420085847502754 0.12517100388962055 1.2190823835360232 
0.0643968645070897 0.4832426051907221 7.234864002638775 0.31420085847502754 0.12517100388962055 1.2190823835360232 
0.0643968645070897 0.4832426051907221 7.234864002638775 0.31420085847502754 0.12517100388962055 1.2190823835360232 
0.0643968645070897 0.4832426051907221 7.234864002638775 0.31420085847502754 0.12517100388962055 1.2190823835360232 
0.0643968645070897 0.4832426051907221 7.234864002638775 0.31420085847502754 0.12517100388962055 1.2190823835360232 
0.06419605388907126 0.48346374337827436 7.221083390681752 0.31338645322900976 0.12443374222785364 1.2275948412070579 
0.06419605388907126 0.48346374337827436 7.221083390681752 0.31338645322900976 0.12443374222785364 1.2275948412070579 
0.0633579787652761 0.4814217878752507 7.290251711391676 0.3034601507111889 0.1287705621662099 1.1737162008798658 
0.0633579787652761 0.4814217878752507 7.290251711391676 0.3034601507111889 0.1287705621662099 1.1737162008798658 
0.0633579787652761 0.4814217878752507 7.290251711391676 0.3034601507111889 0.1287705621662099 1.1737162008798658 
0.0633579787652761 0.4814217878752507 7.290251711391676 0.3034601507111889 0.1287705621662099 1.1737162008798658 
0.0633579787652761 0.4814217878752507 7.290251711391676 0.3034601507111889 0.1287705621662099 1.1737162008798658 
0.0633579787652761 0.4814217878752507 7.290251711391676 0.3034601507111889 0.1287705621662099 1.1737162008798658 
0.0633579787652761 0.4814217878752507 7.290251711391676 0.3034601507111889 0.1287705621662099 1.1737162008798658 
0.0633579787652761 0.4814217878752507 7.290251711391676 0.3034601507111889 0.1287705621662099 1.1737162008798658 
0.0633579787652761 0.4814217878752507 7.290251711391676 0.3034601507111889 0.1287705621662099 1.1737162008798658 
0.0633579787652761 0.4814217878752507 7.290251711391676 0.3034601507111889 0.1287705621662099 1.1737162008798658 
0.0633579787652761 0.4814217878752507 7.290251711391676 0.3034601507111889 0.1287705621662099 1.1737162008798658 
0.0633579787652761 0.4814217878752507 7.290251711391676 0.3034601507111889 0.1287705621662099 1.1737162008798658 
0.06651514043797774 0.47494079156060465 7.3312100843472185 0.30603031033699885 0.11830529776743305 1.0978606913028433 
0.06651514043797774 0.47494079156060465 7.3312100843472185 0.30603031033699885 0.11830529776743305 1.0978606913028433 
0.06651514043797774 0.47494079156060465 7.3312100843472185 0.30603031033699885 0.11830529776743305 1.0978606913028433 
0.06651514043797774 0.47494079156060465 7.3312100843472185 0.30603031033699885 0.11830529776743305 1.0978606913028433 
0.06721748768857021 0.4748001624359707 7.32275004812034 0.307197490690831 0.11919506602199033 1.0737689640902586 
0.06721748768857021 0.4748001624359707 7.32275004812034 0.307197490690831 0.11919506602199033 1.0737689640902586 
0.06721748768857021 0.4748001624359707 7.32275004812034 0.307197490690831 0.11919506602199033 1.0737689640902586 
0.06721748768857021 0.4748001624359707 7.32275004812034 0.307197490690831 0.11919506602199033 1.0737689640902586 
0.06721748768857021 0.4748001624359707 7.32275004812034 0.307197490690831 0.11919506602199033 1.0737689640902586 
0.06721748768857021 0.4748001624359707 7.32275004812034 0.307197490690831 0.11919506602199033 1.0737689640902586 
0.06319456334169823 0.4710695716631357 7.26982444954659 0.3243420798106721 0.1145522366795998 0.8343838564113766 
0.06319456334169823 0.4710695716631357 7.26982444954659 0.3243420798106721 0.1145522366795998 0.8343838564113766 
0.06319456334169823 0.4710695716631357 7.26982444954659 0.3243420798106721 0.1145522366795998 0.8343838564113766 
0.06206924051156321 0.48305495762469275 7.2394481460824345 0.3110838969080171 0.14625648336482217 1.1564450594042603 
0.06206924051156321 0.48305495762469275 7.2394481460824345 0.3110838969080171 0.14625648336482217 1.1564450594042603 
0.06231044309522021 0.5147074288537962 6.697109729592974 0.3336832297356309 0.12499513605744246 1.1207545749785548 
0.06231044309522021 0.5147074288537962 6.697109729592974 0.3336832297356309 0.12499513605744246 1.1207545749785548 
0.06231044309522021 0.5147074288537962 6.697109729592974 0.3336832297356309 0.12499513605744246 1.1207545749785548 
0.06231044309522021 0.5147074288537962 6.697109729592974 0.3336832297356309 0.12499513605744246 1.1207545749785548 
0.06231044309522021 0.5147074288537962 6.697109729592974 0.3336832297356309 0.12499513605744246 1.1207545749785548 
0.06148437162323001 0.5163779784847267 6.486721860728948 0.3599893997493704 0.10891085985270663 1.0583693111028531 
0.06148437162323001 0.5163779784847267 6.486721860728948 0.3599893997493704 0.10891085985270663 1.0583693111028531 
0.06025341255078918 0.5224665823775045 6.341940050893353 0.362117010977899 0.09634903397761083 0.9871677502741876 
0.06025341255078918 0.5224665823775045 6.341940050893353 0.362117010977899 0.09634903397761083 0.9871677502741876 
0.06025341255078918 0.5224665823775045 6.341940050893353 0.362117010977899 0.09634903397761083 0.9871677502741876 
0.06025341255078918 0.5224665823775045 6.341940050893353 0.362117010977899 0.09634903397761083 0.9871677502741876 
0.06283022981705247 0.5006643847119415 6.5442562904161665 0.33998997241773743 0.12470544986399595 1.1322531155248692 
0.06283022981705247 0.5006643847119415 6.5442562904161665 0.33998997241773743 0.12470544986399595 1.1322531155248692 
0.06283022981705247 0.5006643847119415 6.5442562904161665 0.33998997241773743 0.12470544986399595 1.1322531155248692 
0.052878806265386796 0.4907256429206097 7.263385684716823 0.30999258735233853 0.14950684704312028 1.5238633424864887 
0.0350188679724447 0.47023935915006926 6.975143263248025 0.3490613858152355 0.10843265495918972 1.3668005015708535 
0.0350188679724447 0.47023935915006926 6.975143263248025 0.3490613858152355 0.10843265495918972 1.3668005015708535 
0.04298691904017314 0.46742669330621234 7.167862486537592 0.3470046441160955 0.1340130007253959 1.447471597482596 
0.048662040731340395 0.4761508037102812 7.073374552064582 0.36851196383793483 0.13800865422387998 1.36465491139528 
0.046892032088034385 0.4675754517331433 7.107773678029438 0.3787689887396252 0.14388282686321868 1.3946708915641128 
0.04531200503082377 0.4588292510580955 7.052193963934586 0.40178658764255326 0.13865486514110542 1.371921693830799 
0.04729698418906076 0.45709982300631413 7.527218208508953 0.34562471763469244 0.1485151890642779 1.4958209830502425 
0.04729698418906076 0.45709982300631413 7.527218208508953 0.34562471763469244 0.1485151890642779 1.4958209830502425 
0.030310303998142385 0.4133060446120539 7.852737451500692 0.3651473132365097 0.1462118938413768 1.2157765245211563 
0.030310303998142385 0.4133060446120539 7.852737451500692 0.3651473132365097 0.1462118938413768 1.2157765245211563 
0.030310303998142385 0.4133060446120539 7.852737451500692 0.3651473132365097 0.1462118938413768 1.2157765245211563 
0.030310303998142385 0.4133060446120539 7.852737451500692 0.3651473132365097 0.1462118938413768 1.2157765245211563 
0.030310303998142385 0.4133060446120539 7.852737451500692 0.3651473132365097 0.1462118938413768 1.2157765245211563 
0.03413800461793575 0.42678614912970336 7.80275633632315 0.3557914485137262 0.14038032905655753 1.3136804819238042 
0.03413800461793575 0.42678614912970336 7.80275633632315 0.3557914485137262 0.14038032905655753 1.3136804819238042 
0.03380290308637816 0.42347974572500524 7.892099844420163 0.36536120897086644 0.1297020146635094 1.2284598654765824 
0.03380290308637816 0.42347974572500524 7.892099844420163 0.36536120897086644 0.1297020146635094 1.2284598654765824 
0.03380290308637816 0.42347974572500524 7.892099844420163 0.36536120897086644 0.1297020146635094 1.2284598654765824 
0.030828468153940237 0.40667669370797277 8.109577422057958 0.4082947345769068 0.12137946016392234 1.34202765893335 
0.03301215587701457 0.41564583991852 8.076726348669027 0.39148647766610883 0.13069989336263568 1.2875064600071033 
0.03301215587701457 0.41564583991852 8.076726348669027 0.39148647766610883 0.13069989336263568 1.2875064600071033 
0.03559117116863079 0.4248754231604531 7.973125827810055 0.3714446015345441 0.13157710053686758 1.3416431489690028 
0.036166385776729155 0.42948760326460056 7.782354597210146 0.37678394994296105 0.12628762023499 1.3105227217449449 
0.036166385776729155 0.42948760326460056 7.782354597210146 0.37678394994296105 0.12628762023499 1.3105227217449449 
0.036166385776729155 0.42948760326460056 7.782354597210146 0.37678394994296105 0.12628762023499 1.3105227217449449 
0.036166385776729155 0.42948760326460056 7.782354597210146 0.37678394994296105 0.12628762023499 1.3105227217449449 
0.02915421283164964 0.4231350704352864 7.906071118704738 0.4152004389689247 0.1288969099697924 0.9312838870856666 
0.02915421283164964 0.4231350704352864 7.906071118704738 0.4152004389689247 0.1288969099697924 0.9312838870856666 
0.02915421283164964 0.4231350704352864 7.906071118704738 0.4152004389689247 0.1288969099697924 0.9312838870856666 
0.028686006268651157 0.44055561658524567 7.724989943362502 0.42153790229977955 0.1197868008020026 0.8226157659980902 
0.028686006268651157 0.44055561658524567 7.724989943362502 0.42153790229977955 0.1197868008020026 0.8226157659980902 
0.028686006268651157 0.44055561658524567 7.724989943362502 0.42153790229977955 0.1197868008020026 0.8226157659980902 
0.028686006268651157 0.44055561658524567 7.724989943362502 0.42153790229977955 0.1197868008020026 0.8226157659980902 
0.028686006268651157 0.44055561658524567 7.724989943362502 0.42153790229977955 0.1197868008020026 0.8226157659980902 
0.028686006268651157 0.44055561658524567 7.724989943362502 0.42153790229977955 0.1197868008020026 0.8226157659980902 
0.028686006268651157 0.44055561658524567 7.724989943362502 0.42153790229977955 0.1197868008020026 0.8226157659980902 
0.028686006268651157 0.44055561658524567 7.724989943362502 0.42153790229977955 0.1197868008020026 0.8226157659980902 
0.028686006268651157 0.44055561658524567 7.724989943362502 0.42153790229977955 0.1197868008020026 0.8226157659980902 
0.028686006268651157 0.44055561658524567 7.724989943362502 0.42153790229977955 0.1197868008020026 0.8226157659980902 
0.028686006268651157 0.44055561658524567 7.724989943362502 0.42153790229977955 0.1197868008020026 0.8226157659980902 
0.028686006268651157 0.44055561658524567 7.724989943362502 0.42153790229977955 0.1197868008020026 0.8226157659980902 
0.028686006268651157 0.44055561658524567 7.724989943362502 0.42153790229977955 0.1197868008020026 0.8226157659980902 
0.028686006268651157 0.44055561658524567 7.724989943362502 0.42153790229977955 0.1197868008020026 0.8226157659980902 
0.028686006268651157 0.44055561658524567 7.724989943362502 0.42153790229977955 0.1197868008020026 0.8226157659980902 
0.030402951985070238 0.4119152672390859 7.947024626961717 0.37719968851653735 0.11716128286350588 0.9611640605177505 
0.030207760979436168 0.4045979584308548 7.977239887230328 0.381077799434588 0.11464150437585231 0.9539398751634848 
0.030207760979436168 0.4045979584308548 7.977239887230328 0.381077799434588 0.11464150437585231 0.9539398751634848 
0.030207760979436168 0.4045979584308548 7.977239887230328 0.381077799434588 0.11464150437585231 0.9539398751634848 
0.030207760979436168 0.4045979584308548 7.977239887230328 0.381077799434588 0.11464150437585231 0.9539398751634848 
0.02897481183972154 0.377692070514338 7.975082743104238 0.40499116171253763 0.09457676562214365 0.8345195362706374 
0.02897481183972154 0.377692070514338 7.975082743104238 0.40499116171253763 0.09457676562214365 0.8345195362706374 
0.02897481183972154 0.377692070514338 7.975082743104238 0.40499116171253763 0.09457676562214365 0.8345195362706374 
0.02897481183972154 0.377692070514338 7.975082743104238 0.40499116171253763 0.09457676562214365 0.8345195362706374 
0.02897481183972154 0.377692070514338 7.975082743104238 0.40499116171253763 0.09457676562214365 0.8345195362706374 
0.03793420238856544 0.44528645859900096 7.246181944003518 0.39938329697088165 0.15439696885971121 1.441275922772694 
0.028633303119319827 0.4384589001779869 6.443436202259445 0.5219955900510242 0.19629360933995543 1.1928694887463651 
0.028633303119319827 0.4384589001779869 6.443436202259445 0.5219955900510242 0.19629360933995543 1.1928694887463651 
0.030686049673899412 0.46848291407067755 6.929188887946926 0.4450238521795056 0.17352352655113634 1.5139857539198134 
0.030686049673899412 0.46848291407067755 6.929188887946926 0.4450238521795056 0.17352352655113634 1.5139857539198134 
0.030686049673899412 0.46848291407067755 6.929188887946926 0.4450238521795056 0.17352352655113634 1.5139857539198134 
0.030686049673899412 0.46848291407067755 6.929188887946926 0.4450238521795056 0.17352352655113634 1.5139857539198134 
0.030686049673899412 0.46848291407067755 6.929188887946926 0.4450238521795056 0.17352352655113634 1.5139857539198134 
0.030686049673899412 0.46848291407067755 6.929188887946926 0.4450238521795056 0.17352352655113634 1.5139857539198134 
0.030376789921521756 0.4688331438235609 6.91397504644165 0.446581358823943 0.17318713521219783 1.5154909865956954 
0.030376789921521756 0.4688331438235609 6.91397504644165 0.446581358823943 0.17318713521219783 1.5154909865956954 
0.030376789921521756 0.4688331438235609 6.91397504644165 0.446581358823943 0.17318713521219783 1.5154909865956954 
0.030376789921521756 0.4688331438235609 6.91397504644165 0.446581358823943 0.17318713521219783 1.5154909865956954 
0.030376789921521756 0.4688331438235609 6.91397504644165 0.446581358823943 0.17318713521219783 1.5154909865956954 
0.030917352397768882 0.4667467753823716 6.970088468329623 0.43855196131416707 0.1701030570213188 1.5403974572164378 
0.032318704387542904 0.46994710984617305 6.959837714040292 0.43461367603731604 0.17121841012076242 1.5304039140301111 
0.032318704387542904 0.46994710984617305 6.959837714040292 0.43461367603731604 0.17121841012076242 1.5304039140301111 
0.032318704387542904 0.46994710984617305 6.959837714040292 0.43461367603731604 0.17121841012076242 1.5304039140301111 
0.049095130515010826 0.4800401788708849 6.978631003486321 0.3728892049804053 0.1920053706196388 1.7603225822956343 
0.046371380499191706 0.47032408483172244 6.914878497869232 0.39009439929887313 0.2050829035585059 1.684722077471426 
0.037510724417426575 0.4362256929092608 6.9763244804410025 0.42556853092584435 0.20315646727757192 1.5530865296373166 
0.03426606637790987 0.45530276855294466 7.182755315492939 0.3915178725334085 0.21270550709929836 1.6847794542467494 
0.03426606637790987 0.45530276855294466 7.182755315492939 0.3915178725334085 0.21270550709929836 1.6847794542467494 
0.03426606637790987 0.45530276855294466 7.182755315492939 0.3915178725334085 0.21270550709929836 1.6847794542467494 
0.03192855291965127 0.4747981938300262 6.703597349394864 0.4397098246330649 0.2265028786307713 1.6086449137056498 
0.03286161318936762 0.4251308805453744 8.108548706783056 0.3553023944159659 0.19043175813016494 1.767190782771291 
0.0295582771890525 0.410480828974051 8.155906744029773 0.38217427357898115 0.2095097184842993 1.6706106143334027 
0.0295582771890525 0.410480828974051 8.155906744029773 0.38217427357898115 0.2095097184842993 1.6706106143334027 
0.0295582771890525 0.410480828974051 8.155906744029773 0.38217427357898115 0.2095097184842993 1.6706106143334027 
0.0295582771890525 0.410480828974051 8.155906744029773 0.38217427357898115 0.2095097184842993 1.6706106143334027 
0.0295582771890525 0.410480828974051 8.155906744029773 0.38217427357898115 0.2095097184842993 1.6706106143334027 
0.0295582771890525 0.410480828974051 8.155906744029773 0.38217427357898115 0.2095097184842993 1.6706106143334027 
0.03789161875119563 0.42232306724740215 7.85158498016308 0.3867050015878563 0.19006873353238574 1.7802001178889841 
0.03789161875119563 0.42232306724740215 7.85158498016308 0.3867050015878563 0.19006873353238574 1.7802001178889841 
0.03213159273697905 0.40113529534293724 8.318559302346335 0.38270354956543834 0.1942759158980484 1.668517158982064 
0.03213159273697905 0.40113529534293724 8.318559302346335 0.38270354956543834 0.1942759158980484 1.668517158982064 
0.03213159273697905 0.40113529534293724 8.318559302346335 0.38270354956543834 0.1942759158980484 1.668517158982064 
0.03213159273697905 0.40113529534293724 8.318559302346335 0.38270354956543834 0.1942759158980484 1.668517158982064 
0.03286256396880688 0.4203561073874922 8.3999618969572 0.3430925233620702 0.19980980227097292 1.8361076685114806 
0.03872832950792708 0.42805560507899004 8.263082332288832 0.33771330026304724 0.19548963811395056 1.818948783053536 
0.03872832950792708 0.42805560507899004 8.263082332288832 0.33771330026304724 0.19548963811395056 1.818948783053536 
0.036413067120574516 0.4555370615323905 7.937345343545234 0.3334040307636527 0.20366024811884967 1.8422552156749248 
0.036413067120574516 0.4555370615323905 7.937345343545234 0.3334040307636527 0.20366024811884967 1.8422552156749248 
0.036413067120574516 0.4555370615323905 7.937345343545234 0.3334040307636527 0.20366024811884967 1.8422552156749248 
0.036413067120574516 0.4555370615323905 7.937345343545234 0.3334040307636527 0.20366024811884967 1.8422552156749248 
0.036413067120574516 0.4555370615323905 7.937345343545234 0.3334040307636527 0.20366024811884967 1.8422552156749248 
0.036413067120574516 0.4555370615323905 7.937345343545234 0.3334040307636527 0.20366024811884967 1.8422552156749248 
0.036413067120574516 0.4555370615323905 7.937345343545234 0.3334040307636527 0.20366024811884967 1.8422552156749248 
0.03778245719667331 0.4661232796905757 7.877418813158317 0.3263811864395302 0.1994001402083264 1.8314775726658663 
0.03778245719667331 0.4661232796905757 7.877418813158317 0.3263811864395302 0.1994001402083264 1.8314775726658663 
0.03778245719667331 0.4661232796905757 7.877418813158317 0.3263811864395302 0.1994001402083264 1.8314775726658663 
0.035135838359748116 0.4728537896498897 7.858373730017613 0.3334444008035733 0.1980303253017464 1.8647271194241055 
0.035135838359748116 0.4728537896498897 7.858373730017613 0.3334444008035733 0.1980303253017464 1.8647271194241055 
0.035135838359748116 0.4728537896498897 7.858373730017613 0.3334444008035733 0.1980303253017464 1.8647271194241055 
0.035135838359748116 0.4728537896498897 7.858373730017613 0.3334444008035733 0.1980303253017464 1.8647271194241055 
0.035135838359748116 0.4728537896498897 7.858373730017613 0.3334444008035733 0.1980303253017464 1.8647271194241055 
0.035135838359748116 0.4728537896498897 7.858373730017613 0.3334444008035733 0.1980303253017464 1.8647271194241055 
0.03526652014996489 0.47322561029498766 7.857061591089979 0.3331249401895023 0.19854976733613808 1.8597730510490929 
0.030814287967299923 0.4655924246697221 7.93336104585934 0.33803202675376126 0.1965010960713137 1.8874280594833484 
0.030814287967299923 0.4655924246697221 7.93336104585934 0.33803202675376126 0.1965010960713137 1.8874280594833484 
0.030814287967299923 0.4655924246697221 7.93336104585934 0.33803202675376126 0.1965010960713137 1.8874280594833484 
0.030814287967299923 0.4655924246697221 7.93336104585934 0.33803202675376126 0.1965010960713137 1.8874280594833484 
0.030814287967299923 0.4655924246697221 7.93336104585934 0.33803202675376126 0.1965010960713137 1.8874280594833484 
0.030814287967299923 0.4655924246697221 7.93336104585934 0.33803202675376126 0.1965010960713137 1.8874280594833484 
0.030814287967299923 0.4655924246697221 7.93336104585934 0.33803202675376126 0.1965010960713137 1.8874280594833484 
0.030814287967299923 0.4655924246697221 7.93336104585934 0.33803202675376126 0.1965010960713137 1.8874280594833484 
0.03228903143859099 0.4729501513035547 7.865551276318513 0.33734752841780835 0.1973065702645919 1.9336014212127453 
0.03228903143859099 0.4729501513035547 7.865551276318513 0.33734752841780835 0.1973065702645919 1.9336014212127453 
0.031938348281223605 0.47189813498007066 7.875041062033616 0.33830492443845117 0.19789793220816335 1.9351401226542553 
0.031938348281223605 0.47189813498007066 7.875041062033616 0.33830492443845117 0.19789793220816335 1.9351401226542553 
0.03204452999101163 0.4721557900013814 7.872025464715466 0.33813397540248846 0.1975770560246372 1.9346095726029504 
0.03533128922843852 0.4238053539790725 7.184114788171027 0.42646031098646386 0.18434082378278352 1.7006638063631554 
0.03533128922843852 0.4238053539790725 7.184114788171027 0.42646031098646386 0.18434082378278352 1.7006638063631554 
0.03533128922843852 0.4238053539790725 7.184114788171027 0.42646031098646386 0.18434082378278352 1.7006638063631554 
0.03533128922843852 0.4238053539790725 7.184114788171027 0.42646031098646386 0.18434082378278352 1.7006638063631554 
0.03533128922843852 0.4238053539790725 7.184114788171027 0.42646031098646386 0.18434082378278352 1.7006638063631554 
0.03533128922843852 0.4238053539790725 7.184114788171027 0.42646031098646386 0.18434082378278352 1.7006638063631554 
0.03533128922843852 0.4238053539790725 7.184114788171027 0.42646031098646386 0.18434082378278352 1.7006638063631554 
0.03533128922843852 0.4238053539790725 7.184114788171027 0.42646031098646386 0.18434082378278352 1.7006638063631554 
0.03533128922843852 0.4238053539790725 7.184114788171027 0.42646031098646386 0.18434082378278352 1.7006638063631554 
0.03491006265496622 0.4278019302108515 7.027043875599372 0.43588213904519063 0.1870124789155302 1.691249833725558 
0.03491006265496622 0.4278019302108515 7.027043875599372 0.43588213904519063 0.1870124789155302 1.691249833725558 
0.03491006265496622 0.4278019302108515 7.027043875599372 0.43588213904519063 0.1870124789155302 1.691249833725558 
0.03500678433814597 0.4269381229104111 7.027699005339851 0.4423115242991912 0.18513176207493728 1.6644901259604756 
0.035143833408092115 0.4282797517333054 7.030058408031757 0.44079612369329857 0.18560990945688427 1.660803044118715 
0.038150457502778845 0.4435409348688339 6.998939608196041 0.4173819854808132 0.17207755504616173 1.5857890308961826 
0.038150457502778845 0.4435409348688339 6.998939608196041 0.4173819854808132 0.17207755504616173 1.5857890308961826 
0.038150457502778845 0.4435409348688339 6.998939608196041 0.4173819854808132 0.17207755504616173 1.5857890308961826 
0.038150457502778845 0.4435409348688339 6.998939608196041 0.4173819854808132 0.17207755504616173 1.5857890308961826 
0.038150457502778845 0.4435409348688339 6.998939608196041 0.4173819854808132 0.17207755504616173 1.5857890308961826 
0.038150457502778845 0.4435409348688339 6.998939608196041 0.4173819854808132 0.17207755504616173 1.5857890308961826 
0.038150457502778845 0.4435409348688339 6.998939608196041 0.4173819854808132 0.17207755504616173 1.5857890308961826 
0.038150457502778845 0.4435409348688339 6.998939608196041 0.4173819854808132 0.17207755504616173 1.5857890308961826 
0.038150457502778845 0.4435409348688339 6.998939608196041 0.4173819854808132 0.17207755504616173 1.5857890308961826 
0.038150457502778845 0.4435409348688339 6.998939608196041 0.4173819854808132 0.17207755504616173 1.5857890308961826 
0.038150457502778845 0.4435409348688339 6.998939608196041 0.4173819854808132 0.17207755504616173 1.5857890308961826 
0.038150457502778845 0.4435409348688339 6.998939608196041 0.4173819854808132 0.17207755504616173 1.5857890308961826 
0.038150457502778845 0.4435409348688339 6.998939608196041 0.4173819854808132 0.17207755504616173 1.5857890308961826 
0.038150457502778845 0.4435409348688339 6.998939608196041 0.4173819854808132 0.17207755504616173 1.5857890308961826 
0.038150457502778845 0.4435409348688339 6.998939608196041 0.4173819854808132 0.17207755504616173 1.5857890308961826 
0.038150457502778845 0.4435409348688339 6.998939608196041 0.4173819854808132 0.17207755504616173 1.5857890308961826 
0.038150457502778845 0.4435409348688339 6.998939608196041 0.4173819854808132 0.17207755504616173 1.5857890308961826 
0.038150457502778845 0.4435409348688339 6.998939608196041 0.4173819854808132 0.17207755504616173 1.5857890308961826 
0.038150457502778845 0.4435409348688339 6.998939608196041 0.4173819854808132 0.17207755504616173 1.5857890308961826 
0.038150457502778845 0.4435409348688339 6.998939608196041 0.4173819854808132 0.17207755504616173 1.5857890308961826 
0.03753371339635103 0.42834671283686987 6.895149955767322 0.4384160607260167 0.16546791627214189 1.5713421400323648 
0.04435625307407962 0.43520696359779787 7.429552336239237 0.38265514417499735 0.18454802422151684 1.337970948637019 
0.04435625307407962 0.43520696359779787 7.429552336239237 0.38265514417499735 0.18454802422151684 1.337970948637019 
0.03847035043963847 0.42164094671860186 7.596693231559106 0.38276642815926254 0.1902470427894418 1.3102960304747813 
