0.08050863321058574 0.41275273279955016 10.215124837732258 0.4107624654616653 0.08039099847130476 0.8179793370638967 
0.08050863321058574 0.41275273279955016 10.215124837732258 0.4107624654616653 0.08039099847130476 0.8179793370638967 
0.08050863321058574 0.41275273279955016 10.215124837732258 0.4107624654616653 0.08039099847130476 0.8179793370638967 
0.08050863321058574 0.41275273279955016 10.215124837732258 0.4107624654616653 0.08039099847130476 0.8179793370638967 
0.08050863321058574 0.41275273279955016 10.215124837732258 0.4107624654616653 0.08039099847130476 0.8179793370638967 
0.08050863321058574 0.41275273279955016 10.215124837732258 0.4107624654616653 0.08039099847130476 0.8179793370638967 
0.08050863321058574 0.41275273279955016 10.215124837732258 0.4107624654616653 0.08039099847130476 0.8179793370638967 
0.08050863321058574 0.41275273279955016 10.215124837732258 0.4107624654616653 0.08039099847130476 0.8179793370638967 
0.07759594421718048 0.3538246981468026 10.409199073007333 0.44601319376734194 0.08649808456403178 0.936403057451768 
0.07759594421718048 0.3538246981468026 10.409199073007333 0.44601319376734194 0.08649808456403178 0.936403057451768 
0.06133003555926023 0.3705351452949856 9.39749585541843 0.4919363884045703 0.12134920049857426 1.2446473096266855 
0.06133003555926023 0.3705351452949856 9.39749585541843 0.4919363884045703 0.12134920049857426 1.2446473096266855 
0.06133003555926023 0.3705351452949856 9.39749585541843 0.4919363884045703 0.12134920049857426 1.2446473096266855 
0.06133032850932234 0.3705169017565875 9.397521520890598 0.49195109049763697 0.12135848216584119 1.244744911394938 
0.04772842406690404 0.4357918082696083 7.8584069549389515 0.4294424881942367 0.13346627532602745 1.3300247928406028 
0.04475200238931121 0.3441726070080617 8.061704130610448 0.6258826225960613 0.15348674917058663 1.9977597694236944 
0.04475200238931121 0.3441726070080617 8.061704130610448 0.6258826225960613 0.15348674917058663 1.9977597694236944 
0.04475200238931121 0.3441726070080617 8.061704130610448 0.6258826225960613 0.15348674917058663 1.9977597694236944 
0.04475200238931121 0.3441726070080617 8.061704130610448 0.6258826225960613 0.15348674917058663 1.9977597694236944 
0.04475200238931121 0.3441726070080617 8.061704130610448 0.6258826225960613 0.15348674917058663 1.9977597694236944 
0.04475200238931121 0.3441726070080617 8.061704130610448 0.6258826225960613 0.15348674917058663 1.9977597694236944 
0.04961288524875312 0.3216091315333609 8.183410001632847 0.5761591863250559 0.14983609293918176 1.817103789277351 
0.04961288524875312 0.3216091315333609 8.183410001632847 0.5761591863250559 0.14983609293918176 1.817103789277351 
0.0508844267671012 0.30808468312811976 8.077531272940556 0.5824533068374471 0.14259986366552138 1.922154686423632 
0.04417687345860967 0.31569551789312994 8.65466666469937 0.6146430288899648 0.12635339124409706 2.096837026772016 
0.04417687345860967 0.31569551789312994 8.65466666469937 0.6146430288899648 0.12635339124409706 2.096837026772016 
0.04417687345860967 0.31569551789312994 8.65466666469937 0.6146430288899648 0.12635339124409706 2.096837026772016 
0.04287413792701811 0.29872491702146187 8.78678931341652 0.6213778172523968 0.1268907663859885 2.1194538898336486 
0.04287413792701811 0.29872491702146187 8.78678931341652 0.6213778172523968 0.1268907663859885 2.1194538898336486 
0.04287413792701811 0.29872491702146187 8.78678931341652 0.6213778172523968 0.1268907663859885 2.1194538898336486 
0.04287413792701811 0.29872491702146187 8.78678931341652 0.6213778172523968 0.1268907663859885 2.1194538898336486 
0.04287413792701811 0.29872491702146187 8.78678931341652 0.6213778172523968 0.1268907663859885 2.1194538898336486 
0.04287413792701811 0.29872491702146187 8.78678931341652 0.6213778172523968 0.1268907663859885 2.1194538898336486 
0.04287413792701811 0.29872491702146187 8.78678931341652 0.6213778172523968 0.1268907663859885 2.1194538898336486 
0.04287413792701811 0.29872491702146187 8.78678931341652 0.6213778172523968 0.1268907663859885 2.1194538898336486 
0.04287413792701811 0.29872491702146187 8.78678931341652 0.6213778172523968 0.1268907663859885 2.1194538898336486 
0.03686233587917664 0.3104843600156734 8.49448828368052 0.6591312268585188 0.13051689872616512 2.0999908904736966 
0.03686233587917664 0.3104843600156734 8.49448828368052 0.6591312268585188 0.13051689872616512 2.0999908904736966 
0.03411768080874356 0.3181295701973648 8.219812324894455 0.6518502645071746 0.12925454765606723 2.21802678384353 
0.03411768080874356 0.3181295701973648 8.219812324894455 0.6518502645071746 0.12925454765606723 2.21802678384353 
0.03411768080874356 0.3181295701973648 8.219812324894455 0.6518502645071746 0.12925454765606723 2.21802678384353 
0.03439784256941155 0.3173957537518341 8.20001985993479 0.6506884598966036 0.12880374013704268 2.190853222127489 
0.03439784256941155 0.3173957537518341 8.20001985993479 0.6506884598966036 0.12880374013704268 2.190853222127489 
0.03439784256941155 0.3173957537518341 8.20001985993479 0.6506884598966036 0.12880374013704268 2.190853222127489 
0.031904189808610775 0.33152999680595235 7.689146001946299 0.6932766888763049 0.1255005128208953 2.2932543340485303 
0.031904189808610775 0.33152999680595235 7.689146001946299 0.6932766888763049 0.1255005128208953 2.2932543340485303 
0.031904189808610775 0.33152999680595235 7.689146001946299 0.6932766888763049 0.1255005128208953 2.2932543340485303 
0.03470393803269029 0.33057680019922014 7.818632399749104 0.6449143006151807 0.12438070444013778 2.192211499005438 
0.03470393803269029 0.33057680019922014 7.818632399749104 0.6449143006151807 0.12438070444013778 2.192211499005438 
0.03470393803269029 0.33057680019922014 7.818632399749104 0.6449143006151807 0.12438070444013778 2.192211499005438 
0.03470393803269029 0.33057680019922014 7.818632399749104 0.6449143006151807 0.12438070444013778 2.192211499005438 
0.03599358220238583 0.32860870457181834 7.8499770748985105 0.6417198507442206 0.12661391956221846 2.1558921535253406 
0.03599358220238583 0.32860870457181834 7.8499770748985105 0.6417198507442206 0.12661391956221846 2.1558921535253406 
0.03599358220238583 0.32860870457181834 7.8499770748985105 0.6417198507442206 0.12661391956221846 2.1558921535253406 
0.03599358220238583 0.32860870457181834 7.8499770748985105 0.6417198507442206 0.12661391956221846 2.1558921535253406 
0.03578973033514832 0.3187465190684984 8.139441227338105 0.6106634121639332 0.13180506593811184 2.0733618359077846 
0.04412260429087099 0.3093003501890276 8.148224464994597 0.5488284418314018 0.12561214232762474 2.0527138574770287 
0.04220105401729786 0.30902290382915326 7.270473639191078 0.6101036473593645 0.11334008724207581 1.9545159443385958 
0.04220105401729786 0.30902290382915326 7.270473639191078 0.6101036473593645 0.11334008724207581 1.9545159443385958 
0.04220105401729786 0.30902290382915326 7.270473639191078 0.6101036473593645 0.11334008724207581 1.9545159443385958 
0.04220105401729786 0.30902290382915326 7.270473639191078 0.6101036473593645 0.11334008724207581 1.9545159443385958 
0.03256413672155438 0.3583406001127516 6.31538899682266 0.6197836308634173 0.13340756169415502 1.977876398705691 
0.03874001054404067 0.33926314218322107 7.637491181296932 0.5429874384948967 0.14378374942211267 2.10374708287737 
0.03874001054404067 0.33926314218322107 7.637491181296932 0.5429874384948967 0.14378374942211267 2.10374708287737 
0.03587127546350482 0.3449407966934562 7.337576656335303 0.5684535568159285 0.1517551692258864 2.15107553737372 
0.03319643413225875 0.35676654218592296 7.0045103953423045 0.5905312651076159 0.15354511138718113 2.1823519721566145 
0.03319643413225875 0.35676654218592296 7.0045103953423045 0.5905312651076159 0.15354511138718113 2.1823519721566145 
0.03319643413225875 0.35676654218592296 7.0045103953423045 0.5905312651076159 0.15354511138718113 2.1823519721566145 
0.03319643413225875 0.35676654218592296 7.0045103953423045 0.5905312651076159 0.15354511138718113 2.1823519721566145 
0.03319643413225875 0.35676654218592296 7.0045103953423045 0.5905312651076159 0.15354511138718113 2.1823519721566145 
0.03181714295150269 0.35764933231762097 6.928481966948322 0.5964851839727139 0.15602637418442844 2.2737910750019736 
0.03181714295150269 0.35764933231762097 6.928481966948322 0.5964851839727139 0.15602637418442844 2.2737910750019736 
0.03181714295150269 0.35764933231762097 6.928481966948322 0.5964851839727139 0.15602637418442844 2.2737910750019736 
0.03741911724373767 0.34486143374245826 7.16093935229189 0.5627987791972237 0.15240636082106457 1.9963510870402417 
0.03741911724373767 0.34486143374245826 7.16093935229189 0.5627987791972237 0.15240636082106457 1.9963510870402417 
0.03741911724373767 0.34486143374245826 7.16093935229189 0.5627987791972237 0.15240636082106457 1.9963510870402417 
0.04137977527057185 0.3656846338580998 7.0628758150910915 0.5501860287582134 0.15532896668162777 1.9202623966711934 
0.03973510112747106 0.3640315083215371 6.336424380483342 0.6200697089046388 0.1619081111962655 2.0302968843750926 
0.03973510112747106 0.3640315083215371 6.336424380483342 0.6200697089046388 0.1619081111962655 2.0302968843750926 
0.05714382420257233 0.32239955682725985 8.646462250740516 0.4779812135142423 0.18206337128636949 1.870991596803255 
0.05714382420257233 0.32239955682725985 8.646462250740516 0.4779812135142423 0.18206337128636949 1.870991596803255 
0.0650018490200941 0.40732425439052833 6.794700518117154 0.6503398624717539 0.19510252478019074 2.2127777570848006 
0.0650018490200941 0.40732425439052833 6.794700518117154 0.6503398624717539 0.19510252478019074 2.2127777570848006 
0.0650018490200941 0.40732425439052833 6.794700518117154 0.6503398624717539 0.19510252478019074 2.2127777570848006 
0.0650018490200941 0.40732425439052833 6.794700518117154 0.6503398624717539 0.19510252478019074 2.2127777570848006 
0.0650018490200941 0.40732425439052833 6.794700518117154 0.6503398624717539 0.19510252478019074 2.2127777570848006 
0.06648499216816511 0.41342242587842826 6.397402974222583 0.7149084265391126 0.19634514343875217 2.3544790687716293 
0.06648499216816511 0.41342242587842826 6.397402974222583 0.7149084265391126 0.19634514343875217 2.3544790687716293 
0.06648499216816511 0.41342242587842826 6.397402974222583 0.7149084265391126 0.19634514343875217 2.3544790687716293 
0.06648499216816511 0.41342242587842826 6.397402974222583 0.7149084265391126 0.19634514343875217 2.3544790687716293 
0.06648499216816511 0.41342242587842826 6.397402974222583 0.7149084265391126 0.19634514343875217 2.3544790687716293 
0.06648499216816511 0.41342242587842826 6.397402974222583 0.7149084265391126 0.19634514343875217 2.3544790687716293 
0.06648499216816511 0.41342242587842826 6.397402974222583 0.7149084265391126 0.19634514343875217 2.3544790687716293 
0.06648499216816511 0.41342242587842826 6.397402974222583 0.7149084265391126 0.19634514343875217 2.3544790687716293 
0.06147875287749918 0.384471676104049 6.7311280732320995 0.6129016097751039 0.17813014103930902 2.035522744873098 
0.06312989125879995 0.3678197097144169 6.981850788664101 0.5717176893765419 0.1710706531435454 1.893094075515105 
0.06312989125879995 0.3678197097144169 6.981850788664101 0.5717176893765419 0.1710706531435454 1.893094075515105 
0.06649884147741912 0.3539477629844946 6.571194744552451 0.6675101230842233 0.19249191178329098 1.9028164733799688 
0.06649884147741912 0.3539477629844946 6.571194744552451 0.6675101230842233 0.19249191178329098 1.9028164733799688 
0.06649884147741912 0.3539477629844946 6.571194744552451 0.6675101230842233 0.19249191178329098 1.9028164733799688 
0.06649884147741912 0.3539477629844946 6.571194744552451 0.6675101230842233 0.19249191178329098 1.9028164733799688 
0.06649884147741912 0.3539477629844946 6.571194744552451 0.6675101230842233 0.19249191178329098 1.9028164733799688 
0.06649884147741912 0.3539477629844946 6.571194744552451 0.6675101230842233 0.19249191178329098 1.9028164733799688 
0.06649884147741912 0.3539477629844946 6.571194744552451 0.6675101230842233 0.19249191178329098 1.9028164733799688 
0.06611384877485434 0.35666246092609327 6.528310336208337 0.671840586915863 0.19252485824879273 1.918228519378551 
0.06611384877485434 0.35666246092609327 6.528310336208337 0.671840586915863 0.19252485824879273 1.918228519378551 
0.06616732231825602 0.3583187760168541 6.384930469427083 0.6943276347772547 0.19331690086688882 1.9444805711114463 
0.05850185937714418 0.3859907212088923 6.914495876433542 0.5115335520867319 0.15654264924731556 1.7604494764883052 
0.0549378791841377 0.3959050327073332 7.0999994276221425 0.4684653026188646 0.14941490077511266 1.6314333328103003 
0.03541630188962522 0.40128537319194646 6.488569515419062 0.4833388001878972 0.13610104783928687 1.642594731558403 
0.03533537532861726 0.400412980584549 6.511428966482088 0.4829285899199586 0.13569755610359113 1.6324376772999893 
0.029903808132413633 0.4286179068005196 6.104726089901262 0.4659417000169462 0.13466277081142342 1.6426752670985993 
0.03126738585935844 0.4138565544506189 6.48920863205635 0.42381368841977995 0.13466955484796514 1.5650473642032892 
0.03126738585935844 0.4138565544506189 6.48920863205635 0.42381368841977995 0.13466955484796514 1.5650473642032892 
0.03126738585935844 0.4138565544506189 6.48920863205635 0.42381368841977995 0.13466955484796514 1.5650473642032892 
0.031656489161978635 0.4142599653544873 6.564579323149291 0.42483050908154135 0.1365175947166054 1.561834150384526 
0.031656489161978635 0.4142599653544873 6.564579323149291 0.42483050908154135 0.1365175947166054 1.561834150384526 
0.03822123092833648 0.4429343522230891 7.022280241499584 0.3866583835172075 0.12480139587308056 1.7982254154425916 
0.03824584770215022 0.4444207018694314 7.017011111963693 0.38359341545629644 0.12296449179895169 1.8044916138033908 
0.03824584770215022 0.4444207018694314 7.017011111963693 0.38359341545629644 0.12296449179895169 1.8044916138033908 
0.03824584770215022 0.4444207018694314 7.017011111963693 0.38359341545629644 0.12296449179895169 1.8044916138033908 
0.03824584770215022 0.4444207018694314 7.017011111963693 0.38359341545629644 0.12296449179895169 1.8044916138033908 
0.03824584770215022 0.4444207018694314 7.017011111963693 0.38359341545629644 0.12296449179895169 1.8044916138033908 
0.03824584770215022 0.4444207018694314 7.017011111963693 0.38359341545629644 0.12296449179895169 1.8044916138033908 
0.03646726665944436 0.4366706950321985 6.983897301319365 0.4031410883514117 0.12118060133137397 1.8679642292617797 
0.03646726665944436 0.4366706950321985 6.983897301319365 0.4031410883514117 0.12118060133137397 1.8679642292617797 
0.03646726665944436 0.4366706950321985 6.983897301319365 0.4031410883514117 0.12118060133137397 1.8679642292617797 
0.03646726665944436 0.4366706950321985 6.983897301319365 0.4031410883514117 0.12118060133137397 1.8679642292617797 
0.03667203077206035 0.45382396105985484 6.681264726157321 0.4135441057588368 0.11928985078622294 1.929970579844031 
0.03667203077206035 0.45382396105985484 6.681264726157321 0.4135441057588368 0.11928985078622294 1.929970579844031 
0.03667203077206035 0.45382396105985484 6.681264726157321 0.4135441057588368 0.11928985078622294 1.929970579844031 
0.0363341808182813 0.4932115840240453 5.82966607637548 0.3649632775526032 0.09323138234553136 2.1262145656689846 
0.045902976923748603 0.4676749706627135 6.623959882864849 0.3326964749941132 0.09335104643586854 1.5378088820766407 
0.045902976923748603 0.4676749706627135 6.623959882864849 0.3326964749941132 0.09335104643586854 1.5378088820766407 
0.04638966275335849 0.46016712405475896 6.698630912599048 0.3231890440932632 0.09292454898889113 1.6842831595834737 
0.04638966275335849 0.46016712405475896 6.698630912599048 0.3231890440932632 0.09292454898889113 1.6842831595834737 
0.04638966275335849 0.46016712405475896 6.698630912599048 0.3231890440932632 0.09292454898889113 1.6842831595834737 
0.04638966275335849 0.46016712405475896 6.698630912599048 0.3231890440932632 0.09292454898889113 1.6842831595834737 
0.04638966275335849 0.46016712405475896 6.698630912599048 0.3231890440932632 0.09292454898889113 1.6842831595834737 
0.03840335442947225 0.42652997243010055 6.646127345814792 0.2749018100227755 0.10011588876920337 1.7652099081404242 
0.037570738377286125 0.42051845625717865 6.636208453040156 0.2596212637218585 0.09833631351024662 1.7705968255332152 
0.037570738377286125 0.42051845625717865 6.636208453040156 0.2596212637218585 0.09833631351024662 1.7705968255332152 
0.0431910276416355 0.4281317041404488 6.669824439564969 0.2983851704578699 0.10620662795812642 1.6870889980023975 
0.0431910276416355 0.4281317041404488 6.669824439564969 0.2983851704578699 0.10620662795812642 1.6870889980023975 
0.04314369866876101 0.42735798953227655 6.67932635226677 0.2998445238366299 0.10670772805807141 1.6890744047032284 
0.04314369866876101 0.42735798953227655 6.67932635226677 0.2998445238366299 0.10670772805807141 1.6890744047032284 
0.045653001958441894 0.4288674720804776 6.815332851644765 0.29431032978826793 0.11530721978487024 1.6415267394753597 
0.045653001958441894 0.4288674720804776 6.815332851644765 0.29431032978826793 0.11530721978487024 1.6415267394753597 
0.045653001958441894 0.4288674720804776 6.815332851644765 0.29431032978826793 0.11530721978487024 1.6415267394753597 
0.045653001958441894 0.4288674720804776 6.815332851644765 0.29431032978826793 0.11530721978487024 1.6415267394753597 
0.04689372151009878 0.42637639131787053 6.871314846718857 0.2927313103937062 0.11849416702918221 1.6630315406742713 
0.04689372151009878 0.42637639131787053 6.871314846718857 0.2927313103937062 0.11849416702918221 1.6630315406742713 
0.04689372151009878 0.42637639131787053 6.871314846718857 0.2927313103937062 0.11849416702918221 1.6630315406742713 
0.04689372151009878 0.42637639131787053 6.871314846718857 0.2927313103937062 0.11849416702918221 1.6630315406742713 
0.0476673529302628 0.42476137718277107 6.872695781329809 0.2816955244145924 0.11719819945228074 1.6419390620373433 
0.0476673529302628 0.42476137718277107 6.872695781329809 0.2816955244145924 0.11719819945228074 1.6419390620373433 
0.044615837205924 0.42825283004179865 6.742262237217342 0.28179264283034344 0.10500413686935042 1.5790815029781147 
0.044615837205924 0.42825283004179865 6.742262237217342 0.28179264283034344 0.10500413686935042 1.5790815029781147 
0.037324060019022554 0.4560883194032804 7.093990925601884 0.2958923388198375 0.10378618434029753 1.5477281480157632 
0.037324060019022554 0.4560883194032804 7.093990925601884 0.2958923388198375 0.10378618434029753 1.5477281480157632 
0.037324060019022554 0.4560883194032804 7.093990925601884 0.2958923388198375 0.10378618434029753 1.5477281480157632 
0.037324060019022554 0.4560883194032804 7.093990925601884 0.2958923388198375 0.10378618434029753 1.5477281480157632 
0.0374493168207926 0.4560261986998075 7.103792587465083 0.2950500279668219 0.10427144530029593 1.5438565293920585 
0.0374493168207926 0.4560261986998075 7.103792587465083 0.2950500279668219 0.10427144530029593 1.5438565293920585 
0.0374493168207926 0.4560261986998075 7.103792587465083 0.2950500279668219 0.10427144530029593 1.5438565293920585 
0.0374493168207926 0.4560261986998075 7.103792587465083 0.2950500279668219 0.10427144530029593 1.5438565293920585 
0.0374493168207926 0.4560261986998075 7.103792587465083 0.2950500279668219 0.10427144530029593 1.5438565293920585 
0.0374493168207926 0.4560261986998075 7.103792587465083 0.2950500279668219 0.10427144530029593 1.5438565293920585 
0.03642294901484272 0.47993448660506755 6.67999634373906 0.28870607192927766 0.10064937443221943 1.5752968026722838 
0.03642294901484272 0.47993448660506755 6.67999634373906 0.28870607192927766 0.10064937443221943 1.5752968026722838 
0.03642294901484272 0.47993448660506755 6.67999634373906 0.28870607192927766 0.10064937443221943 1.5752968026722838 
0.037521970636236524 0.47110526500361005 6.650494689097371 0.34956184211154356 0.1108831258296402 1.4995437422726505 
0.037521970636236524 0.47110526500361005 6.650494689097371 0.34956184211154356 0.1108831258296402 1.4995437422726505 
0.037521970636236524 0.47110526500361005 6.650494689097371 0.34956184211154356 0.1108831258296402 1.4995437422726505 
0.037521970636236524 0.47110526500361005 6.650494689097371 0.34956184211154356 0.1108831258296402 1.4995437422726505 
0.037521970636236524 0.47110526500361005 6.650494689097371 0.34956184211154356 0.1108831258296402 1.4995437422726505 
0.037521970636236524 0.47110526500361005 6.650494689097371 0.34956184211154356 0.1108831258296402 1.4995437422726505 
0.037048954098210504 0.4682487206651803 6.670898629885004 0.3470787225845694 0.10828728925792397 1.488554549047055 
0.037048954098210504 0.4682487206651803 6.670898629885004 0.3470787225845694 0.10828728925792397 1.488554549047055 
0.03874037901827817 0.4653705692925992 6.698292578746765 0.34691411500175245 0.10888058633769332 1.4986171558230685 
0.03874037901827817 0.4653705692925992 6.698292578746765 0.34691411500175245 0.10888058633769332 1.4986171558230685 
0.03874037901827817 0.4653705692925992 6.698292578746765 0.34691411500175245 0.10888058633769332 1.4986171558230685 
0.03874037901827817 0.4653705692925992 6.698292578746765 0.34691411500175245 0.10888058633769332 1.4986171558230685 
0.041925978912352745 0.46601613792407287 6.648769539441238 0.28036228346830827 0.09560681112105346 1.2816146082608522 
0.041925978912352745 0.46601613792407287 6.648769539441238 0.28036228346830827 0.09560681112105346 1.2816146082608522 
0.041925978912352745 0.46601613792407287 6.648769539441238 0.28036228346830827 0.09560681112105346 1.2816146082608522 
0.041925978912352745 0.46601613792407287 6.648769539441238 0.28036228346830827 0.09560681112105346 1.2816146082608522 
0.041553587893260774 0.45768777652538783 6.778604113938936 0.2788841207075788 0.10178193952950838 1.2762642948057825 
0.041553587893260774 0.45768777652538783 6.778604113938936 0.2788841207075788 0.10178193952950838 1.2762642948057825 
0.041553587893260774 0.45768777652538783 6.778604113938936 0.2788841207075788 0.10178193952950838 1.2762642948057825 
0.042502340078858086 0.4568752990614664 6.776261176038535 0.25990757443574997 0.09393470428892511 1.296570174290586 
0.04155226599058726 0.45080721205588514 6.804931787829906 0.28490087190481506 0.10172491364798451 1.2991523504665228 
0.04155226599058726 0.45080721205588514 6.804931787829906 0.28490087190481506 0.10172491364798451 1.2991523504665228 
0.04155226599058726 0.45080721205588514 6.804931787829906 0.28490087190481506 0.10172491364798451 1.2991523504665228 
0.04155226599058726 0.45080721205588514 6.804931787829906 0.28490087190481506 0.10172491364798451 1.2991523504665228 
0.040137535067995236 0.4493891912086069 6.76605837028855 0.28248669165942686 0.09955383131632212 1.3012205466567295 
0.040137535067995236 0.4493891912086069 6.76605837028855 0.28248669165942686 0.09955383131632212 1.3012205466567295 
0.040137535067995236 0.4493891912086069 6.76605837028855 0.28248669165942686 0.09955383131632212 1.3012205466567295 
0.040137535067995236 0.4493891912086069 6.76605837028855 0.28248669165942686 0.09955383131632212 1.3012205466567295 
0.03880032146926542 0.4813114657486372 7.371841335670798 0.2711483155876091 0.15467664674857823 1.5442505796609345 
0.03880032146926542 0.4813114657486372 7.371841335670798 0.2711483155876091 0.15467664674857823 1.5442505796609345 
0.03880032146926542 0.4813114657486372 7.371841335670798 0.2711483155876091 0.15467664674857823 1.5442505796609345 
0.03880032146926542 0.4813114657486372 7.371841335670798 0.2711483155876091 0.15467664674857823 1.5442505796609345 
0.03846546929014623 0.48397786536528764 7.370238937953549 0.26538554828734323 0.15451592602125924 1.5503977286523962 
0.03846546929014623 0.48397786536528764 7.370238937953549 0.26538554828734323 0.15451592602125924 1.5503977286523962 
0.030732358172497268 0.47874607626516313 7.33417131240261 0.24866083429375227 0.18855872988394906 1.369211587530323 
0.03019427713544178 0.4863635628965817 7.187041413373133 0.24748805732204074 0.18620232230416522 1.3024135223038469 
0.03019427713544178 0.4863635628965817 7.187041413373133 0.24748805732204074 0.18620232230416522 1.3024135223038469 
0.03019427713544178 0.4863635628965817 7.187041413373133 0.24748805732204074 0.18620232230416522 1.3024135223038469 
0.03019427713544178 0.4863635628965817 7.187041413373133 0.24748805732204074 0.18620232230416522 1.3024135223038469 
0.03019427713544178 0.4863635628965817 7.187041413373133 0.24748805732204074 0.18620232230416522 1.3024135223038469 
0.03019427713544178 0.4863635628965817 7.187041413373133 0.24748805732204074 0.18620232230416522 1.3024135223038469 
0.03019427713544178 0.4863635628965817 7.187041413373133 0.24748805732204074 0.18620232230416522 1.3024135223038469 
0.03019427713544178 0.4863635628965817 7.187041413373133 0.24748805732204074 0.18620232230416522 1.3024135223038469 
0.03019427713544178 0.4863635628965817 7.187041413373133 0.24748805732204074 0.18620232230416522 1.3024135223038469 
0.03019427713544178 0.4863635628965817 7.187041413373133 0.24748805732204074 0.18620232230416522 1.3024135223038469 
0.03019427713544178 0.4863635628965817 7.187041413373133 0.24748805732204074 0.18620232230416522 1.3024135223038469 
0.03019427713544178 0.4863635628965817 7.187041413373133 0.24748805732204074 0.18620232230416522 1.3024135223038469 
0.03019427713544178 0.4863635628965817 7.187041413373133 0.24748805732204074 0.18620232230416522 1.3024135223038469 
0.03019427713544178 0.4863635628965817 7.187041413373133 0.24748805732204074 0.18620232230416522 1.3024135223038469 
0.03019427713544178 0.4863635628965817 7.187041413373133 0.24748805732204074 0.18620232230416522 1.3024135223038469 
0.03019427713544178 0.4863635628965817 7.187041413373133 0.24748805732204074 0.18620232230416522 1.3024135223038469 
0.03019427713544178 0.4863635628965817 7.187041413373133 0.24748805732204074 0.18620232230416522 1.3024135223038469 
0.03019427713544178 0.4863635628965817 7.187041413373133 0.24748805732204074 0.18620232230416522 1.3024135223038469 
0.045226282924073186 0.5100505744870927 7.2430702619608756 0.2560685848269481 0.15537736678282005 1.76094417101033 
0.045226282924073186 0.5100505744870927 7.2430702619608756 0.2560685848269481 0.15537736678282005 1.76094417101033 
0.045226282924073186 0.5100505744870927 7.2430702619608756 0.2560685848269481 0.15537736678282005 1.76094417101033 
0.045226282924073186 0.5100505744870927 7.2430702619608756 0.2560685848269481 0.15537736678282005 1.76094417101033 
0.045226282924073186 0.5100505744870927 7.2430702619608756 0.2560685848269481 0.15537736678282005 1.76094417101033 
0.04541980692478474 0.5021197202688277 7.342753057444478 0.25581264084414346 0.15332013968148 1.7490399909022667 
0.045649601411553505 0.5013322488197984 7.346073617660296 0.2557525019904027 0.15351486181667276 1.7464647137868077 
0.045649601411553505 0.5013322488197984 7.346073617660296 0.2557525019904027 0.15351486181667276 1.7464647137868077 
0.054381803586650596 0.5025590387900715 6.776586709676797 0.26073491540855115 0.1328603258110166 1.4419387286064742 
0.054381803586650596 0.5025590387900715 6.776586709676797 0.26073491540855115 0.1328603258110166 1.4419387286064742 
0.05203238929109828 0.5139944777001242 7.032716711538695 0.26531561682043947 0.1623825992269431 1.5808520524332252 
0.05203238929109828 0.5139944777001242 7.032716711538695 0.26531561682043947 0.1623825992269431 1.5808520524332252 
0.053405734532199205 0.5040616366484348 7.211959905829114 0.2780916339468434 0.16881042730423007 1.6388345904129333 
0.053405734532199205 0.5040616366484348 7.211959905829114 0.2780916339468434 0.16881042730423007 1.6388345904129333 
0.05187112786418711 0.5034560380186949 7.224461059487294 0.26363209107687763 0.16515715194619923 1.6656061582823378 
0.050639176523598436 0.5071140971582528 7.178728922554176 0.2622409532149582 0.1642319763788835 1.6932687710993886 
0.050639176523598436 0.5071140971582528 7.178728922554176 0.2622409532149582 0.1642319763788835 1.6932687710993886 
0.050639176523598436 0.5071140971582528 7.178728922554176 0.2622409532149582 0.1642319763788835 1.6932687710993886 
0.050639176523598436 0.5071140971582528 7.178728922554176 0.2622409532149582 0.1642319763788835 1.6932687710993886 
0.04187447168407515 0.5053794710812098 7.156604219234348 0.2500920951961577 0.14889774989317286 1.5527371616190369 
0.04187447168407515 0.5053794710812098 7.156604219234348 0.2500920951961577 0.14889774989317286 1.5527371616190369 
0.04187447168407515 0.5053794710812098 7.156604219234348 0.2500920951961577 0.14889774989317286 1.5527371616190369 
0.04156095443437386 0.5065508697018226 7.128556740270373 0.250247913012336 0.1486486855353155 1.542248506724455 
0.04156095443437386 0.5065508697018226 7.128556740270373 0.250247913012336 0.1486486855353155 1.542248506724455 
0.04156095443437386 0.5065508697018226 7.128556740270373 0.250247913012336 0.1486486855353155 1.542248506724455 
0.04156095443437386 0.5065508697018226 7.128556740270373 0.250247913012336 0.1486486855353155 1.542248506724455 
0.04398484833624185 0.5095458095477075 7.082733702238478 0.26269675475733145 0.15877491414795797 1.564240840190162 
0.04398484833624185 0.5095458095477075 7.082733702238478 0.26269675475733145 0.15877491414795797 1.564240840190162 
0.04802566382261461 0.5184893306083904 6.524137791694326 0.2518223461289103 0.1337969150482125 1.443580331956052 
0.04873314399322745 0.5093090113526494 6.69437047401182 0.2518194910863774 0.12765335984027432 1.4493586425503626 
0.04873314399322745 0.5093090113526494 6.69437047401182 0.2518194910863774 0.12765335984027432 1.4493586425503626 
0.04933738268239721 0.5014683618140994 6.839761365643841 0.2518170526757629 0.12240632409300946 1.4542937332626544 
0.04933738268239721 0.5014683618140994 6.839761365643841 0.2518170526757629 0.12240632409300946 1.4542937332626544 
0.05386372292135799 0.48566124499570645 7.004566771668344 0.28202384251945267 0.14085926507381216 1.3164739605381506 
0.0509805337601549 0.48492905517896884 7.008195736006274 0.2785081694928681 0.14205267311769473 1.2182609784708078 
0.0509805337601549 0.48492905517896884 7.008195736006274 0.2785081694928681 0.14205267311769473 1.2182609784708078 
0.0509805337601549 0.48492905517896884 7.008195736006274 0.2785081694928681 0.14205267311769473 1.2182609784708078 
0.0509805337601549 0.48492905517896884 7.008195736006274 0.2785081694928681 0.14205267311769473 1.2182609784708078 
0.05312452092501349 0.5045235188398719 6.816026293715389 0.28384878152698156 0.13659748517835466 1.1419884506062536 
0.05312452092501349 0.5045235188398719 6.816026293715389 0.28384878152698156 0.13659748517835466 1.1419884506062536 
0.05312452092501349 0.5045235188398719 6.816026293715389 0.28384878152698156 0.13659748517835466 1.1419884506062536 
0.05312452092501349 0.5045235188398719 6.816026293715389 0.28384878152698156 0.13659748517835466 1.1419884506062536 
0.05312452092501349 0.5045235188398719 6.816026293715389 0.28384878152698156 0.13659748517835466 1.1419884506062536 
0.05312452092501349 0.5045235188398719 6.816026293715389 0.28384878152698156 0.13659748517835466 1.1419884506062536 
0.05312452092501349 0.5045235188398719 6.816026293715389 0.28384878152698156 0.13659748517835466 1.1419884506062536 
0.05312452092501349 0.5045235188398719 6.816026293715389 0.28384878152698156 0.13659748517835466 1.1419884506062536 
0.03940109277939524 0.526297176763735 6.499824020471154 0.3064383846968896 0.15909530650601864 1.147648051293255 
0.03940109277939524 0.526297176763735 6.499824020471154 0.3064383846968896 0.15909530650601864 1.147648051293255 
0.03940109277939524 0.526297176763735 6.499824020471154 0.3064383846968896 0.15909530650601864 1.147648051293255 
0.03940109277939524 0.526297176763735 6.499824020471154 0.3064383846968896 0.15909530650601864 1.147648051293255 
0.03597062217433209 0.5258833235845527 6.5354638828085205 0.30556401403490535 0.1624630369067421 1.0415925436745062 
0.03597062217433209 0.5258833235845527 6.5354638828085205 0.30556401403490535 0.1624630369067421 1.0415925436745062 
0.03597062217433209 0.5258833235845527 6.5354638828085205 0.30556401403490535 0.1624630369067421 1.0415925436745062 
0.03597062217433209 0.5258833235845527 6.5354638828085205 0.30556401403490535 0.1624630369067421 1.0415925436745062 
0.03597062217433209 0.5258833235845527 6.5354638828085205 0.30556401403490535 0.1624630369067421 1.0415925436745062 
0.02901016071895573 0.5247322950453441 6.5737463809885135 0.26509527692267554 0.14735743144301872 0.8254444305669812 
0.02901016071895573 0.5247322950453441 6.5737463809885135 0.26509527692267554 0.14735743144301872 0.8254444305669812 
0.02901016071895573 0.5247322950453441 6.5737463809885135 0.26509527692267554 0.14735743144301872 0.8254444305669812 
0.032181656872478905 0.49858197584573954 7.114317232731229 0.26140814233873233 0.1634868795392786 1.1847499407377768 
0.03748939188770435 0.4761134426613832 7.305504697863867 0.2609862615931886 0.15101381518859608 1.2095732820850813 
0.03748939188770435 0.4761134426613832 7.305504697863867 0.2609862615931886 0.15101381518859608 1.2095732820850813 
0.03748939188770435 0.4761134426613832 7.305504697863867 0.2609862615931886 0.15101381518859608 1.2095732820850813 
0.03748939188770435 0.4761134426613832 7.305504697863867 0.2609862615931886 0.15101381518859608 1.2095732820850813 
0.03748939188770435 0.4761134426613832 7.305504697863867 0.2609862615931886 0.15101381518859608 1.2095732820850813 
0.03748939188770435 0.4761134426613832 7.305504697863867 0.2609862615931886 0.15101381518859608 1.2095732820850813 
0.03748939188770435 0.4761134426613832 7.305504697863867 0.2609862615931886 0.15101381518859608 1.2095732820850813 
0.03748939188770435 0.4761134426613832 7.305504697863867 0.2609862615931886 0.15101381518859608 1.2095732820850813 
0.03748939188770435 0.4761134426613832 7.305504697863867 0.2609862615931886 0.15101381518859608 1.2095732820850813 
0.03639624714454955 0.44995113066732945 7.549121652202906 0.2611354405836052 0.15062603719657844 1.361536089855575 
0.038384498113952316 0.4424791809168553 7.654801196969077 0.2643147535161584 0.1553014758458082 1.3707888794363838 
0.04196755758101628 0.44988323771574495 7.575095059823414 0.28198110236283425 0.16584896264564547 1.4622066529172546 
0.043300531821020505 0.4501151042899865 7.5479737981883215 0.2866560278292748 0.16390389852100118 1.4615612610924968 
0.04174410069142633 0.44552306388178387 7.69134842760318 0.27939507447308976 0.1612280901719673 1.3934693859585223 
0.04174410069142633 0.44552306388178387 7.69134842760318 0.27939507447308976 0.1612280901719673 1.3934693859585223 
0.04174410069142633 0.44552306388178387 7.69134842760318 0.27939507447308976 0.1612280901719673 1.3934693859585223 
0.04174410069142633 0.44552306388178387 7.69134842760318 0.27939507447308976 0.1612280901719673 1.3934693859585223 
0.03727722781680945 0.4364635037914996 7.587988778754959 0.28455355413992445 0.15027172517629012 1.4020374492962362 
0.03493525287134418 0.4678982462907724 7.253668954379789 0.2707229794769973 0.1380085569142182 1.2457492469011502 
0.03493525287134418 0.4678982462907724 7.253668954379789 0.2707229794769973 0.1380085569142182 1.2457492469011502 
0.03493525287134418 0.4678982462907724 7.253668954379789 0.2707229794769973 0.1380085569142182 1.2457492469011502 
0.031554950912553156 0.44893120382883617 7.228574250500298 0.27394589339523556 0.1208496970207066 1.294769941090831 
0.03669399256066003 0.4362961097166766 7.375385008991726 0.27092317895720275 0.13197267744135355 1.2930838315840953 
0.030313324153956406 0.40194908867648166 7.435783069262819 0.2760249842713627 0.13348435856904456 0.9863914660608988 
0.030784774805664238 0.40302499201989295 7.45090887374285 0.2755048262166704 0.134482720144242 0.9928748785073945 
0.030611170511504845 0.40062262120514686 7.4597870800431805 0.2732579888075225 0.1336338402617871 0.9712277109841674 
0.030611170511504845 0.40062262120514686 7.4597870800431805 0.2732579888075225 0.1336338402617871 0.9712277109841674 
0.030611170511504845 0.40062262120514686 7.4597870800431805 0.2732579888075225 0.1336338402617871 0.9712277109841674 
0.030611170511504845 0.40062262120514686 7.4597870800431805 0.2732579888075225 0.1336338402617871 0.9712277109841674 
0.03506149000432523 0.39912296267813585 7.732129446163646 0.27053433953959344 0.1344861395575439 1.05988206250685 
0.03506149000432523 0.39912296267813585 7.732129446163646 0.27053433953959344 0.1344861395575439 1.05988206250685 
0.03506149000432523 0.39912296267813585 7.732129446163646 0.27053433953959344 0.1344861395575439 1.05988206250685 
0.033765374090387434 0.3733901736565696 7.600576842697637 0.2743385444660028 0.1002546914695546 0.9953183763586412 
0.033765374090387434 0.3733901736565696 7.600576842697637 0.2743385444660028 0.1002546914695546 0.9953183763586412 
0.03375987245288694 0.37312734833257466 7.6014534104863 0.27431262688506847 0.10001570354931569 0.9936486679263481 
0.028506305092127864 0.36426045441217486 7.381658441745987 0.28015618018303345 0.0873470870841921 0.8555850885876208 
0.03642751041292901 0.3871416205460464 7.305537230529859 0.28500506748401144 0.09349274733665351 1.0765576314789698 
0.03642751041292901 0.3871416205460464 7.305537230529859 0.28500506748401144 0.09349274733665351 1.0765576314789698 
0.03904779487397871 0.4076415713449716 7.254960871274284 0.30317670463354535 0.11807360840182951 1.135548600371961 
0.03904779487397871 0.4076415713449716 7.254960871274284 0.30317670463354535 0.11807360840182951 1.135548600371961 
0.03904779487397871 0.4076415713449716 7.254960871274284 0.30317670463354535 0.11807360840182951 1.135548600371961 
0.03904779487397871 0.4076415713449716 7.254960871274284 0.30317670463354535 0.11807360840182951 1.135548600371961 
0.05238224647829334 0.42320680254889126 6.813041687786335 0.3632333424309784 0.11332687602182442 1.4183889815866237 
0.05238224647829334 0.42320680254889126 6.813041687786335 0.3632333424309784 0.11332687602182442 1.4183889815866237 
0.05238224647829334 0.42320680254889126 6.813041687786335 0.3632333424309784 0.11332687602182442 1.4183889815866237 
0.05238224647829334 0.42320680254889126 6.813041687786335 0.3632333424309784 0.11332687602182442 1.4183889815866237 
0.05238224647829334 0.42320680254889126 6.813041687786335 0.3632333424309784 0.11332687602182442 1.4183889815866237 
0.04579589038453648 0.4567039775938271 6.226579623668803 0.3800647772239899 0.08052930091876515 1.3275592947163286 
0.04579589038453648 0.4567039775938271 6.226579623668803 0.3800647772239899 0.08052930091876515 1.3275592947163286 
0.04579589038453648 0.4567039775938271 6.226579623668803 0.3800647772239899 0.08052930091876515 1.3275592947163286 
0.04579589038453648 0.4567039775938271 6.226579623668803 0.3800647772239899 0.08052930091876515 1.3275592947163286 
0.06460670688594344 0.49409936272446925 6.564699205947899 0.3520564911294171 0.09864835317586373 1.7309615003951562 
0.06460670688594344 0.49409936272446925 6.564699205947899 0.3520564911294171 0.09864835317586373 1.7309615003951562 
0.06460670688594344 0.49409936272446925 6.564699205947899 0.3520564911294171 0.09864835317586373 1.7309615003951562 
0.06460670688594344 0.49409936272446925 6.564699205947899 0.3520564911294171 0.09864835317586373 1.7309615003951562 
0.05902302353107626 0.5028969178620125 6.8456506675792 0.33417092157355177 0.12244259001037369 1.707609752865931 
0.05902302353107626 0.5028969178620125 6.8456506675792 0.33417092157355177 0.12244259001037369 1.707609752865931 
0.05902302353107626 0.5028969178620125 6.8456506675792 0.33417092157355177 0.12244259001037369 1.707609752865931 
0.058827938876903935 0.5034773902549461 6.855736526816319 0.33320148498427216 0.12304927892824563 1.6985528902288873 
0.05854241767175832 0.49566054280517047 6.749307456318961 0.34938026155275775 0.13203665789071314 1.757897474543327 
0.062328979081779055 0.5450059162243414 6.230773523733948 0.3211596324885412 0.13263223978168753 1.678430510554304 
0.062328979081779055 0.5450059162243414 6.230773523733948 0.3211596324885412 0.13263223978168753 1.678430510554304 
0.06328174908750513 0.5113766611941728 6.7924540737076065 0.3120605325616523 0.13204994145727153 1.4907500774193467 
0.06242944085696433 0.544365183704804 6.4957918930015435 0.3193211091158133 0.119198392899473 1.4594233855154757 
0.06242944085696433 0.544365183704804 6.4957918930015435 0.3193211091158133 0.119198392899473 1.4594233855154757 
0.06245335436820434 0.5438997282060221 6.496190551828487 0.32174509342614266 0.12052840334780766 1.4608415434548105 
0.06588441767102111 0.5473293718440938 6.521003703053742 0.29451607582165495 0.11832789285246595 1.527771391834108 
0.06588441767102111 0.5473293718440938 6.521003703053742 0.29451607582165495 0.11832789285246595 1.527771391834108 
0.06588441767102111 0.5473293718440938 6.521003703053742 0.29451607582165495 0.11832789285246595 1.527771391834108 
0.06588441767102111 0.5473293718440938 6.521003703053742 0.29451607582165495 0.11832789285246595 1.527771391834108 
0.06588441767102111 0.5473293718440938 6.521003703053742 0.29451607582165495 0.11832789285246595 1.527771391834108 
0.06588441767102111 0.5473293718440938 6.521003703053742 0.29451607582165495 0.11832789285246595 1.527771391834108 
0.06588441767102111 0.5473293718440938 6.521003703053742 0.29451607582165495 0.11832789285246595 1.527771391834108 
0.06588441767102111 0.5473293718440938 6.521003703053742 0.29451607582165495 0.11832789285246595 1.527771391834108 
0.06673430667621925 0.5514158164985405 6.45553964127978 0.2948699835102414 0.11494615382964032 1.5136591716174521 
0.06673430667621925 0.5514158164985405 6.45553964127978 0.2948699835102414 0.11494615382964032 1.5136591716174521 
0.06673430667621925 0.5514158164985405 6.45553964127978 0.2948699835102414 0.11494615382964032 1.5136591716174521 
0.06673430667621925 0.5514158164985405 6.45553964127978 0.2948699835102414 0.11494615382964032 1.5136591716174521 
0.06673430667621925 0.5514158164985405 6.45553964127978 0.2948699835102414 0.11494615382964032 1.5136591716174521 
0.06868787320686763 0.5513519701328968 6.614481271117345 0.2981133270616163 0.1413404819341395 1.5116977035157406 
0.06868787320686763 0.5513519701328968 6.614481271117345 0.2981133270616163 0.1413404819341395 1.5116977035157406 
0.06868787320686763 0.5513519701328968 6.614481271117345 0.2981133270616163 0.1413404819341395 1.5116977035157406 
0.06868787320686763 0.5513519701328968 6.614481271117345 0.2981133270616163 0.1413404819341395 1.5116977035157406 
0.06868787320686763 0.5513519701328968 6.614481271117345 0.2981133270616163 0.1413404819341395 1.5116977035157406 
0.06868787320686763 0.5513519701328968 6.614481271117345 0.2981133270616163 0.1413404819341395 1.5116977035157406 
0.06868787320686763 0.5513519701328968 6.614481271117345 0.2981133270616163 0.1413404819341395 1.5116977035157406 
0.06868787320686763 0.5513519701328968 6.614481271117345 0.2981133270616163 0.1413404819341395 1.5116977035157406 
0.06868787320686763 0.5513519701328968 6.614481271117345 0.2981133270616163 0.1413404819341395 1.5116977035157406 
0.06868787320686763 0.5513519701328968 6.614481271117345 0.2981133270616163 0.1413404819341395 1.5116977035157406 
0.06868787320686763 0.5513519701328968 6.614481271117345 0.2981133270616163 0.1413404819341395 1.5116977035157406 
0.06868787320686763 0.5513519701328968 6.614481271117345 0.2981133270616163 0.1413404819341395 1.5116977035157406 
0.06868787320686763 0.5513519701328968 6.614481271117345 0.2981133270616163 0.1413404819341395 1.5116977035157406 
0.06868787320686763 0.5513519701328968 6.614481271117345 0.2981133270616163 0.1413404819341395 1.5116977035157406 
0.06868787320686763 0.5513519701328968 6.614481271117345 0.2981133270616163 0.1413404819341395 1.5116977035157406 
0.06868787320686763 0.5513519701328968 6.614481271117345 0.2981133270616163 0.1413404819341395 1.5116977035157406 
0.06868787320686763 0.5513519701328968 6.614481271117345 0.2981133270616163 0.1413404819341395 1.5116977035157406 
0.06868787320686763 0.5513519701328968 6.614481271117345 0.2981133270616163 0.1413404819341395 1.5116977035157406 
0.06868787320686763 0.5513519701328968 6.614481271117345 0.2981133270616163 0.1413404819341395 1.5116977035157406 
0.06868787320686763 0.5513519701328968 6.614481271117345 0.2981133270616163 0.1413404819341395 1.5116977035157406 
0.06868787320686763 0.5513519701328968 6.614481271117345 0.2981133270616163 0.1413404819341395 1.5116977035157406 
0.06495356021358312 0.5416694583819214 6.826439242773321 0.2992405207957326 0.14822303335444875 1.5522669854081335 
0.06525231114447358 0.540152673184854 6.8306309505806 0.29752740444141496 0.14684597687468476 1.5612194574362053 
0.06525231114447358 0.540152673184854 6.8306309505806 0.29752740444141496 0.14684597687468476 1.5612194574362053 
0.06600433043986881 0.5355213621147489 6.886400459012876 0.2959159314565508 0.14885440528396054 1.5859939160924938 
0.06600053055236473 0.5347906556560843 6.889125034459286 0.2941799365856612 0.14491984853100937 1.6116562159900272 
0.06600053055236473 0.5347906556560843 6.889125034459286 0.2941799365856612 0.14491984853100937 1.6116562159900272 
0.06600053055236473 0.5347906556560843 6.889125034459286 0.2941799365856612 0.14491984853100937 1.6116562159900272 
0.06600053055236473 0.5347906556560843 6.889125034459286 0.2941799365856612 0.14491984853100937 1.6116562159900272 
0.06600053055236473 0.5347906556560843 6.889125034459286 0.2941799365856612 0.14491984853100937 1.6116562159900272 
0.06702633827486226 0.5374618479296769 6.803342281825925 0.2833142275677572 0.1263782310677335 1.6244689305510027 
0.06940884511206989 0.5394704603195254 6.79568674508405 0.27964869776642265 0.12167775382127292 1.6139979650043892 
0.06940884511206989 0.5394704603195254 6.79568674508405 0.27964869776642265 0.12167775382127292 1.6139979650043892 
0.06929905575675827 0.5387954575242179 6.800529901733908 0.28000501582140225 0.1218432392642105 1.6145969383169079 
0.07048881164558284 0.5386539445032915 6.809319101647377 0.28285015786008333 0.1218049009067232 1.6590674626134128 
0.07048881164558284 0.5386539445032915 6.809319101647377 0.28285015786008333 0.1218049009067232 1.6590674626134128 
0.07048881164558284 0.5386539445032915 6.809319101647377 0.28285015786008333 0.1218049009067232 1.6590674626134128 
0.07048881164558284 0.5386539445032915 6.809319101647377 0.28285015786008333 0.1218049009067232 1.6590674626134128 
0.07048881164558284 0.5386539445032915 6.809319101647377 0.28285015786008333 0.1218049009067232 1.6590674626134128 
0.07048881164558284 0.5386539445032915 6.809319101647377 0.28285015786008333 0.1218049009067232 1.6590674626134128 
0.0643055926949041 0.5241065623722871 7.120709762708673 0.2764012291126876 0.13539217921411653 1.6603529350545998 
0.0643055926949041 0.5241065623722871 7.120709762708673 0.2764012291126876 0.13539217921411653 1.6603529350545998 
0.07703458278153669 0.5290028400833343 6.9529583532615815 0.25856577118116475 0.10261930358555121 1.1946982272316369 
0.07721589338000603 0.5268790226448318 6.954399338284713 0.2593994787406495 0.10688965042825851 1.2025807619495479 
0.07721589338000603 0.5268790226448318 6.954399338284713 0.2593994787406495 0.10688965042825851 1.2025807619495479 
0.07721589338000603 0.5268790226448318 6.954399338284713 0.2593994787406495 0.10688965042825851 1.2025807619495479 
0.07721589338000603 0.5268790226448318 6.954399338284713 0.2593994787406495 0.10688965042825851 1.2025807619495479 
0.07721589338000603 0.5268790226448318 6.954399338284713 0.2593994787406495 0.10688965042825851 1.2025807619495479 
0.07721589338000603 0.5268790226448318 6.954399338284713 0.2593994787406495 0.10688965042825851 1.2025807619495479 
0.07701464892730027 0.5279175848078661 6.934291234195561 0.25796016852716075 0.1024726149059621 1.1673503479980403 
0.07701464892730027 0.5279175848078661 6.934291234195561 0.25796016852716075 0.1024726149059621 1.1673503479980403 
0.0790375618202776 0.5357877398006243 6.727594950710033 0.2591038509381853 0.09751468614831271 0.9859635035419121 
0.0786452959612265 0.5361239036742323 6.735076721051548 0.25923395375339964 0.0985123072491362 1.0138406420709203 
0.0786452959612265 0.5361239036742323 6.735076721051548 0.25923395375339964 0.0985123072491362 1.0138406420709203 
0.0786452959612265 0.5361239036742323 6.735076721051548 0.25923395375339964 0.0985123072491362 1.0138406420709203 
0.0786452959612265 0.5361239036742323 6.735076721051548 0.25923395375339964 0.0985123072491362 1.0138406420709203 
0.0783987539040695 0.5346717158391113 6.757656907637443 0.25977294404233864 0.09930331867086309 1.0258355252318396 
0.0783987539040695 0.5346717158391113 6.757656907637443 0.25977294404233864 0.09930331867086309 1.0258355252318396 
0.0783987539040695 0.5346717158391113 6.757656907637443 0.25977294404233864 0.09930331867086309 1.0258355252318396 
0.0783987539040695 0.5346717158391113 6.757656907637443 0.25977294404233864 0.09930331867086309 1.0258355252318396 
0.0783987539040695 0.5346717158391113 6.757656907637443 0.25977294404233864 0.09930331867086309 1.0258355252318396 
0.0783987539040695 0.5346717158391113 6.757656907637443 0.25977294404233864 0.09930331867086309 1.0258355252318396 
0.07741251194004506 0.523719542359899 6.891109021335195 0.2600134933885219 0.10772675682637181 1.101887565782338 
0.07741251194004506 0.523719542359899 6.891109021335195 0.2600134933885219 0.10772675682637181 1.101887565782338 
0.07741251194004506 0.523719542359899 6.891109021335195 0.2600134933885219 0.10772675682637181 1.101887565782338 
0.07741251194004506 0.523719542359899 6.891109021335195 0.2600134933885219 0.10772675682637181 1.101887565782338 
0.07741251194004506 0.523719542359899 6.891109021335195 0.2600134933885219 0.10772675682637181 1.101887565782338 
0.07741251194004506 0.523719542359899 6.891109021335195 0.2600134933885219 0.10772675682637181 1.101887565782338 
0.07741251194004506 0.523719542359899 6.891109021335195 0.2600134933885219 0.10772675682637181 1.101887565782338 
0.07741251194004506 0.523719542359899 6.891109021335195 0.2600134933885219 0.10772675682637181 1.101887565782338 
0.07741251194004506 0.523719542359899 6.891109021335195 0.2600134933885219 0.10772675682637181 1.101887565782338 
0.07741251194004506 0.523719542359899 6.891109021335195 0.2600134933885219 0.10772675682637181 1.101887565782338 
0.07741251194004506 0.523719542359899 6.891109021335195 0.2600134933885219 0.10772675682637181 1.101887565782338 
0.07741251194004506 0.523719542359899 6.891109021335195 0.2600134933885219 0.10772675682637181 1.101887565782338 
0.07741251194004506 0.523719542359899 6.891109021335195 0.2600134933885219 0.10772675682637181 1.101887565782338 
0.07571642068330775 0.5148247354909071 6.998120406097552 0.2657528878917747 0.11653748423633706 1.1840246894222792 
0.07283941751147653 0.5327504103828524 6.78809066780167 0.2547918448909982 0.09129477418124977 1.0966671383579467 
0.07283941751147653 0.5327504103828524 6.78809066780167 0.2547918448909982 0.09129477418124977 1.0966671383579467 
0.0733137427432042 0.5368482212268458 6.618629359910313 0.255148209267949 0.08390243100455962 0.9346552818857448 
0.0733137427432042 0.5368482212268458 6.618629359910313 0.255148209267949 0.08390243100455962 0.9346552818857448 
0.0733137427432042 0.5368482212268458 6.618629359910313 0.255148209267949 0.08390243100455962 0.9346552818857448 
0.0733137427432042 0.5368482212268458 6.618629359910313 0.255148209267949 0.08390243100455962 0.9346552818857448 
0.0733137427432042 0.5368482212268458 6.618629359910313 0.255148209267949 0.08390243100455962 0.9346552818857448 
0.0733137427432042 0.5368482212268458 6.618629359910313 0.255148209267949 0.08390243100455962 0.9346552818857448 
0.0733137427432042 0.5368482212268458 6.618629359910313 0.255148209267949 0.08390243100455962 0.9346552818857448 
0.0733137427432042 0.5368482212268458 6.618629359910313 0.255148209267949 0.08390243100455962 0.9346552818857448 
0.0733137427432042 0.5368482212268458 6.618629359910313 0.255148209267949 0.08390243100455962 0.9346552818857448 
0.0733137427432042 0.5368482212268458 6.618629359910313 0.255148209267949 0.08390243100455962 0.9346552818857448 
0.0733137427432042 0.5368482212268458 6.618629359910313 0.255148209267949 0.08390243100455962 0.9346552818857448 
0.0733137427432042 0.5368482212268458 6.618629359910313 0.255148209267949 0.08390243100455962 0.9346552818857448 
0.0733137427432042 0.5368482212268458 6.618629359910313 0.255148209267949 0.08390243100455962 0.9346552818857448 
0.06877667486991933 0.5308847532137749 6.802674191806398 0.2563953083230935 0.09484994700714576 1.107617971130511 
0.06877667486991933 0.5308847532137749 6.802674191806398 0.2563953083230935 0.09484994700714576 1.107617971130511 
0.06877667486991933 0.5308847532137749 6.802674191806398 0.2563953083230935 0.09484994700714576 1.107617971130511 
0.06877667486991933 0.5308847532137749 6.802674191806398 0.2563953083230935 0.09484994700714576 1.107617971130511 
0.06877667486991933 0.5308847532137749 6.802674191806398 0.2563953083230935 0.09484994700714576 1.107617971130511 
0.06877667486991933 0.5308847532137749 6.802674191806398 0.2563953083230935 0.09484994700714576 1.107617971130511 
0.06877667486991933 0.5308847532137749 6.802674191806398 0.2563953083230935 0.09484994700714576 1.107617971130511 
0.06877667486991933 0.5308847532137749 6.802674191806398 0.2563953083230935 0.09484994700714576 1.107617971130511 
0.06877667486991933 0.5308847532137749 6.802674191806398 0.2563953083230935 0.09484994700714576 1.107617971130511 
0.06486291417736575 0.5344777834723763 6.929693644992378 0.27716819226119577 0.1383166907254706 1.2855615170290204 
0.045464148330944844 0.5302518211647855 7.181401858607787 0.30113688807553446 0.15360238973582546 1.683104797041338 
0.045464148330944844 0.5302518211647855 7.181401858607787 0.30113688807553446 0.15360238973582546 1.683104797041338 
0.045464148330944844 0.5302518211647855 7.181401858607787 0.30113688807553446 0.15360238973582546 1.683104797041338 
0.045464148330944844 0.5302518211647855 7.181401858607787 0.30113688807553446 0.15360238973582546 1.683104797041338 
0.053525633029189175 0.5124539019104829 7.43155983621357 0.2900809812866577 0.15936700992956865 1.7034814806514598 
0.053525633029189175 0.5124539019104829 7.43155983621357 0.2900809812866577 0.15936700992956865 1.7034814806514598 
0.053525633029189175 0.5124539019104829 7.43155983621357 0.2900809812866577 0.15936700992956865 1.7034814806514598 
0.04420561399623682 0.4764686518627526 7.439063193649389 0.3217140175357675 0.144823620205207 2.1097345257232294 
0.04597854734964679 0.4718023905609784 7.555203395554236 0.3339491209480051 0.14656068261372915 2.1807493630504697 
0.04597854734964679 0.4718023905609784 7.555203395554236 0.3339491209480051 0.14656068261372915 2.1807493630504697 
0.04597854734964679 0.4718023905609784 7.555203395554236 0.3339491209480051 0.14656068261372915 2.1807493630504697 
0.03724850237619184 0.45608148382682745 7.914504558133388 0.2831887183159473 0.15097660639583507 2.2435780651607216 
0.03724850237619184 0.45608148382682745 7.914504558133388 0.2831887183159473 0.15097660639583507 2.2435780651607216 
0.03724850237619184 0.45608148382682745 7.914504558133388 0.2831887183159473 0.15097660639583507 2.2435780651607216 
0.03556753932005077 0.45177694097145865 7.938870983185099 0.2837639182858216 0.14687531604602522 2.2387772265003805 
0.03556753932005077 0.45177694097145865 7.938870983185099 0.2837639182858216 0.14687531604602522 2.2387772265003805 
0.03556753932005077 0.45177694097145865 7.938870983185099 0.2837639182858216 0.14687531604602522 2.2387772265003805 
0.03556753932005077 0.45177694097145865 7.938870983185099 0.2837639182858216 0.14687531604602522 2.2387772265003805 
0.04054830675661673 0.4680930834557601 8.051542479967692 0.2728410411054133 0.16249949169862102 2.2002815305680743 
0.04054830675661673 0.4680930834557601 8.051542479967692 0.2728410411054133 0.16249949169862102 2.2002815305680743 
0.04054830675661673 0.4680930834557601 8.051542479967692 0.2728410411054133 0.16249949169862102 2.2002815305680743 
0.03908662663602888 0.4647436807582434 8.122170877967081 0.2737010293435501 0.16480982458442006 2.263024369538201 
0.03908662663602888 0.4647436807582434 8.122170877967081 0.2737010293435501 0.16480982458442006 2.263024369538201 
0.03908662663602888 0.4647436807582434 8.122170877967081 0.2737010293435501 0.16480982458442006 2.263024369538201 
0.03908662663602888 0.4647436807582434 8.122170877967081 0.2737010293435501 0.16480982458442006 2.263024369538201 
0.03908662663602888 0.4647436807582434 8.122170877967081 0.2737010293435501 0.16480982458442006 2.263024369538201 
0.03908662663602888 0.4647436807582434 8.122170877967081 0.2737010293435501 0.16480982458442006 2.263024369538201 
0.03908662663602888 0.4647436807582434 8.122170877967081 0.2737010293435501 0.16480982458442006 2.263024369538201 
0.03908662663602888 0.4647436807582434 8.122170877967081 0.2737010293435501 0.16480982458442006 2.263024369538201 
0.03908662663602888 0.4647436807582434 8.122170877967081 0.2737010293435501 0.16480982458442006 2.263024369538201 
0.03908662663602888 0.4647436807582434 8.122170877967081 0.2737010293435501 0.16480982458442006 2.263024369538201 
0.03908662663602888 0.4647436807582434 8.122170877967081 0.2737010293435501 0.16480982458442006 2.263024369538201 
0.03908662663602888 0.4647436807582434 8.122170877967081 0.2737010293435501 0.16480982458442006 2.263024369538201 
0.03908662663602888 0.4647436807582434 8.122170877967081 0.2737010293435501 0.16480982458442006 2.263024369538201 
0.03908662663602888 0.4647436807582434 8.122170877967081 0.2737010293435501 0.16480982458442006 2.263024369538201 
0.047083782339043714 0.442874920519784 8.157994517899116 0.26950339220009073 0.16719557759970113 2.1293799558155557 
0.047083782339043714 0.442874920519784 8.157994517899116 0.26950339220009073 0.16719557759970113 2.1293799558155557 
